frame,pose_x,pose_y,pose_z,ori_x,ori_y,ori_z,ori_w,phone_acc_x,phone_acc_y,phone_acc_z,phone_gravity_x,phone_gravity_y,phone_gravity_z,phone_gyro_x,phone_gyro_y,phone_gyro_z,phone_ori_w,phone_ori_x,phone_ori_y,phone_ori_z,watch_gyro_x,watch_gyro_y,watch_gyro_z,watch_acc_x,watch_acc_y,watch_acc_z,headphone_gyro_x,headphone_gyro_y,headphone_gyro_z,headphone_acc_x,headphone_acc_y,headphone_acc_z
0,-0.032419,0.187056,0.090778,0.078085,0.080787,-0.711084,0.694072,-0.8384688129004091,21.027209351313115,-0.5102946239590644,-0.1584170129450038,9.78781202853918,-0.5865487924043089,-0.3068220019340515,-0.2450458854436874,-0.055377185344696,0.0030717217642897,0.015041099743654,-0.7277907874135567,-0.6856274359381521,-0.2146214246749878,0.3394568860530853,-0.1884649693965912,16.918835290330648,-13.784496815884111,0.3475122919440269,0.006611427757889,0.3084026873111725,19.683538488352298,0.3140188157558441,2.7801339913874865,-0.5360854102324694
1,-0.038619,0.182214,0.090672,0.071762,0.078814,-0.708469,0.697646,-0.2952291104665026,19.79886933336258,-0.8215992919683456,-0.1514390728243161,9.795257668370008,-0.4476265343284234,-0.5073467493057251,-0.2551880776882171,0.1427690833806991,0.0003313931071804,0.0115244075173116,-0.7229728834207099,-0.6907801730516546,0.3439955115318298,0.8176220059394836,-0.242573469877243,15.721006145977974,-13.589338985443115,4.064944669100642,-0.1382371187210083,-0.6779184937477112,17.740201942586896,0.6519404649734497,2.46588420983702,0.5871933373855427
2,-0.050555,0.133155,0.085295,0.044987,0.060357,-0.706462,0.703736,-0.8338728634122758,8.56272604394853,-2.2963877671360966,-0.0190613444460032,9.806187058663369,-0.0933243082496337,-1.2844936847686768,-0.1212244108319282,0.5497640371322632,0.0028057919844982,0.0042136070532926,-0.7104508858264758,-0.7037285347179117,1.1525815725326538,1.7241134643554688,-0.2826646268367767,8.340310788747669,-7.176344166508317,2.3203461503505705,-0.2178668230772018,-1.3544912338256836,3.739176883713901,0.5496076941490173,0.3157444040223956,-0.7013265335764736
3,-0.054671,0.094933,0.083949,0.031656,0.049683,-0.708199,0.703551,0.1784405409285798,-5.479176091974973,-4.239486412492394,0.2281248284867033,9.788588858130574,0.549423396037519,-2.103637218475342,-0.1743176579475402,0.6352423429489136,0.0092529687984432,-0.0072593912911572,-0.6869748927688737,-0.7265859690468724,2.024672031402588,2.793504476547241,-1.0382457971572876,-1.7068734759896993,1.665355470687151,-1.7864771740585563,-0.3405624032020569,-1.4175150394439695,-9.263146349400282,0.2462100386619568,-2.521512281295657,-0.2170721588735468
4,-0.058228,0.053164,0.085453,0.024559,0.045061,-0.707326,0.705022,-0.1006603319598361,-14.81501124548912,-1.6296980279810729,0.237578830731567,9.57275590392947,2.1157209649927915,0.2696542143821716,0.0466047264635562,-0.2779974043369293,0.0052688318149305,-0.0113056002195239,-0.6260993825105886,-0.7796434481190674,-0.5919111967086792,-0.739295482635498,0.0053107663989067,-11.02889696177244,6.841631734904646,-7.148965161195397,-0.1032450944185257,-0.1475456655025482,-10.078840801239012,0.2754727602005005,-2.472602412176132,0.2293870121759362
5,-0.064789,-0.009204,0.087966,0.01428,0.030472,-0.705076,0.708333,-0.3588239595532417,-12.511348518913984,-1.2458968635596337,0.1322727005261927,9.604787118962406,1.9750803221590816,0.616812527179718,0.285011738538742,-0.2008637636899948,0.0044787799837609,-0.0050500557663584,-0.6318808652985126,-0.7750361084494214,-0.4000693261623382,-0.8359102010726929,0.3647351861000061,-9.993928475368024,5.509352619051933,-5.418316841864586,0.0247810091823339,-0.1472461968660354,-9.663760701456663,0.1557530909776687,-2.116630481053144,-0.4362403401782735
6,-0.068268,-0.023014,0.090215,0.013323,0.026685,-0.703282,0.710285,-1.2066335053160786,-6.690695908027887,-1.537150092665106,0.046343544029165,9.729236505451798,1.2288961905285716,1.0052084922790527,0.1180782243609428,0.1419699937105178,0.0070212614934213,0.0030402260698481,-0.6613127021858723,-0.7500712960442255,-0.8794971704483032,-0.7341419458389282,0.6092809438705444,-4.805945406743883,3.3719857855707405,-2.2450299203425645,0.0376007817685604,-0.0322639197111129,-10.157240384215116,-0.2907106578350067,-2.360330224084109,-0.7564912983722984
7,-0.068497,-0.026582,0.081425,-0.011024,-0.00681,-0.708083,0.70601,0.5453018591281026,-0.7475543970704078,-3.369727777510881,0.0536974002235801,9.761873285162448,0.9345252677939831,0.2755785286426544,0.2008565813302993,-0.1976639330387115,0.0077952301580356,0.0033851461594783,-0.672563017113446,-0.7399910872492899,-0.5261921286582947,-0.3958052396774292,0.028354300186038,0.1142629235178232,1.6447662716448306,0.1964566380798816,0.0715193301439285,3.1067094802856445,-2.1124767223745584,-0.4595308601856231,-1.392582047254592,-0.3240135621305555
8,-0.070534,-0.017439,0.0763,-0.004471,-0.020092,-0.711546,0.702338,-0.1576823967938311,9.83682769612074,-2.1175784294277427,-0.0760515448455,9.787994399368763,0.5998044336881488,-0.4087753891944885,0.0644983574748039,-0.282714307308197,0.0019905111937172,0.0071954991338153,-0.6851034301744435,-0.7284075397495577,0.1055523157119751,-1.2867887020111084,0.4866423010826111,6.549236350026726,-4.250090224093198,3.3477181902766224,0.1203993260860443,1.7959864139556885,24.499416675567627,-0.0572029538452625,6.212171217817068,2.0274755491763354
9,-0.071905,-0.01459,0.075768,0.002088,-0.019027,-0.710515,0.703422,-2.852356347033381,10.018709865403174,11.217388904583451,-0.1052307908136863,9.80213807553351,0.2782203271942213,2.874128580093384,-0.4312012791633606,0.353520393371582,-0.0020811839748713,0.0054593832240774,-0.696982715531258,-0.7170641469367579,-1.4622546434402466,0.2617146372795105,1.0537611246109009,10.950033268415927,-7.36690239419937,5.149798591658473,-0.1719574034214019,-0.858708381652832,-1.0971185800429433,1.2384889125823977,-1.716227287529409,0.3497825749635696
10,-0.072791,-0.018343,0.07573,0.009805,-0.013848,-0.711168,0.702818,0.2166682359814643,0.0380406845808029,0.1958288615703582,0.0866472142390441,9.800781400227546,-0.3279589752880856,0.3515898883342743,-0.6341130137443542,0.1058841794729232,-0.0057448519830099,-0.0122946953027878,-0.7187281090583117,-0.6951587606369011,-0.5639382004737854,1.0792369842529297,0.4806724786758423,1.2842536283522843,0.7713590510278939,-1.6829361355632542,-0.3873581290245056,-0.188993439078331,-4.302452279493212,-0.3033754229545593,-1.7621191240020095,0.4424206727810204
11,-0.076106,-0.053718,0.0723,0.002417,-0.023078,-0.709733,0.704089,-0.0223971343802753,-5.045217104199528,-2.038002203887701,0.0728249611815437,9.802495802929997,-0.2759941207784228,-0.6586965918540955,-0.094763770699501,-0.1127877160906791,-0.0108740775997096,-0.016510104842384,-0.7167978795407671,-0.6970007433063791,0.4512481987476349,0.8576952815055847,-0.3126067519187927,-2.9928257249534127,3.703226157149672,-1.3334534203290938,-0.3751938045024872,0.3041748404502868,-4.146179183241725,-0.0543625690042972,-1.3175485797107218,0.7453816561412066
12,-0.077468,-0.079248,0.066991,-0.01058,-0.029787,-0.707285,0.706221,1.3188279519967734,-8.211319082653523,0.6547393352508545,0.1049738021116238,9.804061737072468,-0.1993923810045234,0.4582736492156982,0.0865840762853622,-0.172386810183525,-0.0141172736785231,-0.0220521665287759,-0.7139186819511244,-0.6997389569430418,-0.277217149734497,0.0377957187592983,-0.1091664806008338,-7.120298454159498,5.317853311118483,-2.748015682592988,-0.3787510693073272,-0.0806846991181373,-7.373044550216197,0.3391653597354889,-2.0397072542399166,-0.5409892566259951
13,-0.078766,-0.096225,0.057729,-0.028045,-0.055113,-0.706408,0.705098,-3.0758737182572484,26.60126854355335,-12.135081257128714,0.0704022138469154,9.682259065699578,-1.5554134791083634,0.1218991950154304,0.3021470308303833,0.598443329334259,-0.0141741523353943,-0.0221652240613374,-0.7607974225077525,-0.6484559956826094,0.0255184657871723,-0.0815060138702392,-0.2416632771492004,18.166307878774404,-17.66440465106368,4.078753414222597,0.4317972660064697,0.8092470169067383,23.86321136039496,-0.3309925198554992,6.125979958051443,0.5228562550967559
14,-0.074581,-0.05084,0.053818,-0.031253,-0.057517,-0.715292,0.695753,-0.4109325516488403,5.338886162275076,-3.3912662401020524,0.1370958098337054,9.800098678660392,-0.3311196312760934,-2.7948601245880127,0.1699348390102386,0.0557592995464801,-0.0119870297490521,-0.0224526369059584,-0.7185946574316019,-0.6949632027565901,1.880486011505127,1.9816887378692627,-0.6361156702041626,6.993256128567457,-7.877546562248468,2.9041473245471714,0.0195796806365251,-1.4788355827331543,-0.9014298575956374,0.0083807371556758,0.6591334785565733,-0.080243923068
15,-0.073303,0.011782,0.062299,-0.005967,-0.035121,-0.714524,0.698704,-1.3949398624271154,-13.248008597004413,-0.1587153017718345,0.2651759357745759,9.772824887287616,0.7693863627154379,-2.65127182006836,-0.0840373113751411,0.5416367053985596,-0.0063930017086272,-0.0243186249467358,-0.6783662856550019,-0.7342934558084926,3.49330472946167,3.4854941368103027,-1.227691411972046,-3.932452845931053,4.937497318714857,-4.237795098404586,0.0109484270215034,-0.4205479621887207,-13.373215523862838,-0.1398038119077682,-4.395639097234606,-0.5047950036294758
16,-0.072103,0.08143,0.073697,0.025669,0.001366,-0.716107,0.697517,-0.4076342042231932,-17.491783646601437,0.8738933966986835,0.4393575223507359,9.641344871509077,1.7383303982660174,-2.009948253631592,0.22678804397583,0.3168770372867584,-1.51372955345e-05,-0.0292101767271986,-0.6407156772148549,-0.7672222833661367,2.3362631797790527,0.9444901943206788,-0.2196186780929565,-15.200121154421566,11.43599541515112,-13.569314434546232,0.2634387016296386,-0.0254814885556697,-3.86154128062278,-0.7130324840545654,0.9585329700428992,0.4242393385980278
17,-0.063947,0.178207,0.092372,0.081998,0.061896,-0.720788,0.685499,1.5261317089140414,-12.96080376650691,-2.7503590308487413,0.4888881902497261,9.630169982022046,1.7863940258197486,0.4197880625724792,0.4523853361606598,-0.2132745087146759,0.0073577269161551,-0.0263082369509285,-0.638926546828991,-0.7687825597761814,-0.0759642198681831,-0.9843890070915222,0.2821263968944549,-9.200504892048238,6.216034907507896,-5.132262350445986,0.1104393005371093,0.04049838706851,-10.525202758991718,0.1015385165810585,-3.2720714131399986,-0.1357613098269328
18,-0.061445,0.199313,0.093046,0.083573,0.06501,-0.722571,0.68314,-0.0128653633246198,-7.307216864043474,-1.89374629316628,0.2175696052679792,9.741221542277932,1.1097949601341035,0.6174039840698242,0.2485967576503753,-0.2103462070226669,0.011444954813739,-0.0046544339602488,-0.6658787742696246,-0.7459576288857667,-0.4569419324398041,-0.2882112562656402,0.2326211482286453,-5.025058697789907,4.129115820237994,-3.926317411915958,0.1627462655305862,-0.1565635353326797,-9.41917570002377,-0.3058686554431915,-2.977821924827993,-0.2580243469868786
19,-0.059342,0.205315,0.091546,0.073827,0.061423,-0.722752,0.684402,-0.4506735008088872,9.232068489569423,7.778494651865959,-0.1611945878995582,9.773552617040275,0.7887070761919022,1.964335441589356,-0.6904342770576477,-0.2841596007347107,0.0055668507624856,0.0163166949427284,-0.6778797056597144,-0.7349706388426245,-3.4039368629455566,-1.082858920097351,-0.1073900163173675,11.741539035415649,-6.928181306588649,-0.3238677969843149,-0.5646661520004272,-0.1791226118803024,4.222463381499052,0.6191099882125854,0.3322920725889504,-0.2008182673554867
20,-0.061249,0.176878,0.087201,0.052522,0.05229,-0.719021,0.691025,-0.6459155389346182,11.645476369976995,-3.803143744450807,-0.1907083584851585,9.799836812853812,0.3117990639301016,-0.290766030550003,0.6785684823989868,-0.1236815452575683,0.0039678513756051,0.0173801704646564,-0.6955577636283793,-0.7182489911423499,0.7587156891822815,-1.791448950767517,0.4417280554771423,6.130981127339601,-9.456320897069572,5.376843844747543,0.2268320024013519,0.9571834206581116,27.9612148340106,0.3136306703090668,6.914129984882473,1.4837291758619249
21,-0.060295,0.147375,0.085484,0.041732,0.050888,-0.717287,0.693663,-1.5953646734856068,11.585560538196564,8.983605769920349,-0.1491105202788952,9.804236509117484,-0.1584293244373053,3.116938352584839,-0.6864886283874512,0.4673213958740234,0.0042256721241492,0.0151333083980728,-0.7126349911042957,-0.701359026619143,-1.7863421440124512,0.0288324747234582,1.3898502588272097,11.818286759531498,-7.31308078764081,4.645466675496101,-0.1121012046933174,-0.0231019631028175,-0.3830172840347513,0.6133397817611694,-2.288227987686545,-0.95137929889597
22,-0.060344,0.108629,0.085351,0.03153,0.047306,-0.714837,0.696976,1.4754134751982986,3.5840865675061937,-6.96202863113284,-0.0019319694273501,9.781095287504792,-0.7074971119701862,-0.4132622480392456,-0.0680097341537475,0.1894984096288681,0.0062074280881279,0.0068172612001284,-0.7321378556719487,-0.6810940614676181,1.4320787191390991,0.582216203212738,0.7630038261413574,3.895422799697518,-1.8444395336836568,4.844530281203985,-0.1429696828126907,-0.0291623976081609,1.88921873273924,-0.7207712531089783,0.3753715550545602,-1.5219935861960052
23,-0.063304,0.022897,0.088567,0.016701,0.045581,-0.704147,0.708393,0.5292635283231735,-0.95188045335114,0.7011141329348087,0.0097310964449716,9.7879809553653,-0.6047475891787558,0.1912035346031189,-0.4618718922138214,-0.0796768218278884,0.0009900321616417,0.0003287404474665,-0.7285831712891798,-0.6849565511644868,-0.3394035696983337,0.7532873153686523,0.1406055986881256,-0.8628472481578588,2.3230314439117907,-3.868279941228032,-0.3084255754947662,0.1284346133470535,-3.992811745303869,-0.391892522573471,-1.3028174590468409,0.5299203117314726
24,-0.063246,-0.00846,0.086976,0.000639,0.024118,-0.703567,0.710219,0.1530793325783219,-4.696143554288149,-0.7302502841133623,-0.0936733043503947,9.786965640842912,-0.6139450411129742,-0.2758173048496246,0.0078499615192413,-0.3633099496364593,-0.005014218133154,0.001637650595017,-0.7289031502195898,-0.6845965587582092,-0.0456499904394149,0.1881518363952636,-0.2294526100158691,-3.5403584849387406,4.649500461056828,-1.3531180518724024,-0.4112403988838196,-0.1645548939704895,-3.656417936484516,-0.120115265250206,-0.5743759413884952,0.6497563592065125
25,-0.062948,-0.025578,0.085354,-0.006653,0.024956,-0.7034,0.710324,-0.2406027268636971,-6.220704652884602,1.7524422179877757,-0.184817163288407,9.788664845976234,-0.5641701891945675,0.1555465757846832,-0.0479187257587909,-0.1003777980804443,-0.0081219610622624,0.0051240179233962,-0.7271440148146893,-0.6864178666454459,-0.3303275108337402,-0.4082973003387451,-0.2748332619667053,-4.4854216594904655,3.757138364601135,-1.5434718430325387,-0.4569383263587951,-0.2670749723911285,-5.141118441596627,0.2325594872236251,-1.2488709109343588,0.7161299888242035
26,-0.060023,-0.028127,0.073797,-0.03119,-0.015442,-0.710885,0.702447,0.265038390467409,-4.513883783864975,0.7911364222306758,-0.2252347148020751,9.780079388460516,-0.6853427825029939,0.3673911094665527,-0.0308776963502168,-0.135048434138298,-0.0106914887158038,0.0053738531637228,-0.7313780685909214,-0.6818672138461785,-0.522426962852478,-0.4930213391780853,0.0014726186636835,-3.518630052733421,2.979308071732521,-0.3521716620571911,-0.3807783424854278,-0.1900790929794311,-4.908244336223602,0.4947034418582916,-1.3321806239143013,0.3943384135920554
27,-0.060355,-0.023709,0.072968,-0.024274,-0.019922,-0.710711,0.702783,-0.2827534040465951,1.3702549185037611,0.3568307399094104,-0.2526499239395372,9.765476278090476,-0.8614085936568677,0.5467056632041931,-0.069437488913536,-0.0220417734235525,-0.0116233454422725,0.0063822904324936,-0.7374814456084324,-0.6752371981094553,-0.726337194442749,-0.6235896348953247,0.0505069382488727,0.6910638635635376,-0.947341056355834,0.8642313959926367,-0.118787758052349,0.643372654914856,-0.8670352744322269,0.1905391663312912,-0.4523811449769884,-0.99714195603095
28,-0.060047,-0.024095,0.07057,-0.022626,-0.021246,-0.707236,0.706296,0.8152456851579248,14.647173968172073,-1.0916622873984276,-0.3127625021347776,9.741809571298957,-1.0815246320046483,0.5748926401138306,-0.4395943284034729,-0.138723075389862,-0.0163760114288525,0.0056171507755019,-0.7450576211234758,-0.6667753308187724,-0.4485018253326416,0.1922885775566101,-0.4229582846164703,13.566605760109423,-10.80572884237766,3.538482754194736,-0.0359651893377304,1.1068743467330933,10.489289734089374,-0.1446332186460495,2.243200220697373,-1.3938003370031713
29,-0.060077,-0.039857,0.0669,-0.022533,-0.022515,-0.702891,0.710584,-1.0390613817412406,17.746167572993038,-2.2624514491342005,-0.16567081999816,9.740613054990767,-1.1239967231616377,-0.2866915464401245,0.090476743876934,0.4649499058723449,-0.0150997361574964,-0.0042475307783195,-0.746518481622678,-0.6651796636880501,0.6449720859527588,1.2660033702850342,0.0343207120895385,13.31867729346752,-16.304008278751372,4.579585797831416,-0.3287542164325714,-0.3840683698654175,13.132894025093316,0.0602679029107093,2.997708236297965,0.0321306979186134
30,-0.057097,-0.055172,0.061032,-0.026903,-0.027465,-0.701392,0.711738,2.0248655128084123,2.899122189861536,-4.769972176086903,-0.0602734450124902,9.77578081448376,-0.7751487256344407,-1.7245136499404907,-0.4857838153839111,0.0175054855644702,-0.0163553476210943,-0.0131758260388562,-0.734403147177212,-0.678388453579984,0.8024685382843018,1.9281803369522093,-0.0150044923648238,5.084813786050677,-2.3592314690619705,1.836021833950281,-0.3029103279113769,-0.8805488348007202,-1.7875259524591267,-0.0818316638469696,0.0061667578810098,1.0219747839923947
31,-0.055209,-0.071536,0.055956,-0.03272,-0.034262,-0.700717,0.711865,-0.4091299226736649,-10.786528467345237,-1.1415893707364797,-0.0328995611159712,9.806402747240664,0.0613556233591632,-2.3560922145843506,-0.1822383850812912,0.3383389413356781,-0.0190754467415588,-0.0165923898676288,-0.7046959815040444,-0.709058786648016,2.58260440826416,2.8235397338867188,-1.0465270280838013,-3.7112551498264073,4.677074112159014,-2.324597670315206,-0.1384023576974868,-0.3343885242938995,-11.403201399052142,-0.0952788814902305,-3.167156455942988,-0.194652164207492
32,-0.051766,-0.066274,0.04751,-0.03363,-0.056008,-0.700646,0.710512,0.3278225259594619,-15.58842722904682,2.101699307772517,0.091162682369491,9.758246911358832,0.968864175247401,-1.8388137817382808,-0.1725252270698547,0.1677652895450592,-0.0187400657513546,-0.0232396924783892,-0.6708662998320215,-0.7409771846033725,3.348445177078247,1.2211499214172363,-0.7079057097434998,-11.89885024254322,9.875496157211066,-9.876826529031993,-0.1326463520526886,-0.1557077318429947,-5.879773492896557,-0.4761376976966858,-0.0292103306596167,0.4193166413735598
33,-0.048365,-0.032358,0.046411,-0.033321,-0.049463,-0.70394,0.707751,0.0913945092308334,-15.899678121042252,1.4473346510529517,0.0919115736411884,9.728473119863867,1.232375557076931,0.1792426407337188,0.0649478286504745,-0.1708797663450241,-0.0197427763453385,-0.0236431474786757,-0.6607626918341355,-0.7499625931346657,-0.9306658506393432,-0.544093906879425,-0.6099473237991333,-12.443532289272548,10.675712469410897,-11.078901640391347,-0.2998223900794983,-0.1616561859846115,-10.152097760629651,0.3723223209381103,-2.258703056386113,0.758857881373167
34,-0.045101,0.020201,0.047298,-0.024927,-0.044872,-0.709278,0.703057,0.4312960521765053,-14.044681537508964,-0.7464847220122813,0.007291632012627,9.75023136268556,1.0503984760526568,0.6318187713623047,0.0652211457490921,-0.1875815540552139,-0.0217997061929886,-0.0200768083925585,-0.6678633870910887,-0.7436936731600815,-0.949880301952362,-0.7678026556968689,0.1844112128019333,-10.439411312198638,6.31804332960844,-5.87092616957426,-0.2017219811677932,0.1165908649563789,-9.36156463805437,0.1155725866556167,-1.8362249553069472,-1.2899730289123952
35,-0.040458,0.127894,0.060676,0.030143,-0.00126,-0.712422,0.701102,0.3123485510390251,-8.045238878136873,-1.0479816972345113,-0.1692950566436164,9.797345580559968,0.3921201530206948,1.068556547164917,0.5455734729766846,-0.1843335777521133,-0.0179446237148845,-0.0052720022381625,-0.6928056308698328,-0.7208818323365367,-0.6901839971542358,-0.984710156917572,0.514835000038147,-6.612255408519506,4.692274019378424,-4.34935227009505,-0.1480979770421981,-0.1830092817544937,-9.909377384024856,-0.2333601266145706,-2.201501744261384,0.1216602032954338
36,-0.039201,0.162501,0.067294,0.058676,0.022915,-0.713154,0.698171,-0.0718974162741564,-1.1819593750476836,-3.466525186964869,-0.2095708615990355,9.804376794371008,0.0256083789112046,0.4153209030628204,0.4245789051055908,-0.0802141278982162,-0.0128963165907991,0.0022291291528755,-0.7061794155888962,-0.7079119496991738,-1.431299924850464,-0.9654998779296876,0.1608440279960632,-1.5349217490911482,2.4543618220865726,0.6375467929095029,-0.093226283788681,1.191794514656067,-8.907624354001879,-0.2326114475727081,-4.249736588349938,0.1000173396148718
37,-0.037002,0.18049,0.068396,0.065187,0.028764,-0.711877,0.698681,0.6950452613499015,7.530729266831278,1.3470850553184748,-0.320801723944582,9.798801624587178,0.2257558708656579,-0.5256077647209167,-0.1271802186965942,-0.2513364553451538,-0.012816173579302,0.0103481900337962,-0.6988437373349986,-0.7150847064398126,-0.0098757445812225,-0.2385541051626205,0.0932715162634849,7.605030766838788,-5.883435522535443,1.8709356186822053,-0.2043701410293579,-1.3655595779418943,3.209306913930177,0.3602136373519897,2.691936360235512,1.14676173187308
38,-0.034193,0.165753,0.061128,0.049863,0.017249,-0.708347,0.70389,-0.1293826599068008,9.581777999296785,-1.5430390045732258,-0.2821205677694641,9.801976747491954,0.1096606630199123,0.0288906581699848,-0.0804976671934127,0.084274984896183,-0.0154878992828865,0.0049153370537197,-0.7031249545858552,-0.7108805645560486,-0.2293385863304138,-0.7935589551925659,-0.1670812964439392,5.664305280354618,-6.452540062859654,2.092374137805402,0.5622687339782715,0.9941050410270692,19.277928227704763,-0.5905117988586426,4.593241690479219,1.2159492498677222
39,-0.032584,0.137395,0.057223,0.03526,0.01082,-0.706289,0.706963,-1.2334390946552156,9.769197928962113,4.622030854851007,-0.292565151954256,9.801903682255745,0.08646574759176,0.8472468256950378,-0.0502121709287166,0.0130957271903753,-0.0140218560176282,0.007106298415994,-0.7039467127587171,-0.7100788374870028,-0.5821248888969421,-0.1086020320653915,0.3332124054431915,9.5995392814368,-6.004117080923915,1.8727378457985813,0.3401855826377868,-0.2147565484046936,8.474573713243007,0.0417477414011955,1.398531603308767,-0.919053192569688
40,-0.031578,0.098985,0.053756,0.016935,0.00403,-0.704313,0.709676,0.0420411158611997,8.335424770271777,0.3317337445864454,-0.3003155651516281,9.796312730380892,-0.3353258142616599,0.864158034324646,-0.1317307651042938,-0.0314233861863613,-0.0177635230872394,0.0036539515804536,-0.71908518721378,-0.6946852186383045,-0.5590150356292725,-0.1856211721897125,0.6470274329185486,6.092369364872575,-5.849501104229688,3.6594390378713606,0.18822081387043,-0.3007963597774505,10.879919867748022,-0.5576663613319397,2.7976336999818683,-1.0220767830621451
41,-0.030689,0.016709,0.055772,0.007985,0.011091,-0.701108,0.712924,0.3375924805520102,4.533392201933265,-1.3876608113348483,-0.2265614698938094,9.785130826631187,-0.6085050054835155,0.5592761039733887,-0.0696294903755188,0.2895373106002807,-0.0148149821672634,0.0011035257289515,-0.7287138695314032,-0.6846571832283112,-0.0137703511863946,0.2399079650640487,0.4893723726272583,3.5327345659315585,-3.6125861012816425,2.316714954241365,0.2252220213413238,-0.1077360063791275,1.7232678536906838,-0.3157910108566284,0.1110066890676971,0.5263398228961974
42,-0.029082,-0.014631,0.060008,0.007932,0.003696,-0.702587,0.711544,-0.3001610139107331,-0.7160568505227566,-0.9944377385735512,-0.1913985327064059,9.790829330533745,-0.5228876731483265,-0.5682485699653625,-0.2055348753929138,0.1076031699776649,-0.019132128441941,-0.0059985025463721,-0.7256885491374171,-0.687731146742471,0.3473550975322723,0.2558008432388305,-0.2785880863666534,-0.1036912606209516,0.2666144624114036,-0.0459290997430682,0.1571446061134338,-0.0072593791410326,-2.243620930327475,-0.1842542141675949,-0.4591625122128054,0.6122985525475815
43,-0.028087,-0.034918,0.061654,0.008007,0.005709,-0.702759,0.71136,0.8740954220768063,-2.6212556810736656,0.3941361324856057,-0.1963865685183554,9.8002681900084,-0.2941782497067004,-0.5509511828422546,0.0430229343473911,-0.1970094293355941,-0.0202162177204728,-0.0064562026873248,-0.7176052077576852,-0.6961266531692577,0.5859697461128235,0.344672679901123,-0.3290079832077026,-1.885958708029985,1.9168851766914128,-1.3513473889380692,0.1282129734754562,0.008408386260271,-2.191737452224642,0.0070944707840681,-0.2906747168314643,0.9425422777719796
44,-0.024547,-0.045832,0.056846,-0.010431,-0.019668,-0.702402,0.711432,-0.0514342182316817,-3.295848302307725,2.1347569432437417,-0.2901881571572274,9.801491009801625,-0.1300613628859631,-0.2364415973424911,0.2992327213287353,-0.1917750388383865,-0.0213237941963909,-0.0005446336861495,-0.7117801539664813,-0.7020782363260382,-0.052977941930294,-0.1353263705968856,-0.1351135969161987,-2.73178643232584,2.3535411484658715,-1.574279361489415,0.1393264681100845,0.0419131033122539,-1.8908887117780744,0.0843194797635078,-0.1631610474006272,0.5030664262712001
45,-0.022587,-0.039232,0.053315,-0.017865,-0.02726,-0.70532,0.708139,0.4284894703231752,-2.02638483133018,2.261874087637662,-0.4015545189833268,9.798111888757347,-0.0782119331832043,0.0344746336340904,0.8631796836853027,-0.3177719712257385,-0.0162360348456029,0.0127101311601234,-0.7098071225832832,-0.7040941628747093,0.1869534403085708,-0.2916973829269409,-0.1668560802936554,-0.9829816940575836,0.8753075012803078,-0.7915893536299466,0.145302876830101,0.0432844161987304,-1.6803319444142282,-0.1000532880425453,-0.2396598382567055,-0.0469795769103802
46,-0.021705,-0.028834,0.052214,-0.016683,-0.031677,-0.70602,0.707286,1.007630982145667,-1.3282020756721495,1.1291770484089851,-0.4277853771744295,9.795297415858506,-0.1988807782205753,0.449869155883789,0.3181842863559723,-0.1865276545286178,-0.009710626168596,0.0212598423212901,-0.7139244473865177,-0.6998326447103963,-0.023460529744625,-0.5696335434913635,-0.0302847120910882,-2.1488193708658216,1.6852105102360249,0.0900222162306308,0.0752894505858421,0.1569870859384536,-1.3456615983866154,-0.2374112606048584,-0.129789596739877,0.0493439679541625
47,-0.020222,-0.00484,0.054372,-0.001363,-0.022789,-0.706859,0.706986,-0.2627856979034841,-1.0065268202960491,0.5095125336706638,-0.5352317525452003,9.781724817579985,-0.449208506290242,0.7135282158851624,0.5010595917701721,-0.2980259954929352,-0.0081562717559586,0.030979418987911,-0.7224565981984256,-0.6906738095807465,-0.1242912784218788,-0.1631726920604705,0.0722686946392059,0.6781722332864999,0.2796376101136207,-0.3631640345841646,-0.0168397240340709,0.2208656221628189,-0.6533923045560717,-0.3209243714809418,0.1090121268501505,0.0586991905662463
48,-0.01901,0.003385,0.055389,0.003898,-0.015527,-0.704503,0.709521,-1.7495152246251702,-0.8026730577021837,-1.089284598481655,-0.5982987053003161,9.763571321251987,-0.6964896880045532,0.4079376757144928,0.4356850981712341,0.0448404364287853,-0.0052106331052601,0.0391732660335651,-0.7307369882942466,-0.6815143204445255,0.0515687093138694,-0.1815987378358841,0.1660351306200027,-0.1446376035153865,-0.1065039799541234,0.2923100446820258,-0.0720286220312118,0.2310730665922165,-0.1062791216896846,-0.4782478809356689,0.1646686754846014,-0.1622957906071096
49,-0.018711,0.007946,0.054648,0.003173,-0.008229,-0.702012,0.712111,0.1844071577154099,0.7673626748681068,-0.9843735137421638,-0.3482604799628258,9.76802362448573,-0.7967631760712712,-0.2145541906356811,1.1655763387680054,0.1916973739862442,0.0197962616405357,0.0476488983926784,-0.7337255616515215,-0.6774840083715952,0.4094480276107788,0.1379681229591369,0.1481732428073883,0.6538941165983676,-1.5161965903550385,0.0734140496484935,-0.1431225538253784,0.2346766591072082,0.6100813148895278,-0.5602239966392517,0.2569304325366393,0.2951818007260561
50,-0.019797,0.008953,0.047172,-0.01508,0.002501,-0.697812,0.716118,0.4853170902973041,0.7026064173191785,-0.1784055061478167,-0.2533789688664488,9.77995780790746,-0.6772220198895782,-0.2219291180372238,0.635821521282196,0.1330433189868927,0.0375133833060771,0.0590931498849943,-0.7287226581854891,-0.6812225222800168,0.6736689805984497,0.127390906214714,0.157588243484497,0.0723632254213094,-0.043933834272623,0.5519046914592385,-0.1270931959152221,0.1511813700199127,0.1022682420805096,-0.403059720993042,0.3550694658579305,0.2898999695993028
51,-0.021478,0.004758,0.042624,-0.02708,-0.000471,-0.694157,0.719314,0.0129126365324482,0.2332388470321893,-1.072232852850482,-0.4467119402341544,9.774224232691523,-0.6598216069512068,-0.2208125293254852,0.1497079133987426,-0.4108598232269287,0.038345323056943,0.0742745013250558,-0.7267219810039055,-0.6818269997199651,0.1478193551301956,0.2166242152452469,-0.1155755072832107,-0.0158574943453073,-0.0791466019511222,0.3761141170501709,-0.0863126665353775,0.16901496052742,-0.3233575093746185,-0.3610938787460327,0.0965446768019348,-0.3006140731741674
52,-0.021863,0.001246,0.036587,-0.039993,-0.004012,-0.691011,0.721726,0.189264717281796,-0.1412234111577272,1.2293886502206324,-0.560515429546684,9.775489722582698,-0.5440482788704335,-0.1489229351282119,-0.0552723594009876,-0.2189187705516815,0.0357298215141007,0.0792378805131205,-0.722121943232518,-0.6862831394047508,-0.0034346231259405,0.0639761835336685,-0.1023242175579071,-0.1418529412329197,0.1641419299304485,0.4030865873888135,-0.1263564079999923,0.1946398466825485,-0.0896800973952282,-0.3667944967746734,0.1603950167533941,-0.2227106944834813
53,-0.016152,-0.00657,0.028417,-0.055607,-0.000406,-0.696951,0.714959,-0.4316320791978388,-0.1851069765478372,0.0194856217145919,-0.6536894608717412,9.76640274528563,-0.6003783611185849,0.2528295218944549,0.1951364278793335,-0.2201117426156997,0.0331046220265728,0.0837087606196813,-0.7236046020763037,-0.6843195837405629,-0.350813627243042,0.0864685028791427,0.0137921357527375,0.0023258125990629,-0.0749240158200263,-0.388663509760797,-0.1513316482305526,0.2074637860059738,0.1032149848787113,-0.2468024492263794,0.2158124046034179,-0.0096792281187721
54,-0.013328,-0.009313,0.025539,-0.067332,0.012213,-0.700385,0.710477,-0.6485181226484477,0.1932926210910081,-0.8974795855998993,-0.512819247065857,9.776611420089006,-0.5703149755598977,-0.208216980099678,0.2103026658296585,0.4434159994125366,0.0447093475033925,0.0853449072718105,-0.7223532505068632,-0.6847795549089938,0.0904500558972358,0.1186477988958358,0.0548689290881156,0.1577957757741212,-0.5365004938393831,0.6031400809168815,-0.1509002298116684,0.1603764593601226,-0.0377531203606748,-0.0740450248122215,0.1581199479608796,0.0907807247140444
55,-0.010885,-0.011128,0.023482,-0.075152,0.027053,-0.70375,0.705944,0.2496623412298038,0.7602361839890479,-0.0719242494821548,-0.3436348294561728,9.788017780244347,-0.4969986506648361,-0.0683988779783248,-0.0074325054883956,0.3579861521720886,0.0516514412779058,0.0796644370193925,-0.7204120046304073,-0.6870169424875969,0.224509060382843,0.0326264165341854,0.0690289586782455,-0.2676145793646574,-0.2075081934481859,1.4716305956587197,-0.0700874030590057,0.1512738466262817,0.0039722943145898,-0.0428994260728359,0.17769545818232,0.0720163573455531
56,-0.007676,-0.011874,0.020797,-0.082091,0.033623,-0.703089,0.705547,-0.1949960457417182,0.1852460927575826,0.3476934937298298,-0.1692219914074055,9.793487151566149,-0.4789260010207071,-0.0116952490061521,0.2740532457828522,0.5217248797416687,0.0590387614603984,0.0744518600078959,-0.7203300285459228,-0.687092477919764,-0.0786763802170753,-0.0750308036804199,0.1475664973258972,0.2354144375056028,0.1548667365849018,-0.9682803840100764,-0.0032785991206765,0.0872797146439552,-0.095434340939857,-0.0517203919589519,0.0846927283035591,0.0178852601461345
57,-0.006326,-0.012163,0.019939,-0.080767,0.038887,-0.701766,0.706745,0.7219658553708345,-0.378525269845128,-0.431497639163211,0.0100611629413324,9.79447265547216,-0.488473983425647,-0.1131482422351837,0.1286306232213974,0.30245041847229,0.0689699173391748,0.0717547903113704,-0.7209413930001507,-0.6858119368023952,0.7028282284736633,-0.0215114410966634,0.1108765378594398,0.0447293685644865,-0.5658861627995968,0.5467351798668504,0.0404314585030078,0.0937949568033218,-0.0111564222485758,-0.0966009795665741,0.09747322635632,-0.1723958722031675
58,-0.005013,-0.012305,0.018855,-0.078703,0.040788,-0.700993,0.707638,0.2658963042046874,0.2191501159250736,-0.4439221633851528,0.0996683709135744,9.799386730998751,-0.363970674791932,-0.449561595916748,-0.0990219712257385,0.1689722239971161,0.0725670013616541,0.0680246945629,-0.7168890997870002,-0.6900555731245464,0.3020621836185455,-0.2595128715038299,0.1924211978912353,-0.4737117369711399,0.5913584577083587,-0.0201917241573333,0.0344603694975376,0.0469845719635486,0.0316678821628564,-0.1058118641376495,0.1194426277106627,-0.0786890583088155
59,-0.002417,-0.012845,0.012616,-0.085934,0.042147,-0.69826,0.709416,0.5479479897227137,-0.3104857528418302,0.6265338159859181,0.0910045874646399,9.802896784946322,-0.2555822327980771,-0.026835162192583,-0.1319399327039718,-0.0742679983377456,0.0705623907572037,0.0658078692637873,-0.7132323543684157,-0.6942549283627325,0.0714175105094909,-0.0353081077337265,0.1682560741901397,0.6117138479948043,0.0778138920426368,-0.9688917939066888,0.0216854624450206,0.0581774339079856,-0.0705280093507841,-0.0554311908781528,-0.0273509665285237,-0.0827206610456109
60,-0.000326,-0.013084,0.010595,-0.087433,0.046479,-0.700319,0.706929,-0.3020243600971997,-0.0228694189339876,-0.3226584942597895,0.1380213271807879,9.802736625948548,-0.2402786094758659,-0.065681405365467,0.2272386848926544,0.3127587139606476,0.0730568171888104,0.0648409400869872,-0.712773773342088,-0.6945589336485085,-0.0519835203886032,-0.193017691373825,0.0841925963759422,-0.4793734159946441,0.191606859961152,-0.3798106334805488,0.0262923166155815,0.0217283964157104,0.0114923510884982,-0.056235734373331,0.0500342198072234,-0.0884309832501225
61,0.002306,-0.01287,0.010334,-0.086319,0.04967,-0.704054,0.703129,-1.1994345337226986,0.1727998681604862,0.6173240890920162,0.3406642892127856,9.797255564188957,-0.2610364796159788,0.2046323865652084,0.7078937888145447,0.6806616187095642,0.086987774023051,0.0645781036501693,-0.7135396448639868,-0.6921878861050133,-1.0101680755615234,-0.3396012485027313,0.0546775832772254,-0.9474287346392868,0.1502034209489822,-1.86294578897208,0.0249101687222719,0.0213307533413171,-0.110199674400594,-0.0603594481945037,-0.1201552238262724,-0.1113450541765894
62,0.006663,-0.01206,0.009538,-0.088771,0.053357,-0.704717,0.701887,1.1974909984394908,0.0299696063280105,0.3093243443796411,0.544290709324181,9.784610017627475,-0.36813228798341,0.3717301785945892,0.227479949593544,0.2241705358028412,0.1009798363391244,0.0651046590036167,-0.7173080975595759,-0.6863187904856574,-0.5803940892219543,0.1702779680490493,0.1140700653195381,1.4607605343371628,0.033133623316884,-1.35132751519382,0.0607040040194988,0.0525728315114975,0.015268291713926,-0.0522425323724746,-0.0557951990533154,-0.0389189150203252
63,0.008599,-0.011404,0.009138,-0.090473,0.056132,-0.704636,0.701536,1.0064474714495242,-0.4548363561093806,-0.0719838341822847,0.534071659257263,9.779652687481043,-0.4934963050996884,0.2179086506366729,-0.041483387351036,-0.1789514720439911,0.1000101081584561,0.0659217952264863,-0.7216755683678296,-0.6817893092251248,-0.6386504769325256,0.0013863643398508,0.2181633114814758,-0.5940367370069026,-0.0636702158778905,-0.5090364405915141,0.1107143685221672,-0.0378194488584995,0.0523825410656165,-0.0945154651999473,0.0323458065405953,-0.0941621929790359
64,0.010352,-0.01057,0.009696,-0.085484,0.0602,-0.705202,0.701255,-0.7283381668817251,-0.2903945664495229,0.2904946292905137,0.4877209731012582,9.775770877611636,-0.6056313862759619,0.4127106964588165,0.3147839605808258,0.0802795365452766,0.0992423975237063,0.0695188738389994,-0.7252901033021403,-0.6776962524914911,-0.345956802368164,0.0334925279021263,0.0839579701423645,-0.128773094907403,-0.661575318750739,-0.4644017645731568,0.1341634392738342,-0.0647995620965957,-0.1079539139009546,-0.1034734919667244,-0.0979946929471567,-0.0196922091034008
65,0.012719,-0.009694,0.010815,-0.079778,0.062809,-0.701721,0.70518,-0.0204488772561773,-0.4256289663255214,-1.0464180281143636,0.5766518869638443,9.76032137954533,-0.7576135073352604,0.3002249002456665,0.5071914792060852,0.2892530262470245,0.1085423980617208,0.074345454822358,-0.7301371738632938,-0.6705154591217083,-0.4748450219631195,-0.2370404750108719,0.0735565349459648,-0.3258312060117721,0.0091810853213071,0.7863529142811894,0.1401964426040649,-0.0480717197060585,-0.0651377357137622,-0.1108088642358779,-0.1396596781054977,-0.0657046808475628
66,0.014907,-0.010378,0.010671,-0.083708,0.066573,-0.70343,0.702671,0.7805911358840764,-0.2774035674512386,-0.1724210979759693,0.6797222392074763,9.749912798255682,-0.804712381510064,0.1114545986056327,0.3372228443622589,0.1011660993099212,0.1175814763493694,0.0769727202924669,-0.7315081094719149,-0.6671923900628928,0.0066656814888119,0.011118141002953,0.0614549964666366,0.3130184861898422,-0.6014280163019895,-0.0625432576745748,0.1055092886090278,-0.0466930419206619,-0.0360752365765976,-0.1205921620130539,-0.0422530278790974,-0.0949719293261878
67,0.01759,-0.010588,0.009392,-0.094557,0.071069,-0.709058,0.695158,0.7514408100496978,0.1773252366304397,-0.3546422899544239,0.7009416989773511,9.744844993472098,-0.8467972269151359,0.1022232323884964,0.2814401388168335,-0.0649109557271003,0.1223689232334334,0.0810880437390283,-0.7325294354603757,-0.6647189144609018,-0.1222414299845695,0.0831441283226013,0.1095032170414924,-0.0765431414544582,-0.0233785374999046,-0.202802499975264,0.0853475928306579,-0.0343803502619266,-0.0677948626264231,-0.1584998071193695,-0.0545672007614746,-0.1392499647934455
68,0.020194,-0.010006,0.007514,-0.105377,0.066197,-0.709089,0.694051,0.2855332440234721,-0.2710311098098755,-0.0639735096734017,0.7510064372204244,9.74398808438182,-0.8130524859625846,-0.1451791077852249,0.4331128001213074,0.1413977146148681,0.1312146342880015,0.0866884644827652,-0.7307114686618268,-0.6643256173723627,0.400914192199707,0.0159926321357488,-0.1619820147752761,0.3082651541829109,-1.2346598686218262,0.1086003677114844,0.1048442125320434,-0.01032698713243,-0.1239016072803642,-0.1645787507295608,-0.0882120341366622,0.0283672560151549
69,0.020164,-0.010075,0.006598,-0.109758,0.064212,-0.705797,0.696908,1.268053311918676,0.107899818226695,-0.2448480362832546,0.7819819326553493,9.74603566456139,-0.7574242683734744,-0.1513486802577972,0.2202959358692169,-0.1153797879815101,0.1371989474137812,0.0902764092935002,-0.7283323823848556,-0.6652508118006817,-0.0255843997001647,0.0848988890647888,-0.0594999864697456,-0.4101718694746494,0.8927578177750111,-0.301381239888072,0.1243417337536811,-0.0100406222045421,0.0475956401492236,-0.1322886943817138,0.1327908061161637,0.0097558507186709
70,0.020009,-0.01084,0.005105,-0.120334,0.065066,-0.702842,0.698069,-0.2594766464207321,-0.1282610537320375,-0.5088263049721717,0.6881883081272244,9.762229258993267,-0.6290188377346844,-0.4771110117435455,0.0668665319681167,-0.2174755632877349,0.1360722225627698,0.0944708320377319,-0.7232885285068514,-0.6703829953248962,-0.8659304976463318,0.066955842077732,-0.1320753842592239,-0.1473439398646354,-0.1389437757879495,-0.6941419558346271,0.1121518015861511,-0.0443930104374885,-0.0821282115777954,-0.1535673886537552,-0.0512638392339926,-0.1236865762901958
71,0.022656,-0.012294,0.005913,-0.133895,0.071403,-0.702084,0.695738,0.3131459850270301,0.1827472616791725,0.4585866485536098,0.6808965436838567,9.771595053231716,-0.47190476061441,-0.2196554839611053,0.4629266262054443,0.0167958661913871,0.1406189627452258,0.0979345036765024,-0.7172651387498868,-0.6754005319419307,0.11762735247612,0.1483398675918579,-0.1455251574516296,0.2811100207537412,-1.0261527272641655,0.4855854223772883,0.0977135747671127,-0.0020303311757743,-0.0499890928907087,-0.121360957622528,-0.0825683108949568,0.0422031699885381
72,0.022958,-0.013161,0.006366,-0.138457,0.073718,-0.700768,0.695931,0.9660834584876894,0.0743938544660806,-0.495024537580274,0.66227294562608,9.77639806959927,-0.3921775822963565,-0.2418329715728759,0.305874615907669,-0.1920008510351181,0.1461039809863721,0.1040792396936008,-0.7135565883095559,-0.6772429715223144,-0.6036871671676636,0.0161039512604475,-0.1130738705396652,-0.2996533931821584,1.111946512144804,0.4209171353727579,0.109187938272953,-0.0370085947215557,-0.0061257722792506,-0.1162835508584976,-0.0147109295425121,-0.0143052302518743
73,0.023091,-0.01374,0.006991,-0.141248,0.07566,-0.699536,0.696401,0.1059761201551184,-0.1987888804197311,0.166386512253154,0.5268413061449304,9.790857972106338,-0.1786568140277639,-0.0482817664742469,0.5961549282073975,-0.0527663975954055,0.1511370837520466,0.116257681186247,-0.7039837457208162,-0.6841407640788184,0.1902192682027816,0.0982330739498138,-0.058243241161108,0.1401712717562913,-0.083699442949891,0.4069105295911431,0.125612273812294,-0.0329953506588935,-0.0549960480322595,-0.1092246025800705,-0.1180161659709643,0.0038647217372898
74,0.024961,-0.014278,0.010799,-0.145567,0.086663,-0.701016,0.692731,0.2182882383987307,-0.0319575652748346,0.0098585370582994,1.318639297556877,9.717103000065684,-0.0975463372583035,-0.2863058149814605,1.0261036157608032,0.5326673984527588,0.2457704792643081,0.1564357165938407,-0.6931820436031592,-0.6592598433688424,-0.3498444855213165,-0.2575826048851013,0.0285800043493509,-0.1216740765571594,-0.2926373769402504,-0.5039854408122599,0.0990371108055114,-0.0516510903835296,-0.0225970317333936,-0.0800172016024589,-0.0596894574123434,0.0390022048230283
75,0.025316,-0.013533,0.014389,-0.144067,0.091689,-0.698689,0.694746,-0.1728045443356037,-0.5975625730454921,0.6733055040329694,1.4789910414241254,9.694480833891031,0.0012607944508061,0.0023635784164071,0.8032177686691284,0.3719886243343353,0.2629698656361954,0.160940528891151,-0.6885011717746836,-0.6564381739759996,-0.2172129452228546,-0.11036067456007,0.0018628383986651,0.230050280123949,-0.0309112710922956,0.0879917333163321,0.1297799348831176,-0.0576745867729187,-0.0878344877948518,-0.0767895579338073,-0.1095933973368257,-0.0163800934473052
76,0.025493,-0.013284,0.017325,-0.139163,0.098418,-0.697262,0.696257,-0.4357942403785884,-0.1077390747070312,-0.5890998651266097,1.6319970987036825,9.669880645641683,0.0192796736465999,0.0677973181009292,0.8122497797012329,0.4294236004352569,0.2789814048290701,0.166508447453825,-0.6865070626982261,-0.6505015836237152,-0.0204397048801183,-0.1583602577447891,-0.1187886819243431,0.1216466040283441,-0.5561427674204111,0.4254167848795652,0.152923434972763,-0.0231429189443588,-0.0693294015502091,-0.0767756551504135,-0.1147128044434823,0.0194281102405395
77,0.025109,-0.013254,0.020517,-0.141178,0.113035,-0.695063,0.69583,-0.4944977737598121,0.2313461651533842,-2.4296371306747195,1.802480068223924,9.638001990821955,0.1742991668075323,-0.6494302153587341,0.8804691433906555,0.4546258449554443,0.2971251266095854,0.1697947502448484,-0.6799139346736962,-0.6485395368332629,-0.1356424540281295,-0.1817426979541778,-0.1693188995122909,-0.1747948413699865,-0.3585293605208396,0.4514209216427057,0.1726531833410263,-0.055597111582756,-0.0221015078679891,-0.0534321442246437,-0.0454318268785718,0.0305393370739417
78,0.025754,-0.012815,0.024863,-0.136537,0.118153,-0.693264,0.697699,-0.1942034523256122,0.5267886626422404,-1.2285007614701986,2.178996628595144,9.50865723350644,1.0038946451615542,-0.7411566972732544,1.266544222831726,0.5584770441055298,0.3430332920659068,0.1690107280771714,-0.6482676854604212,-0.6584167114704924,-0.1150530353188514,-0.1617901474237442,-0.144004613161087,-0.4215998569399118,-0.6222381646186113,0.1441840145289898,0.1873897761106491,0.0095302769914269,-0.0654412624047137,-0.0415249802172184,-0.0585280169841134,0.0817997742078732
79,0.025065,-0.012454,0.026857,-0.13366,0.121238,-0.691715,0.699261,0.4554785995356738,0.251542565485835,-0.5463317136324942,2.281542810834199,9.447666465970872,1.3063409569978712,-0.6136752963066101,2.1161863803863525,0.6184884309768677,0.3665302383761171,0.1766240250732208,-0.6341916905540256,-0.6574650523910879,-0.1850060075521469,-0.1546622961759567,-0.0976002365350723,-0.3159212218940257,-0.0287561388850212,0.1352577076863497,0.2113456726074218,-0.058646522462368,-0.0421449095958145,-0.0920084342360496,0.0240431457383441,-0.1028473571427166
80,0.023189,-0.013067,0.029512,-0.121443,0.106998,-0.692822,0.70271,0.8722052974812686,0.0142120652258396,1.3314284903727471,2.386901566275954,9.361032138612863,1.6864627022542058,-0.0186294801533222,2.645603895187378,0.6503284573554993,0.4075481775695656,0.1973690801243793,-0.6124212403810823,-0.6479892900442092,-0.1897632181644439,-0.0618517287075519,-0.0434014461934566,0.1308732820570468,0.0779074155449867,-0.2218489265549927,0.1705341339111328,-0.0234244391322135,-0.0884016840904019,-0.1575812101364135,0.0064082675986166,0.0056200626632606
81,0.020596,-0.013134,0.028681,-0.117037,0.088752,-0.693046,0.70577,1.560844856507331,-0.6241442905008793,3.375278981897235,2.397817804826796,9.346969126468895,1.7478635118953882,1.0708298683166504,2.7089383602142334,0.5121440887451172,0.4443149451984746,0.2295466801640515,-0.5984915090990872,-0.6258597870307216,-0.3646780252456665,-0.0015112080145627,-0.0239561740309,0.1333808809638023,0.1191045183300971,-0.3015578385639935,0.1358853727579116,-0.0459509678184986,-0.0881897583727724,-0.1225193068385124,0.0786667277459986,0.0081572723986348
82,0.018743,-0.013329,0.028734,-0.116551,0.076199,-0.691758,0.708576,0.7403337981671094,-1.495932385483384,2.8199855247825383,2.43288122716248,9.393805111923813,1.4170032256752252,2.199091672897339,3.338428497314453,0.6304329037666321,0.4793354831623027,0.2743321492178486,-0.5937127357127319,-0.585221811307461,-0.081085480749607,0.0305198021233081,-0.0718183070421218,0.1783703617691993,-0.017462006932497,0.0118750736456364,0.1403615623712539,0.0158434305340051,-0.2688133606951683,-0.269662857055664,0.0295403526318492,-0.3127681281579658
83,0.013827,-0.01269,0.029785,-0.118625,0.068936,-0.685029,0.71548,0.7499079744592309,-0.4812918168365955,1.2776572988271713,2.5460098859533664,9.42857422748804,0.8889457852061837,2.044867753982544,3.177778959274292,0.7938332557678223,0.5132878708759899,0.3261047566152315,-0.5901966319831122,-0.5309042373306925,-0.1726353615522384,0.014095501974225,-0.0509572327136993,-0.0719365244418382,0.5651812294006348,-0.0160088855147361,0.1928361058235168,0.0033808962907642,-0.0899636818432714,-0.4192581176757812,0.2183958452253602,-0.2117106318403966
84,0.01259,-0.011504,0.031283,-0.116128,0.065162,-0.682737,0.718427,1.028949664506316,-0.5716127237528562,-0.981202482490614,2.707202026167512,9.400828726950287,0.6825254600599407,0.7803728580474854,2.4697012901306152,0.4834979772567749,0.5442748980219333,0.3617402595741059,-0.5782256220242595,-0.4884300074228357,-0.4273771047592163,0.0868435874581337,-0.0030239957850426,0.0702723906219005,0.5537871442049741,-0.2166471931934356,0.2082626819610595,0.0694267377257347,-0.2745757418804802,-0.5445801019668579,-0.1097963086309377,-0.2118914500337094
85,0.010265,-0.010339,0.032652,-0.112975,0.054664,-0.680758,0.721677,-1.00543405662328,-0.3468535357743501,-0.6285328808486461,2.81574949464798,9.368953579261898,0.6816538648571818,0.3673292398452759,1.1793371438980105,0.4556489884853363,0.564828861254674,0.3798566866427108,-0.5665282195834432,-0.4644599517929816,-0.493334025144577,0.0702641308307647,0.0270327720791101,-0.0261427415162324,0.2818295671999454,0.0002063727596774,0.1825570315122604,0.1677384674549102,-0.0845976886975578,-0.5417441129684448,-0.0589176053901668,0.0583470252608647
86,0.005925,-0.007618,0.035619,-0.110392,0.033888,-0.679529,0.724504,0.0767591222926974,-0.2617179225414991,-0.6366905414063483,2.9306577303320167,9.330054816547037,0.7291666535951197,0.1198945045471191,1.5554239749908447,0.2806548476219177,0.5802730256343489,0.3893236886725643,-0.5578977623281682,-0.4477278794869967,-0.472671627998352,0.0202700924128294,0.0186341628432273,-0.3234837661027908,0.1259060150384902,0.0730622953350655,0.1631053984165191,0.0966685637831687,0.0943797538530081,-0.4441906213760376,0.0806856937524396,0.1522970413605217
87,0.004023,-0.006879,0.037591,-0.110316,0.032391,-0.680519,0.723654,-0.5077107449457049,-0.6324222895026207,-2.347808157771825,3.012793869487941,9.28970585502386,0.8915345595903694,-0.196281686425209,0.8020238876342773,0.4723602533340454,0.5975268057564216,0.3966170150717564,-0.545196598544276,-0.4340707507626767,-0.4589382112026214,-0.0568069033324718,-0.023919491097331,-0.1332651456296444,-0.3318669790446758,-0.2291097844034433,0.1508529484272003,0.1011986657977104,-0.0350523757852846,-0.3544899225234985,-0.0977353844238445,0.1475738122309092
88,0.00218,-0.007127,0.039478,-0.110249,0.028288,-0.683076,0.721424,-0.5125473713219165,-0.9083721510142088,-0.9995751014620066,3.230714443618059,9.193955908796193,1.0972881644561887,-0.1571710854768753,1.1731419563293457,0.9514479637145996,0.6141951808497477,0.3926220120485926,-0.5384253223370294,-0.4227415500716776,-0.5693230628967285,-0.1085852980613708,-0.0323467329144477,-0.3286263896882533,0.2034399210959672,0.0569850390255451,0.1520069241523742,0.1064977273344993,0.0069048891550308,-0.3461370468139648,-0.0290322729622595,-0.0051577109859179
89,0.000444,-0.006961,0.045492,-0.107979,0.016618,-0.687118,0.718284,0.7928305858626962,-3.2422032213598486,0.8330247952155768,3.527207034681737,9.062057375344631,1.268186436779052,0.733319878578186,3.057523012161255,0.6581107378005981,0.6426828212835043,0.4018658930569214,-0.5233013399120456,-0.389381825101466,-0.4344760179519653,-0.157946839928627,-0.0504440441727638,0.0867529853016138,-0.3327583749264478,-0.0125157827019691,0.1472721844911575,0.0938604399561882,0.0487381475481204,-0.3128044307231903,-0.0355781372420373,0.1054748287026304
90,-4.1e-05,-0.00724,0.049185,-0.104393,0.014407,-0.690198,0.715906,0.96194212089926,0.310176540762186,-0.3162263423204421,3.299736834178865,9.120733436197042,1.4471870592758058,0.6534526348114014,1.9685800075531008,-0.3879269361495971,0.6697554582375566,0.4390530099253364,-0.483162966769057,-0.3538554030154845,-0.158379465341568,-0.1037948057055473,-0.0474622324109077,-0.0637882892996072,-0.128149994572997,0.1029086223432794,0.1498596519231796,0.0443962961435318,-0.0524903944874182,-0.2950259745121002,-0.0062244537306192,-0.0352346986658056
91,0.001653,-0.007192,0.053874,-0.100622,0.013158,-0.6935,0.713274,1.568436480680108,0.5230366166323424,-0.03873144332394,3.536600301449001,9.053172642621398,1.3049648463390766,0.3409635424613952,1.4545007944107056,0.3192833662033081,0.679752662517166,0.4509530652949799,-0.4796943242102188,-0.3232200143638036,-0.1904961168766021,-0.054360095411539,-0.0280659645795822,0.0940928266704082,0.1129272909998893,0.1111947315862402,0.1344172954559326,0.0198453217744827,-0.1033184726526495,-0.3143095970153808,-0.0015554903802694,-0.236254961716663
92,0.003048,-0.00879,0.061052,-0.092703,-0.004209,-0.697887,0.71017,3.3838054027020927,-0.1951443864375352,-0.9725509009361266,3.224789437483251,9.13000570693314,1.5537435000695288,-0.3675598204135895,2.411905527114868,-1.2296642065048218,0.6946782301276633,0.4700471567498501,-0.4470310951958773,-0.3108714934315004,-0.0814114511013031,-0.0812421515583992,-0.0117572993040084,0.0407359150141477,0.059935705524683,0.1754606848675757,0.0744946971535682,0.0547102503478527,-0.1487961297006346,-0.3308895528316498,-0.062933572166413,-0.1472504802943673
93,0.004771,-0.010627,0.064573,-0.088277,-0.012506,-0.699,0.709542,-0.6693813163265585,1.2101450205683708,0.6399111839532852,2.684700271502137,9.201040898621082,2.0745148021183906,-0.8414838910102844,1.8398512601852417,-0.8867744207382202,0.7125738428512941,0.4810923158924996,-0.4034592449940216,-0.3130644058203573,-0.0219249501824378,-0.0470969080924987,0.0117765218019485,0.0423234764665365,0.0149584996789693,0.1044083959143608,0.0564829334616661,0.0578233897686004,-0.0871787912319414,-0.3048013150691986,0.0840511607307009,-0.1452728326790034
94,0.004738,-0.01178,0.06768,-0.085165,-0.020122,-0.698522,0.710218,-1.5391462349183858,1.104659862267971,1.3876567196816203,2.3096301105469466,9.23140797983408,2.370042785933613,-0.094957023859024,-0.0867494344711303,-0.6883462071418762,0.7201434872763992,0.485309385750674,-0.3789937277908958,-0.3197372708745059,0.1608595103025436,-0.0469950698316097,0.0263665169477462,-0.1321685825645923,-0.2199152550786733,0.0099181674242019,0.0269486065953969,0.0099129443988204,-0.1074341186773963,-0.3374605774879455,0.0812676583588589,-0.2811967491891235
95,0.001122,-0.012892,0.072542,-0.082661,-0.04043,-0.693441,0.714613,2.296652117160708,0.1658142470568418,2.462499535834789,2.052265707039833,9.37044060294926,2.0380013271048663,1.3959840536117554,-1.5452629327774048,-1.4254904985427856,0.7002348366713574,0.4955704816422107,-0.3879442622293114,-0.3370169620525833,-0.0219001825898885,-0.0327048674225807,0.0894831046462059,0.0363286199659109,0.2565115860700607,-0.1598877796173095,-0.0033517079427838,0.0611562468111515,-0.1797085881030186,-0.3479721844196319,-0.0784873799905646,-0.2077765437944792
96,-0.000384,-0.012915,0.07474,-0.081833,-0.048572,-0.691287,0.716287,0.9539949612870812,0.367352133923769,-0.140660516577959,1.4607067583233118,9.596118074816465,1.396868054010719,1.203518033027649,-0.7962269186973572,-1.9429079294204712,0.6631865445836997,0.5207751960827486,-0.3969543384492482,-0.3624970194054006,-0.1957329511642456,-0.0490868762135505,0.1144841909408569,-0.0186176067084074,0.1663742190271616,0.0904349252173677,-0.0384821146726608,0.1021438688039779,-0.1077419881833251,-0.3197985291481018,-0.0257362293748417,-0.0171550005096709
97,-0.002087,-0.013658,0.076928,-0.082698,-0.053832,-0.689843,0.717202,-1.4953456716366111,1.972732151597738,0.1219744477432221,0.7935453100033104,9.716956869593265,1.0589653019331395,0.5434083342552185,0.4265204668045044,-1.440735936164856,0.6403997894880785,0.5449975448666668,-0.3859863612859143,-0.3793155295812815,-0.2040798366069793,-0.0233798082917928,0.1284692585468292,0.3392740404307842,0.1859276452809572,-0.1116449230391532,-0.0226248577237129,0.0688405856490135,-0.04456641025485,-0.2469719052314758,0.0337620916628628,-0.0541032365115359
98,-0.004263,-0.014257,0.082837,-0.083051,-0.058516,-0.687818,0.718738,-1.1042649446662516,0.0804383953273296,0.3127816817592829,0.3405145785437897,9.759280930581689,0.9004799364596605,0.3887385725975036,0.6529016494750977,-0.8750529885292053,0.6319381539163957,0.5638205650631299,-0.3690456199429293,-0.3828391663517824,-0.0445311963558197,0.0581016279757022,0.1267216056585312,0.1771358515381813,0.08633096049726,-0.1232206484120339,-0.0507362186908721,0.0781791806221008,-0.1350860774464905,-0.2430756241083145,-0.0312423684934736,-0.1472435116974637
99,-0.005683,-0.014916,0.085241,-0.083147,-0.061353,-0.686755,0.719507,-1.7060865633957087,-0.162826171156764,0.4685610031444579,0.066507307033916,9.77853975780308,0.7390147514577955,0.5734955072402954,-0.371415227651596,-0.4702436327934265,0.6226696461770527,0.5749323180863768,-0.3630062840514563,-0.3872491742615945,-0.3450856804847717,0.0763612762093544,0.1649138778448104,0.0436573554188013,0.3321247531980276,-0.1352863492589444,-0.0193438306450843,0.0623174645006656,-0.0947113330280873,-0.2076648771762848,-0.0400575727945892,-0.0080074806728924
100,-0.006972,-0.015606,0.087938,-0.081905,-0.062026,-0.685929,0.720379,-0.4359944025931879,-0.095769819971919,1.1960294014543291,-0.0262362284859642,9.801564075037836,0.3147119922347366,1.5023281574249268,0.2133844047784805,-0.0118570644408464,0.6089156507730447,0.590664101250393,-0.367518806561237,-0.3811398528848305,-0.0416155681014061,0.0959443002939224,0.1034144312143325,-0.0058516486376523,-0.7488608034938573,0.358758566166833,0.0083160158246755,0.0872043445706367,-0.1357935224629473,-0.2332113981246948,-0.1177584648828487,-0.1413178571086842
101,-0.006366,-0.017745,0.09268,-0.079413,-0.059079,-0.687647,0.719267,2.529796125516296,-0.438362191170454,-0.239157131165266,-0.1165908184761181,9.801486333626508,-0.2960969428095966,1.4385000467300415,0.2207045406103134,-0.5205917358398438,0.5906232261135042,0.613212673131472,-0.3729168270028544,-0.3688733561894984,-0.0396581441164016,0.0615071728825569,0.1319886147975921,-0.2580249132424593,-0.1567652636826038,-0.3175029381275177,0.0088530844077467,0.0777807608246803,-0.0103454848916037,-0.2204568684101104,-0.0302675983273191,0.0676126607601996
102,-0.005313,-0.019431,0.093416,-0.07885,-0.055991,-0.689919,0.717398,1.081453466464579,0.4963794958531856,-0.0842716898798942,-0.3703755003329366,9.769508310085534,-0.7680635896790772,1.0570937395095823,0.9998063445091248,-0.7569304704666138,0.5740533932337211,0.6353235833697635,-0.3681362381050161,-0.3623566915226016,-0.1429701447486877,0.139097198843956,0.1305355280637741,-0.1093137766778469,-0.5749088426887988,0.0700445001501589,0.0426038801670074,0.0411233082413673,-0.0138658798533841,-0.2014075070619583,-0.0229425618020119,0.003885621819779
103,-0.004831,-0.021231,0.094928,-0.077766,-0.058159,-0.691315,0.715999,0.5339967673901468,-1.7860890515238046,-0.216769650529325,-0.8397059534799307,9.64879518751502,-1.5381792895823716,1.08263099193573,-0.2883249223232269,-0.774074375629425,0.5396041652059338,0.6663577849292243,-0.3665959905833523,-0.3611120315685992,0.0136128030717372,0.0390570424497127,0.1190018430352211,-0.1848825201421976,-0.4030366107672453,-0.0962929670631885,0.0996153652667999,0.0019437826704233,-0.1093563280447851,-0.262066125869751,-0.0192569320918293,0.0153410818138567
104,-0.00405,-0.025021,0.098943,-0.073806,-0.068992,-0.694116,0.712738,-0.6148598909355699,-1.3088736903458833,-0.3418132035195827,-1.1637328865487129,9.433597024086115,-2.413165303823352,1.1363887786865234,-0.40571129322052,-0.2017721533775329,0.5002956217893514,0.6943631050927229,-0.3753625779665866,-0.355903297486479,0.0751755014061927,0.0522734597325325,0.2415210455656051,-0.34211657038033,-0.0588233603686094,0.4711749485025182,0.099121518433094,0.0118848187848925,0.0020899317587551,-0.2600840330123901,0.0309091750333318,0.0955454366315156
105,-0.002999,-0.026865,0.098784,-0.072876,-0.071768,-0.695672,0.71104,0.5033860136143863,0.4308803109824657,-1.5157918089464306,-1.239004765958339,9.267133957731724,-2.958971970668435,0.094916708767414,0.3440582156181335,-0.0570403710007667,0.4805460037773897,0.7125441436749027,-0.3783469598793047,-0.3438169846693345,-0.0209864526987075,0.1865505129098892,0.0209208168089389,0.3776443953573704,-0.5041045371472835,-0.0258498595168814,0.1203060075640678,0.0358857959508895,0.0147291501857922,-0.2019692063331604,0.100710025453614,-0.0137038634003081
106,-0.002176,-0.028577,0.100543,-0.070598,-0.075139,-0.696131,0.710473,0.9468202473521232,-0.0436427423715591,-1.1289373944342136,-1.186838890717551,9.271793181714417,-2.9657462871089577,-0.1783954501152038,0.8208723664283752,-0.1091516017913818,0.4858161890700437,0.716710166428159,-0.3708605093496572,-0.3358149421087019,0.4469996690750122,0.1214257925748825,0.0320767313241958,-0.1307680681169033,-0.2834405095279216,0.6016308453977107,0.1289931982755661,-0.002510386519134,-0.0888211790109518,-0.2381809204816818,0.0500268995838705,-0.1159916561397258
107,0.000318,-0.031303,0.101276,-0.065956,-0.084006,-0.6997,0.706408,0.2710847396932542,0.2355412787556648,0.1818675562351941,-1.150804796718806,9.289492504534124,-2.9242759203404187,-0.2131555825471878,0.7657700777053833,-0.1332657933235168,0.4935599949574035,0.720956057480059,-0.3596094370578432,-0.3275699590258547,0.0348504483699798,0.0929505303502082,0.1658093631267547,-0.2999181815981864,0.4090665385812521,-0.0225017546653747,0.1067502126097679,0.0268697440624237,-0.1089405959839001,-0.2409593164920807,0.0616256039735395,-0.1193037763623986
108,0.001114,-0.033062,0.10316,-0.063819,-0.086241,-0.702043,0.704007,0.094064331228286,-0.217099613136053,0.6023243806198239,-1.086909539913386,9.312669966503975,-2.874570809189975,-0.1941859722137451,0.8560384511947632,-0.0368090011179447,0.502004248637118,0.7243368270917423,-0.3491396417749589,-0.3184796617372254,0.06685471534729,0.0612647719681263,0.1687407046556472,0.1855821928441524,0.0415448933094739,0.2092612476605921,0.0956638008356094,0.0292102638632059,-0.1293716727219056,-0.2208180576562881,0.0907215875384863,-0.1148307134684175
109,0.001437,-0.034756,0.104491,-0.064744,-0.090779,-0.703667,0.701727,-0.4506644772522151,-0.1470399884819984,0.2320204111531376,-1.0305980893004685,9.330149509093165,-2.8384079011797905,-0.1428021639585495,0.5140389204025269,-0.0042556808330118,0.5089336483293515,0.7273271589847152,-0.3401672074040101,-0.3102708525259843,0.3307318985462188,5.92580763623e-05,0.0381954796612262,0.2072521728605031,-0.5784861166536808,0.7965747408270836,0.0702849552035331,0.0401380099356174,-0.1970306385755539,-0.2068901062011718,0.0505365935385227,-0.1214688911075703
110,0.00026,-0.036219,0.106209,-0.064019,-0.097606,-0.707741,0.696762,-0.1361146167766302,-0.0827957721084356,0.2538473352968692,-0.9507033723957836,9.334439899763463,-2.852154979242384,0.1383967697620391,0.307085245847702,0.0911018475890159,0.5124417608544161,0.7292684643405603,-0.3370266109042589,-0.3032887096463983,0.381974846124649,0.0125314807519316,-0.0436929948627948,0.1802338175535202,-0.2502770755946636,-0.4023953902542591,0.0615683905780315,0.0229941103607416,-0.1479048160172533,-0.1865893602371215,0.0553374407818773,-0.1538538149490021
111,-0.000553,-0.037516,0.1081,-0.063773,-0.101553,-0.710504,0.693401,-0.2635615776468068,0.1239367607921361,-0.5434171413600445,-0.923214111641422,9.323134077373146,-2.8977988323032853,0.0263000205159187,0.1258260160684585,0.0432129949331283,0.5122508307759733,0.7313111674401616,-0.3360514863420359,-0.2997540361397386,0.5318703055381775,0.1072130352258682,-0.0588672868907451,-0.1509159531325102,-0.2528057172894478,-0.6207084708333015,0.0388112142682075,0.0644204542040824,-0.1563243149820715,-0.1690805554389953,0.0010932637129793,-0.1265224116374738
112,-0.001309,-0.039236,0.109953,-0.062251,-0.107656,-0.712705,0.690353,0.1803420271683484,-0.5299795676380396,-0.2744493938207626,-0.8388971943803131,9.329867769542336,-2.901757799062133,-0.0426077842712402,0.4119380712509155,0.1441139876842498,0.5153271256138321,0.7320383919042214,-0.3347659952668975,-0.2940909315124118,0.3687463998794555,0.0511532798409462,0.024578271433711,-0.3163847477525472,0.5425649084448814,-0.1762994007140398,0.0205394960939884,0.0732288733124733,-0.1681283144191838,-0.1369789689779281,-0.0314436769189662,-0.0303062612537178
113,-0.004401,-0.040368,0.115393,-0.049064,-0.131372,-0.709927,0.690172,0.2354609800610691,-0.2433826399058103,0.3508221471443772,-0.7701162113599479,9.327731342035532,-2.927581976148486,0.1829662919044494,0.2289007306098938,0.0202561486512422,0.5173952029601225,0.7338262932825633,-0.3328124172087155,-0.2881615870629317,0.0534600839018821,0.0324264653027057,0.1197532564401626,0.0525140310913324,1.1417015989392996,-0.3613800737768411,0.012594667263329,0.0946774333715438,-0.1099316437147092,-0.1252835988998413,0.0331103406227077,-0.1023780408642254
114,-0.004109,-0.039968,0.116836,-0.04882,-0.130475,-0.713382,0.686789,-0.0626014906678348,-0.2059568723529577,-0.3118430126696825,-0.7529232306271791,9.297636648023127,-3.02612184535563,0.227177232503891,0.1588101089000702,-0.0003327676095068,0.5147541644438086,0.737396643115063,-0.3324687506697059,-0.2841456857060513,0.3706508278846741,-0.0377512909471988,0.2228648662567138,-0.2531844874739646,0.040724224576354,0.4812713585704565,-0.0106352725997567,0.0591108687222003,-0.1344066803475841,-0.1547707468271255,0.0147701763159246,-0.1563840640789829
115,-0.004724,-0.040186,0.119634,-0.046489,-0.124716,-0.71621,0.685075,-0.0665533700987696,-0.1705886218518018,-0.3914157310783863,-0.7046788396790623,9.280525938746331,-3.0896035529240966,0.1212182715535163,0.1827079355716705,0.1345525085926056,0.5139871629208165,0.7394982737401682,-0.3326683603221289,-0.2798057742128612,0.381195604801178,-0.0637861937284469,0.2941249310970306,0.0982376713901758,0.5261994645774364,0.1669131482094526,-0.0125633850693702,0.0715533047914505,-0.1615350719003006,-0.1368230432271957,-0.042978670705948,-0.0276787942603812
116,-0.005594,-0.041824,0.125456,-0.040665,-0.126797,-0.714996,0.68633,0.4146308216448873,-0.3891051160484552,0.0200689745604991,-0.6567446106586605,9.263811535310746,-3.149739457195997,0.2159265279769897,0.0064983996562659,0.0211839377880096,0.5129629275089918,0.7410906073994556,-0.333731536226178,-0.2761829122291677,0.6652845740318298,-0.0528402291238307,0.3403816819190979,-0.134134914201498,-0.2174620167076587,0.0766226364314556,-0.0096344733610749,0.069034919142723,-0.1086570024027023,-0.1292363107204437,0.003624770364174,-0.1303038481386378
117,-0.006363,-0.042383,0.128366,-0.033919,-0.131331,-0.715735,0.685074,-0.2336211974132805,-0.2014350110143423,-0.36669746940732,-0.6311343685839325,9.236403888425231,-3.2343317573323844,0.1576608717441558,0.2341009378433227,0.1449654102325439,0.5106449809205591,0.743816727090456,-0.3341282751674643,-0.2726475710251702,0.245554432272911,0.086477980017662,0.2039849758148193,0.6714677672117948,-0.5067337166070938,-0.2178594915926456,-0.0259463023394346,0.0646070316433906,-0.1460548590353224,-0.1168666556477546,-0.0265154061869485,-0.0640604938371107
118,-0.006664,-0.043312,0.130527,-0.027936,-0.130597,-0.718349,0.682743,0.5065782337844371,-0.2133551659107208,0.1557169236734509,-0.5071767841994762,9.217349059343338,-3.309628698118031,0.2395129650831222,0.2781060636043548,0.2055630534887313,0.5110847723055699,0.7457384888433408,-0.3355863683317205,-0.2646663738371882,0.2511017918586731,-0.089141346514225,0.2713460922241211,-0.774794286173582,0.1336480074673891,0.0753787007849663,-0.0193444564938545,0.0711174309253692,-0.1738863482229411,-0.113231748342514,0.0173552198064862,-0.0459668653370346
119,-0.00854,-0.04391,0.13477,-0.019998,-0.124431,-0.724314,0.677854,0.0311349968455731,-0.182889885020256,0.5279194202378392,-0.4356052571451291,9.16877645935416,-3.4516885600999,0.4800087809562683,0.0705799534916877,0.0498086400330066,0.5074941440212732,0.7498710613943637,-0.3371654276460998,-0.2578032117908048,0.3079360425472259,-0.0424746721982955,0.3372343778610229,0.1066290676385164,0.2519493927210569,-0.1899042207617312,0.0047100810334086,0.0575486458837986,-0.1905932076728902,-0.1431122720241546,0.0477502416224684,-0.1149488325559068
120,-0.008753,-0.045418,0.136092,-0.022422,-0.121351,-0.727034,0.675421,-0.8766635189991444,0.4802858546644449,0.6061085753336548,-0.4157564281413331,9.109688310569524,-3.6070904264748096,0.4333649575710296,-0.2304349988698959,0.25386443734169,0.5006726424319589,0.7528452060772605,-0.3422492173933575,-0.2557663866606764,-0.3506815135478973,0.0888309925794601,0.2202519029378891,0.6453951683223247,0.2445744800388813,-0.6704407622516155,0.0121203865855932,0.0502514876425266,-0.1061712774010375,-0.1162153854966163,0.1385473238162696,-0.0328988921124022
121,-0.00943,-0.046738,0.137453,-0.023885,-0.121412,-0.728481,0.673798,0.1995391142651438,-0.4913046768069267,-0.805406574319303,-0.3506729844646528,9.05057502734363,-3.7595875113189217,0.4300650954246521,-0.0143990442156791,0.1894498616456985,0.4944180426255946,0.7546455045391288,-0.3495651390430546,-0.2527155549473101,-0.007607796229422,-0.1260965913534164,0.0956246852874755,0.0416349096804857,-0.7180816343486308,0.976015362176299,0.0228792205452919,0.0830331221222877,-0.2274756255966611,-0.1220574527978897,0.0087368589599442,-0.1936727247160859
122,-0.012195,-0.04937,0.139686,-0.017702,-0.132477,-0.722566,0.678259,0.2035571542674675,-0.3867085763007402,-0.8460261694774032,-0.2687995330992154,8.992668781819939,-3.902574717278778,0.2775125503540039,0.2232913970947265,0.1840309351682663,0.4901717693456202,0.757816447430976,-0.3531149582594319,-0.246487057723551,0.24170483648777,-0.0789744108915329,0.1449132561683654,-0.0760036277502775,0.0759399148643016,-0.2496802787452936,-0.0059900097548961,0.1358471810817718,-0.2164270476367324,-0.1054482981562614,-0.0626150123031111,-0.1506737510076258
123,-0.014104,-0.050872,0.140622,-0.011176,-0.137693,-0.714252,0.686119,-0.2424740371609106,-0.0891711523592472,-0.550984361743927,-0.1103714964366983,8.971210398727655,-3.959242360918224,0.0111324107274413,0.3334328532218933,0.4238039553165436,0.4916836132611188,0.7588326974795249,-0.3550184801760432,-0.2374491107538074,-0.1404428035020828,0.0357899852097034,0.2328619062900543,-0.2145300549089908,0.5066115515321493,-0.6246797856170684,-0.0360930450260639,0.1592159420251846,-0.1397732580151874,-0.0800358727574348,-0.020553111665498,-0.0536478528602747
124,-0.016107,-0.052177,0.141614,-0.005697,-0.138089,-0.704589,0.696027,0.1488458505938761,0.143370360058546,0.5172422511398792,0.1460897385524585,8.977041589099167,-3.9448412028610704,0.005894970614463,0.531589150428772,0.6269105672836304,0.4976544066487376,0.7564908407529949,-0.3589603597604101,-0.2262944796878929,-0.0437759235501289,-0.0396467708051204,0.396912157535553,0.0085801968187093,0.8045330063551663,0.2743793242592364,-0.0448528341948986,0.141554594039917,-0.0597069291369523,-0.0744717344641685,0.0403050995485624,-0.0222918108422774
125,-0.0172,-0.056344,0.141305,-0.018603,-0.150859,-0.694425,0.703328,-0.4128567977096885,-0.4123521361231804,0.2053884248152375,0.795480077458173,8.885730502101778,-4.072023813706636,0.3268491923809051,0.2078253179788589,0.969174325466156,0.5031433454054428,0.7521391747259495,-0.3766989508480505,-0.1980688939923949,-0.3840202987194061,0.0048335599713027,0.1083179116249084,0.6794967598885298,-0.4004179527014493,0.080704352787137,-0.0560250468552112,0.134060263633728,-0.1242930451502092,-0.1782368421554565,-0.0040898534255422,-0.09002955928687
126,-0.018745,-0.058891,0.141897,-0.01884,-0.153697,-0.685242,0.711664,-0.8681855404458939,-0.3815922562003135,-0.6758885062634945,1.2811854729533194,8.784940808141231,-4.165785508726537,0.1844214797019958,0.5173817873001099,1.4693224430084229,0.5056420912881298,0.7468891101258287,-0.3931317856896682,-0.1786901111661559,-0.1521271616220474,0.0160855762660503,-0.0060643935576081,0.2650198866963386,-0.1311474228233098,0.1085602914294227,-0.0786837115883827,0.1690328419208526,-0.2304767984403297,-0.2091670632362365,-0.1173124838141724,-0.1461104342806153
127,-0.020306,-0.060695,0.143627,-0.009427,-0.150844,-0.680069,0.7174,-0.3614320962250232,-0.1135182426303625,-0.562235823598504,2.0159753732576964,8.674287307292223,-4.106457705967128,-0.1625924110412597,1.1954349279403689,2.01700758934021,0.5178644340555486,0.7350759272366245,-0.4111380028658957,-0.1498180076188741,-0.1870830059051513,0.087874062359333,-0.008564569056034,0.0621142186075448,-0.2167418857395648,-0.1712333494961261,-0.1021980121731758,0.1691059023141861,-0.1436333492431324,-0.2096183896064758,-0.0362343475448899,-0.1128046144682913
128,-0.021385,-0.062435,0.146746,0.003477,-0.149167,-0.688006,0.710201,1.820325959907472,-0.0826928962558507,-0.7787310411006212,2.914806665727496,8.536470489707588,-3.8474654089972375,-0.5135178565979004,1.487427830696106,1.6185104846954346,0.5393180293695048,0.7168623426085644,-0.4269361980814498,-0.1138860335946001,-0.0096230106428265,0.0052070952951908,0.1521380841732025,-0.5197054263830184,0.2443482700675726,0.7502332608908414,-0.1081617176532745,0.1514459699392318,-0.0761582611895631,-0.1975910365581512,-0.0278042655372642,-0.1054887567632831
129,-0.021605,-0.064409,0.147466,0.004886,-0.149008,-0.694104,0.704267,-0.0219902980118989,-0.5934346794605255,0.3998959746539592,3.567054476423561,8.429357437944411,-3.5202886335954067,-0.3012748956680298,0.9364224076271056,1.2580502033233645,0.5592140548111739,0.6997507278255072,-0.4356990740037109,-0.0882884153344341,0.3060675859451294,-0.0397746562957763,0.2685762941837311,-0.5938070199042559,-0.216297649103403,-0.3703203360795974,-0.0947005078196525,0.0780148804187774,-0.0642183649796759,-0.1839212477207183,0.0191148727230378,-0.0690931222760351
130,-0.02193,-0.066596,0.147776,0.004175,-0.144816,-0.697991,0.701298,0.2431628596752882,-0.0925923589795827,1.1457824385121465,4.031533982408046,8.245446393182874,-3.4539421842455864,0.3343056738376617,0.166217491030693,1.099478840827942,0.5646567732740513,0.6877465544060393,-0.4506736251040312,-0.0711379629261725,-0.1299712508916854,0.0449386872351169,0.2974378764629364,0.0743301415801048,0.2420043372899293,-0.7317553549140692,-0.0729570910334587,0.0579201355576515,-0.1109226823123637,-0.1874211579561233,0.0045950784135202,-0.0854523144992068
131,-0.023014,-0.070924,0.147935,0.003301,-0.140717,-0.69993,0.700205,0.431788073477149,0.2346446221768856,1.0930252463147043,4.415872030185163,7.981658094108104,-3.6005031570389865,0.7036323547363281,0.274869829416275,1.064518928527832,0.5598854784584992,0.681391405738277,-0.4682737762609572,-0.0543488918392467,-0.1480799466371536,0.0597465597093105,0.1983396112918853,0.3628653438985347,-0.0432423448771238,-0.2996738514482975,-0.0493711158633232,0.000581064610742,-0.1260071007927879,-0.1999730616807937,0.092145190600818,-0.0472110886778915
132,-0.024396,-0.073194,0.151146,0.010328,-0.13749,-0.6987,0.702003,0.5032853297188877,0.1321732587397098,-0.322616043357551,4.787901508270203,7.714076247969269,-3.706676005342602,0.4517279267311096,0.7418094277381897,0.9625778794288636,0.5565556382318643,0.6759843972387224,-0.4816980206235178,-0.0354693141673812,-0.0848684981465339,0.0189933739602565,0.070511870086193,0.115529582452774,-0.4838303954035043,-0.0032400413671508,-0.0137036480009555,-0.049830138683319,-0.1446960648375097,-0.2153922021389007,0.0655096834318479,-0.0823415986001491
133,-0.025601,-0.073558,0.153445,0.017829,-0.132567,-0.696177,0.705298,0.1284691435247659,0.1298445235311985,-0.7049643786221742,5.17363890145123,7.504515213644504,-3.6174668590605257,0.1455207467079162,0.8384436368942261,0.7599840760231018,0.5615507091803493,0.6684600331719177,-0.4874429933701339,-0.0148726618809774,0.0571245923638343,-0.0534427426755428,-0.0150341195985674,-0.1282493632942438,-0.5512976654767989,-0.052971711730957,-0.0076494314707815,-0.0589744597673416,-0.0952024958122055,-0.2026636898517608,0.1338203592264559,-0.1160819099727552
134,-0.024794,-0.073747,0.156533,0.028723,-0.125417,-0.694555,0.707841,0.3768979609042406,0.0541091913282871,0.0863642782449722,5.4552276456326245,7.356393859666586,-3.50633200443536,0.1435831785202026,0.5618292689323425,0.5001468062400818,0.5667676464359049,0.6607697066325429,-0.4920940668152513,-0.0011559159284827,0.498495876789093,-0.0288379043340683,0.0038524195551872,-0.0569569819748401,-0.3463806575655937,-0.2204951007932424,0.0062136035412549,-0.0829753801226615,-0.1753168011511676,-0.1596677005290985,0.0555894290818367,-0.0141484756374498
135,-0.023798,-0.075286,0.156403,0.026953,-0.127368,-0.696998,0.705156,-0.2677934430629015,-0.1037204867154359,0.2772857862904668,5.661032542294263,7.2168953726053235,-3.469805231548845,0.2775554656982422,0.3326526880264282,0.5271930694580078,0.5683476323428471,0.6547674893176408,-0.4981870752395223,0.0083829770837356,0.3416886925697326,-0.084652379155159,0.1670836806297302,-0.4343383424818515,0.4236141193717718,-0.1188210252135992,0.0357446148991584,-0.092054545879364,-0.1424023370102979,-0.1529640555381775,0.1050429309582337,-0.1239782344468403
136,-0.022558,-0.078073,0.155469,0.022146,-0.133644,-0.701363,0.699813,-1.2321481780618428,-0.2253326039522886,-0.9902812034159898,5.90113952153027,7.045663192152976,-3.4213337538465853,-0.0040554595179855,0.5528011918067932,0.7947355508804321,0.5702208123158279,0.6478723412980945,-0.5046790110714116,0.0202137094895718,0.0694212093949318,-0.0776299983263015,0.2092863321304321,-0.0139472768098115,0.3939028717190027,-0.3293400909155607,0.055571362376213,-0.0983955338597297,-0.1921795087499544,-0.1219954267144203,0.0947330882021691,-0.079237851297995
137,-0.022596,-0.088089,0.156029,0.008663,-0.142027,-0.704628,0.695164,-0.2804512645840644,-0.1843336540877819,-0.3841629834711551,6.247250714504719,6.836174054020643,-3.2262931200444696,-0.2064756900072097,0.7851640582084656,1.0143550634384155,0.5782122715955906,0.6332393158916794,-0.5133255672768616,0.0342840412720508,-0.1185721307992935,-0.109663188457489,0.1303793340921402,0.3257429432064294,-0.4590981052070856,-0.0770025756597518,0.0553334020078182,-0.066310629248619,-0.1971864501917734,-0.1213093101978302,0.0592852331261616,-0.1175763041158206
138,-0.021214,-0.089624,0.158327,0.009782,-0.138952,-0.70789,0.692451,0.1793231324493885,0.1429027425467968,-0.3487660913974046,6.641160015964507,6.599769436433911,-2.9169261420994994,-0.3838965594768524,0.9009246230125428,1.0247048139572144,0.5905181051349617,0.6145006503198072,-0.52068300126887,0.0506626003480793,0.2694650888442993,-0.1058319136500358,-0.0365199670195579,0.2532183897435665,-1.054672134783864,0.05522617612686,0.0555314533412456,-0.0419233776628971,-0.1324725704798474,-0.1107764467597007,0.0544279886536067,-0.0569460404557175
139,-0.020553,-0.090847,0.161721,0.019029,-0.133585,-0.709388,0.691781,1.576045786640048,0.4740466680139303,0.1414040284216403,7.049664244487881,6.398658835068344,-2.351552020475268,-0.1587192267179489,0.6526229977607727,-0.1256462186574936,0.6129511596912679,0.588782070186695,-0.5227154699085984,0.0662958090765052,0.363964170217514,-0.1328744441270828,-0.0677307546138763,0.1989806035995483,-0.2089116305053234,0.3061772419929504,0.0942998304963111,-0.0690161883831024,-0.0762779100804356,-0.0980313569307327,0.0850823212761897,0.041338009093143
140,-0.020808,-0.093157,0.170113,0.042947,-0.113395,-0.709708,0.693983,-0.0201660051941871,0.324391528597474,-0.2734896088778972,7.040563823187351,6.49130204745233,-2.11278096601814,-0.1394278854131698,0.5528887510299683,-0.2961816489696502,0.6228017763111786,0.5861297012621581,-0.5139784283646792,0.066303032293369,0.8543378710746765,-0.1545308977365493,-0.0278076380491256,0.1772889962732791,-0.6398392877608537,-0.068919880034402,0.1038941293954849,-0.066611923277378,-0.0525901148351142,-0.0903781726956367,0.0835312924419064,-0.0249123092387104
141,-0.022277,-0.096482,0.174858,0.056194,-0.101524,-0.707915,0.6967,-0.700783293545246,-0.2162853741437196,-0.5932242515802383,7.050206096279621,6.530842615202069,-1.952710377179831,-0.1870812475681305,0.3054409325122833,0.0316577292978763,0.6294718478747086,0.5816369775296888,-0.5111349639215413,0.0648435532429521,0.57882159948349,-0.1002685204148292,-0.1993494927883148,0.2938514289051294,-0.1970528504073619,-0.0150783266663551,0.0877208709716796,-0.0729039534926414,-0.100285479898611,-0.0686245709657669,0.0404962336399126,-0.0243457750968635
142,-0.022866,-0.098407,0.178479,0.065074,-0.096363,-0.705419,0.699187,0.081291797286272,-0.5745236427634954,0.1088603338219225,7.078268407681584,6.550301348909735,-1.778216856843978,-0.285292387008667,0.5317688584327698,0.0154392132535576,0.6366680203037565,0.5751404403569571,-0.509781625025826,0.0631664885714502,1.485689997673035,-0.0672704055905342,-0.2942841947078705,0.2672790637999773,-1.4092501273304223,0.3491879700712859,0.0705818980932235,-0.0329243019223213,-0.1086769309458788,-0.0482340082526207,0.0267556104342802,0.0062005305739818
143,-0.022747,-0.105327,0.181661,0.065296,-0.091849,-0.707041,0.698135,0.0491296493500471,-0.2889092963278293,0.0670483140088617,7.146193942916393,6.539869971266389,-1.5272123437575995,-0.252434641122818,0.6914342641830444,0.1294118165969848,0.6464347926483319,0.5669218166419913,-0.5064245368846471,0.0652366069427469,1.881683111190796,-0.0190774723887443,-0.3118532001972198,-0.1627151119977235,-0.7147551202744246,-0.8006739928394555,0.0593789219856262,-0.0023299988824874,-0.1028908583577256,-0.0428039543330669,0.0184602675720932,0.0250760347333271
144,-0.021674,-0.107411,0.182764,0.060668,-0.091622,-0.712604,0.692907,0.0585007042855024,0.0808791248321533,0.1335726041436195,7.207751696684956,6.522029778671264,-1.2968553357720374,-0.1661816239356994,0.3725420534610748,0.1116189509630203,0.6551952887982346,0.5595842585050451,-0.5029778122444382,0.0678081439626641,1.1916911602020264,-0.0646103844046592,-0.2021678537130355,-0.3711526952505111,0.9690501993387935,-0.8288006016492843,0.0556570515036582,-0.0125318868085742,-0.0804215994561556,-0.0618491880595684,0.1274019161520525,-0.0068186795969901
145,-0.020629,-0.109171,0.183743,0.053704,-0.092039,-0.717501,0.688358,0.3693149584293365,-0.3354430839657783,0.409989790906012,7.238409285277128,6.494675323277711,-1.2629242784671484,0.0994022935628891,-0.017743207514286,0.0239445324987173,0.6566112638275393,0.5557810327576909,-0.5054687508502966,0.0668602945710051,1.1757185459136963,0.0411673299968242,-0.0873501896858215,-0.0590174216359853,-0.0959814168959855,-0.7729273232579231,0.0669544786214828,-0.021740797907114,-0.1669534071546047,-0.1110009104013443,0.0288265007074922,-0.0479096745344577
146,-0.020535,-0.114616,0.183468,0.04526,-0.08927,-0.717381,0.689454,0.134241297185421,0.4824123452991247,-0.8920411939382552,7.252170684126019,6.484565432673692,-1.2356556016609073,0.0289266556501388,0.2951069176197052,0.0490630306303501,0.6576837966427962,0.5540359987680346,-0.5060089059576276,0.0667175596138789,0.630462110042572,0.0509003363549709,-0.0450274385511875,-0.1638140131503343,1.0523363853126764,-0.651689007769525,0.0699102133512497,0.0265530832111835,-0.2373255866228602,-0.1388500034809112,-0.0072731111168919,-0.1345229271383956
147,-0.021487,-0.11445,0.18146,0.043029,-0.096331,-0.712252,0.693949,-0.0909895999580621,0.2417868951469659,-0.0746199913721531,7.293197106519341,6.455243476599454,-1.14432807498537,0.0198643337935209,0.2395335435867309,0.1048734858632087,0.660960516529776,0.5508045244956916,-0.5049345221324485,0.069185652535588,0.1732333600521087,0.011235799640417,0.107213094830513,-0.5376087473422289,0.5057248318254948,-0.4537359936520457,0.0830381289124488,-0.0124115077778697,-0.1219993081898428,-0.119141399860382,0.03544339581331,-0.1316661951335612
148,-0.022111,-0.114853,0.180497,0.039559,-0.102198,-0.709553,0.696079,-0.0021978023052215,0.469753939256072,0.0176654205501079,7.324115976396203,6.421955539503693,-1.1341117283321915,-0.0936360210180282,-0.1079648733139038,0.2131893634796142,0.6615679470526716,0.5465655241935911,-0.5090085800359037,0.0671140407003838,-0.5286669731140137,0.1298326551914215,0.2593050301074981,-0.0460246690720319,1.302500063660741,-0.5606418324053287,0.1159153804183006,-0.0011067140148952,-0.2216097475042566,-0.0637213811278343,-0.0661833860089071,-0.0486152289879275
149,-0.022614,-0.117383,0.181035,0.031842,-0.105777,-0.708291,0.697224,6.318495749551057,0.6084878716856241,-0.6654945380210876,7.348205877035856,6.402034448981285,-1.0900542676799,-0.2979250848293304,0.1058777570724487,-0.3495672643184662,0.6635390727488376,0.5415790211057496,-0.5121225107533791,0.0643321274716848,-1.2190566062927246,0.1086506620049476,0.4748973548412323,-0.5989543196648359,0.7775655044525861,0.0779348880738019,0.1098090484738349,0.0109366588294506,-0.2019378642362542,-0.0563606023788452,-0.074667013418232,-0.1701297173694707
150,-0.022647,-0.116402,0.178345,0.030383,-0.110767,-0.706768,0.698059,0.2216103685587644,-0.0215501530289649,-0.2415301439069211,7.265507135561108,6.518814323756098,-0.9422526471756398,-0.233963280916214,0.3405385315418243,-0.2993066608905792,0.6698475141724572,0.5394186118910363,-0.5070197995049661,0.0571204078137781,-1.637655258178711,0.0731194093823432,0.5312782526016235,-0.1219517244547605,1.2086930681943893,0.0577034164279699,0.0713610127568245,0.0348186120390892,-0.2400151179677806,-0.0356011725962162,-0.1508197444827295,-0.0947458198195789
151,-0.022967,-0.11845,0.178102,0.024772,-0.117234,-0.705741,0.698263,-0.0919458777695894,-0.1068120229899883,0.0729671095985919,7.208260815250873,6.601233079245686,-0.796914201914519,-0.2117154896259308,0.2004458308219909,-0.2483217418193817,0.6757642490256366,0.536776467810121,-0.5024961089513598,0.0520703168964986,-2.08435583114624,0.129606544971466,0.4870381355285644,0.3270373669311404,-0.1770008269816637,-0.2337720771260559,0.0731001049280166,0.0556341782212257,-0.1696429384995252,-0.0298657119274139,-0.1147201292334124,-0.0081325666448188
152,-0.02291,-0.121192,0.175527,0.008524,-0.132007,-0.706482,0.695258,0.1130354275494813,-0.2540899118810892,-0.2474877371370792,7.136158871114254,6.687608463406562,-0.7221647389438003,-0.274241030216217,0.0228157732635736,-0.236980989575386,0.6791179582047672,0.5348798755698113,-0.5007231487662535,0.0444824224503891,-1.2256231307983398,0.0930962041020393,0.3383136391639709,-0.0922825623780489,-1.1780454164743424,-0.3146083857297897,0.0757633447647094,0.0581554099917411,-0.0941160796818323,-0.0245260279625654,-0.1155556850084103,-0.0267927344241412
153,-0.022774,-0.123234,0.176308,0.003412,-0.134637,-0.70775,0.693506,0.2299982576757669,0.091377722492814,-0.3677987086474895,7.092966795119643,6.759180830711126,-0.4167507729409262,-0.4486290216445923,0.4419869780540466,0.0019418189767748,0.6910000293219835,0.5243321204239095,-0.4963105924383085,0.0356453902373837,-0.6590657830238342,0.0815707370638847,0.3699471354484558,-0.3277066444948315,-0.0815782130122184,0.4394675220638513,0.0567034967243671,0.0786662027239799,-0.0693013490660814,-0.0339915044605731,-0.074209255146794,0.0226430080332793
154,-0.022593,-0.125457,0.1773,-0.000964,-0.136292,-0.709234,0.691672,0.8665583776354789,-0.4377162944823503,0.8111515477120875,7.090870115101337,6.771577370947599,-0.1889584278116002,-0.2408087253570556,0.3992091119289398,-0.0623486042022705,0.6994307466895336,0.5175897482104155,-0.4916655885674252,0.0340959852681584,-0.5006308555603027,-0.0020862910896539,0.2791152000427246,0.1694762766957283,-0.0495031588375568,0.5192636008996516,0.0475769788026809,0.0677704215049743,-0.0902279405363369,-0.033582154661417,-0.0593708975490415,0.0355789295431924
155,-0.022595,-0.125519,0.179634,-0.002147,-0.135899,-0.709438,0.691537,-0.7927648271501064,0.1563771411478519,1.3853180476009843,7.135603575319052,6.72440879253745,-0.1894141904887743,0.5137284994125366,-0.3947432041168213,0.3111219704151153,0.6991915441625469,0.5173610714450192,-0.4919298299911519,0.0383897144616901,0.0112894615158438,0.0329655930399894,0.2369162291288375,0.272322610925138,-0.3376549147963523,0.7475052972316741,0.0444736666977405,0.1007859781384468,-0.1053965119025669,-0.0440512225031852,-0.0933314412433188,0.0641754574197111
156,-0.021263,-0.124932,0.179954,-0.001983,-0.134021,-0.710599,0.690712,-0.2320434997677803,0.1028209075272083,-0.0965337535491213,7.167596211907267,6.670974139469862,-0.542269834488444,0.3906713724136352,-0.2394119948148727,0.1433468461036682,0.6863820547149637,0.5213927199543119,-0.5057644693673382,0.0350945623241247,0.2963654100894928,-0.0995965525507927,0.2594019770622253,-0.067846917040646,-0.1009405006080865,0.9600549189131706,0.0535708144307136,0.0561416819691658,0.0541327822664286,-0.0603715293109416,0.0402487068859394,0.0059535181307728
157,-0.020501,-0.124679,0.1813,0.000942,-0.131234,-0.712516,0.689274,0.2655541397035121,0.4085287784427404,-1.3309972593486308,7.188044541174173,6.648230392742157,-0.5508445879470557,-0.1696491241455078,0.1390750855207443,0.0305540021508932,0.6860153005668247,0.5207250360831627,-0.5068833145267331,0.0360239272347556,-0.0916710123419761,-0.0397163331508636,0.1204610615968704,0.5945286121770739,0.1365261932522058,-0.7219079146385192,0.0582746639847755,0.0458058454096317,-0.0378933736481587,-0.0535509474575519,-0.0443978076557163,0.0747062174840364
158,-0.019881,-0.125499,0.18481,0.008012,-0.122343,-0.717217,0.68598,0.4540992740064859,0.0339648134440183,-0.2726326632549986,7.188191840690374,6.658277154982089,-0.4094155712146312,-0.3352333903312683,0.2639310956001282,-0.0926244258880615,0.6914072018875376,0.5150441918824927,-0.5055728089155742,0.0328886353361474,0.8183302879333496,0.0762312561273574,-0.0542977675795555,0.9922405207902192,-1.3210539574831723,0.2725367651324719,0.046385508030653,0.0626095756888389,-0.0491819275265559,-0.0484112277626991,-0.0858079504033084,0.0259551282559521
159,-0.018383,-0.127544,0.183277,0.008773,-0.122682,-0.71417,0.689082,1.22819973269701,0.3779249658644199,-0.4002046022117138,7.14806441296339,6.707564625242352,-0.290073298605904,-0.1920061856508255,0.0053840260952711,-0.0932509675621986,0.6962038857972789,0.5076770806470495,-0.5070045406845667,0.0225957070205046,-0.2696266174316406,0.0817299932241439,0.1732839196920395,-0.6931430079251527,0.9327589887738228,0.356051499165222,0.0569438636302948,-0.0097526414319872,0.1090528059204108,-0.0523727908730506,0.1003886023463681,0.1321633766665123
160,-0.020171,-0.128853,0.182828,0.005133,-0.126313,-0.704925,0.697925,-0.1683072329163551,0.3881955999881029,-0.7056301490545273,7.142018118536472,6.7186921684563154,-0.1453586203994695,-0.4364919066429138,0.3179328739643097,0.045722097158432,0.7016188523872405,0.5011406386342436,-0.5062304685656587,0.0178806793798227,-0.173136830329895,0.0498454049229621,0.1796048730611801,0.1717173336207866,-0.2736252179563045,0.1367874745368957,0.0559545084834098,-0.0183653756976127,-0.0956743145750369,-0.0613863728940486,-0.0280692822821554,0.0121331469097989
161,-0.020174,-0.132853,0.187247,0.01667,-0.114706,-0.695423,0.709191,0.340598567032814,-0.0186702136784791,-0.8219728014558553,7.156394434413313,6.704626818224788,0.0660039606216596,-0.5897039175033569,0.2005010247230529,0.0173341482877731,0.7093653081578488,0.4910777557671548,-0.5054476950395146,0.0128849732329038,0.1045770645141601,-0.0381696745753288,0.1201710402965545,-0.038728666844964,-0.4205231676191091,0.1530763460367918,0.0269075613468885,0.0079562366008758,-0.0314079777012113,-0.0736151784658432,-0.029811445207789,-0.0520632048841798
162,-0.022132,-0.134224,0.189216,0.02542,-0.111553,-0.687356,0.717253,-0.0637052871912717,0.129832248571515,-1.0572335097044705,7.148895603090525,6.7032187049925325,0.3612685762263834,-0.8234182596206665,0.5168269276618958,0.0165205895900726,0.7199861192015844,0.4790695535873887,-0.5020685133847752,0.0062827679055214,-0.0415170267224311,-0.0332217365503311,0.0355319157242774,0.0438508321642875,0.2427057635575532,-0.7401759772568941,0.0238271318376064,0.0435944236814975,-0.1590337748701684,-0.0510425455868244,-0.1193225175954867,0.0497590789605397
163,-0.023346,-0.135969,0.191075,0.028216,-0.105726,-0.683828,0.721391,-0.0846434458017349,-0.2897679589837789,-0.476510354713723,7.122997776246071,6.690367406725883,0.8199283630814402,-0.9889740347862244,0.9612264037132264,-0.0627186447381973,0.7360738958699117,0.4634145792204384,-0.4933986382345369,-1.30106022879e-05,0.0627380087971687,-0.0371753573417663,-0.0207464657723903,0.0307601721838116,0.299788417738676,-0.0393055899500846,0.0198787432163953,0.0667887479066848,-0.1335477619633078,-0.0528808198869228,-0.095597934003733,-0.0496650166020728
164,-0.020531,-0.143045,0.195396,0.040203,-0.101994,-0.685467,0.719803,-0.3665922554671764,-0.0835509743899106,1.4533378369905054,7.066915823540091,6.670300185731053,1.317651163302362,-0.5921485424041748,0.7590944766998291,-0.0205960199236869,0.7531065461403161,0.4493590085141729,-0.4805153146032691,-0.00348676603507,-0.0563625544309616,-0.1590000540018081,0.1443575471639633,-0.3593105740264058,0.3197738056689501,-0.1134844864912331,-0.0124213937669992,0.0506499707698822,-0.0500969417459331,-0.0377233400940895,-0.0564469546600477,-0.0871937148064374
165,-0.01846,-0.145789,0.194393,0.048505,-0.099498,-0.684961,0.720122,0.4377618871897459,0.0175321495592594,0.5900454754136503,7.043070837572216,6.649570701435208,1.5325633493967354,-0.2573806941509247,0.1108028590679168,-0.0040498562157154,0.7603062762440592,0.4405416416127329,-0.4772673015871254,-0.0085636887185818,-0.1901483088731765,-0.0727335140109062,0.1347256749868393,-0.1011693409278988,0.2742068172365426,0.2484561437778174,-0.024768553674221,0.0487617291510105,-0.0528300930368714,-0.0371031090617179,-0.0292307227103854,-0.030664422475046
166,-0.017634,-0.146655,0.193525,0.050459,-0.101808,-0.683564,0.720991,0.3084194679617881,0.015798457634449,0.1509141995668411,6.9979352262943975,6.673002430427074,1.6341127756834029,-0.0396392531692981,-0.0879862159490585,-0.0752983018755912,0.763505590683535,0.4334691153296116,-0.4783178435059292,-0.0193853248656802,-0.2483628690242767,-0.1246845349669456,0.0741482228040695,-0.0371405208706855,-0.0265630127549171,-0.0325817615877836,0.0177582986652851,0.0554995872080326,-0.1332361204645596,-0.0372055657207965,-0.1130952131790108,-0.0574501905855722
167,-0.01627,-0.148177,0.190359,0.035032,-0.1122,-0.68388,0.720064,0.074532970675826,-0.1412596515148878,-0.7083942069403827,6.971752737289667,6.679375472590327,1.717849628034234,-0.4793170094490051,0.398313045501709,-0.0895435065031051,0.7660820785449017,0.4279513758364914,-0.4788232036404405,-0.0265390287820442,-0.2958515584468841,-0.2722700536251068,0.1166326999664306,-0.4448211580514907,0.1456838976979255,0.8038988001048565,-0.0041831736452877,0.0512070730328559,-0.2243790843534283,-0.0442385226488113,-0.1431050967184826,-0.1350201086713466
168,-0.014015,-0.145555,0.185254,0.027825,-0.112146,-0.686557,0.717836,-0.1605243239551782,-0.0942775355875492,-0.6831918150141835,6.927136765971779,6.647955667454004,1.997458304314316,-0.7700312733650208,0.462653636932373,-0.0566626377403736,0.7750764723100265,0.4170661353713185,-0.4735122025953988,-0.0331422214519989,-0.2841158211231231,-0.3747930228710174,0.1682221889495849,-0.1158411326199769,0.1209989537745714,0.5562625944077968,0.0026941266842186,0.0254943575710058,-0.186038156450726,-0.0348135195672512,-0.1018223888759966,-0.0848997129845898
169,-0.012377,-0.146043,0.183766,0.021342,-0.110309,-0.691114,0.713959,0.4687485616058111,0.0947714565843343,0.9732657712072134,6.858406344094872,6.558714956989884,2.4730378809839486,-0.184132769703865,0.024788599461317,-0.0305830650031566,0.7901657845342228,0.3988190470580886,-0.4635229526846461,-0.0415691323081507,0.5316095948219299,-0.5150932669639587,0.3529155254364013,-0.4204223375931382,-0.1040133321821689,0.1080500768849626,0.0678275302052497,0.000158680952154,-0.1003696327844168,0.0161035675555467,-0.0810144233833067,-0.0339904730416601
170,-0.010167,-0.144544,0.17933,0.010747,-0.121691,-0.697443,0.706151,0.4607686687678098,0.0091395842671394,0.7645999321565031,6.858904941266775,6.576411941722035,2.42417725783363,0.2371614426374435,-0.2393258363008499,-0.0740019306540489,0.7884636014426655,0.3993524512539457,-0.4657456117198192,-0.0438626042380918,0.5652293562889099,-0.3665765523910522,0.4731821119785309,0.0772290778920054,0.187537418565154,-0.1136451569456607,0.0827368646860122,0.0062941000796854,-0.1610956575697288,0.0179152749478817,-0.1097281478987075,-0.042571459878236
171,-0.008967,-0.14574,0.176957,0.002945,-0.131984,-0.699857,0.701977,-0.1320832423686981,0.0853168150186538,-0.7674674504168331,6.8535045435279605,6.644783467158675,2.246485379847884,-0.0488701201975345,-0.1001166552305221,-0.0059099034406244,0.7824890549020885,0.4044099494211495,-0.4710771859528441,-0.0474302426811559,1.3816003799438477,-0.1142579466104507,0.4054957926273346,0.6618982670947909,-0.7137193474858999,-0.2697575096774846,0.0241378042846918,-0.0084617380052804,-0.1161415677381213,0.0426790788769722,-0.1031112413764465,-0.1263279759107623
172,-0.009481,-0.143932,0.174251,-3.4e-05,-0.136054,-0.700529,0.700535,-0.0218248783171176,-0.117124158167839,-0.3424333812445402,6.855774242025613,6.626958472132682,2.2917625915534794,-0.1602121144533157,0.1514846533536911,0.0298647582530975,0.7838759809763137,0.4016923225119001,-0.4709521234807748,-0.0488455006150483,2.1561434268951416,0.0053720511496067,0.2946159243583679,0.5662023891419172,-0.9676105219244956,-0.3496465274937451,-0.0126999076455831,0.0109164463356137,-0.1068631503890268,0.0633330717682838,-0.1592351791937835,-0.0469403271788032
173,-0.009905,-0.142359,0.173567,0.001203,-0.135984,-0.70142,0.699655,0.2360585806280374,0.0671054510235786,0.3752412797383964,6.849879923290014,6.617056086799502,2.337538400430977,-0.0071886582300066,0.0492911301553249,-0.007284456398338,0.7853339793525176,0.4000937121997855,-0.4698337308305781,-0.0493127370042825,0.2159139811992645,-0.0728731155395507,0.0892485454678535,0.415745285692811,1.1392471915245057,-0.5697784940630197,0.0021018837578594,-0.0341396406292915,0.0513154780896846,0.079367771744728,-0.0540457250374835,0.0528381165131228
174,-0.011294,-0.141395,0.173615,0.004275,-0.133753,-0.70189,0.699601,0.0850058493733406,0.1147317100733518,0.1782661707423627,6.858178380557894,6.619259149801731,2.306765368765592,0.103589542210102,-0.0693924501538276,0.0330387689173221,0.7843573524133053,0.4008929115225599,-0.4708211698241658,-0.0489463756088446,-1.682514786720276,-0.0973038896918296,-0.0767305716872215,0.3361027169182896,0.746904993250966,-0.1068337964303791,0.023547850549221,-0.0484008975327014,-0.0045594140159169,0.0754050463438034,-0.038562941189506,0.0864881694861222
175,-0.012056,-0.140926,0.173527,0.005864,-0.135258,-0.703533,0.697648,0.4643371749043464,-0.0147194302260875,-0.0347143166370689,6.870897576877474,6.620470863679051,2.265062946806848,0.1148227080702781,-0.0124449776485562,-0.0954098999500274,0.7830443976716838,0.4019844032388693,-0.4721466617765424,-0.0482444202764726,-2.2446391582489014,-0.2640713155269623,-0.3302222192287445,0.0017220014870166,0.3818669814884662,1.348617671713233,0.0378924049437046,-0.0598871707916259,-0.0119598224697751,0.0615290850400924,-0.0237883010443067,0.1001087442253716
176,-0.012213,-0.141304,0.171283,0.000456,-0.143821,-0.70594,0.693516,-0.0998322471052408,0.0538052399456501,-0.0704917324610054,6.816914057755469,6.679885760200024,2.2537042251855133,0.1079532727599144,-0.0520827807486057,-0.1529200077056884,0.7825894811672187,0.405415969558156,-0.4698201309520057,-0.049604363106827,-0.49953493475914,-0.45756796002388,-0.0292125903069973,-0.8108902664273977,-1.2519050179332494,1.2778221340000628,0.0482087358832359,-0.0723253414034843,-0.0299693871323019,0.0629710033535957,-0.0044112634038785,0.0558376773550175
177,-0.012685,-0.141898,0.16951,-0.000326,-0.145875,-0.70612,0.692903,-0.261852362576127,-0.1566267319947481,-0.6119038176089525,6.8315417180448765,6.669004885223507,2.24160696015656,-0.1263780444860458,0.0501261465251445,0.1549564599990844,0.7821920049304236,0.4048059454179087,-0.4710010592793677,-0.0496573126356228,0.1756746768951416,-0.3543707430362701,0.0286519732326269,-0.2825552511259913,0.1980237412661314,-0.62701487750113,0.0561650097370147,-0.0924625918269157,-0.0218895844336482,0.0677964761853218,0.0268266412603203,0.0330765502342488
178,-0.013423,-0.141183,0.169918,0.002638,-0.144572,-0.706045,0.693247,0.5231470912694931,-0.0425040937304496,0.4068634755790233,6.835282073616981,6.64376698359251,2.3042704832099377,0.1317006349563598,0.0333695746958255,-0.0857275426387786,0.7842391834278001,0.4022564937941282,-0.4697920933745624,-0.0495379640036333,-0.6331909894943237,-0.533837616443634,0.2279093563556671,-0.3980512235701084,1.1599585556417702,1.179400338214636,0.0221030358225107,-0.0709777995944023,-0.0159277602696558,0.113218754529953,-0.0133481829720782,-0.0884449113107752
179,-0.015233,-0.140486,0.170194,0.007269,-0.139769,-0.706401,0.693837,-0.0613724603295326,0.0030190555602312,-0.0782588593311607,6.835316560408472,6.657200465661287,2.2650623622849584,0.1637299507856369,0.016929842531681,0.0172715634107589,0.7830066341106744,0.4041437490729184,-0.4702996777335397,-0.0488529300096137,0.2750726342201233,-0.4570696949958801,0.2084196060895919,0.2338990645065903,-1.823391484957933,-1.3082353924423455,0.0239415299147367,-0.0803829804062843,-0.1274219908257015,0.1088841557502746,-0.0808870067445095,-0.0353597840669099
180,-0.01599,-0.140254,0.169258,0.006507,-0.140909,-0.706583,0.693428,0.0713683691650629,-0.0050882630497217,-0.1102285534352064,6.844133488592505,6.658275401416421,2.2350826729543507,0.0842688754200935,0.0051859114319086,0.014117675833404,0.7820898039812619,0.4052266677344518,-0.4709924019387073,-0.0478859543015958,1.987547278404236,0.2809913754463196,-0.0078593641519546,1.0823659051343797,-1.413908182269335,-1.4184294590860604,0.0204177107661962,-0.0661976113915443,-0.095051022444386,0.1003718003630638,-0.0630638520491542,-0.0034372050529549
181,-0.016771,-0.14012,0.168242,0.005012,-0.141725,-0.70707,0.692778,0.104503746047616,-0.0063537529408931,-0.112355336330831,6.843319834122061,6.657895462188124,2.238705831887573,0.0243534669280052,0.0877299010753631,0.0268090460449457,0.7822377071476919,0.4054424483754162,-0.4706104446977405,-0.0473976502284503,0.1466102749109268,0.5655230283737183,0.0874993801116943,0.3825917886316776,1.4584651168763636,-1.3125088319778442,0.0261687543243169,-0.070164106786251,-0.1221033896188251,0.1043770760297775,-0.0629364262772025,-0.0048065149365604
182,-0.019058,-0.141095,0.166912,0.004512,-0.140092,-0.706889,0.693297,0.1886813279032707,0.0314256503552198,0.0483814613312482,6.85281480769813,6.650192632725834,2.232544532778859,0.0590083748102188,-0.0126675022765994,0.0469161607325077,0.7821027298583213,0.4056636479382204,-0.4707535603685089,-0.046297744747434,-0.4691857993602752,0.3256851434707641,-0.2050230205059051,-0.9513719193071126,-0.2589811910539865,0.3835772925376892,0.0236701313406229,-0.0759990140795707,-0.0318473965983605,0.0983766913414001,0.0369380297016818,-0.0371705438329023
183,-0.020842,-0.140767,0.166741,0.003392,-0.136168,-0.707182,0.693787,1.4762088633596897,-0.30962825922966,-0.0107867669522762,6.861299727448821,6.655010846662521,2.1917549878813327,0.0855246037244796,-0.0710391253232956,-0.151918277144432,0.7808342413295717,0.4072274002633018,-0.4716115360398772,-0.0452364375047091,-2.8225574493408203,-0.5546650290489197,-0.3216970562934875,-1.2818176333770157,1.5728011056303977,2.0832465362370014,0.0118559757247567,-0.0594717003405094,-0.0542044501299969,0.1164688095450401,0.0900105988580733,0.0075837685182399
184,-0.021189,-0.140788,0.167385,0.005573,-0.136294,-0.709582,0.691293,-0.6167021578013897,0.102245153465867,0.2570139826342463,6.835791192182898,6.6821753324419255,2.188812943080068,0.1143051162362098,-0.0096563072875142,0.0050680628046393,0.7807336978053091,0.4090909060622432,-0.470155533285944,-0.0453149137171122,-0.4731571078300476,-0.5426376461982727,0.1961419731378555,-0.7944871208980679,-2.1162246767312287,0.6749556093275547,0.0088635077700018,-0.0553655736148357,-0.0532414594498928,0.1124505326151847,0.0780223014957737,-0.0125568567811627
185,-0.023196,-0.141614,0.165033,0.000862,-0.138453,-0.709451,0.69102,-0.0172024792134761,-0.0424988330334424,-0.301947203207761,6.8694070460587735,6.660371496912837,2.149672334433347,-0.0190794058144092,-0.0871015936136245,0.0840238854289054,0.7794900974031418,0.4085398426552574,-0.4727498354623898,-0.0446994760917113,0.7502385973930359,-0.3887830376625061,0.2865514159202575,0.3633352994978427,0.9862193608045576,-0.3028337767839431,-0.0024421799462288,-0.0515401326119899,-0.0692172007468529,0.1019950360059738,0.0473014064430026,0.0322877082613646
186,-0.024601,-0.141492,0.164952,0.001736,-0.137351,-0.709473,0.691216,0.0946913770854473,-0.2202513551652431,-0.2957208760388195,6.874230520692468,6.647934040144086,2.172625486128032,-0.0714059323072433,0.1358240842819214,0.0030945863109081,0.7802296029531622,0.407233117871813,-0.4726395184192409,-0.0448861419717791,0.1028276309370994,-0.2007565051317215,0.1301316618919372,0.6570104950532317,0.2784165438860654,-0.4368891960084438,0.0005551201757043,-0.0312236081808805,-0.1154820991823915,0.0759047642350196,-0.0339678639176301,0.0010358544160932
187,-0.025859,-0.141182,0.164865,0.003268,-0.136791,-0.710064,0.690715,0.2800695717900991,0.0785959823310375,0.3140820237681269,6.86452804184556,6.649560764563083,2.198183705754578,0.055916029959917,-0.0424788147211074,0.0050907577387988,0.7810859801328478,0.4071979013774318,-0.4712893942045729,-0.0445091151636152,1.419614315032959,0.3726080060005188,-0.0156885925680398,0.8392486381664872,-1.7446324210196733,-1.6139952858060598,-0.0033672091085463,-0.0094788055866956,-0.0306207363136578,0.0640218406915664,-0.0099202543500112,0.0681931320958538
188,-0.027367,-0.140243,0.163604,0.001724,-0.132892,-0.710434,0.691101,0.2222439902871847,0.0058487260282039,-0.0071919573307037,6.884045812264085,6.644794573074579,2.1510496141359208,0.0396939180791378,-0.0347913317382335,0.018075531348586,0.7795611924650712,0.4077251614128006,-0.4733784820625421,-0.0442426705790355,0.2895754277706146,0.6315366625785828,-0.1442726552486419,0.718672585979104,-0.0111801501840353,-1.3586749553471802,0.003754538949579,-0.014358970336616,-0.0209265937535441,0.0556299872696399,0.0148383507478865,0.0129359215099131
189,-0.028691,-0.140111,0.162934,0.000713,-0.131737,-0.71049,0.691266,1.3306599902182816,-0.1964133834600448,-0.2656692905157804,6.872623085495829,6.66015931546688,2.14002962294966,0.0363151915371418,0.0093926806002855,-0.2372306734323501,0.7791327648578873,0.4082274333840634,-0.4735390372399576,-0.0454244577914938,-1.3122293949127195,-0.3277823030948639,-0.2332466840744018,-1.199057517103851,0.960977952042222,3.125571815145016,-0.0031619174405932,-0.01700284704566,-0.075003273335006,0.0267509799450635,0.0555967493051895,0.0134122052436636
190,-0.030209,-0.140023,0.162378,-0.000247,-0.130332,-0.710444,0.69158,-0.3789221602082252,-0.3054799073785543,-0.7300184481188654,6.885165756204724,6.6611880739927285,2.096059986711293,-0.0191123597323894,-0.1829395592212677,0.1779417842626571,0.7776943602145544,0.4089657091565554,-0.4752659587604754,-0.0453972012782842,-0.5943205952644348,-0.511938214302063,0.0411924645304679,-1.0795727672845123,0.0678729282647371,0.3492933301419019,-0.0122452154755592,-0.0273811798542737,-0.0915543303018901,0.0418969541788101,0.0772431338168214,-0.0594623569584684
191,-0.029615,-0.140684,0.163298,-0.001657,-0.126896,-0.711849,0.690771,-1.1045166544049978,0.0004588496834039,0.4958002346605062,6.8933969934552906,6.6557204562366,2.086345817426592,0.0684383586049079,0.068040132522583,0.103782907128334,0.777302884798737,0.4079780668965176,-0.4766338874946182,-0.0466286212693776,1.0759516954421997,0.2380610555410385,0.7176152467727661,0.588243248297274,-0.5374865822672844,-2.51132348023653,-0.0169547852128744,-0.0177009999752044,-0.1800121193605475,0.0268159471452236,0.0026442896931519,-0.0602720933056203
192,-0.027588,-0.140424,0.163575,0.000288,-0.12567,-0.712509,0.690317,0.2061643776237964,-0.0043622868627309,0.1064595562905073,6.912994258850812,6.648122256192565,2.0453293319053945,0.0490969978272914,-0.0302502270787954,-0.0039579421281814,0.775986458554428,0.4083679226799728,-0.4784901925092054,-0.0461282505950786,0.1059616431593895,-0.2183661758899688,0.0520175509154796,1.0729515955790876,0.9346879110097884,1.5801508838713167,-0.0261546466499567,0.0001744410255923,-0.0664559969717869,0.0272507015615701,0.0605887352064717,-0.0210266908438643
193,-0.027786,-0.140321,0.163168,0.000642,-0.126322,-0.71051,0.692256,0.2135737770974635,-0.0016834230422973,-0.1824813042193651,6.91561057882905,6.650082158088684,2.030056943971664,0.0128362942487001,-0.0147445807233452,0.0036227842792868,0.7754715028208836,0.408595643784381,-0.4791090687008045,-0.0463476022510763,1.2686055898666382,0.3404565751552582,-0.2761023938655853,0.693166681061685,-3.0074896255999803,-2.213795408645272,-0.0294070690870285,0.0099758449941873,-0.0816526116889901,0.0292458087205886,-0.0138753646343597,0.004354937527448
194,-0.029068,-0.140871,0.162377,-0.002218,-0.126856,-0.710179,0.692494,0.2477010876268148,-0.0211830732822418,-0.0143611183077096,6.921885421314835,6.644442690896987,2.027136964871734,-0.0164367109537124,-0.02388496696949,0.029922641813755,0.7753802896908656,0.4082974773941935,-0.4795184550417739,-0.0462682533785923,0.5668325424194336,0.6658380031585693,-0.3649404048919678,0.9695698392987252,0.4453694395840167,-1.7295482491344212,-0.0403990298509597,0.0337017625570297,-0.0180095669458154,0.0056654321961104,0.0193770376404281,-0.0442710668703541
195,-0.029784,-0.140984,0.162277,-0.002147,-0.126542,-0.709791,0.69295,0.8273574171036482,-0.0903472104012966,0.3011018384248018,6.921925168803334,6.6468684567391865,2.0190289156094194,0.0564514808356761,0.0356853455305099,-0.1175148412585258,0.7750984684551128,0.4084299393028605,-0.4798365988461593,-0.0465211643721624,-0.1345598846673965,0.4335916340351105,-0.5062474012374878,-1.0362155638560653,0.4816419454485178,1.0485165347635743,-0.01353863440454,-0.0070490892976522,0.0193964090611785,-0.014208841137588,0.1131516012750565,0.0292048599000554
196,-0.030431,-0.140894,0.162264,-0.001822,-0.125873,-0.709331,0.693543,-0.3230366068571805,-0.8344926758110522,0.2364388121172785,6.9043982799410815,6.68382660678029,1.9560513581708072,0.227575197815895,-0.1587148010730743,-0.06988525390625,0.7729714356925781,0.4114008909129938,-0.4806437794281113,-0.0473930923321128,0.173474907875061,-0.1743491888046264,-0.2903205454349518,-1.391106275613606,0.1597802275896072,1.958587890911102,-0.0103008281439542,-0.0140896551311016,-0.0226406516794115,0.0103615559637546,0.1110733976283576,0.0557543875523144
197,-0.030746,-0.141197,0.162697,0.00029,-0.126711,-0.711042,0.691638,0.5439443801045417,-0.540027498921752,-0.6303849384561181,6.922972632029652,6.679060415291786,1.9060459488995367,-0.0612950585782527,-0.1896315217018127,-0.0040980800986289,0.7713303490801493,0.4119263509132688,-0.4828409523879339,-0.0472329917473384,0.1761197000741958,-0.1437966525554657,0.0568469278514385,-1.0313345138162373,-0.3701075701117515,-0.0335036987382918,-0.0228329449892044,-0.0105590382590889,-0.0603021733500529,0.0299475695937871,0.1158032117623835,-0.0035065559493843
198,-0.030694,-0.140898,0.162985,0.00276,-0.126571,-0.710286,0.692435,0.8169500048577785,-0.0438005632817745,-0.0795662886679172,6.948194167047738,6.64790715213716,1.923101713118702,-0.1228836923837661,0.0200091768056154,-0.0173308514058589,0.7719139092180041,0.4097038304281338,-0.4838304190806301,-0.0469024604220444,2.419890880584717,0.0959896221756935,0.3684436082839966,0.3192906983271241,-0.5979372515767812,-2.2900224698878824,-0.0590391382575035,0.0207809526473283,-0.045996872316231,0.0196344200521707,0.0719963009382132,-0.0222848445286625
199,-0.030878,-0.140554,0.163094,0.004645,-0.125104,-0.710595,0.692374,0.2905126398712396,0.0777875885576009,-0.2674924142897129,6.970203169760108,6.629717999973892,1.9061739591933784,-0.0719893798232078,-0.0725050866603851,0.0165143478661775,0.771301540463196,0.4081472626961814,-0.4860329103123776,-0.047768245905633,2.4782156944274902,-0.2276234924793243,0.0032211171928793,0.6814940711855888,-0.5235743767708539,0.7444871184542775,-0.0313131883740425,0.0488079078495502,0.0169188034338876,0.041866235435009,0.0418634440396213,0.0715191803791793
200,-0.034341,-0.140728,0.16151,0.004311,-0.12384,-0.708198,0.695054,0.1911211222708225,0.2356348022580146,0.2364198151558637,6.961556337445974,6.639464902484416,1.903846539159119,0.0578717775642871,-0.0908442139625549,-0.0375970527529716,0.7712055991996012,0.4086692642620195,-0.4857162445443783,-0.0480743286266535,-0.3410813510417938,-0.0971607193350792,-0.0607591308653354,0.1471603999912738,2.4904981343507764,-0.980790029232204,-0.0120626678690314,0.023533908650279,-0.0093544434398383,0.0406263582408428,-0.0017523344056651,0.050686934395181
201,-0.035209,-0.140745,0.160315,0.004629,-0.123576,-0.707756,0.69555,0.0322147549062967,0.0058586629003286,-0.4681431430585682,6.963192998737096,6.6500213678121565,1.8605208999127147,0.0060160467401146,-0.0809444859623909,0.0011932393535971,0.7697392019078744,0.4097300787473734,-0.4870945440545757,-0.048597170175051,-1.5896203517913818,0.1646023988723755,0.0057305470108985,0.3626835575908422,-0.7734376108676194,-1.6621712876930832,-0.0079651689156889,0.0235537346452474,-0.0021098563061765,0.030000451952219,-0.0077783343924034,0.0409589466476812
202,-0.035766,-0.140759,0.159591,0.004635,-0.123232,-0.707378,0.695995,0.1229611937582492,-0.111314595106244,-0.1657721614807844,6.97075846555531,6.635664341157675,1.883312577435374,-0.0622270032763481,0.0748806819319725,0.0490982383489608,0.7705148046963325,0.4085950946739102,-0.4868550385879663,-0.0482610651633533,-0.3614058196544647,0.4728322029113769,-0.3651145100593567,0.3577832183286547,-3.078289839488268,-0.4030734356462955,-0.0146045088768005,0.0171815510839223,0.0252541540794773,0.0198893416672945,-0.0254030381979886,0.0345430791228544
203,-0.035147,-0.140426,0.16026,0.00909,-0.122389,-0.708446,0.695012,0.5849690489321947,-1.7876058858275412,0.6571212619513273,6.923845907732844,6.681354079186916,1.894798578698188,0.3395038247108459,0.2433088719844818,-0.2315249145030975,0.7707551184490756,0.4102421992656195,-0.4848644083367857,-0.0504429438810448,0.2404355704784393,0.0748954117298126,-0.096547819674015,-1.038002447272837,2.223316685706377,4.678839952787756,-0.0232469607144594,0.0235282257199287,0.0183773156961076,0.0147735308855772,0.0441327863442478,0.0429156884723342
204,-0.034348,-0.139756,0.160338,0.013815,-0.12332,-0.708105,0.695118,-0.0844710118442773,0.732524001199007,-0.8988992431394756,6.925453927451372,6.699377811655402,1.8239594941042363,0.0652781799435615,-0.2470975816249847,-0.0196857713162899,0.7684617463697296,0.4130937994171745,-0.4861660842784748,-0.0496259207575319,-1.0751618146896362,-0.4225218892097473,0.0970237106084823,-1.018686921428144,-0.0073316580623388,-1.2146329796373845,0.011805260553956,-0.0131108202040195,0.0554435954369371,0.0167338084429502,0.114901084424043,0.1209618914335034
205,-0.03378,-0.139871,0.159902,0.01413,-0.124394,-0.707785,0.695246,0.1883954966992139,-0.2563075879305601,-0.2990868453405797,6.920588367241621,6.706736357724666,1.8153649764992288,-0.0592678114771842,0.0882349535822868,-0.08302603662014,0.7680787165658904,0.4127969288225249,-0.4868684022312334,-0.0511182472317936,3.970477342605591,0.1264383941888809,-0.4246082603931427,-0.2278229594632983,-2.31443488048017,-0.3991132998436689,-0.0110309794545173,0.0564310848712921,-0.0597630295386305,0.0260075833648443,-0.0407020081779686,-0.0287216109943343
206,-0.033401,-0.139716,0.158592,0.017466,-0.128875,-0.706633,0.695526,0.1424403857320547,0.0472515805184841,0.293370951911807,6.893968655863404,6.721306150346994,1.8621590225085616,-0.0459660664200782,0.1846482753753662,-0.1092209964990615,0.7695526664237725,0.4123841858656123,-0.4847634451637793,-0.05227267934116,4.344932556152344,0.4847094118595123,-0.2979148924350738,0.4246709349483251,0.7277876203268766,-0.7498503990530967,-0.0107595846056938,0.0520471185445785,0.0227048760220408,0.0365150533616542,0.0335681011774344,0.0903946936716791
207,-0.033424,-0.140252,0.157433,0.010759,-0.126595,-0.707184,0.69552,0.3868348330289125,0.3898275851041078,0.3070709759622812,6.866548734018206,6.753572343179584,1.84666334721297,0.0531302616000175,-0.1237578839063644,-0.1329169422388076,0.7689709198040401,0.4142629734301612,-0.483975787531407,-0.0532675110379236,6.678886890411377,0.6205044984817505,-0.5573300719261169,-1.3114175296097994,-3.0757869167566296,-1.6691203761786222,0.0400470532476902,0.0313647240400314,-0.0181853185216546,0.0316562391817569,0.0512565144440624,0.0961259034005925
208,-0.033758,-0.140169,0.15801,0.011063,-0.123114,-0.707517,0.695802,-0.761545513021946,0.2537315999627113,-0.7150605329617857,6.8639172164708375,6.756790720704197,1.8446748037442564,-0.1089577972888946,0.2048370838165283,0.0662616416811943,0.7688056710359956,0.4136285246371549,-0.4846227420678378,-0.0546827367600538,4.058448314666748,0.9829134941101074,-0.1560048311948776,0.9871043269455432,3.6132656079784033,0.2640583481878042,0.0776084512472152,0.0256388932466506,-0.0495932939395774,0.0177687797695398,0.021445071519562,0.0440626939498353
209,-0.034831,-0.140513,0.160603,0.012841,-0.120967,-0.706539,0.69714,0.6723726070970296,0.027644962772727,0.515673248257488,6.863675808930396,6.74195964679718,1.89902817909196,-0.0498222112655639,0.1349827051162719,-0.1009239256381988,0.7706586697056614,0.4122425444229031,-0.4829416025611985,-0.0539319473655571,1.8559406995773315,0.7631431221961975,-0.0723804384469986,0.6428747099339962,1.3311436820819973,-3.011710458165407,0.0230824835598468,0.0408472120761871,0.0209546439543832,0.0549291335046291,0.0256652008320903,-0.0097210214338847
210,-0.035124,-0.14056,0.159519,0.012767,-0.122825,-0.705497,0.697872,0.0237368494182825,-0.1491466053724288,0.2666916193008423,6.83116177881658,6.777792592200637,1.8886879868634043,0.1273314654827118,-0.0815573558211326,-0.0881179645657539,0.7702667880778588,0.4144781470318026,-0.4815719852349719,-0.0546387815680454,-0.2486544847488403,0.6604647040367126,0.4188498854637146,-0.6173074302181601,1.3670505695044994,-0.7009107193171977,-0.0143362879753112,0.0168697405606508,0.0236877952453214,0.0734831616282463,-0.0015510259801725,-0.0662503183318534
211,-0.033804,-0.140365,0.159556,0.012286,-0.11979,-0.708569,0.695291,-0.2535965754061937,-0.1621767673373222,-0.208220433370769,6.830467951333523,6.780497174984216,1.881468118612468,-0.0338039547204971,0.1537958532571792,0.0901821032166481,0.7700659955169543,0.4151165305764679,-0.4814042893244075,-0.0540959616628386,-3.047001600265503,-0.3319739699363708,0.3727798759937286,-0.7191352350547909,2.628604874792695,2.2033295442104337,-0.0228930693119764,-0.0280104894191026,0.0892088448879774,0.1232317760586738,-0.0096479150984785,-0.0218681032542022
212,-0.034344,-0.139709,0.161078,0.020329,-0.117993,-0.707414,0.696585,-0.0504828175246715,0.1952928549975156,0.1779896918885409,6.859891029694676,6.746245361292361,1.8974835799984635,-0.0571511201560497,-0.0356931574642658,0.1212791875004768,0.7707079732795731,0.4134774397389597,-0.4819664567653721,-0.0524775498476724,-2.8591887950897217,-0.3992358744144439,0.3589108288288116,0.482559060293436,-0.4274088354796171,0.1885270141243934,-0.0243476703763008,-0.0234039016067981,0.0621284343625651,0.1575024425983429,-0.0500240500396583,-0.0264523120721918
213,-0.034108,-0.139746,0.159967,0.021167,-0.119783,-0.707101,0.696572,0.2423714170366525,-0.0498866051971912,-0.0155034202106297,6.913747123044729,6.693197077193856,1.889863752644509,-0.0475715473294258,-0.0945630893111229,-0.0031549036502838,0.7706171332033277,0.4113903011499773,-0.4841505786982131,-0.0500539735331261,-4.846810340881348,-0.3670309782028198,-0.1817900240421295,1.1900018117278814,-0.8616741127252578,-0.4171744417130947,-0.0062282388098537,-0.0513543263077735,-0.0458454035149887,0.1809514015913009,-0.1248879057708196,0.0903598598203156
214,-0.033679,-0.140034,0.159343,0.021239,-0.121545,-0.707527,0.695831,0.7476531812697649,0.0383364526569843,-0.0453602138139307,6.861717660599947,6.745034816458821,1.895180125361681,0.11978430300951,0.0365617871284484,-0.2452728152275085,0.77067260545594,0.4138043334602307,-0.4818077185118145,-0.0518742330187852,-2.4747257232666016,-0.0317930020391941,-0.4045601487159729,0.7541685545131563,-3.510382448869944,0.2351590014398097,-0.0104480227455496,-0.0237760338932275,-0.0612776444858172,0.1686056405305862,-0.1239784536425489,-0.006547918668724
215,-0.03398,-0.139656,0.159877,0.027416,-0.121304,-0.708404,0.694764,0.1274748717904091,-0.0854968477606773,0.4938384330682456,6.808975665971636,6.809461988183855,1.8545742664679885,0.1979358941316604,0.0192268919199705,-0.1256546080112457,0.7693077127024589,0.4187635682720729,-0.4796666555712794,-0.0521776727658246,-0.034995213150978,0.5161256194114685,-0.4789330065250397,0.1463511294350028,0.4750900395870208,0.017003157249093,-0.0002719056792557,-0.0628448575735092,0.0523626216555945,0.1476858258247375,0.055476648323168,0.0423421857335837
216,-0.034286,-0.139783,0.15943,0.025353,-0.119603,-0.70873,0.694805,0.9311761034965514,-0.1455494576632976,-0.1826683512240648,6.782043819904327,6.852756355509162,1.7927688215486703,0.104169487953186,-0.0911621674895286,-0.2015167623758316,0.7671981858483703,0.4222390029248387,-0.4799046250028005,-0.0530362334016966,-0.9611235857009888,-0.1268436163663864,0.1570356488227844,-1.4047855491369965,2.853639957103133,1.7330296615093943,0.0035436481703072,-0.0835193768143653,-0.0183773156961076,0.1484005749225616,-0.0441327863442478,-0.0429156884723342
217,-0.034819,-0.140124,0.159634,0.02429,-0.117586,-0.709418,0.694485,0.028564415705204,-0.6581956131845712,-0.8714636853337288,6.792815389287472,6.849152193537354,1.765547929406911,-0.0699183270335197,-0.0863087400794029,0.1146861687302589,0.7663522677899894,0.4229496261299256,-0.4807241622144571,-0.0521737284295517,-0.3500916361808777,-0.2670493423938751,0.0700574070215225,0.294907659959793,-1.1832909159123897,0.533621139010787,-0.0254486352205276,-0.0553690008819103,-0.0206429978890577,0.1674292385578155,-0.0431624800073681,0.0019358445962745
218,-0.035712,-0.140012,0.160918,0.025144,-0.112789,-0.711119,0.693509,0.6301987682342529,0.062138184005022,-0.1109539451003074,6.8156187572479245,6.8183490589946505,1.7966219898454845,-0.1660573482513427,0.0588139072060585,-0.0589923150837421,0.7674058286759056,0.4204770798775885,-0.4812450480754792,-0.0518706175317555,0.6098335385322571,-0.1361766010522842,-0.135763794183731,0.3007733371227979,-0.9106348352491856,0.4866875384002924,-0.0483174249529838,-0.0372950211167335,-0.0499610449731582,0.2038784176111221,-0.0420647524651139,0.0454180677812779
219,-0.036356,-0.140209,0.160109,0.019357,-0.111549,-0.71137,0.693639,0.4435480693757533,0.4263876757383346,-0.1553542278409004,6.756414873129129,6.859167976117134,1.8636172584928568,-0.1099052056670188,0.1358415484428405,-0.2547120153903961,0.7694120616325248,0.4203876151765628,-0.4777616757978152,-0.0549833324455455,0.1854532808065414,-0.309674859046936,-0.2268668115139007,0.0235588625028729,1.0095318473309278,-0.6007043782025575,-0.0506074391305446,0.006335633341223,-0.1242132487791124,0.1865627765655517,-0.0707147549613844,0.0361524345652316
220,-0.038136,-0.14018,0.159236,0.017277,-0.113648,-0.708705,0.696076,-0.0793909321010112,0.1082400099664926,0.129190735797584,6.6781105672210455,6.929665992188453,1.8849315569393337,0.0042502623982727,-0.0764380395412445,-0.2829599678516388,0.7697989154035209,0.4224022255357301,-0.4748384917909976,-0.0592830384702816,1.9867753982543943,0.1127271130681037,-0.3082553446292877,0.1482639773190021,-2.559584530058503,-0.0271206466376781,-0.0216576065868139,0.0299296025186777,-0.0565262304413365,0.1274062991142273,0.009973790618556,0.0460055031472584
221,-0.039686,-0.140657,0.158758,0.014265,-0.112939,-0.709773,0.695171,0.2177630454808473,-0.1114180554807186,0.366423328641057,6.612894290944934,7.002828259032964,1.8440232079677283,0.0734245553612709,-0.1163210868835449,-0.2692566514015198,0.7680586092544843,0.4252877634608349,-0.4744589586569077,-0.0640707531046757,1.5082091093063354,-0.0503658838570117,-0.1992233395576477,-1.2210787947759032,1.468597219312191,-1.0956155550688504,-0.0157330520451068,0.0192329324781894,-0.0205868952040909,0.0959249585866928,0.0378446231525856,0.0083656441775092
222,-0.04021,-0.139884,0.161288,0.018978,-0.107549,-0.711544,0.694103,-0.6141027889579534,-0.2088572699695825,-0.011532178492099,6.570876519426703,7.056123795890808,1.7902737898625432,0.0084114028140902,-0.1599704474210739,-0.0648597553372383,0.7659132487036856,0.4273584805003136,-0.4754851899225932,-0.0682306623201998,2.216111898422241,0.0381657890975475,-0.2434377968311309,-0.0675008800819516,-1.6987041980594395,0.748145348700881,-0.0345704443752765,0.0341866612434387,-0.0560307157090865,0.0739698931574821,0.0242314234356163,0.0375426399647491
223,-0.040416,-0.139582,0.162005,0.023348,-0.109774,-0.711702,0.693459,-0.0516378327786922,-0.2121744316935539,-0.5859124672621489,6.582720686477423,7.050912198722362,1.7671517113417383,-0.2615088522434234,-0.1183721348643302,0.0085665229707956,0.7648711399398922,0.4254640232780284,-0.4784147808213976,-0.0712170976779528,2.230944395065308,0.1407491713762283,-0.1141833364963531,0.3998763931706547,0.8444964756920933,-0.3576484860330819,-0.053173940628767,0.0448946319520473,-0.0695849472138565,0.0560461059212684,-0.0162084186833177,0.0336430843760957
224,-0.039817,-0.13956,0.161882,0.027778,-0.114796,-0.709401,0.694839,0.1621101318418979,0.097519293987751,-0.3903831731602549,6.577417903894186,7.027624262115359,1.8762844323642551,-0.4722649157047272,0.0472397692501544,-0.0680892542004585,0.7680587258117467,0.4193201002453994,-0.4780238212741291,-0.0758260762136139,1.5991195440292358,0.1413863450288772,-0.0555735565721988,0.1965223967924714,-0.3254617881774902,-1.1869827561676505,-0.0410941094160079,0.0233276914805173,0.0657329799268627,0.0402010269463062,0.0641615750248311,0.0469194305212469
225,-0.040309,-0.139687,0.162679,0.029366,-0.113594,-0.708777,0.695607,0.2581283736169338,-0.0531458992540836,0.3899889131456613,6.542900717264414,7.024312945610284,2.0049606427684425,-0.2759874761104584,-0.0006986882654018,-0.13628950715065,0.771678886903933,0.4134497299188707,-0.4762717501851798,-0.0820747072269778,0.3601377308368683,-0.0131034152582287,0.0586397014558315,-0.3986117800623178,0.1132078615069389,-0.2882873650372028,-0.020701827481389,-0.0502203591167926,0.0558549618499586,0.0561843402683734,0.0076480573637731,0.1028543257396202
226,-0.039708,-0.139416,0.164536,0.034196,-0.110313,-0.710818,0.69383,0.1425163735777139,-0.033318332234025,0.153625065960735,6.512615469115972,7.05356592810154,2.000857006841898,-0.0307458732277154,-0.3498340547084808,-0.131359726190567,0.7709174874718749,0.4121261592482492,-0.4776365921403074,-0.0877581619580061,0.4698109626770019,0.145145446062088,0.1223325282335281,-0.0090644732043147,-0.4513634193018078,0.5090174436300993,-0.0151577331125736,-0.0751576125621795,0.1283569335882552,0.0844826772809028,0.0283951600855216,0.0120042529832571
227,-0.038106,-0.138593,0.16879,0.04327,-0.100399,-0.717063,0.688381,0.9520078791230916,-0.2809738271534442,0.0631482378304004,6.514460220199823,7.1656503385365005,1.5445581769645214,-0.0196531843394041,-0.6839171648025513,-0.3249348402023315,0.7530851204044584,0.4135515161034623,-0.5002245426263633,-0.1077656122878364,0.3710026443004608,-0.4126805365085602,0.3634487986564636,-0.141055945636332,0.0399921109095215,1.338283324703574,-0.0267566889524459,-0.1693666130304336,0.0169667798946145,0.1326071321964264,0.0592361561203142,-0.0617702959741232
228,-0.038198,-0.137963,0.171824,0.04945,-0.092448,-0.71826,0.68783,0.8803770596295595,0.636196547344327,-0.5918484331823886,6.419543217664956,7.26332160821557,1.4845862310826778,-0.402033269405365,-0.3719625174999237,-0.533857524394989,0.7491308303850678,0.4134424363705439,-0.5033612251075792,-0.1203983861922747,0.6384415030479431,-0.7827848792076111,0.3909085988998413,-0.0210442493334412,-0.2042719880059361,1.4031196617513897,-0.0556161403656005,-0.1437360495328903,-0.0433116974860196,0.1527593284845352,0.0274073614744353,0.0544753349266713
229,-0.038991,-0.137661,0.173842,0.052949,-0.086545,-0.717338,0.689299,-0.0186900874227285,0.0831359638482332,-0.4470797506332397,6.27443975020349,7.37839351002872,1.5365909974776208,-0.5420325398445129,-0.3723812997341156,-0.5793720483779907,0.7479457875464457,0.4104253978101038,-0.503196440582179,-0.1375554975269772,0.7647959589958191,-0.8586686849594116,0.1776643544435501,-0.0482522819936275,-0.9868310629621148,0.4617804761588573,-0.0745594203472137,-0.151479035615921,-0.0116718712322239,0.1580050736665725,0.1063464330385439,-0.0274286257414612
230,-0.040457,-0.137591,0.175188,0.050689,-0.079677,-0.717084,0.690559,-0.4302355833381414,-0.2004898391187191,0.1535011473201215,6.133073715704679,7.480957227924466,1.6096785916507244,-0.4957464039325714,-0.2594111263751983,-0.4851926863193512,0.747194725281629,0.4067987655603251,-0.5024380499328139,-0.1541777425397162,0.1769372820854187,-1.0946519374847412,0.1590947955846786,-0.0497413515076041,0.1636883409440517,1.3060440198779106,-0.0856450647115707,-0.096876710653305,-0.0695568947297288,0.1527551859617233,0.0242951340383035,0.0368579844521242
231,-0.040375,-0.138092,0.176206,0.052596,-0.077429,-0.717158,0.690596,-0.4566214859604835,-0.1050654715836048,0.4321690356187522,6.021643385264277,7.548936539173126,1.7098935544632374,-0.4922813773155212,-0.1660463362932205,-0.3618122637271881,0.7478535055697864,0.402878699054874,-0.5005081829467156,-0.1670190776551893,-1.085965633392334,-1.7556371688842771,-0.1908624023199081,-0.1873977178335189,-0.3249465321317314,1.3048013263404368,-0.0786243751645088,-0.1000309288501739,-0.0102613331474422,0.1414555758237838,0.0912430632624775,0.0772573632715735
232,-0.040516,-0.137908,0.177606,0.054564,-0.074162,-0.717818,0.690116,0.0328185660183429,0.268954303535819,-0.0193225401073694,5.818011740988493,7.65480514383316,1.930045248646289,-0.1323239207267761,-0.0501725375652313,-0.1914135813713073,0.7497543536621895,0.3945873255695671,-0.495878936841397,-0.1904555364745483,-0.080920360982418,-1.863264083862305,-1.57095468044281,0.6906202114492654,-0.141969845610857,0.7938345022082328,-0.0604781173169612,-0.077169083058834,0.0159558116121392,0.1294687092304229,0.0538517368353437,0.091659809103515
233,-0.040541,-0.13792,0.178663,0.051969,-0.07154,-0.718438,0.689948,0.0552887565016746,0.0131365449488162,0.1836702217429876,5.76381837850809,7.688262007755041,1.9594399776957927,-0.0528269670903682,0.0517445057630538,-0.1601914763450622,0.7499205189236616,0.3951259192408301,-0.493935091271511,-0.193708140730959,0.3622669279575348,-1.6344735622406006,-1.980119585990905,0.828381499454379,-0.2402007949993014,-0.1257674833506345,-0.0722426995635032,-0.0682686269283294,-0.0471717887139646,0.0761247500777244,0.0117261255950434,-0.0046814289646339
234,-0.041696,-0.137858,0.176963,0.047176,-0.076269,-0.717778,0.690472,-0.1054693762093782,-0.0800420894861221,0.2832107924252748,5.712240751484036,7.7227827015161505,1.9746713029667733,0.057322971522808,0.0644240826368331,-0.122902438044548,0.7500453749081275,0.3970074979150175,-0.4916348542170815,-0.1952235663926999,-0.3128140270709991,-1.3234758377075195,-2.523219347000122,1.6115455545663833,-0.255161778896302,-1.5920330448448656,-0.0932609215378761,-0.0670884847640991,-0.0438352692689746,0.0303270369768142,-0.0273538252058904,0.0597233003164408
235,-0.043458,-0.138227,0.174642,0.042044,-0.083928,-0.71549,0.692288,-0.1428553962737321,-0.0377279653698205,0.1668903518557548,5.684684051516652,7.74391492139399,1.971431444262713,0.1065188497304916,0.1161691844463348,-0.0312757939100265,0.7500590229876111,0.3991579933767445,-0.4900590465285506,-0.1947474061058678,-2.107665061950684,-1.1139404773712158,-2.96688199043274,1.5424170732825992,-0.013646248036623,-1.2442132943868636,-0.1075168848037719,-0.0959342271089553,0.0534054087067954,-0.0768210440874099,-0.0231365500041516,0.1483835485780611
236,-0.042533,-0.138084,0.170539,0.032758,-0.086696,-0.715002,0.692952,0.0193090961039066,-0.0394043741494417,0.0006989420495927,5.6675178126603365,7.753371901047229,1.9836450291477143,0.1455218493938446,0.1959010064601898,-0.0269737057387828,0.7510845605060088,0.4014425724051818,-0.4875511361213584,-0.1923790842028197,-1.7250982522964478,-0.5875970721244812,-3.145326852798462,1.3086398815900089,-0.6850336434885859,0.0289350025832653,-0.1624146699905395,-0.0834159702062606,0.0137898531918181,-0.1475090533494949,-0.0349337064252351,0.1261889601657167
237,-0.043058,-0.137471,0.173264,0.037645,-0.079638,-0.715015,0.693538,0.1494710150212049,0.0471066190898418,0.0641786037914455,5.643598592412472,7.76681882711947,1.99917416832149,0.133435845375061,0.2256680876016616,-0.0080794505774974,0.7523039037852928,0.4042651006092379,-0.4843967500712506,-0.1896530865407411,0.4220357239246368,-0.1788113713264465,-3.009354591369629,-0.8865040180772542,-1.185064282260463,-0.4874176062405109,-0.1366817057132721,-0.2007771283388137,0.2097621281211264,-0.3492559492588043,0.2044093141173943,0.1615835689508356
238,-0.042133,-0.13478,0.173082,0.041522,-0.07445,-0.714932,0.693978,0.3513350651025771,-0.1419517254322767,0.1010321244142949,5.617558726748824,7.786337766581774,1.9965878050901,0.2215529680252075,0.1747625768184662,-0.0593566186726093,0.7529552543562442,0.4078523964886272,-0.4815171603093285,-0.186697691402368,0.5800383687019348,-0.0906192511320114,-2.204545497894287,-2.194619583532214,0.0264155671082437,-1.3806389498740437,-0.0998611450195312,-0.2221222817897796,0.1254760809223167,-0.3946911990642547,0.1279944112856406,0.2121454247947782
239,-0.040508,-0.133741,0.171761,0.040808,-0.075786,-0.7172,0.691532,0.2259960362970829,-0.3634861061453819,-0.4431953104153275,5.564978644683957,7.860777798277139,1.846496320082992,0.1998112052679062,-0.0647896379232406,-0.0609139986336231,0.7487289740699942,0.4175933458642051,-0.4811140055368917,-0.18316635814168,0.3710276782512665,0.1946688443422317,-0.761258065700531,-2.689661693301797,-1.2199296247407794,-0.3672843293845653,-0.0650650486350059,-0.2260105013847351,0.0126274172497447,-0.0951577275991439,0.156566069582384,0.1669743586110882
240,-0.040219,-0.133259,0.171495,0.039926,-0.075383,-0.717803,0.691001,0.2866957119315863,-0.078141808822751,-0.7159123274855316,5.556054748994112,7.878601624259352,1.7967451778337358,-0.0015114867128431,-0.0726931020617485,-0.0429620295763015,0.7468719517107407,0.4190992706765814,-0.4824388973161655,-0.1838230778344625,-0.1429738700389862,0.179389551281929,-0.255013108253479,-1.8976982456624507,-0.0193035431459546,0.1322156365767121,-0.0578713379800319,-0.1660331785678863,-0.0686855004563694,0.0215311478823423,0.1656969773527234,0.1667590170936659
241,-0.040601,-0.132756,0.17297,0.040691,-0.071329,-0.718364,0.690804,0.2060416280269622,0.143790046775341,-0.5138317120440304,5.5573997338622805,7.873792178151011,1.8135837921708824,-0.1691724509000778,-0.0300090946257114,-0.0170659478753805,0.7470120363757142,0.4174161809522776,-0.483007963412787,-0.185580303227918,0.4642984867095947,-0.0808400064706802,-0.1901446878910064,-0.8672691562533378,-1.488213481669128,1.1341486993417145,-0.0298096649348735,-0.0917161256074905,-0.1097315180327277,0.0253108087927103,0.1921340256404131,0.1763828229474835
242,-0.039878,-0.132084,0.174758,0.040609,-0.061691,-0.720653,0.689351,0.0433218398541212,0.1620733069628477,0.1198706803970038,5.558361272370815,7.86478586487472,1.849360185081512,-0.1409845799207687,-0.0312415305525064,-0.0281367469578981,0.7477520684619187,0.4151243215628485,-0.4830948892921519,-0.1875044075957521,-0.1133214458823204,-0.2516710758209228,-0.1193906888365745,-0.3664414488196372,0.2193997067719698,0.0640799657225608,0.0064257821068167,0.008512757718563,-0.1618585134346969,-0.0122252348810434,0.0612838413311634,0.2563300372243858
243,-0.040275,-0.13179,0.175859,0.038747,-0.058734,-0.721823,0.688491,-0.0977472575247287,0.0640524931937456,0.0724764765374362,5.545452690958976,7.884995124688744,1.8014352353461085,0.0903705582022667,-0.1068809777498245,-0.0583378821611404,0.7454219478939663,0.4154558994043626,-0.4853336582760094,-0.1902463026449849,0.4303328096866607,0.1202528849244117,0.1314655095338821,0.0496387679159641,-0.2413350597262382,0.365958925999701,0.0344580821692943,0.0272897277027368,0.0209627678953344,-0.0243565309792757,0.0892995827781967,0.129998252788186
244,-0.040702,-0.131603,0.177264,0.03659,-0.055262,-0.723199,0.687452,-0.0136807348281145,0.1091875199496746,-0.3038203036032617,5.528125708582997,7.903159726932644,1.7749075861655177,0.0069763185456395,-0.0455468520522117,-0.0798656493425369,0.744161727657644,0.4163449791671145,-0.4859647670144312,-0.1916208943976638,-0.961166501045227,-0.0679212287068367,0.1756476759910583,-0.0997042368113994,0.9855499371103942,-0.1987923875510692,0.0687378197908401,0.0368869788944721,-0.0214420415955479,0.016882125288248,0.023711559713399,0.1579031634050421
245,-0.041131,-0.131149,0.179954,0.035063,-0.047391,-0.725949,0.685217,0.1540519130706787,0.057110126709938,-0.1112719250082969,5.479654230880737,7.929946611571311,1.805469020906836,-0.086678110063076,0.0366666428744792,-0.0825959742069244,0.7442397071393106,0.4160606905111378,-0.4846031401917458,-0.1953472105057165,0.2383958548307418,0.0870177000761032,-0.0787931233644485,0.4544429728776216,-0.3687504564143717,0.2664934663802385,0.0042572850361466,-0.0277165006846189,0.0744080291219055,0.0188219435513019,0.0199013651919201,0.0053730502200516
246,-0.040706,-0.130636,0.181367,0.035064,-0.044247,-0.727256,0.68404,0.1407037711977958,0.0195814833045005,0.0392792864650487,5.450056380474567,7.949369104921817,1.80964323785156,-0.0112293493002653,-0.0093328095972538,-0.095212697982788,0.7439504822685173,0.4166859340340996,-0.4838457414899476,-0.1969870404042457,-0.2236751019954681,0.0880149453878402,0.0046666143462061,-0.4058440694034099,0.7543301748156547,-0.5166957231730223,-0.0023722713813185,-0.0612721741199493,0.1079258659834042,0.0122538795694708,0.0574911482170457,0.016477311310661
247,-0.039769,-0.130573,0.182901,0.036272,-0.042284,-0.728393,0.682891,0.0169411979287862,0.0132259767979383,0.0489706593960523,5.429118806385993,7.968743082955479,1.7872320840790867,0.0394299030303955,-0.0401819162070751,-0.0662492960691452,0.7429427371033243,0.4179757160719627,-0.4839140675883741,-0.1978880646286257,-0.0642569661140441,0.1324596405029297,0.0089347958564758,-0.1443371592640876,0.0763159085698425,-0.2554296360522508,0.0656427592039108,-0.0618045441806316,0.0407506193929351,0.0607384480535984,0.1183290039129555,0.2775999302735552
248,-0.036009,-0.131462,0.184735,0.03826,-0.04397,-0.73184,0.678979,-0.0532037669211626,0.0340220965892076,-0.1655804383009672,5.424894466689229,7.974732678759097,1.7732871453568335,-0.0179596096277236,-0.046925876289606,-0.023939374834299,0.7423704949967218,0.4183772759779027,-0.4843015336142185,-0.198238589900117,0.0584199577569961,0.0973829850554466,-0.0530790388584136,-0.2981646159291267,-0.5543734196603298,-0.3415326330125331,0.0936881527304649,-0.0132214557379484,-0.1081732831395231,0.0781058073043823,0.1046476297640241,0.1374569438968319
249,-0.034102,-0.131475,0.183638,0.038694,-0.045581,-0.732824,0.677786,-0.0060837038278579,0.0478209048390388,-0.3285907338529825,5.4210196710824965,7.974550892451405,1.7859115029998125,-0.0885605812072753,-0.0402301549911499,-0.0224201753735542,0.7425279354395621,0.4176023184699331,-0.4843058541154982,-0.1992698369042454,-0.2077613919973373,0.0386351458728313,0.0426894947886467,-0.483575543859601,0.3413258583940565,-0.0345084188014268,0.0675897076725959,0.0933053418993949,-0.0955103744512889,0.0858316421508789,0.0268164692094665,0.14795983414012
250,-0.032643,-0.131753,0.184201,0.039723,-0.045964,-0.733039,0.677468,-0.0821060362786054,0.0597170943379402,-0.3603608137317001,5.422072979527711,7.969237588474154,1.8063089788623152,-0.155000165104866,-0.1167519763112068,0.0129374917596578,0.7427490522840996,0.4158330223733577,-0.4847543430016611,-0.2010471192065421,-0.045394591987133,0.0025251321494579,0.0707815140485763,-0.0269289234578609,-0.0727529553912579,0.5714300606623292,-0.0288845989853143,0.1404036432504654,0.0534814330850727,0.0738476365804672,0.0347397182230954,0.0183089700174983
251,-0.028388,-0.132038,0.183663,0.0425,-0.04587,-0.734214,0.676033,-0.7127396887987851,-0.0290033916443586,-0.9137219876095652,5.555011961942911,7.85594672485888,1.8963922776304185,-0.5533512234687805,-0.4244639873504638,0.3606300950050354,0.7444453113714949,0.4018836543762213,-0.4917320709984094,-0.2061313816972038,-0.5477453470230103,-0.0856667831540107,0.0764703676104545,0.1922597709119319,-0.2293459312468767,0.229511350941658,-0.0854716524481773,0.109512448310852,0.1687316871398128,0.0587902106344699,0.0195799535011174,0.1512402805828955
252,-0.027176,-0.132475,0.184101,0.043038,-0.046163,-0.734516,0.67565,-0.2894014637589454,-0.0824105721831321,-0.955243938434869,5.721245895716548,7.709737926504015,1.999414991340041,-0.6923178434371948,-0.4399169385433197,0.4562858939170837,0.7472014540357788,0.386721762681768,-0.4985022402578283,-0.2088820612038882,-0.1594380587339401,-0.0784695893526077,0.0487180948257446,-0.155890234413743,-0.2505789811506867,0.0904866188719868,-0.0857682153582573,0.0915789529681205,0.1979219613920897,0.0966963768005371,0.0677344148431904,0.114865547319781
253,-0.026075,-0.132953,0.184434,0.043163,-0.046535,-0.734922,0.675175,-0.8763070337116717,-0.3431961823105812,-0.705473058796674,5.9339078186661,7.52669781935811,2.075554666560143,-0.7307634353637695,-0.7663200497627258,0.6620646119117737,0.7489133280924215,0.3685121552802528,-0.5083059671782738,-0.2120202098875771,-0.0431831032037735,-0.1324653923511505,0.0813363566994667,-0.3925350904971361,-0.0537219455763697,0.0195744690418243,-0.0800578519701957,0.0918228179216384,0.0777726010510232,0.1373118162155151,0.0213249705375405,0.0729926732981111
254,-0.022908,-0.133253,0.183638,0.042854,-0.045647,-0.735959,0.674125,-1.6389871037214994,-0.1229921734184026,-0.9671149934925138,6.257102830955386,7.250380293577909,2.1097474435411394,-0.9192299246788024,-0.8627012968063354,1.1813658475875854,0.7499223486220067,0.3446666674333347,-0.5231039167408128,-0.2125644144311954,-0.1095690503716468,-0.2478349655866623,0.2739065587520599,-0.854849819663167,0.1397274735115468,-0.1232867724508047,-0.0844731405377388,0.0997416526079177,-0.0170665025255992,0.1657799780368805,0.0305195889105671,0.0720926876845071
255,-0.02177,-0.133397,0.18393,0.043534,-0.044642,-0.736586,0.673463,-0.8979758446842432,-0.8390075228869914,-0.7800562983550131,6.739528620257973,6.801017984965443,2.120210385366529,-0.8530816435813904,-1.2002367973327637,1.4161266088485718,0.7520429626531684,0.3122988468734821,-0.5425576302990842,-0.2062329810015482,-0.0363009572029113,-0.2728319764137268,0.590546190738678,-1.4003075269401073,0.0617728578239679,-0.3597533493578433,-0.0679337680339813,0.1080680936574935,-0.0074004101663245,0.2436143010854721,0.0147746401451993,0.0136205747392494
256,-0.020563,-0.132988,0.182125,0.044223,-0.043734,-0.737554,0.672418,-1.206830196931958,-1.4250877479314803,-0.4445438024148345,7.1814102177262304,6.403829515704512,1.8943821068517863,-0.5079689025878906,-1.6546779870986938,1.1306928396224976,0.7454126773699867,0.2837631363603077,-0.5682357548589971,-0.2023522669443941,-0.0361145362257957,-0.2391096949577331,1.2200305461883545,-2.7213790200799703,0.1614462611056864,-0.374758026266098,-0.070448525249958,0.1375609785318374,-0.0645580635291291,0.3202435672283172,-0.0038914002524834,-0.0645228460852755
257,-0.017742,-0.133426,0.181699,0.044917,-0.044021,-0.739206,0.670537,-1.94430626758039,-1.5745546712994574,-0.032895869038254,7.597315077894925,6.033605041214823,1.4306602873668073,-0.1344458311796188,-1.969677448272705,1.2824641466140747,0.7309145624673904,0.259434223502503,-0.5997920538833835,-0.1967415231256863,-0.1128276959061622,-0.2418214380741119,2.2459192276000977,-3.4879964295387267,0.6271680222362279,-0.7860495474204421,-0.0685659199953079,0.104906253516674,0.0269526422601658,0.3690145611763,0.0896283215422183,0.0116916958857676
258,-0.016882,-0.132745,0.179143,0.044585,-0.044728,-0.739258,0.670454,-1.3838900606244802,-1.3390262520253655,-0.5116210502572357,8.05473385171294,5.53755696927309,0.7918925012949853,-0.1817240864038467,-2.2783210277557373,1.8177752494812007,0.711919268116658,0.2327698228839272,-0.6367440061442322,-0.1831560573760932,-0.1721967309713363,-0.1126303225755691,3.5001206398010254,-3.741858962404728,1.5421331417746842,-1.5087752081826329,-0.0744123011827468,0.1112543419003486,-0.0567101082414155,0.3703619539737701,-0.0217811213737819,0.0466831923462683
259,-0.015911,-0.132956,0.178344,0.044209,-0.044881,-0.739279,0.670446,-0.3425508701443672,-1.6410463743388652,-0.1388221952348947,8.449766604244708,4.975570736521482,0.1246067233424168,-0.3398190140724182,-1.947932839393616,1.571349859237671,0.6909172123590056,0.2012933944853659,-0.6731476766101682,-0.1702545119218778,-0.1891994178295135,0.1448000818490982,4.72823429107666,-3.90006390350163,1.7300689120076596,-1.7118372358769178,-0.0885458439588546,0.1158722266554832,0.0714910045974655,0.3552275002002716,0.0153626782993786,0.0625800368878524
260,-0.013593,-0.130879,0.174358,0.043022,-0.044668,-0.739147,0.670683,0.0126858785718679,-1.377469379927218,-0.948717605406046,8.718817938414215,4.47257357609421,-0.385601236113347,-0.9066895246505736,-1.651921033859253,1.3897616863250732,0.6738062416435131,0.1697287048441728,-0.7006085627806817,-0.1622497038371923,-0.1155451834201812,0.4163763225078583,5.722773551940918,-3.76222078243196,1.9537021646961568,-1.4961591799765823,-0.1057403832674026,0.0406995750963687,0.1604162604708224,0.3007097840309143,0.063715598522732,0.051712007693178
261,-0.012365,-0.13087,0.172918,0.04239,-0.045375,-0.739208,0.670608,-1.753320169866085,-1.012204281410575,-0.9556010082442312,8.924104948681592,4.004358682973683,-0.7041795118547975,-1.475885987281799,-1.2123420238494873,1.7304729223251345,0.6615955723145952,0.1317876337981065,-0.7200938699241035,-0.162444595235911,-0.7248849868774414,0.8194315433502197,6.209782123565674,-3.723331372067332,1.2724147219985722,-1.822204028739035,-0.1758147031068802,0.0846889913082122,-0.0515037124044727,0.2820271849632263,-0.1658447517929598,0.0643768617433263
262,-0.010987,-0.131159,0.171351,0.041421,-0.046784,-0.73941,0.67035,-0.8131699017971754,-0.9539847321540116,0.9548259322185068,9.30106369986236,3.0399326363041994,-0.6476189818516374,-1.7092941999435425,0.5749145150184631,3.655230045318604,0.6670215279231693,0.0705488213416295,-0.7266651505841892,-0.1485358891819431,-1.3241965770721436,0.8425913453102112,6.744080543518066,-3.052628159487248,2.0044629223793744,-1.979869456131756,-0.1976175010204315,0.0025035366415977,0.3396573771925643,0.3481383323669433,0.1684488881430588,0.2711663170294836
263,-0.009787,-0.129884,0.166332,0.039768,-0.049162,-0.738378,0.671416,0.8452543083220719,-0.514612048766762,1.5171604669511318,9.65661082970202,1.6840296298883854,0.2903122401946224,-0.9346908926963806,3.4850637912750244,3.372914552688598,0.7084458182759517,0.0095075087115547,-0.6964968074166841,-0.1136057806752803,-0.8827481269836426,0.7725008726119995,6.092281341552734,-4.452598125036061,-2.8950246914148328,1.5438412608668208,-0.0920117273926734,-0.0853051245212555,0.1842480764298699,0.3933645784854889,0.1401811629626434,0.2577927484543993
264,-0.009605,-0.130063,0.164588,0.038982,-0.049599,-0.738039,0.671803,0.6659422817885875,-1.8441244763851168,-0.5932927867718041,9.599346389213204,0.4240636167049407,1.9603817885905503,-1.0501039028167725,4.5779805183410645,2.889344930648804,0.7709582786823813,-0.0331270444937809,-0.6316256353118362,-0.074665741834136,-0.2613407373428345,0.8608893752098083,6.206910133361816,-0.7291001642301678,-0.7160118423372507,0.5029439689353108,-0.1014420464634895,-0.0822231173515319,0.177542623974476,0.4794838428497314,-0.0102980529952154,0.2423056948566809
265,-0.009268,-0.130311,0.162676,0.038025,-0.050568,-0.737371,0.672519,2.151298912721872,-0.2079536356607451,0.1445019944369792,9.374088604062797,-0.3786256614796817,2.855432101216912,-1.6867419481277466,1.458862066268921,0.6860154867172241,0.8006226718117617,-0.0740969138607081,-0.5906971492730191,-0.067748984870295,-0.0523907169699668,0.8002951741218567,5.873717308044434,-2.037721779511124,0.3414665820389986,-0.5161559172078967,-0.1336280256509781,-0.0702817142009735,0.0672151858752127,0.5270476937294006,-0.0812010959286708,0.1380681254645809
266,-0.007868,-0.130972,0.158486,0.037409,-0.05443,-0.73557,0.674222,0.2381751343905925,-0.706706180788204,0.494793395705521,9.244061125180124,-0.7877244948953389,3.177612968027592,-1.4161380529403689,0.4033503830432892,0.6840474009513855,0.8103726398781518,-0.1010401119748361,-0.5725187557934895,-0.0728663792593796,-0.6254281401634216,1.333182454109192,5.776925563812256,-2.487631054481864,-4.518937560123205,0.5186725762039422,-0.1120213866233825,-0.136046290397644,0.153471519366838,0.590901792049408,0.1390095345005393,0.3298784721085802
267,-0.008137,-0.130831,0.156998,0.037672,-0.056787,-0.734928,0.674713,-2.1387696860164405,0.6116947049029171,1.4807634579241276,9.089286743053794,-1.3580869263261557,3.422112921525538,-0.8454825282096863,1.8317946195602417,1.6880080699920654,0.8187498719529435,-0.1281985555928824,-0.5559549687133227,-0.0642487046363285,-2.64469575881958,1.5231163501739502,5.501194953918457,-2.339225038343668,0.2922825721532106,-0.6777683286607266,0.0265773199498653,-0.2170369327068328,0.1511696630320977,0.6678903102874756,0.0358419095946243,0.2317958268833346
268,-0.007513,-0.131253,0.154771,0.038091,-0.059116,-0.734315,0.675157,1.6546353392302988,-0.505805349715799,-2.01428172108233,8.655245922213792,-2.1514590717196462,4.077784276929497,-1.0576355457305908,1.079594612121582,1.8136413097381592,0.8402426102211058,-0.1573828798822201,-0.5170314191972242,-0.0436064742531296,-2.815403938293457,1.2322908639907837,5.847038269042969,-4.80434907746315,-2.2377023539334533,0.4711100300401449,0.0986108928918838,-0.2654626965522766,0.0584883927932009,0.7612740993499756,0.0701875755823915,0.0566474137021694
269,-0.007187,-0.131787,0.149814,0.03831,-0.063691,-0.73242,0.676785,0.8129080359905958,0.4097986522480845,-1.0157616816312074,8.538394735768437,-2.6902757335469123,4.003576008163392,-1.1128469705581665,-0.3121922314167022,0.1365283727645874,0.8383982419816768,-0.1848644631634466,-0.511565799462466,-0.0348423443172823,-2.8553738594055176,0.2990346252918243,5.651590347290039,-6.385035967907309,-3.063426616877317,0.7437099966019391,0.1491463929414749,-0.2967281639575958,-0.2036562855266965,0.8787099123001099,-0.1665675313758663,-0.0107739656945632
270,-0.006684,-0.131926,0.146905,0.038327,-0.065749,-0.731985,0.677057,-3.591226502388716,0.1878317253366112,-2.0094521089687944,8.67037510228455,-2.864249906183779,3.57645709554106,-0.7136058211326599,-1.4979019165039062,0.4217361509799957,0.8253535134023767,-0.1985167698710675,-0.5274869975224264,-0.0337646461551616,-3.0860366821289062,-1.1097164154052734,4.367946624755859,-6.437369966256618,-4.871483170059323,-0.1719791994273662,0.0990938395261764,-0.1695585697889328,-0.3963356518238782,1.0136572122573853,-0.2742276408288627,0.0349883341057458
271,-0.0062,-0.132145,0.1439,0.038033,-0.0669,-0.731981,0.676966,-1.214018062609434,-0.896376008272171,-1.703897675049305,8.811119790014624,-3.136806033603847,2.9487326084658503,-0.6329252123832703,-1.7206002473831177,0.732827365398407,0.8061622341320482,-0.212841992563489,-0.5516835670391683,-0.0211218626719753,-3.1850085258483887,-1.4109762907028198,2.3817830085754395,-2.2150129677414894,-6.016786008360982,-0.8560923670701682,0.0111432811245322,-0.0591862387955188,-0.1356775496667716,1.1425750255584717,-0.0802454300384968,0.1277983133248053
272,-0.005463,-0.133274,0.137862,0.033924,-0.066832,-0.730897,0.67836,-0.8662667012125254,-2.4201269595295187,-1.7013415608257054,8.822349040037393,-3.663988371738791,2.216244701493532,-1.4003081321716309,-1.4849399328231812,1.5378973484039309,0.7829411951702377,-0.238310454040413,-0.5746399690119472,0.0003973824450817,-2.9069132804870605,-0.7237491607666016,0.6421751379966736,0.4476724558293819,-5.170721552699804,-0.7148736320875585,0.0334448628127574,-0.0385479815304279,-0.122722325234767,1.1081334352493286,0.1601937037613242,-0.1057734463230241
273,-0.005258,-0.134982,0.133877,0.032117,-0.068232,-0.728854,0.680504,-0.34653672491014,-2.8737159459263086,-1.4708618032433092,8.643342133930325,-4.409594557350873,1.4207333521142602,-2.8408236503601074,-1.1309269666671753,1.9570930004119875,0.7565098103230127,-0.2883419921598439,-0.5868744766635238,0.011404840646726,-1.0440025329589844,0.1253368109464645,-0.2281544506549835,0.6848381209164858,-4.471755829970538,0.3839792974673211,0.0196680016815662,-0.1356356590986251,-0.0897000168052502,0.9565267562866212,0.183525844836235,-0.0862063203374389
274,-0.00411,-0.13626,0.129286,0.029985,-0.071272,-0.728247,0.680938,1.9688976880013944,-3.860111832341552,0.124772627094388,8.254492453947663,-5.2710740242868654,0.4995152000630274,-3.863894701004028,-0.5157251358032227,2.3552753925323486,0.7247625889942916,-0.3597154168730178,-0.5874833033584168,0.0136883844581632,1.3636388778686523,0.5099548101425171,-0.4451445639133453,0.9618389527857304,-5.01636218111515,-0.6476350562036037,0.0019396987045183,-0.2814856767654419,0.1009817094013094,0.9099283814430236,0.4454218273583799,-0.0781500743275974
275,-0.002477,-0.137908,0.119579,0.024587,-0.074334,-0.728296,0.680775,7.491478621938824,-2.738590851643681,4.585537984234095,6.924757761880755,-6.574553746634721,-2.2345814454339443,-3.362856149673462,-2.36177659034729,2.3030941486358643,0.6209933673940083,-0.5201064267325726,-0.5860215427499794,0.0208632574986411,3.0646445751190186,0.5454505085945129,-0.5569950938224792,0.9985708928555248,-2.9526807615697384,-0.8053133430778979,0.044747207313776,-0.3735441267490387,0.0642670218604151,1.0820696353912354,0.3367930007373914,0.2352092885886318
276,-0.001914,-0.138421,0.115411,0.022193,-0.074144,-0.727224,0.682023,9.138364369955658,-0.8238193061053752,6.705135936790704,6.288674611783027,-6.717617232701182,-3.390663013511896,-1.6791998147964478,-1.1087208986282349,0.8914017677307129,0.57085490158044,-0.5630511430756346,-0.5965309003351363,0.0353420893034548,2.269673109054565,0.3357106745243072,-0.7187533378601074,0.0404600206822156,-1.5877528833076358,-0.8485210550330579,0.0617011003196239,-0.3320761024951935,0.0231088011974119,1.016884684562683,0.2012158518383279,0.2319735032714903
277,-0.001734,-0.138616,0.110862,0.020017,-0.074681,-0.726595,0.682702,4.479023482885957,1.0484604206621646,5.319098342743516,6.05067600300312,-6.693689244624972,-3.841128022669256,-0.684317409992218,-0.432407796382904,0.3965936005115509,0.5500728314360654,-0.5769376891715178,-0.6024831417512141,0.0397113512638664,0.8984442949295044,0.2445064038038253,-1.018781661987305,0.2976742020636796,-0.0949494434997439,-1.1751391736388206,0.0934093967080116,-0.2323137074708938,-0.0184090442749322,0.8939551711082458,0.0657632837335811,0.3698123500248417
278,0.001005,-0.139536,0.102966,0.018517,-0.079398,-0.724388,0.684554,4.157868451991677,0.6121656834155321,3.052832157626748,6.294019479942321,-6.521953790825605,-3.74430840138346,1.2276629209518433,0.2963462769985199,-1.731392502784729,0.5544369773414226,-0.5537510313814452,-0.6198922405848427,0.0411475475078042,-0.2155865579843521,0.2789528369903564,-0.929380178451538,-0.3445581183135509,2.3628049436345697,-0.9900760362327098,0.0414766296744346,-0.0316604636609554,-0.2650529121831059,0.5386386513710022,0.1608757860076613,0.4289105452794581
279,0.002719,-0.140904,0.097911,0.016835,-0.08423,-0.723928,0.684507,1.410931212285161,-0.0613876578986644,1.996120918230712,6.801629979383945,-6.265889364001154,-3.2629534561827778,2.425932168960572,-0.1549545675516128,-2.027510404586792,0.575866249096786,-0.5047738326084059,-0.6415354239111601,0.044875499735633,0.2593597173690796,0.1964446902275085,-0.4429245889186859,-0.7346002229511738,2.7795781110703945,0.54469373716712,-0.0134994862601161,-0.2129459232091903,-0.1926905087457038,0.4237608313560486,0.317640300771594,0.6213916307918727
280,0.003674,-0.142188,0.092332,0.012815,-0.088352,-0.724103,0.683889,0.9460591998517512,0.2678817058682441,0.4311117816507816,7.2440557667315,-6.050477265560627,-2.6619094707623123,3.0569446086883545,-0.4537619054317474,-1.829430103302002,0.6000817478721433,-0.4426059087340602,-0.6631889753796721,0.0646705056392034,-0.187254786491394,-0.0378928110003471,0.3343785107135772,-0.7805600100934506,4.174077243992686,0.0592401244759559,0.0023258386645466,-0.306517094373703,-0.1401682669484522,0.4293297231197357,0.2398671425981447,0.9160977768301964
281,0.001828,-0.140984,0.083252,0.002182,-0.086131,-0.723358,0.685076,1.156651915311813,0.1574503233373165,-0.4152348519526422,7.603132824262976,-5.8411354269444935,-2.060070097180456,2.6544981002807617,-0.1711736917495727,-1.444088339805603,0.6221011878391602,-0.381538161739543,-0.6778369828084103,0.0891950030278471,-1.2992020845413208,-0.2486131936311721,0.8558822274208069,-1.4070494024157525,4.521692996311187,1.1564145263593644,0.029875710606575,-0.4135783314704895,0.2692373034619726,0.4304195940494537,0.1408749995788559,0.9900420608978718
282,-0.000264,-0.14142,0.07931,-0.002879,-0.08079,-0.723271,0.685816,0.9680448216885328,0.074717679592967,-1.345763305195421,7.894391314065456,-5.587964967995882,-1.6197544338546692,1.5985475778579712,-0.1887378245592117,-1.25170636177063,0.6375326778185939,-0.3341636027668203,-0.6862355139911593,0.1047259968699947,-1.6368277072906494,-0.423962652683258,1.3873801231384275,-2.24910345339179,3.8111613389506935,1.6343407392203806,0.0765873938798904,-0.4295527338981628,0.2623479823396541,0.4875334501266479,-0.0413591203798307,0.9752326873660088
283,-0.001821,-0.142745,0.076581,-0.008714,-0.077315,-0.724138,0.685253,1.290690383401513,-0.2325707385122775,-0.7235024903535843,8.138124667105078,-5.264815548413992,-1.4909839692957698,0.6095958948135376,-0.3509956300258636,-1.2155003547668457,0.6422487762699101,-0.3016835504246671,-0.6964237655450495,0.1072263957603989,-0.7769045233726501,-0.713027834892273,1.858993649482727,-1.75139007858634,1.7621388516157863,2.500702717500925,0.0387195348739624,-0.3385481238365173,-0.070891892493423,0.4720239043235779,-0.1894635095232166,0.847090803034231
284,-0.001904,-0.144865,0.066494,-0.02439,-0.078004,-0.725926,0.6829,0.3980816187083721,-0.3551280276447534,-0.0058754679046571,8.377564706864952,-4.894907008005679,-1.4236125608123835,0.3079160451889038,0.2310656011104583,-1.1441553831100464,0.6461862573813559,-0.2780831241542056,-0.7037427194981845,0.0992938366521108,-0.4497010409832001,-0.7428042888641357,2.19494891166687,-0.8171119174212217,0.6674595544837415,1.540892055672407,-0.0648862943053245,-0.2593861818313598,-0.3465140746869146,0.4648886919021606,-0.0702470187186263,0.9451008762136102
285,-0.001704,-0.145501,0.060909,-0.032243,-0.079081,-0.725703,0.682687,-0.7457803731352091,-0.1723781356170773,0.0112847796022892,8.59113030065596,-4.55661934826374,-1.264948331640661,0.3223290145397186,0.2888636589050293,-0.9620237946510316,0.6538541049868275,-0.2589519453269697,-0.70529306469541,0.0893332695714738,-1.0159953832626345,-0.9876527786254884,2.328964948654175,-1.6298673931986092,-0.457030614750646,0.2562709091819822,-0.1877221912145614,-0.2330842018127441,-0.3588697349237278,0.5044484734535217,-0.1980486930442974,1.0433501649763437
286,-0.001639,-0.145713,0.05555,-0.0382,-0.079598,-0.724384,0.68372,-1.3569301575064658,-0.1297094989746809,-0.2267747655846178,8.75995249735713,-4.260359104651212,-1.1326827915076163,0.5578327178955078,-0.0374092981219291,-0.8853538632392883,0.6597179351160135,-0.2394057893746846,-0.7074147416446852,0.0837946536241407,-1.5051791667938232,-1.1608552932739258,2.157184839248657,-1.173148292082548,-1.7713909563466903,-0.7484498846054076,-0.2416582256555557,-0.3150272667407989,-0.2247266922147013,0.5036010146141052,-0.1779488849541172,1.0742299449518322
287,0.000718,-0.146483,0.04623,-0.044736,-0.079755,-0.724382,0.683307,-1.7484119395583868,-0.3237485545188188,-0.5822901120465248,8.886423745062947,-3.985215591086447,-1.148867471980676,0.6185020208358765,-0.6052467226982117,-0.8278300762176514,0.659118751644355,-0.217602868137569,-0.7149999518908768,0.0835850639293315,-1.5857895612716677,-1.1961344480514526,1.8581397533416748,-0.6452209807991981,-3.131026573419571,-1.489306975994259,-0.2364524006843567,-0.3909824192523956,-0.2478472911644726,0.4990047216415405,-0.292399513063766,1.118480078632012
288,0.002193,-0.147925,0.040991,-0.048384,-0.081096,-0.725802,0.681391,-2.3521517399340865,-0.908720526060462,-0.4318365887939929,8.959699409154057,-3.7484506157547233,-1.3576786377862096,0.5085789561271667,-1.0054621696472168,-0.604006826877594,0.650669713453603,-0.1974108032097771,-0.7281835765599028,0.0860614845612977,-1.4948309659957886,-1.104033350944519,1.620728611946106,-0.200351891952753,-3.936252822735905,-2.076826147800684,-0.1974377781152725,-0.3076861202716827,-0.1590261578192934,0.5759527087211609,-0.342426403514482,1.234471652573347
289,0.002594,-0.150179,0.03492,-0.054643,-0.082962,-0.72697,0.679445,-2.336827914074063,-1.6291846716314553,-0.1011725557982921,8.961583907726407,-3.6358144166558977,-1.6251973555609582,0.5668503642082214,-0.8572070002555847,-0.182071253657341,0.6391836173824812,-0.1825766573964412,-0.7413014045254785,0.0926410441597108,-1.5201717615127563,-0.8479338884353638,1.280888557434082,-0.0218453365832567,-5.172181688380241,-2.9083392232790586,-0.1300202012062072,-0.3012793362140655,0.1246727651827968,0.5721648931503296,0.0326313500502845,1.1568494837105274
290,0.000856,-0.154892,0.0201,-0.065825,-0.084201,-0.72726,0.67799,-2.7059879742026327,-2.2564047163158656,-0.6562335193313658,8.889612896493077,-3.712639882183075,-1.8334367858931424,0.5947473645210266,-0.968653678894043,0.4346298277378082,0.6287160124281415,-0.1745663297927086,-0.7503371621371274,0.106004747057836,-1.41469407081604,-0.5209631323814392,0.8470029234886169,0.0056067339658737,-5.815298390376568,-3.4149031362771987,-0.1340435743331909,-0.1407180428504943,-0.0294338463503401,0.5626559853553772,0.0153815999122685,1.1187650330532342
291,0.000487,-0.155982,0.01088,-0.06947,-0.084021,-0.72813,0.676714,0.3973334306895733,-1.5236907455027102,-1.1079317235454915,7.716016276121139,-5.180971144035459,-3.1290573191732167,0.790755033493042,-1.593424916267395,1.6879571676254272,0.548107841395524,-0.1940448270256554,-0.7885963062620883,0.200100500816158,-0.3023837804794311,0.9006584286689758,-0.5909333825111389,0.4749883327782154,-7.909634475904703,-3.1087089431494475,-0.3439863622188568,0.1566414386034011,1.779507481176406,-0.0052678454667329,0.6479685259416699,1.2066829704809934
292,0.00206,-0.155379,-0.001753,-0.072004,-0.08413,-0.729333,0.675138,1.1794237190902233,-1.511130539137125,-2.1053779962852595,7.226768531844019,-5.677460530003905,-3.4220851567357777,-0.113961361348629,-0.9809420704841614,1.319713830947876,0.5232793207388768,-0.2079522086835523,-0.7945021517830901,0.2273786724785073,1.0397160053253174,1.38840913772583,-1.3254789113998413,-0.4365279614806175,-9.410160618919134,-1.2175588039562106,-0.2899645864963531,0.2084916979074478,0.9469937042228876,-0.3095933794975281,0.5393607421087101,0.8991010493218898
293,0.001754,-0.15831,-0.028047,-0.07729,-0.084169,-0.730895,0.672855,0.5824234561026096,-1.898406101670861,-1.6985457926273344,6.934920843976736,-5.894420442408323,-3.6514474545955657,-1.0652103424072266,-0.1443802863359451,1.4070454835891724,0.509847106752595,-0.2267115729566937,-0.796726974768673,0.2321291779385983,1.9374749660491943,1.7024145126342771,-2.31689715385437,-1.2585387568593025,-7.97372028684616,-1.3045710247159004,-0.2295378297567367,0.0666405335068702,-0.2710856895413249,-0.4549275636672973,0.6698450613807887,0.8633749252937734
294,-0.000424,-0.160462,-0.042443,-0.081665,-0.081999,-0.730538,0.672995,-0.4280518095582723,-1.3171990356206893,-0.4283724198147654,6.596113252013922,-6.10826719122827,-3.918000542208552,-2.002009391784668,0.9930198192596436,1.9861071109771729,0.5012273702021941,-0.271945277209138,-0.7910803991050793,0.2213789473545308,2.222614288330078,1.6451666355133057,-3.3222246170043945,-1.8376731082886453,-6.02676730414927,-0.6124708038419485,-0.0708286836743354,-0.0874584019184112,-0.5828348864477128,-0.7106524705886841,0.8539370887324214,0.7434460119035095
295,-0.003313,-0.163149,-0.058964,-0.085414,-0.07854,-0.730367,0.673127,-0.2367576688081026,0.0060147302448749,0.4704056811630726,6.269847161716222,-6.3332911676228045,-4.092533225511014,-2.0410966873168945,1.5608820915222168,2.3041841983795166,0.5004433793872882,-0.3327772857031509,-0.7732531289525676,0.2022258800387219,3.022495746612549,1.7425493001937866,-3.827500343322754,-3.615810324025154,-4.35504989721477,-0.0743218121431767,-0.0172164347022771,0.0167346857488155,-0.7921058517847209,-0.8330252766609192,0.4756497558290138,0.6899369053602218
296,-0.008459,-0.168704,-0.097481,-0.083231,-0.067415,-0.733221,0.671502,0.5027636439323425,0.3581862461715936,-0.1028153545692563,5.949907936352491,-6.573084258604049,-4.190885463191568,-1.6595616340637207,1.319676399230957,2.0639665126800537,0.5017075446859535,-0.3901160817229306,-0.7493231200613522,0.186047687123224,3.835306644439697,1.2427266836166382,-3.814218282699585,-6.0516936556130645,-2.636719207665324,-0.7552431980073452,-0.021844245493412,0.0640888735651969,-0.515640332368575,-0.7194825410842896,0.4573316069912165,0.7186128916811197
297,-0.011384,-0.170949,-0.118929,-0.080145,-0.06251,-0.73425,0.671227,1.1904694292396307,-0.66576984783113,-0.174301504895091,5.643330881386995,-6.705678373104334,-4.399671421490609,-1.64606773853302,0.7052466869354248,1.5364218950271606,0.496020006402205,-0.4354598448544677,-0.7312287908488664,0.1721727130016572,3.870779275894165,0.6505935192108154,-3.6326982975006095,-7.255607672837376,-0.6103028121531009,-1.9970020849794148,-0.0277147740125656,0.0854142755270004,-0.7929853380329906,-0.5623105764389038,0.2706135237186216,0.4203165391311049
298,-0.014804,-0.172311,-0.142594,-0.075428,-0.061175,-0.73379,0.672399,0.6580465601027011,-0.242903916478157,1.2496204141274094,5.371600683397054,-6.750857823523878,-4.662853279104828,-1.2907503843307495,0.6720574498176575,1.4319881200790403,0.4866189730408294,-0.4720151056459604,-0.7175939631827285,0.159569965660159,2.949096918106079,-0.011235368438065,-3.3534624576568604,-5.9419040781170125,2.478262922155857,-2.850622655108571,-0.0511824153363704,0.0669655874371528,-0.5670518455781042,-0.4583095014095306,0.45073341430258,0.2601542168887332
299,-0.02251,-0.170074,-0.19664,-0.056539,-0.058161,-0.732365,0.676064,0.7763742488414048,0.6291548121392726,1.4753677363604307,5.118000016337633,-6.860213685777783,-4.786847615303099,-0.8440318703651428,0.802078127861023,1.48311185836792,0.4823927334658545,-0.5038374864308802,-0.7001493382007796,0.1524332084017683,1.8711061477661133,-0.3034778237342834,-2.964929580688477,-4.099468869993091,3.671652622756362,-3.3194431129068134,-0.0887541025876998,0.0326460748910903,-1.1669514832690355,-0.2897718250751495,0.195083303900063,0.4337325586084276
300,-0.026427,-0.165097,-0.225548,-0.039149,-0.053235,-0.732478,0.677576,1.5210238643810152,1.2919862684309482,0.9089788847357034,4.855333122508228,-6.988838896647096,-4.873626611828803,-0.7565045952796936,0.3925301730632782,1.248329520225525,0.4786473197091443,-0.5307766551424118,-0.6831997818262919,0.1497025988876181,1.0284830331802368,-0.4432127177715301,-2.5133941173553467,-2.298822885328532,5.464389441731572,-3.359227718545496,-0.1214678511023521,0.09668929874897,-1.0951687611494212,-0.0879443138837814,0.2160795493733137,0.6250318139251321
301,-0.031495,-0.159936,-0.254565,-0.020309,-0.046335,-0.732089,0.679327,2.131455271349848,0.9620657472789288,1.0012935958176852,4.586675463831424,-7.0410939845412965,-5.055276141399145,-0.8199822902679443,0.1011763662099838,1.0096309185028076,0.4692780186842165,-0.5521431631047677,-0.6729675282867715,0.1484280049681598,0.6095533967018127,-0.1775535494089126,-1.9100261926651,-1.53685827011168,5.450795216143131,-3.4899139535978434,-0.1528321653604507,0.0486004650592803,-0.877646611752361,0.076140359044075,0.4055896197183057,0.6319201121341437
302,-0.038435,-0.145146,-0.311902,0.006546,-0.042594,-0.730196,0.681877,4.980223530763388,-0.0791436793416738,1.8717858057707544,3.5672260335981845,-6.944995663267374,-5.933997835037112,-0.4153745770454407,0.1140087693929672,1.035587191581726,0.4238304581846856,-0.637116612165172,-0.6297873549970487,0.1334844314008746,-0.1600963920354843,0.5579621195793152,1.122140407562256,-3.6642677732020617,5.897776767098903,-3.8963974899485705,0.2847322523593902,-0.2171093821525573,0.7232029228851199,-0.3066890835762024,0.8823965827584266,-0.1400112771552987
303,-0.041254,-0.142556,-0.341081,0.01766,-0.044687,-0.730313,0.681421,5.594913764220476,0.4999357270300388,1.7844623271048068,3.325432708710432,-7.031167633810639,-5.972818856340647,0.0621358416974544,-0.0511949136853218,0.712968111038208,0.4193861402861152,-0.6477532529581331,-0.6204391542936978,0.1399509658739573,-0.0164774544537067,1.229702711105347,1.8254574537277224,-3.148916450375318,4.485110109323263,-1.8113506262913344,0.4045243859291076,-0.6714448928833008,4.001572267125547,-0.3076542913913727,2.083036400617659,0.7091887913841753
304,-0.043627,-0.1402,-0.365141,0.031114,-0.045,-0.728587,0.682765,6.368191800612211,1.111877538561821,1.7314421000570055,3.213853032927215,-7.15125181082785,-5.890769518685341,0.5366222858428955,0.1015625298023223,0.0830803588032722,0.4217146083727619,-0.6489329635417732,-0.615817882745434,0.1476862834247006,0.1655522733926773,1.122952222824097,2.50663685798645,-3.884484641575813,4.294798549869657,-1.5271832637935876,0.3485156893730163,-0.1975418776273727,-0.5203886228742077,-0.0598358809947967,-0.1396570294906851,0.6229104378569871
305,-0.045946,-0.141601,-0.417056,0.042385,-0.05985,-0.727623,0.682045,6.5217199820697305,1.5848691445648668,1.0158207183420658,3.336854266434908,-7.277232644668221,-5.663714328724145,0.8496894240379333,0.0515137426555156,-0.8240082859992981,0.4332025910387048,-0.6372930954204563,-0.6185681720533807,0.1535135425993802,-0.4587557911872864,1.2653770446777344,2.869776964187622,-3.4333746125131843,3.901096169158816,-1.0215637920387088,0.21958789229393,0.3042089641094208,-1.773882627031952,0.2726418077945709,-1.435025935230404,0.3504096208207309
306,-0.04637,-0.142252,-0.443213,0.045124,-0.070863,-0.727392,0.68106,5.984224631974101,0.9394318906664848,0.5674024125814437,3.701818043917417,-7.276735216540097,-5.432870267874002,0.8828108906745911,-0.3447877466678619,-1.8683578968048096,0.4460658323769748,-0.6109377498172814,-0.63541667459778,0.1550034675585838,-1.3205411434173584,1.0570183992385864,3.322114944458008,-4.317984195145964,1.863485594937205,0.4380728528350591,0.1941021531820297,0.3922358155250549,1.2630129796639085,0.2116414308547973,-0.4392717802960425,-0.2109316102919168
307,-0.047814,-0.142695,-0.469418,0.048699,-0.078273,-0.726459,0.680999,5.009499894130229,-0.5964619183272123,0.5919985091775656,4.247680532602965,-7.12738169041872,-5.227620667007566,1.17719304561615,-0.7505380511283875,-2.7027392387390137,0.457714093614397,-0.5688452364766966,-0.6655445795483982,0.1548008078507941,-2.255908250808716,0.6345662474632263,3.2672510147094727,-5.987779694107174,0.6910591873884201,1.0342985512536018,0.2836390137672424,0.4505616426467895,0.870137770492211,-0.1163128912448883,-0.6773303025696427,-0.3749026223685592
308,-0.055084,-0.147023,-0.526698,0.052048,-0.085281,-0.723289,0.68328,3.5893554478198286,-1.9220663787215948,0.6478326246023177,4.911107324439287,-6.835473212274908,-5.03266274305284,1.3816392421722412,-1.035374879837036,-3.335217237472534,0.4683895939817827,-0.5112236016235477,-0.7037363185353284,0.1549732698645763,-2.966348886489868,-0.2140351235866546,2.9212684631347656,-5.117784912282228,-0.141923083859682,1.655451916310191,0.3806081116199493,-0.0203822199255228,0.1312533491495065,-0.443824827671051,-0.2824705137182958,-0.208103985650558
309,-0.057906,-0.151485,-0.558783,0.047405,-0.092145,-0.722106,0.683977,1.2822294290482996,-1.721275510829687,1.229363515779376,5.618458890458941,-6.391477399131655,-4.873638886788487,1.480401873588562,-0.983005702495575,-3.5090043544769287,0.4774629470664092,-0.443869789274302,-0.7426075967119808,0.1534367186424569,-2.523406982421875,-0.5770668387413025,2.7447586059570312,-1.6973112823963163,-1.714671582520008,2.301773551827669,0.3946678936481476,-0.1794141381978988,-0.9222031810332088,-0.6357908248901367,-0.6371206033866852,0.0755758170925313
310,-0.061413,-0.156724,-0.594305,0.039246,-0.102324,-0.721552,0.683632,-0.3421037108987569,-2.0737936482369896,1.0075035563737154,6.294687003940344,-5.853108188810944,-4.721059092096984,1.3451687097549438,-0.7155212163925171,-3.3269805908203125,0.4867826285145041,-0.3752652918416664,-0.7745211336039779,0.149450842830814,-2.263078451156616,-0.534473180770874,2.6454179286956787,-0.0111795656621456,-2.577629889836907,0.9927900444317608,0.2847637832164764,-0.2029362469911575,-1.0683937861442565,-0.4412754476070404,-0.6521197273369879,0.5511030196875334
311,-0.065124,-0.166408,-0.667958,0.024964,-0.108247,-0.7208,0.684183,-1.4622124867111443,-2.8185528616309163,0.973020272013545,6.882834682908654,-5.23464311299026,-4.625524249924719,1.0253973007202148,-0.565477728843689,-3.011253595352173,0.4942797096679593,-0.3122141018941753,-0.7989733805801621,0.1408950842818095,-1.6878979206085205,-0.7441375851631165,2.615106105804444,-1.3956892194896937,-4.670762444794177,0.1809416735619306,0.2303172498941421,-0.3068393170833587,-1.308316640985012,-0.1993177831172943,-0.6177944100175052,0.6057212199838832
312,-0.067323,-0.167461,-0.70475,0.023564,-0.097805,-0.721367,0.685207,-2.604460613617301,-2.942169888949394,1.344584178413451,7.325227152508496,-4.619915762393176,-4.600847781568765,0.8047304153442383,-0.5590664744377136,-2.47865891456604,0.4983255889407121,-0.2582702303098005,-0.817235857801387,0.1307425359841042,-1.5110090970993042,-0.8697429299354553,2.322964668273926,-0.9841080677390098,-6.149667123109102,-0.5676216082900762,0.2062831670045852,-0.3714044988155365,-1.162569834118709,-0.1239821836352348,-0.7241814125284552,0.2616239423814229
313,-0.069933,-0.164665,-0.742213,0.027,-0.081432,-0.720829,0.687783,-3.354571124911308,-4.320170599274337,1.766283988596499,7.717554153212904,-3.643542672820389,-4.830561961606144,0.3388099074363708,-0.8759350180625916,-1.582361936569214,0.4903440609407532,-0.1803578334931933,-0.844843876053017,0.1152065845885022,-1.5803383588790894,-0.7211779356002808,1.1783355474472046,1.730003007164597,-7.367746443808079,-1.6855547936290505,0.1514393389225006,0.0019523707451298,-0.1002468923207372,-0.1221760958433151,-0.6569374298170209,-0.2239663205677643
314,-0.071211,-0.151656,-0.823499,0.041484,-0.0519,-0.726023,0.684453,-3.636958910515904,-6.059993281924724,1.808858517214656,7.748700402104854,-3.2527024035424,-5.054497558242082,0.1363139003515243,-0.6820480823516846,-1.1949348449707031,0.4803891497371002,-0.1538115711984109,-0.8567669706797559,0.1073247005660948,-1.2006901502609253,0.0169020481407642,0.4523746967315674,1.270192369773984,-8.425584933668375,-1.9188848260760307,0.05804980173707,0.1076968610286712,2.290899837244302,-0.0233661830425262,0.1086782826527487,-0.1054263955841772
315,-0.071243,-0.145991,-0.863405,0.042718,-0.049617,-0.72829,0.682134,-4.773414425495266,-7.752631896334886,1.5637036069393158,7.76511962198615,-3.0398309294953942,-5.160692910638451,-0.2334585487842559,0.0723232328891754,0.0051136133261024,0.4762057496673668,-0.1435585437932859,-0.8616919788477475,0.1005287766951343,-0.8577468991279602,0.1953068375587463,-0.3203600943088531,-1.8450386686205864,-8.555610074463486,-2.664211902485788,-0.0474424660205841,0.0952951163053512,1.4178594041131436,0.0529652908444404,-0.1068667853845283,-0.2920951963549479
316,-0.071929,-0.142891,-0.903261,0.033429,-0.051367,-0.729345,0.681395,-5.58295152374804,-5.766838018590212,1.903751554352045,7.799084435430169,-3.1599428713023663,-5.0358162386476994,-0.6918489933013916,1.0409941673278809,1.3810670375823977,0.483756498186932,-0.1634061695817832,-0.8544317439810648,0.0960444834516536,-1.078635811805725,0.4845385253429413,-1.2135547399520874,-0.1654354768723249,-7.209265023857355,-2.141552010211349,-0.0505586192011833,0.1807004064321518,2.9560256880834697,-0.2779978215694427,0.7877358930721878,-0.9923922042205928
317,-0.083521,-0.141804,-0.977204,0.014657,-0.044688,-0.726221,0.685851,-4.418710176220536,-5.230065137550234,0.5490554395079612,7.813987405529618,-3.570271977165341,-4.7291819005370135,-0.98116934299469,1.4093329906463623,2.18302321434021,0.5000038689389074,-0.2066018973361747,-0.8357253308328908,0.0942073342497832,-0.0054189441725611,0.9924169182777404,-1.9354667663574217,-0.6902852804064751,-7.997227419161796,0.1760683684371411,-0.1189274191856384,0.2938332557678222,0.4294177641492336,-0.3658986985683441,0.2281672611226327,-0.4249343716574832
318,-0.093259,-0.138002,-1.010866,0.001798,-0.034026,-0.722712,0.690309,-3.2519466167390343,-4.084387328456342,0.2926607578158378,7.684513468876481,-4.120691983024776,-4.487602510660887,-0.8508704900741577,1.1530452966690063,2.440791368484497,0.5119376823969479,-0.2586630304635686,-0.8135708269460206,0.0954772056010289,1.324291467666626,1.2070358991622925,-2.5229315757751465,-1.0517536169886588,-6.744232852426171,0.1351220255427062,-0.1751374453306198,0.0619683898985385,-0.4936186163051053,-0.1119358614087104,0.5693882891690358,0.5618915767380968
319,-0.105003,-0.133828,-1.045401,-0.007488,-0.017737,-0.719076,0.694665,-2.509735334262252,-3.251123902179301,-0.5888514433234929,7.4031848369359965,-4.766160216583312,-4.318214789031446,-0.4476235210895538,0.5915307402610779,2.6257786750793457,0.5184048293751112,-0.3081421414330251,-0.7907060820825854,0.1053035642664364,2.36860728263855,1.1793164014816284,-3.1046175956726074,-2.204244905489683,-4.532563934415578,0.2777431746691465,-0.1139971911907196,-0.0452139936387538,0.287272306243144,-0.0268113277852535,0.911776260369271,0.0356837439078255
320,-0.119264,-0.132625,-1.111455,-0.014158,0.000536,-0.718205,0.695688,-0.3112064683318138,-3.1076404371351,-1.4635527954041958,6.89600863725841,-5.481707656279206,-4.308866530449688,-0.2078071683645248,-0.0757497027516365,2.70276427268982,0.5141599220704817,-0.3542508481294093,-0.7708420020094452,0.1262875183347738,3.4444425106048584,0.9910461902618408,-3.468104839324951,-4.075582967492938,-3.233821177461744,0.3501403023600578,-0.0977386310696601,0.0008469569729641,-0.0591865493915043,-0.1902627646923065,0.5322041848849505,-0.656590223814547
321,-0.123421,-0.137906,-1.148474,-0.021041,-0.00554,-0.719743,0.6939,1.4021014246195551,-2.0115444050729274,-1.29446288767755,6.256052445119619,-6.14280775873363,-4.392963740545511,0.0141295567154884,-0.325161725282669,2.416393518447876,0.502736402528596,-0.3941364255834169,-0.7540791070557208,0.1525692704012387,3.933478832244873,0.583344578742981,-3.603694438934326,-5.469377751538157,-1.5262112038910387,-0.5744798036217689,-0.1161763444542884,0.2037606537342071,-1.266246700888127,-0.4561918675899505,-0.1003388175210449,-0.5791440691057592
322,-0.127074,-0.144904,-1.187551,-0.031108,-0.01819,-0.7215,0.691476,1.9812807842344045,-0.2468079381793737,-0.8972419774517416,5.604298263159394,-6.713883891391753,-4.436889391511678,0.4168169498443603,-0.4940719604492187,2.122283697128296,0.4907833841663097,-0.4242889916540227,-0.7390515940792434,0.181420119253941,3.589263677597046,0.0901148468255996,-3.6068153381347656,-5.244942388686537,0.8228639050766825,-1.9019395364940168,-0.1782065480947494,0.2721095681190491,-0.6330491892293095,-0.5604000091552734,0.08290665773754,-0.2116751586682163
323,-0.141125,-0.159339,-1.2659,-0.039086,-0.029766,-0.723481,0.688594,2.547399586746097,1.084758645489812,-1.1161533161848782,4.957226101535558,-7.229327568677068,-4.396946088179946,0.5423024892807007,-0.4962737262248993,1.8891457319259644,0.48007438057118,-0.4464169785625453,-0.7244955089298493,0.2129478759089694,2.950897455215454,-0.32393479347229,-3.407791376113892,-4.685160387980938,2.304015777796507,-2.8016818063288924,-0.2359923273324966,0.2679688334465027,-1.3679345127321778,-0.5424827933311462,0.0447936157400021,0.1037429268761072
324,-0.150821,-0.163816,-1.30431,-0.034902,-0.022119,-0.723163,0.689441,2.889643290637433,1.912642716816068,-0.9671493341535328,4.357755356781184,-7.626406147822737,-4.360997699703276,0.1650481224060058,-0.2691643536090851,1.6872659921646118,0.4696755698514122,-0.4666155389613293,-0.7103653556431214,0.2388638026480977,2.0390384197235107,-0.745817244052887,-2.847484588623047,-3.434852868372202,4.401783006817102,-3.602326280812919,-0.2659916281700134,0.2183106690645218,-1.5481621928058564,-0.3990556895732879,0.1255790481064468,0.4568765932327136
325,-0.161734,-0.166091,-1.343766,-0.029474,-0.014033,-0.722997,0.69008,3.2083769396036863,2.183485610577464,-0.3740320500791073,3.8346170333400367,-7.880490214484929,-4.400455849866569,-0.2887083292007446,0.0617926716804504,1.5976604223251345,0.4595386166334687,-0.4897698672031956,-0.6960504954633723,0.2538968293029345,1.0077595710754397,-0.8345741629600525,-2.294254302978516,-1.9094535653859368,4.686377947077155,-3.925287192085385,-0.248728334903717,0.225322425365448,-1.7178687711261211,-0.1816527247428894,0.2047526293960399,0.6020005920255557
326,-0.184785,-0.159539,-1.430662,-0.016361,-0.0094,-0.724602,0.68891,3.831018716587126,2.1536650573313234,0.1832549189403653,3.3669989370688795,-8.031279910889268,-4.50912782150954,-0.5104115605354309,0.243693396449089,1.529997944831848,0.4496613834925106,-0.5160859907718667,-0.6808500470694043,0.2605821695892107,0.2557476758956909,-0.6771532297134399,-1.792069673538208,-1.6408464678525925,5.561833332395553,-4.252143941752612,-0.2073045969009399,0.2414621114730835,-1.264774874769896,-0.0213310867547988,0.5181340854130685,0.3870395618207752
327,-0.196823,-0.151677,-1.472952,-0.005047,-0.006277,-0.725806,0.687852,5.082720613163709,1.6445149272322654,0.2121189021140337,2.935162056013941,-8.116941009300946,-4.655158925209939,-0.4502770006656647,0.0245747994631528,1.2815754413604736,0.4386902464999361,-0.5402553413234973,-0.6674363012570517,0.2649602335976974,-0.2873497009277344,-0.4048881828784942,-1.1218711137771606,-2.0735615930467843,5.931212003710866,-4.84774748968482,-0.1704893559217453,0.2655560374259949,0.7280902565352618,0.1268172860145568,1.0307310680303725,0.0451539323857985
328,-0.206712,-0.145043,-1.512819,0.003491,-0.005142,-0.729181,0.684293,5.806109706270695,0.3832423614948987,-0.2447159343361854,2.5785335606783626,-8.174124201247096,-4.765001401937008,-0.3616301715373993,0.183042898774147,1.1045750379562378,0.4297351821137166,-0.5591407808971026,-0.655979452222713,0.2690356838188388,-0.6848164200782776,-0.1388790309429168,-0.5149900913238525,-3.2032068434894083,5.791821653199196,-5.051041864830255,-0.1983290761709213,0.2555436193943023,1.4034731513641774,0.2740231454372406,1.4563085233643651,-0.1303324166459962
329,-0.223997,-0.140796,-1.58893,0.010099,-0.013616,-0.731044,0.682119,5.896773143014311,0.3949070803254842,0.1508656842499971,2.2146320055998863,-8.19895586016476,-4.903354810616373,-0.578494131565094,0.1756820380687713,1.3525267839431765,0.4199971554320539,-0.5797573071427239,-0.6433373859490007,0.2712946602306102,-1.142567157745361,0.1444241106510162,0.3646934926509857,-3.589571136397123,6.423031644302606,-4.663824754485487,-0.0916955322027206,0.2895330488681793,1.1487488140370696,0.3783899843692779,1.181647971010953,-0.3478787506362423
330,-0.230873,-0.140941,-1.626411,0.010023,-0.024662,-0.729724,0.683224,7.939974084588885,0.2910574142724275,0.6937012263298035,1.7960475509583949,-8.195815224051476,-5.076736862578988,-0.4781096875667572,0.176733911037445,1.2198915481567385,0.4076024067488416,-0.6022737102545458,-0.6293710644647421,0.2738957634713314,-0.906550407409668,0.8982394337654114,1.3994280099868774,-4.102331858208776,4.997792505201697,-3.169448950794339,-0.1399502456188202,-0.3499736785888672,1.046165222397074,0.5829638242721558,0.9944752941049636,-0.2140505642963573
331,-0.235232,-0.140612,-1.663204,0.011695,-0.041262,-0.730721,0.681328,8.840960801526904,2.3806454284906384,1.1544669724881649,1.6284341455250977,-8.204092054009436,-5.119714419040084,0.0111281974241137,0.7535207867622375,0.3148535788059234,0.4061559574112069,-0.6164250272529166,-0.6172948746264155,0.272037878665836,-0.4892916083335876,0.9897565841674804,2.249636173248291,-4.024684554904699,4.631569667568803,-2.254247538281977,-0.0726545602083206,-0.2698740661144256,1.4960489976003766,0.758048415184021,0.6724111124765128,0.2450639075236395
332,-0.24435,-0.137054,-1.737858,0.023678,-0.061567,-0.733695,0.67627,8.634253987589478,2.727140652346611,0.8173048096448182,1.9386900351338088,-8.185470940169692,-5.040825591242313,0.1061217039823532,0.7487532496452332,-1.239843487739563,0.4191176367276175,-0.6142954931335936,-0.616158759622181,0.2594798808626152,-0.6975343227386475,0.9719887375831604,2.705552101135254,-4.149326249095798,3.5343700581789013,-1.567731547281146,0.0598104298114776,0.1675285398960113,-1.7112220265880227,0.9933939576148988,-1.054017470267415,0.0856347583940252
333,-0.251264,-0.136766,-1.772346,0.031938,-0.059952,-0.733111,0.676708,6.735571407064795,1.745964546406269,0.5948673426121472,2.654636557149887,-8.052440187817812,-4.927623574954271,0.299983263015747,0.3033778965473175,-2.427471160888672,0.4374440281166595,-0.5916069752451348,-0.6334351314186566,0.2395908442593942,-0.9347857236862184,1.024993062019348,2.93918251991272,-2.6656442733764645,2.1139812817186114,0.229130827191472,0.1599587053060531,0.4010072350502014,0.6084692765830084,0.6903213262557983,-0.5640602625466883,-0.6870763282973319
334,-0.259809,-0.137735,-1.811244,0.034386,-0.05748,-0.730845,0.67925,6.436224887874722,-2.2352497000843283,-0.3691355102092027,3.5941339142680166,-7.754707533565163,-4.808026889193058,0.4138022065162658,-0.15265554189682,-3.4188427925109863,0.4555119065512104,-0.5501770793545865,-0.6651663980737262,0.217641538887483,-1.1185930967330933,0.7499542236328125,3.0044453144073486,-5.085112476736307,0.371710621394217,0.4224958559315651,0.2253482341766357,0.34292072057724,0.4788302490286529,0.4436652660369873,-0.2880690643777139,-0.5114684169787913
335,-0.277677,-0.14939,-1.893949,0.019108,-0.061094,-0.727607,0.683001,4.321420891596377,-4.1282086422652,-0.0665285279184579,4.662522147454321,-7.234224108546972,-4.700775890263915,0.5704768896102905,-0.1788148283958435,-3.8947291374206543,0.4725841065711065,-0.4939463821257283,-0.7040524470459933,0.1923316608138394,-1.6745439767837524,0.0417694710195064,2.669150352478028,-4.178655803954601,-0.5956991172611713,1.1147983944445847,0.2270459532737732,0.0626378655433654,0.0054462804238661,0.1408010274171829,-0.057200060882559,-0.6487536849699914
336,-0.284247,-0.154965,-1.93675,0.01196,-0.060905,-0.727442,0.683357,1.5098925217747687,-3.742884213799238,0.4212333617150783,5.728977366751432,-6.551586128023266,-4.519509222531318,0.6755603551864624,0.2342503070831298,-3.791733980178833,0.4925255742422514,-0.4323068131883785,-0.7372527747688543,0.1642798393329962,-1.7277723550796509,-0.2286793887615203,2.255748987197876,-1.2912450946748255,-1.9403063842892645,1.6588158397853374,0.1977758854627609,-0.0737016946077346,-0.9438485380649566,-0.1988661736249923,-0.3352948346015065,-0.6743322897974401
337,-0.290847,-0.159089,-1.980275,0.00899,-0.056147,-0.72744,0.683811,-0.5012205061435699,-3.667551617178321,0.2122907515496015,6.713574679312109,-5.74914220290184,-4.248016340428591,0.5948664546012878,0.644417405128479,-3.553406476974488,0.5155306083164996,-0.3727898373598807,-0.7600107220096086,0.1328140690302198,-1.3936039209365845,-0.2579497098922729,2.1491811275482178,0.5290151065200567,-2.666966461890936,1.2098691262364387,0.1266004592180252,-0.122739128768444,-1.7556592803381383,-0.2766639292240143,-0.4183357040448114,-0.0489641748563386
338,-0.30046,-0.155595,-2.070304,0.017016,-0.039032,-0.730046,0.68207,-2.1116811880826947,-3.9191564342454073,-0.0855740046501159,7.549212433505057,-4.874297642958164,-3.9269589246898886,0.6236433982849121,0.604802131652832,-3.2969446182250977,0.5381042096178997,-0.3162622784091645,-0.7747240471115285,0.1011172259240811,-0.3798362016677856,-0.1007802709937095,2.2412774562835693,1.0453852510005237,-4.13474739638418,0.9905062443435192,0.0666675567626953,-0.1279195547103881,-1.847717240180075,-0.1385936588048935,-0.3930862215738743,0.4325165338821709
339,-0.301384,-0.151281,-2.117592,0.02528,-0.033326,-0.736151,0.675523,-3.807230136981606,-4.6545673890575765,-0.3125672352910041,8.161085855975747,-3.972788947972655,-3.712684013585746,0.5243064761161804,0.0670042186975479,-2.976809024810791,0.5525902505540708,-0.2622924120934408,-0.7877162498102198,0.0731426169491115,0.0559834316372871,-0.1080216169357299,2.320441722869873,0.7049035883456468,-4.883583357697725,0.7067068383753299,0.0911145135760307,-0.1558704972267151,-1.896163729571551,0.0538712069392204,-0.3518745057415217,0.4557609236083924
340,-0.303668,-0.146083,-2.164143,0.025329,-0.035086,-0.742817,0.668095,-4.720487137427925,-5.34051814739108,0.1394356509581208,8.52906342832148,-3.1213381230980155,-3.699014384673536,0.3811149895191192,-0.2546037137508392,-2.5290307998657227,0.5558204389158716,-0.214703072924376,-0.8015608770023613,0.0496626050370545,-0.0660141184926033,-0.1888089925050735,2.09368109703064,0.9628548518300056,-5.727496188282967,0.6952935370225459,0.1099528148770332,-0.0575006604194641,-0.7803711364578455,0.1194770559668541,-0.1631255194295197,0.2647033132941462
341,-0.317368,-0.141933,-2.255711,0.003466,-0.041038,-0.744557,0.666287,-5.887875550809502,-6.532113365790248,0.1253571489840745,8.753284271639584,-2.366834491411596,-3.7347649124905455,0.0636827573180198,-0.1232305467128753,-1.9700113534927368,0.5556942567936825,-0.1762518090965379,-0.8120069655268531,0.0279958861487917,-0.3849747776985168,-0.2204835563898086,1.6021510362625122,0.6882669263213872,-6.763794461986422,0.6254635564059019,0.0976710021495819,0.0285799205303192,0.510634121579118,0.1985486000776291,-0.1283458002728875,0.2146538091528229
342,-0.327617,-0.141113,-2.295177,-0.0078,-0.034444,-0.742034,0.669432,-6.835502438369393,-7.962433169156313,0.1485343186929822,8.855911117899417,-1.891352968288958,-3.763779702311754,0.0597516372799873,0.0040084365755319,-0.6821677684783936,0.5549298981712408,-0.1555257353142067,-0.8171359168717623,0.0123924065147728,-0.6419938206672668,-0.1617969125509262,0.8138238191604614,-0.3618675650328397,-7.804514643785357,0.242484229761362,-0.0108176534995436,0.1091852039098739,1.7653322408296166,0.3446211218833923,-0.1849467444848269,0.2035995686370879
343,-0.338507,-0.138463,-2.333727,-0.021845,-0.027737,-0.737933,0.67395,-6.697139092817902,-6.823568254947662,0.1682166320234537,8.894566134986281,-1.8690292005389928,-3.682904376871884,-0.0661349594593048,0.3858053386211395,0.4335919320583343,0.5586716994459938,-0.1552799980531237,-0.8146557448867852,0.0104871670262182,-1.3708621263504028,-0.280576080083847,-0.3272789716720581,-0.557343959903717,-7.164509936329722,-0.6632710167527198,-0.0636860877275466,0.4427779018878937,1.0320449271079153,0.3384988009929657,-0.38270628185682,-0.4651164887137711
344,-0.354512,-0.128011,-2.412762,-0.03452,-0.016428,-0.731383,0.680895,-5.3451528214544055,-7.50375767327547,-0.6059793959960341,8.8605878775388,-2.168966086837649,-3.5994349432855843,-0.1024873107671737,0.1701861470937729,1.3303165435791016,0.5623259577604227,-0.1730656689178367,-0.8084357611344579,0.0164109213455665,-1.042616844177246,0.3053892254829407,-1.4952805042266846,-0.6594575959444046,-8.059058144652843,1.4699012876480817,-0.3144394755363464,0.1671291887760162,2.83341929911226,0.2150833457708358,0.9854426042784004,-0.8290494618438183
345,-0.357336,-0.126023,-2.449531,-0.027548,-0.012619,-0.73205,0.680576,-4.679548393318057,-5.726664413633943,-0.7150710543558001,8.684896964111923,-2.744170697602629,-3.634893502418697,-0.1888751983642578,-0.3684379160404205,2.0232279300689697,0.5600061494433171,-0.2030739369117641,-0.8025515373340657,0.0326348046770886,-1.7713943719863892,0.1399134546518325,-2.458495855331421,-0.9119307202786208,-5.878147937521338,0.2978149987738579,-0.4430771172046661,0.2437585443258285,0.100642613640055,0.1509028226137161,0.73505227756761,-0.4463736481904983
346,-0.359817,-0.127955,-2.492096,-0.018682,-0.014218,-0.734444,0.678263,-2.429929976141453,-4.472276931235194,-1.1883417695611715,8.328346210187673,-3.471833814767003,-3.841277660273015,-0.2016730904579162,-0.7170706391334534,2.3366894721984863,0.5486931544905915,-0.2417913257725606,-0.7983655898316281,0.0555447510146035,-1.5698894262313845,0.4855590760707855,-3.205743789672852,-0.2740601022422314,-5.2614557165920735,-0.2112041984219104,-0.6565645337104797,0.0428069606423378,0.3709793114449828,0.2279589772224426,1.1650594589773564,-0.388853808168508
347,-0.36362,-0.141702,-2.575296,-0.015642,-0.034492,-0.73919,0.672432,-0.965138578853011,-3.4602100124686954,-2.2695625963136554,7.830962505728006,-4.154399606837332,-4.19373617644757,-0.4042254984378814,-1.1285192966461182,2.2318952083587646,0.5290400444785114,-0.2808681937068558,-0.7968275191388069,0.0793457832887372,0.7871018052101135,0.9804061651229858,-3.362380027770996,-2.232848484161496,-4.728102873128652,0.0336286402922123,-0.688275933265686,0.044279608875513,-0.2364486576578579,-0.0298225674778223,0.9475378210369496,-0.8667468859449029
348,-0.368519,-0.150634,-2.6182,-0.01778,-0.043337,-0.73871,0.672393,-0.3188929311811924,-2.9511642195269463,-1.3058031968593595,7.211199206790328,-4.819665012277662,-4.576000925081968,-0.3346760869026184,-0.7592580914497375,2.701327323913574,0.5059252125007353,-0.3233762486320187,-0.7929305933398577,0.1035782154353773,2.314305305480957,0.8558017015457153,-3.244396686553955,-4.246687722173333,-2.435781624779105,-0.8444161039322614,-0.5574877262115479,0.0468136332929134,-0.394048198473826,-0.4198768436908722,0.6654799249738454,-0.5925496402543038
349,-0.374944,-0.158407,-2.660864,-0.017287,-0.046724,-0.736981,0.674075,1.1372609861433505,-1.125917169830203,-1.3266788116276262,6.5481257584363215,-5.539390614441037,-4.754742458251118,-0.2361731529235839,-0.2293562889099121,2.780294179916382,0.4906782179177543,-0.3699711486536489,-0.7781681963091399,0.1296551702154838,2.9197285175323486,0.618087649345398,-3.106009721755981,-4.278422000086307,-0.6064402915060519,-1.0776514438331126,-0.3394175469875335,0.2474275529384613,-1.4166047278769314,-0.7019503116607666,0.0746136118637165,-0.2715257249264046
350,-0.392373,-0.161392,-2.756124,-0.007872,-0.04728,-0.736705,0.674513,1.9194336921304465,0.391917835381627,-1.1897069204345343,5.901823412141203,-6.151767310258745,-4.8471223435238,-0.1431528031826019,-0.1947009414434433,2.443206548690796,0.4791131235738542,-0.4125814031968277,-0.7595466028698105,0.1526959247697637,2.746312141418457,0.5337072610855103,-3.0840072631835938,-3.659621408700943,1.1400976708739996,-1.4366747253507377,-0.1776829808950424,0.3238756954669952,-1.1772247477412223,-0.7737064361572266,0.347193142992258,0.115014061545534
351,-0.401672,-0.156875,-2.802981,0.00135,-0.042779,-0.734029,0.677768,2.2674977727383374,0.8477864571481942,-1.1690969708651304,5.263612017843127,-6.629932519507408,-4.950631525576115,-0.2220291346311569,-0.4457439184188843,2.116473197937012,0.466145202133336,-0.4477599943929889,-0.7429151759434386,0.1740593320058762,2.281712293624878,0.3365060985088348,-2.887892723083496,-3.446352752029896,2.888217349487543,-2.22549826752916,-0.1500055789947509,0.2597337067127228,-1.5479577562749385,-0.5779094099998474,0.472738288829103,0.6191001588538289
352,-0.411709,-0.14903,-2.851837,0.008289,-0.037806,-0.730882,0.681405,3.2005548676759004,0.9957581735223532,0.9382949955910443,3.915462255902588,-7.230409518694877,-5.344225185215473,-0.2691128849983215,-0.3938930928707123,2.089689016342163,0.4287001624353311,-0.511117764668159,-0.7150092798217028,0.2091329747065878,1.8503843545913696,-0.0769426822662353,-1.917034387588501,-1.4634230315446852,5.090504106646776,-3.012999621193111,-0.2502340376377105,0.133032277226448,-1.267967387200892,-0.0251636281609535,0.6352306249216199,0.5949659441484138
353,-0.425442,-0.138621,-2.940477,0.010831,-0.044593,-0.728939,0.683039,4.569378292071819,1.0592933648437262,0.7117465861082076,3.2295836860224605,-7.496254750299453,-5.435656683722138,-0.0090187918394804,-0.4142007231712341,1.9983257055282595,0.4132446809652474,-0.5400851320211232,-0.69674199974967,0.2282269520169041,1.2282880544662476,-0.0591901652514934,-1.2694649696350098,-0.9869476750791072,5.785804584866762,-3.368489175626636,-0.2724784314632416,0.118950568139553,-0.5569494076281786,0.0918822884559631,0.8312753211997449,0.2299385633777826
354,-0.430797,-0.137099,-2.980453,0.01104,-0.049627,-0.726853,0.684909,7.379080323249101,0.4482569777190685,-0.2035024649381637,1.8644835199333727,-7.957221571987866,-5.4200289064794775,0.5501331090927124,-0.7656640410423279,1.5079480409622192,0.3831074949073061,-0.5770927803272009,-0.6658141482994999,0.2772798299204989,-0.902303159236908,-0.1496614664793014,0.3196483850479126,-3.937898251855373,5.370133533453941,-4.58092026130557,-0.1659252792596817,-0.3497067093849182,1.961339673837274,0.355753093957901,1.6112776974104344,0.6510948412686586
355,-0.433812,-0.135381,-3.019423,0.012133,-0.05812,-0.726338,0.684769,7.970856129586696,2.057183874219656,0.0286602772951126,1.2911134311191736,-8.188287166634202,-5.23979041275084,0.730239748954773,-0.2845150232315063,1.257335186004639,0.3756528269866028,-0.5879121657226032,-0.6492412900902844,0.302869838205795,-1.645899534225464,-0.4051703214645386,1.0829774141311646,-4.068427250519394,5.497137865123152,-4.105460511623323,0.107827290892601,-0.1754083335399627,0.7933108436603099,0.456256240606308,0.6407295145988464,0.1938915185659192
356,-0.438852,-0.128349,-3.09709,0.023187,-0.073922,-0.729368,0.679721,9.940007500088214,1.788015051150322,-0.9189981744468212,0.990420538821444,-8.363989185976981,-5.023260708457231,0.5845157504081726,0.3733547329902649,0.4234433472156524,0.3780815968678121,-0.5953109474148176,-0.6338137799719609,0.3177094805268705,-1.697870850563049,0.2300284802913665,1.799695372581482,-4.195823796376586,3.792511875799298,-2.5250287649840115,0.1013591885566711,-0.832596480846405,0.668190645237267,0.5347467660903931,0.6371116894278674,-0.4155850901624187
357,-0.443463,-0.125985,-3.135355,0.03012,-0.07282,-0.729167,0.679784,8.477803196683526,4.501207842165232,-0.735605016079545,1.1622996388752014,-8.481866208338737,-4.783029226058721,0.6525473594665527,0.8589339852333069,-0.6232702732086182,0.3948712975300223,-0.5934582571391802,-0.6258385677410309,0.3165595815604949,-1.525612235069275,-0.1035976260900497,2.292466878890991,-3.4023540358275173,3.270510447433591,-1.9615556546755133,0.2800457179546356,-0.3779982924461365,-1.0323867262829094,0.1988292634487152,-0.6559054564207792,-0.4285301676597446
358,-0.448525,-0.126839,-3.174191,0.033795,-0.071125,-0.72818,0.680848,7.763866407054662,3.5748306633830067,-1.5887228973835703,1.691884288911521,-8.48848182708621,-4.610165645012259,0.0108982603996992,0.646417498588562,-1.6599715948104858,0.4163151257588413,-0.5814978066621268,-0.6300105824654533,0.302702511186789,-1.272296667098999,0.6632121205329895,2.340902328491211,-1.303310795521736,2.5617098516494035,0.3430208257436752,0.2998913526535034,0.1944846957921981,-0.4853264061149209,0.2886842489242553,-1.1183940077837555,-0.0269044922695029
359,-0.458382,-0.137102,-3.262385,0.01754,-0.079914,-0.724562,0.684336,7.825507747453451,-0.3564215745866298,-1.4600544318944215,2.5181919047012924,-8.26195738300085,-4.644262852664292,-0.3366411626338959,0.3156854510307312,-2.7240705490112305,0.4326543546793972,-0.5579332984820599,-0.6523050937200466,0.2757150204001143,-1.0431194305419922,0.4239996075630188,2.608374834060669,-3.8525194775164127,1.0158955371439455,0.5517283119790256,0.150592416524887,0.429802656173706,0.7905470049701631,0.185599535703659,-0.7008001716148108,-0.2782171488564461
360,-0.46165,-0.144575,-3.307819,0.009212,-0.084889,-0.722123,0.686475,6.663540774598717,-3.784902569839358,-0.7701514288038015,3.548926991319656,-7.820991146811842,-4.733669567345083,-0.277741402387619,-0.0331187658011913,-3.4583332538604736,0.4470672324570787,-0.5196309675207461,-0.6865374276948557,0.2424479591256964,-0.9536449313163756,-0.2232304364442825,2.7071774005889893,-4.212233663907647,-0.8386138473942876,1.842934974339604,0.0759912803769111,0.205311581492424,0.1121965381730813,-0.1562754809856414,-0.3985142379719764,-0.9140786190275102
361,-0.462561,-0.151355,-3.351889,0.006856,-0.083688,-0.722692,0.68605,4.214428251342476,-3.652718789705634,0.7935904643192887,4.631248765051365,-7.193014146280288,-4.794001870971917,0.0266705378890037,-0.0727725103497505,-3.8770320415496826,0.4606525220958224,-0.4686078842535862,-0.7244533922945904,0.2082622115730058,-1.7786877155303955,-0.7561537027359009,2.340605974197388,-0.9422627301782368,-0.7754074496358633,1.3505489320367574,0.0873985886573791,-0.1231485307216644,-0.0983521554821636,-0.6769883632659912,-0.2842795724342577,-0.8965128594595938
362,-0.460471,-0.156671,-3.445303,0.009512,-0.072102,-0.728373,0.68131,2.177325334382057,-3.990537955152988,1.149844865645468,5.747331354087591,-6.393263698026537,-4.718551785451173,0.4247049689292907,0.2161423563957214,-4.236268520355225,0.4789354509556565,-0.4060071172920934,-0.7587736240169953,0.1733251097511793,-1.6335142850875854,-0.8225562572479248,1.992215633392334,0.5791589013487101,-2.393441197177768,1.4528501996040344,0.1387352794408798,-0.3133284449577331,-1.1457301968682556,-0.922847867012024,-0.3030562786945142,-0.165832696028985
363,-0.459602,-0.154945,-3.495123,0.013742,-0.062627,-0.730172,0.680248,-2.8106004413217303,-5.362226121330261,0.3016536270886659,7.653772293654084,-4.363769794765115,-4.306703799457848,0.7055679559707642,-0.1378143429756164,-3.86104154586792,0.5183040579652611,-0.260192156033687,-0.8073913695185433,0.1085368143347939,-0.9388510584831238,-0.7452237606048584,1.692399263381958,0.7138023495942354,-3.763347448374331,-0.0613425766479223,0.0882641300559043,-0.2886241674423218,-1.8158740950651464,-0.2163665443658828,-0.5922612882995978,1.258423898307979
364,-0.457143,-0.149967,-3.545307,0.018027,-0.055123,-0.736238,0.674233,-4.641633965465426,-5.492216775333881,0.7748650133222341,8.11816558265984,-3.3646839381247755,-4.35255106613636,0.4149909317493438,-0.6338706016540527,-3.067776679992676,0.5205582900697275,-0.1957107323975658,-0.8268105271216256,0.0842663389458151,-0.3558049201965332,-0.5368439555168152,1.6598939895629885,1.132176230224967,-4.536502735169232,-0.1677653811246156,0.0478591546416282,-0.2006833553314209,-1.3801828766696154,0.0773156732320785,-0.4217661534175276,0.7041829459208995
365,-0.45655,-0.139612,-3.642099,0.020826,-0.049583,-0.743784,0.666253,-5.836259929862618,-6.868387055361271,1.5064356593191623,8.315904661765694,-2.568657771091163,-4.518640915264189,0.070108488202095,-0.3766649961471557,-1.937228202819824,0.5152353728262081,-0.1490183078986759,-0.841534378880576,0.064389039299663,-0.0148007273674011,-0.2214485257863998,1.574878454208374,1.0085457589030264,-5.265309469410777,-0.4445037626653909,-0.021823015064001,-0.1561090648174286,0.4290856095854192,0.1481763571500778,-0.0438413473833119,0.0921490630583371
366,-0.459219,-0.138781,-3.685916,0.017527,-0.045237,-0.743914,0.666512,-6.664572455734014,-7.607976757162809,1.191411678525805,8.519780636191367,-2.038561006814241,-4.407722625999153,-0.4399026036262512,0.4109211564064026,0.4751942157745361,0.5226877201508543,-0.125626172692666,-0.8419913119313251,0.0454570361313728,0.3513530194759369,-0.122099831700325,0.6722548604011536,-1.1059779591292145,-7.328257313984632,-1.2372132063664496,-0.2487022280693054,0.26380056142807,1.9740752367697656,0.2373819351196289,-0.0754546931972028,-0.2933055950580164
367,-0.463187,-0.138885,-3.727177,0.012032,-0.043084,-0.741315,0.669665,-5.371438186311721,-8.28588770916462,0.9763020701631904,8.535224873560667,-2.236778224825859,-4.279851156106591,-0.6743895411491394,0.6674250364303589,1.1914154291152954,0.5289683646124616,-0.145350420345227,-0.8349161254045101,0.0445052768210246,-0.6670440435409546,0.0021309312433004,-0.5544289350509644,-1.6948907772511244,-7.23530839665234,-0.2176245137929916,-0.4323100447654724,0.1448330730199813,3.8458451143190255,0.1993861496448516,0.8426266632322221,-0.7502787074677646
368,-0.47009,-0.133283,-3.811899,-0.004841,-0.043802,-0.734299,0.677395,-5.860944873785972,-8.037295225656033,0.8614046481341123,8.493070908442139,-2.637851718826592,-4.132782818312943,-0.8870737552642822,0.5479701161384583,2.038224458694458,0.5358575064964638,-0.1798235676648143,-0.8236363062860435,0.0462985921014282,-0.8956316709518433,-0.1720367670059204,-1.3835245370864868,-2.112738003659248,-7.04489162325859,-0.3104524350941181,-0.410733550786972,-0.0287333652377128,0.7853239365596324,0.272720456123352,1.1072734057672322,-0.0067772282043501
369,-0.470062,-0.129464,-3.850735,0.001381,-0.036373,-0.734385,0.677756,-4.840738487705588,-5.158787953799963,1.096873446175456,8.26249981931448,-3.351700537911057,-4.082592261733114,-0.3010664284229278,0.2710040211677551,2.803093671798706,0.5367730920315101,-0.2262626023893527,-0.8105303930085249,0.060993998884029,-0.5528663396835327,0.2198708206415176,-2.533421039581299,0.8407546588152647,-5.270047603848576,-0.3362083692498505,-0.3420045375823974,-0.3386397659778595,-0.1417926624130457,0.3776250183582306,1.271021806335449,0.1064359379529021
370,-0.468566,-0.128304,-3.891418,0.015382,-0.026246,-0.736329,0.675939,-2.346966446250677,-4.542121744094789,-1.3782266280353068,7.863207071250676,-4.318668962539732,-3.96099271171689,0.3400571644306183,0.3289889693260193,3.0428240299224854,0.537850529475465,-0.2714393240962896,-0.7926380761825943,0.0936077406457586,1.5641448497772217,1.190125823020935,-3.0487990379333496,-0.0676741908222436,-4.684489941373467,0.6836110633395612,-0.3045410215854645,-0.3467118144035339,-0.6901981135796755,0.3177434504032135,0.4405117338871583,-0.5228931530410423
371,-0.467167,-0.136526,-3.977027,0.027002,-0.027308,-0.739559,0.671995,-0.689412589225173,-4.369789201185107,-3.7083547522097824,7.300700614017248,-5.269715010893345,-3.885902107158303,-0.238136738538742,-0.0672440752387046,3.0562922954559326,0.534206795625101,-0.3170895589315334,-0.7730330352358338,0.1284412064237711,2.8836705684661865,0.8604323863983154,-2.924854040145874,-3.629330315333605,-2.769429057499766,-0.6160942550361156,-0.1873155534267425,-0.0620684884488582,-1.0710255228873342,0.0798685550689697,0.2232509205737151,-0.5210716001696885
372,-0.468005,-0.145153,-4.025558,0.024008,-0.036803,-0.739526,0.671692,0.1817734482109546,-3.4101024579972026,-2.427777766543626,6.5582035003364085,-6.039063306620717,-4.085348574703931,-0.7274610996246338,-0.3465670049190521,3.197495222091675,0.5173779074709648,-0.3684388190224112,-0.7566687813679774,0.1550010374220148,3.235013008117676,0.4676911234855652,-2.84973692893982,-3.079325612276792,-0.8715101548239588,-1.0764806464880703,-0.0430902242660522,0.1561928242444992,-1.422674403179437,-0.1301276981830597,0.1409097968976013,-0.2794011527429335
373,-0.469385,-0.154061,-4.073867,0.023835,-0.044158,-0.738861,0.671987,1.6276193220108746,-1.1129974825024604,-0.9295426570758224,5.674545519340038,-6.748363084098696,-4.292959351743757,-0.2894453406333923,-0.2480266839265823,3.281661033630371,0.4975046586091673,-0.420234089002569,-0.7363988919623284,0.1833277348577274,2.7897284030914307,0.1277069002389907,-2.82780385017395,-2.449019292014837,1.223758827640116,-1.7010991303719578,0.0530773550271987,0.2093403339385986,-1.7472947720967231,-0.2803428471088409,0.2060732652742415,-0.1561135765745304
374,-0.473263,-0.163308,-4.173333,0.037491,-0.051122,-0.740224,0.669365,3.349268926849961,0.8360247076839208,-1.353716456156969,4.750915008917451,-7.359178521949052,-4.409277454225719,-0.2174843251705169,-0.4586683809757232,2.79726791381836,0.478651909622198,-0.4636735235042337,-0.7140150235348723,0.2146670077441467,2.0237722396850586,-0.1128864139318466,-2.7378082275390625,-1.6651216619312763,2.6633506094813346,-2.360866376787424,0.0288473814725875,0.2161115109920501,-1.9032194933019573,-0.3607556223869324,0.1866787193765863,-0.0245199420703924
375,-0.477351,-0.160293,-4.224198,0.047197,-0.048673,-0.740342,0.668803,4.078306839498877,1.2833710002988576,-0.7358499307513237,3.889896729752421,-7.717191165119409,-4.635094042302668,-0.4906969666481018,-0.7954549193382263,2.1968212127685547,0.4539932405588911,-0.4969972578348781,-0.6995125161719981,0.2399297128772412,1.622630000114441,-0.1898658871650695,-2.478848695755005,-1.5677748019009827,3.402193292307853,-2.880959925705194,-0.0581058301031589,0.2183565199375152,-1.8539776157490908,-0.3013008534908294,0.2289926060308702,0.2122113479041494
376,-0.48379,-0.153426,-4.274716,0.048991,-0.046121,-0.736838,0.672713,4.468210412448644,1.0402531488090754,0.4458534237086772,3.093127343136072,-7.922685096135735,-4.882009240248799,-0.3987427055835724,-0.5782366991043091,2.0913846492767334,0.4280563997887457,-0.5250393101106523,-0.6879294426923108,0.26048906321671,1.1331534385681152,-0.3794565200805664,-2.0836944580078125,-1.7102561041653157,4.34760776451528,-3.471576332874596,-0.0929589867591857,0.1795870512723922,-2.0288388003535567,-0.1905991435050964,0.3451013583447784,0.4626087071439251
377,-0.496974,-0.141452,-4.372026,0.03423,-0.050802,-0.73137,0.679224,7.293290045499801,0.4375537973970174,-0.3109440180033445,1.6489032253190874,-8.183695162668824,-5.145741425222158,-0.2809994518756866,-0.36248978972435,1.8368762731552124,0.3878884023904386,-0.5766026594218755,-0.6556593341266267,0.2952674317449205,-0.0029901415109634,0.0336523726582527,-1.0431804656982422,-1.5618892509937286,5.592679721558094,-3.906258081966638,0.0479908771812915,0.1097119525074958,2.0536095228642224,-0.0821682661771774,1.658286555214226,0.172151359390188
378,-0.500509,-0.139175,-4.415012,0.032079,-0.056036,-0.729842,0.68056,9.01976546306014,-0.2153618295580148,-0.2739566418677568,1.0204683980174365,-8.226143726819753,-5.240187887635827,-0.1429446041584015,-0.3394442796707153,1.506645679473877,0.369446230557459,-0.596170108978987,-0.6416825051305591,0.3103774740859464,-0.3304361701011657,0.0915449634194374,0.0536655820906162,-4.667267588415742,5.130834363469481,-4.46572034919858,0.0628400519490242,-0.1757851690053939,2.1381591529026625,0.0023640217259526,1.6998314485237,0.2470937511171214
379,-0.50021,-0.138688,-4.455925,0.0324,-0.064695,-0.731183,0.678333,10.655724158871172,1.4166180257499217,0.5541255823791027,0.4373599918579682,-8.265979478123784,-5.258582206982374,0.1213082075119018,0.6678419709205627,0.0204726103693246,0.3580662673688765,-0.6198113632783775,-0.6196345354002306,0.3219867896449203,-1.2095773220062256,0.5113580226898193,1.896354913711548,-4.811132453992963,4.262403177699446,-3.22757848367989,0.2107317745685577,-0.3727564811706543,1.3022988420002162,0.2187805920839309,0.6028606063883751,0.1815699432617984
380,-0.495349,-0.138037,-4.539842,0.027204,-0.098136,-0.736151,0.669113,9.275221987119316,2.641717454344034,0.5598708480328322,0.8182831531576812,-8.328394725504516,-5.112593773379921,0.5485302209854126,1.2717889547348022,-1.0253044366836548,0.3783857040820521,-0.6172927511499208,-0.6161326160339106,0.3100877887988476,-1.6855913400650024,0.264435350894928,2.3195018768310547,-3.62275502859652,3.946714595517516,-1.8599784635990857,0.1480590552091598,0.0025951100979,-0.8851773725833744,0.3414264023303985,-0.8586258310705422,0.1272251348130404
381,-0.497464,-0.136372,-4.581385,0.024987,-0.103353,-0.734261,0.670488,8.162596260538697,1.866451459005475,-0.4560913246065378,1.5716291392415762,-8.35024824539423,-4.896295832015574,0.3971914052963257,0.8365569114685059,-2.172314643859864,0.4077907671319816,-0.6006647782837097,-0.6235731239700675,0.2899397143182287,-1.6278398036956787,0.5764440298080444,2.5508806705474854,-2.0415788933306933,2.0777479388207194,0.6817031838916242,0.116625927388668,0.5099676251411438,0.0327847459471318,0.2947111129760742,-0.891001402561739,-0.3287396773369982
382,-0.501103,-0.135565,-4.620856,0.026221,-0.097884,-0.731456,0.674318,7.53740275324583,-1.336543787559867,-0.6584358516812324,2.5655297021985053,-8.185944402900338,-4.751711127731204,0.355364590883255,-0.1119925156235694,-3.394592046737671,0.4320719933528817,-0.5644181390516447,-0.6509239631579519,0.2665407067217765,-1.3290026187896729,0.420723557472229,2.696427345275879,-4.086878853011131,0.6107634154021739,1.5188380447745322,0.0604785494506359,0.3974449038505554,0.7724620438337325,0.0829389840364456,-0.426662620222196,-0.5652074963530526
383,-0.508838,-0.142928,-4.707026,0.022829,-0.085309,-0.72767,0.680218,5.323433741599321,-3.0164801567852497,0.1045470006674528,3.6843016764491794,-7.776731733846664,-4.70306020180881,0.4408052563667297,-0.9747337102890016,-4.1996049880981445,0.4479950138632758,-0.506536350486761,-0.6951332725264308,0.2439491971714699,-1.1818197965621948,-0.2433814108371734,2.4945626258850098,-3.313491511026025,-0.5723956908240914,2.0185029920391737,0.1434266269207,0.0677948370575904,-0.430388983801566,-0.2349970042705536,-0.3057118164382875,-0.3668438190754503
384,-0.510084,-0.148304,-4.748934,0.016608,-0.087186,-0.725482,0.682494,3.0567215662807223,-3.5914182255685327,1.5092834499657153,4.790723287692666,-7.130714634233713,-4.729934180209041,0.6432231068611145,-1.1110554933547974,-4.584867000579834,0.4575914322924161,-0.4328816341586335,-0.7441592668219393,0.22237487556612,-1.4916516542434692,-0.5226988196372986,1.9527183771133425,0.1905167266368866,-0.6191422444298863,1.6943717218130825,0.2501020729541778,-0.1942071318626403,-1.1062585296362637,-0.3666702508926391,-0.3433773110311478,0.2562303031769581
385,-0.508464,-0.156089,-4.796135,0.014692,-0.0878,-0.724642,0.683352,0.9995248325794934,-4.474402837347984,1.4184259519547224,5.861957850220799,-6.272569864678382,-4.73948351432085,0.6524510979652405,-0.5926371216773987,-4.584129333496094,0.468669473244146,-0.352572020447807,-0.7857094764262158,0.1967296254164553,-1.0966217517852783,-0.3941554725170135,1.7507165670394895,1.5939473540335891,-1.9238284199580549,1.368252346509695,0.3421015739440918,-0.2596380114555359,-1.7477995067484675,-0.3273669779300689,-0.4970922472324222,0.4582177421759814
386,-0.500463,-0.160664,-4.885922,0.025825,-0.075428,-0.728892,0.679971,-1.2968892380416392,-5.557015702980756,0.7729302458673715,6.7959227076530455,-5.283630723521113,-4.697775831665099,0.5525556802749634,-0.3273727595806122,-4.067100524902344,0.4820531693032236,-0.2755374458906635,-0.8146158783700965,0.167645272699795,-0.3332609832286834,-0.1803006082773208,1.7991832494735718,0.9655015669465064,-2.7489564705744383,0.6973486429214477,0.3260132372379303,-0.232328176498413,-1.5905121188879012,-0.2200759649276733,-0.5101738105909899,0.5645994839899242
387,-0.496388,-0.15618,-4.934622,0.036449,-0.065286,-0.729919,0.679432,-3.1160476154744625,-5.595299548667669,1.2089373983442782,7.405259889644384,-4.331658792494237,-4.750710133995115,0.4279025495052337,-0.7529920339584351,-3.268142938613892,0.487322552441528,-0.2088398049155306,-0.8358257833232475,0.1424708271744082,-0.12626813352108,-0.2324688881635666,1.937261939048767,0.2947358105242252,-3.4341187088787555,0.2593207982718944,0.230879008769989,-0.2240837067365646,-1.8212487738408147,-0.0715018063783645,-0.7171174654915928,0.5492413540014996
388,-0.491675,-0.148813,-4.984362,0.044805,-0.057477,-0.733849,0.675392,-3.471006131771207,-5.144698638170957,2.075000101417303,7.688245056620239,-3.51737362293154,-4.96884288957119,0.3135696649551391,-0.938522458076477,-2.707052230834961,0.481099036891376,-0.1538359817084289,-0.854210149730967,0.1233019782434974,-0.1610876321792602,-0.2445160895586013,1.900903463363648,1.0809802959948778,-3.993849563919008,0.2280581564586609,0.1440578699111938,-0.1395297646522522,-1.4206218545638023,0.0197494402527809,-0.55759245477207,0.4187978051312268
389,-0.483951,-0.134381,-5.070321,0.047331,-0.057812,-0.738813,0.669756,-4.328710756343603,-6.32604426523447,1.9853654231995344,7.855071695590019,-2.781499142260849,-5.170252766144276,0.0112554775550961,-0.4669088423252105,-2.239400863647461,0.474957603882574,-0.1088240477290583,-0.867044906491317,0.1039509993616161,-0.1349921077489853,-0.1112760007381439,1.6888779401779177,1.7874334518700836,-5.135056949600577,0.4413320738267153,0.0748247057199478,0.0031817955896258,0.4481616275858133,0.066195398569107,-0.2894635874760337,0.3622136750567704
390,-0.483352,-0.130718,-5.11505,0.041101,-0.058308,-0.738781,0.67016,-5.989619769015908,-8.902855824425815,1.685061457154155,7.974114839121698,-2.178407576660812,-5.276214894306659,-0.4650851190090179,-0.1006681472063064,-1.087258219718933,0.4733813941034145,-0.0814338330223764,-0.8731441011821307,0.0830545779394693,0.1552892476320266,0.0128738563507795,1.4241822957992554,-0.1468582021743059,-6.8422577578485,0.5086368468146771,-0.0465561971068382,0.0709719210863113,2.0978167672507464,0.273328572511673,-0.1407311432619113,0.4709565930441021
391,-0.484963,-0.126279,-5.150802,0.031898,-0.056175,-0.737609,0.672131,-5.631118465545773,-8.286009289717674,2.545374802920222,8.115850291454791,-2.038985515836626,-5.11330513651967,-0.763917863368988,0.9752987027168274,1.3555408716201782,0.4855717150219481,-0.1084448038343988,-0.8654165078583926,0.0592796632046256,-2.094580173492432,-0.2319941073656082,-0.6145946383476257,-1.437699392223358,-6.625586599257588,-0.1699246780503541,-0.1785446554422378,0.2249181866645813,3.781450968080759,0.3286241590976715,0.8936210104756057,-0.678974927971512
392,-0.492231,-0.117571,-5.232378,0.012675,-0.04193,-0.731164,0.680794,-5.575345724919438,-7.2830334399014705,2.1287433820426465,8.150161726379395,-2.504313601474464,-4.844965750011801,-0.4479250609874725,0.8833970427513123,2.281033754348755,0.4989447855149886,-0.1475590325899696,-0.8516166006322604,0.0634800363962211,-1.0142664909362793,0.012235390022397,-1.6561849117279053,-1.3650047428905965,-7.885645697551965,1.569448872593045,-0.2170677036046981,0.1119860336184501,0.5739792702211066,0.3311493396759033,0.8253457850202918,0.1236067707859445
393,-0.492555,-0.113209,-5.26712,0.012588,-0.031853,-0.729672,0.682939,-3.829095931831002,-4.453452111516893,1.0693734448313712,7.980942639315128,-3.3248610463023183,-4.628204867310822,0.2872474789619446,0.4863950908184051,2.7677698135375977,0.5066845616188386,-0.1936586814249013,-0.8357446297114826,0.0854290459699521,0.3243176937103271,0.4508451819419861,-2.6973137855529785,0.7364034729808568,-5.540347476774453,0.6154764153987169,-0.2453803122043609,-0.0360810346901416,0.1163229339207056,0.3623172640800476,0.9105392659202216,-0.2039944862388074
394,-0.491317,-0.113487,-5.305487,0.019225,-0.025719,-0.729832,0.682872,-1.4210381802797316,-4.357787797746062,-1.6114292347103356,7.596732894092797,-4.268671005922556,-4.498723624134064,0.433092325925827,-0.0547036491334438,2.7192249298095703,0.5062990812387591,-0.2360799722432031,-0.8207541137488538,0.1195419828937507,2.0877058506011963,0.8779236078262329,-3.117061853408813,-0.695742376768589,-4.629732807530463,1.4337024315416813,-0.2447401881217956,-0.1496592462062835,-0.1175951458136085,0.1584403067827224,0.3953917220372706,-0.5870556459479034
395,-0.484766,-0.123326,-5.392274,0.027266,-0.041019,-0.733926,0.677442,-0.6964063936352729,-4.16314142395854,-2.390831891462206,7.054209486702084,-5.101222484537959,-4.515093159654736,-0.0790705531835556,-0.2747465074062347,2.7850372791290283,0.4970316720735881,-0.2780624981493217,-0.8080141880863498,0.1508440172004071,2.815793037414551,0.4035467207431793,-3.084744930267334,-4.098541818276048,-2.5909140265628694,-0.5104120397936552,-0.1058318018913269,0.0513431541621685,-0.7999782656602561,-0.1914943903684616,0.2767378883504308,-0.5126265009727329
396,-0.481919,-0.131035,-5.438529,0.029767,-0.054654,-0.736149,0.673952,0.2538993577450513,-2.9569214678794142,-1.0897107149392369,6.38522126134634,-5.839674122220277,-4.614922776411474,-0.3488786220550537,0.0856896266341209,3.0664873123168945,0.4835380546281438,-0.3277082641565005,-0.7924032304610821,0.1757704869381084,2.7058050632476807,-0.1534937024116516,-3.023123979568481,-4.250782298010588,-0.4599976843953132,-0.9077660018146038,0.02903220243752,0.1496309041976928,-1.4094319136381148,-0.448763370513916,0.1988469124835915,-0.2677164140376262
397,-0.481056,-0.139178,-5.484677,0.035887,-0.062044,-0.736546,0.672579,1.4095277752280235,-1.0524234790742395,-0.623068770223856,5.673868642991781,-6.529566019394993,-4.619784829489887,-0.1772751659154892,0.3561741411685943,3.0260210037231445,0.4743369861754793,-0.3798266848234316,-0.7689441900827678,0.1986481882144257,2.2529311180114746,-0.4404968321323395,-3.0113508701324463,-3.35078225402236,1.4311121227875352,-1.563181775022298,0.131369799375534,0.2502090334892273,-1.7761570017047226,-0.5408657789230347,0.2676902932156808,0.151914563115267
398,-0.483974,-0.148311,-5.578292,0.05249,-0.061563,-0.736076,0.672047,2.219346028509736,0.5612070650726556,-0.9618938978433608,4.931835055169463,-7.123863453164696,-4.593252796395123,-0.0787881165742874,0.0621077641844749,2.7240052223205566,0.465227074101422,-0.4255108135823985,-0.743727954640899,0.2222006210681681,1.5750733613967896,-0.5664232969284058,-2.8921947479248047,-2.4970681603908536,3.058801879686117,-2.477296707472205,0.118802860379219,0.1825768947601318,-2.002301944953203,-0.4126490354537964,0.3538471209887415,0.6089452600643038
399,-0.488461,-0.145791,-5.630202,0.057034,-0.06,-0.735951,0.671955,3.0143332078844307,0.8612339677423239,-0.7436927532061934,4.144479101325572,-7.564249843639135,-4.666453933945298,-0.1927753388881683,-0.3570793867111206,2.4699060916900635,0.449484158350216,-0.4638884868037987,-0.7230009754224455,0.245032714347706,1.4207687377929688,-0.5282167792320251,-2.498561143875122,-2.0188772321790456,4.001419999173283,-3.027910190077126,0.0862913355231285,0.1671394258737564,-2.005442581066489,-0.1412458717823028,0.3638151919692755,0.9398386448364704
400,-0.493975,-0.138862,-5.682015,0.062395,-0.057839,-0.732233,0.675719,4.103168601293862,1.1443401307493448,-0.202869719992578,3.313768282140791,-7.900926268792152,-4.771233574324846,-0.0382314696907997,-0.4878415763378143,2.3699567317962646,0.4295776643345931,-0.4972110378520088,-0.7043056107996571,0.268696373131595,1.3695849180221558,-0.4860626757144928,-2.0190629959106445,-1.6936726336330177,4.787524199390411,-3.413947442987561,0.123490460216999,0.1864347457885742,-1.427420720923692,0.0368385761976242,0.5595267473028972,0.5231132985977456
401,-0.507022,-0.123324,-5.779337,0.061608,-0.052761,-0.728152,0.680599,5.520519325232505,1.1688865429848432,-0.6605261019587516,2.483895375084877,-8.171478070652485,-4.819502222931384,0.0506757386028766,-0.4614810049533844,2.234250783920288,0.410257850516145,-0.526182803819248,-0.6847319827824718,0.2931932487564915,0.8953497409820557,-0.3725556433200836,-1.4551823139190674,-1.405973882138729,5.693305749389529,-4.167676144778728,0.1554368287324905,0.178083449602127,0.5537002696391194,-0.0230169966816902,0.9701942548073827,-0.1320693325743544
402,-0.510118,-0.121456,-5.82489,0.06326,-0.056204,-0.726168,0.68229,7.329829093345999,0.1655243241995573,-1.1623942583560942,1.681197621332854,-8.351898350688815,-4.856927405962348,-0.0593612864613533,-0.3947352468967438,2.1144158840179443,0.3910966884748411,-0.5528253605683859,-0.6648447239852803,0.315291882548197,0.0328048728406429,-0.0279816444963216,-0.7355535626411438,-2.191354444256425,5.970974105256795,-4.753059035208821,0.1605024188756942,-0.0615929029881954,1.8724341866768897,-0.0552568510174751,1.5138954738058148,-0.1467409964022692
403,-0.511346,-0.120234,-5.868103,0.064643,-0.061666,-0.725954,0.681916,8.605843885663152,0.5763263082712888,-0.7754924975708126,0.9459730559382588,-8.443820847582817,-4.896669926024973,-0.08548054844141,-0.1063814535737037,1.9473721981048584,0.3734986921548579,-0.5781735943770727,-0.6444966854306694,0.3329233097967025,-0.6245807409286499,0.1049266010522842,0.2842878699302673,-3.490963462650776,5.687375190296769,-4.828796705499292,0.2146635204553604,-0.3306889533996582,1.399017194868624,0.0376442931592464,1.2034885583538562,0.2020899677917361
404,-0.51078,-0.115198,-5.955505,0.069206,-0.080743,-0.731465,0.673536,10.5360514852643,0.3519289393424987,-1.0014011478453877,0.3755224347673356,-8.461390406543016,-4.943103468158841,-0.2371990382671356,0.2484337240457534,1.3942803144454956,0.3608576445573064,-0.6013090469944934,-0.6248644291910455,0.3431526453527515,-1.125100016593933,0.5942538380622864,1.3608335256576538,-4.136275628864765,4.610420496556163,-4.0573654660180205,0.4191591143608093,-0.2667157649993896,5.531042472812533,0.1026191115379333,2.3938583996765312,0.2603308703635819
405,-0.513839,-0.110446,-5.996424,0.07562,-0.078647,-0.730346,0.674307,11.34309852026701,0.7534422860652208,-0.1644312682658434,0.1990481889430433,-8.416084114873408,-5.02993828652501,-0.212987333536148,0.8051005005836487,0.2418691962957382,0.3579910168817677,-0.6165892412361199,-0.6134111170112483,0.3396864913338842,-1.860517263412476,0.6288048028945923,2.334218740463257,-6.50269730169177,4.734495204514265,-4.073406792497635,0.3850335776805877,-0.4778966605663299,0.3041412974522449,0.5701255202293396,-0.0275417444268474,0.6866744694981723
406,-0.519289,-0.108164,-6.036263,0.08241,-0.067351,-0.727726,0.67756,9.140278094622492,3.900008373922109,1.052170965617895,0.5215228876011446,-8.395869594362377,-5.040611656230688,-0.0165113843977451,1.2765119075775146,-0.8805024027824402,0.3720575300420259,-0.6200322480550259,-0.6103766622782401,0.3233782866286472,-1.6601991653442385,0.085828922688961,2.779676675796509,-3.245746593055129,3.223179371938109,-1.0092708583071828,0.3489688336849212,0.2267926633358001,-2.255544153963774,0.7797542214393616,-2.170091583736241,0.2867694347549229
407,-0.530658,-0.118206,-6.127482,0.070665,-0.058608,-0.725451,0.682123,8.156913538727164,2.699220964285731,0.6591729337841272,1.2678608580864963,-8.323050441867112,-5.028889654254913,-0.1167593300342559,0.900850474834442,-2.2269749641418457,0.394420269687735,-0.608361770370126,-0.6215287404055185,0.2966994744576423,-1.7511916160583496,0.8508301973342896,2.517274618148804,0.5606044230043887,3.402677276432514,-0.1735283285655081,0.4048726856708526,0.8031503558158875,0.6647437196537852,0.6397601962089539,-0.6000308628551662,-0.4626102780465036
408,-0.534717,-0.127699,-6.176752,0.05253,-0.065427,-0.724796,0.683836,7.9076687287896865,-1.7244155624210833,0.077925535723567,2.3172183737188576,-8.115303178966045,-4.994267838206887,0.2178104221820831,0.0197793338447809,-3.5362160205841064,0.4165700703047956,-0.573425398530742,-0.6525489318606509,0.2680158585285627,-1.829399585723877,1.1061536073684692,2.758819103240967,-5.340345713433623,1.7059686361044644,0.4040940108656883,0.307556003332138,0.2418983578681945,0.4283456779383122,0.3703492879867553,-0.3848950240727514,-0.4608023883743211
409,-0.539028,-0.136976,-6.226335,0.038157,-0.069612,-0.724522,0.684665,5.717326676446199,-3.471385486477613,0.5186643928974867,3.478353571924567,-7.753680528604984,-4.894069095876812,0.7456436157226562,-0.8610835671424866,-4.252025604248047,0.4355867709339536,-0.5130030994700967,-0.697392211370904,0.2464471395282439,-1.4145691394805908,-0.3676519095897674,3.292572021484375,-7.014051663836836,-1.0271864542260765,0.9625636868637054,0.2383644878864288,0.1035855710506439,-0.0473557578455889,0.0479530692100524,-0.0459272457126993,-0.6762032713010907
410,-0.5409,-0.146685,-6.323271,0.032335,-0.059318,-0.729876,0.680232,3.7466725001662966,-3.761502405029535,1.027812184908986,4.616424120885133,-7.189426935443282,-4.813644729074835,0.7930712103843689,-0.9586181044578552,-4.640723705291748,0.4498679343503241,-0.4365407473542055,-0.7448890926813136,0.2284542494209767,-1.4294133186340332,-0.4002865552902221,3.1370389461517334,-0.8861673334687947,-2.15700063149482,1.8066455173403024,0.1656614243984222,-0.3171786069869995,-0.9927698784265666,-0.2386292964220047,0.007063558877795,-0.479723763802275
411,-0.540069,-0.143118,-6.373672,0.03758,-0.048955,-0.733349,0.677046,1.735904340162873,-5.098543036195635,0.5827858596742153,5.766476199540495,-6.344394160917401,-4.760966155071556,0.6403046250343323,-0.4424007534980774,-4.768032073974609,0.4652725162154288,-0.3542413929976697,-0.7856556219617137,0.201940002454321,-0.8553617596626282,-0.103689931333065,2.6884353160858154,0.5269347931146622,-3.4191292295396325,1.4554308637470006,0.1629149317741394,-0.3248068988323211,-1.7592432763047516,-0.3165285587310791,-0.2171170209285803,0.0405653624865226
412,-0.53874,-0.13778,-6.423922,0.039622,-0.045478,-0.7393,0.670669,-1.0715794304430484,-6.424634987846017,0.0376648370057344,6.780403066959977,-5.293784453266858,-4.708752568231523,0.3120898008346557,-0.15004563331604,-4.285741329193115,0.4811368776772056,-0.2753732707802556,-0.8150148030360126,0.1686051181337869,-0.6730183362960815,-0.3201150894165039,2.483296632766724,-0.4241922115206718,-4.295934568162262,0.7142080077856778,0.1259160339832306,-0.321154236793518,-1.967486359898746,-0.2054981142282486,-0.1242158517281524,0.4124703191427514
413,-0.539854,-0.124136,-6.528862,0.027023,-0.055279,-0.74325,0.666178,-3.1512101142704485,-6.593237988838553,0.3549266598537564,7.5132953169494865,-4.168099630887806,-4.727337733975053,-0.2931838035583496,0.0177927762269973,-3.580646514892578,0.4918251037846854,-0.2102713823342804,-0.8347533108169531,0.1306939406231555,-0.7711156010627747,-0.5545727014541626,2.130643844604492,0.7695721676111221,-5.543477006971836,0.6494898172248155,0.1221162378787994,-0.3419745862483978,-2.3516421829767524,-0.0616073012351989,-0.2387623231614008,0.4896064580542966
414,-0.542977,-0.120747,-6.57576,0.01825,-0.053421,-0.74151,0.668562,-5.189730204552411,-6.171327166253328,1.2639859163492917,7.990798262897133,-3.1195217213258144,-4.752489126366377,-0.5866209864616394,0.260116696357727,-2.5943844318389893,0.4993012888711496,-0.1633699637168925,-0.8459431188842013,0.09159069377434,-0.5690144300460815,-0.5133658051490784,1.8205859661102293,1.7507827603429555,-6.3271443354308605,0.6043963645882904,0.1339680552482605,-0.1604878008365631,-0.4829509456878528,0.0011005604173988,-0.1557785359338857,0.283658280464448
415,-0.549065,-0.119923,-6.61822,0.012198,-0.042688,-0.737735,0.673629,-6.54671179998517,-7.854940178164839,1.6227487933650613,8.48751093622744,-1.7725936101347206,-4.581532547985017,-0.7180898189544678,0.5552130937576294,-0.734565258026123,0.5151691753076361,-0.1232086174815086,-0.8475923517235385,0.0317414880615358,0.0212683267891407,-0.1703033745288849,0.7460709810256958,-1.237781800034642,-8.423834290608763,0.0737329063393175,-0.0677156597375869,0.0082266526296734,1.282581311225891,0.0977581664919853,-0.2076000181837938,0.0938192064939532
416,-0.563861,-0.114387,-6.707098,-0.013761,-0.034387,-0.724965,0.687789,-7.593880427271127,-6.654352675014734,2.315259640866518,8.597352536171675,-1.612377329215407,-4.433531313255429,-0.1083038300275802,0.4383126497268677,0.3206767737865448,0.5230118087228823,-0.1244829127864597,-0.8429419835894473,0.0202888555976734,-1.0734418630599976,-0.4784780442714691,-0.2701670229434967,-0.58893152282238,-7.47791011531353,-1.1625193460404872,-0.1422348320484161,0.430833488702774,1.2087167413309217,-0.025323886424303,-0.2217694681106135,-0.7255057199347764
417,-0.565771,-0.111061,-6.750329,-0.017369,-0.034745,-0.725183,0.68746,-5.98554974309802,-7.088325106793642,0.8649445126980543,8.623659528338909,-1.9213551617123183,-4.255732613894343,0.5338091254234314,0.4790325760841369,1.01910400390625,0.5310065065255518,-0.1334566094753778,-0.8361646434130888,0.0324045270246034,-0.4361285269260406,0.3498875200748443,-1.4065263271331787,0.2927414218366146,-8.25630680989325,1.2107799574710427,-0.4614967405796051,-0.0624282173812389,0.92437592196241,-0.0039613232947885,0.112470067017991,-0.569197040913254
418,-0.56488,-0.109272,-6.794444,-0.009183,-0.030018,-0.727459,0.685433,-5.746508931788802,-6.6382116875529285,0.1358396722927689,8.551913558033108,-2.437757454896718,-4.134305790096521,0.3515210151672363,0.1481091827154159,1.6271852254867554,0.535207555245292,-0.150779037514819,-0.8294917831480811,0.0525538167967472,0.8135342001914978,0.3916475772857666,-2.20062518119812,-1.2156436179846524,-7.687447768762707,0.468579050257802,-0.5701740384101868,0.0576021187007427,0.8006396521784365,-0.0614408776164054,0.7562140888661145,0.1938082241966389
419,-0.562508,-0.11749,-6.881222,0.004838,-0.033296,-0.732276,0.680176,-4.743140283262729,-6.383940573886036,-0.944017464891076,8.354494212400914,-3.166978761288524,-4.042660064317285,0.3648515939712524,-0.0187362059950828,2.293497323989868,0.5362024228688037,-0.1789404039949146,-0.8210350995462454,0.0798049905327309,1.4950315952301023,0.503649115562439,-2.977378845214844,-1.920402244901657,-5.6372039229393005,0.0774399441637098,-0.6079241037368774,-0.1315003931522369,1.1242215448934585,0.1674101948738098,0.9836979525681584,0.5201415527779608
420,-0.562088,-0.124828,-6.934274,0.002204,-0.043597,-0.733304,0.678498,-3.0699352681189773,-6.127441262775659,-1.9045473809048528,7.928667093154788,-4.042977167442441,-4.118366170425713,0.1677546799182891,-0.5436167120933533,2.8433175086975098,0.5266940496430386,-0.2177966679229725,-0.81396735208841,0.1123168691788737,2.18721342086792,0.3268363773822784,-3.4167590141296387,-3.918258316361904,-4.146681872066855,0.1137836155682802,-0.3761058151721954,-0.1723199039697647,-0.1206193342066835,-0.0839643701910972,0.7555095938585699,-0.3598398951301351
421,-0.564466,-0.132939,-6.983094,0.002884,-0.048906,-0.731855,0.679698,0.2368161209970712,-2.947133064314723,-2.208872565290332,6.505105531877279,-5.908270104062557,-4.3527357750535005,0.0034497403539717,-0.4803765416145324,3.173424243927002,0.4928329359185433,-0.3101506635978047,-0.7910337108796784,0.1875842636080813,1.955319046974182,-0.2894461452960968,-3.692704439163208,-4.807386253201961,-0.0644327246829867,-1.604675084275007,0.0253867302089929,0.1826144158840179,-1.2408042165957391,-0.574680507183075,0.1200470416109077,0.0103835256218502
422,-0.570012,-0.140115,-7.084128,0.018294,-0.04319,-0.733336,0.678247,1.2919137877166271,-1.7473083622306584,-1.653581446263194,5.654862913748621,-6.663223379212617,-4.449088655610383,-0.1243916824460029,-0.107182577252388,3.156794309616089,0.4745038707975975,-0.3588819203325524,-0.7733331511918002,0.2191021749293063,1.6663812398910522,-0.4553366601467132,-3.577932357788086,-4.535570715016126,1.4618039059102534,-2.2820710724920032,0.0884743109345436,0.2367089837789535,-1.846745034147054,-0.6916980147361755,0.2838333995693363,-0.1934924727783538
423,-0.574823,-0.136835,-7.133809,0.031601,-0.033448,-0.734312,0.677251,1.949414112113416,-0.9492752392888067,-1.4614841724365948,4.778142038539052,-7.277051442882418,-4.51489062281996,-0.4122166633605957,0.081666313111782,3.173547506332397,0.4582329101555838,-0.4092913684466672,-0.7501172829453879,0.2445958838168986,1.5324851274490356,-0.485009491443634,-3.387627124786377,-3.6258372125208376,2.834595649415254,-2.877395218960941,0.0456540659070014,0.207965463399887,-1.7169966644667087,-0.6967757940292358,0.6587911679249256,0.3591077814633026
424,-0.581494,-0.130893,-7.183007,0.048005,-0.025502,-0.731173,0.680023,3.41006066468209,-0.1988005708575248,-0.5833978540927172,3.8436227620944377,-7.727504469341039,-4.656462116762995,-0.5120541453361511,0.0165914334356784,3.080788373947144,0.438391015803747,-0.4597581051421229,-0.7252833843661756,0.2653297433620751,1.3503012657165527,-0.4181493818759918,-3.040640592575073,-2.656867092680931,4.284184216874838,-3.546975857251882,-0.0529670156538486,0.0259377285838127,-1.9917998401612045,-0.39732626080513,0.7139012799240648,0.8368456686779856
425,-0.59052,-0.123858,-7.282483,0.054158,-0.028375,-0.731098,0.679528,5.112587343639135,0.2888292168289423,-0.1197515840619802,2.907689819459617,-8.047989053627848,-4.790158055025339,-0.2798089683055877,-0.1167308986186981,2.7872989177703857,0.4175157537993701,-0.5044003336059116,-0.6998645565391618,0.2853954379019058,1.2557086944580078,-0.3752205371856689,-2.3992037773132324,-1.9844810415804384,5.5467398081600665,-3.968698171527683,-0.0911423712968826,0.0677634552121162,-1.4712154389865697,-0.1258463263511657,0.8244464250277728,0.6092334658885374
426,-0.593175,-0.123443,-7.328568,0.049186,-0.042396,-0.730394,0.679932,6.720465023347735,-0.0791571233451366,-0.2603776138484477,2.003108146769553,-8.284537463599444,-4.850195467358828,0.0977553576231002,-0.4925114214420318,2.415555000305176,0.3968394092299572,-0.5385891316401245,-0.6761751935871628,0.3085893517865527,1.129265546798706,-0.0820058360695838,-1.5281283855438232,-1.7424182521015406,5.802233157098293,-4.208665742293,-0.0555097199976444,0.0832800269126892,0.5833668013673275,-0.0273529421538114,1.3942724845595658,0.2590030558259226
427,-0.597189,-0.126396,-7.374779,0.043492,-0.055194,-0.728281,0.681666,8.399348084127903,-0.5052630595326424,-0.69234630458951,1.131669157485664,-8.486759825599194,-4.781696223889291,0.5786959528923035,-0.9592264294624328,1.959818720817566,0.3764845449483551,-0.5596602890571584,-0.6561851978880509,0.3383204425530496,0.5981332063674927,0.0818746536970138,-0.3954105079174042,-3.618622751097381,5.548885003495216,-5.00209517083168,-0.0139400623738765,-0.0103845372796058,1.7792855089887976,0.1583090722560882,1.6003854242570696,0.3619878304116428
428,-0.600005,-0.12282,-7.459537,0.043695,-0.074171,-0.727162,0.681047,9.436436046904324,0.5014455470710992,-0.6049246262460947,0.3408847635630518,-8.687219854101539,-4.537221697093546,0.9862719774246216,-0.9477401971817015,1.5357615947723389,0.3595463180414683,-0.5685983234091748,-0.6387721648160417,0.3733530058279836,-0.8114616870880127,0.0650471523404121,0.6377683877944946,-4.55454049616307,6.163681035414338,-5.65324378811419,0.0530799850821495,-0.2333046197891235,0.9943903923004864,0.2479979693889618,1.1384013883501292,-0.1154916615951806
429,-0.602921,-0.120073,-7.502731,0.04897,-0.075891,-0.72575,0.682004,10.421982038491963,1.7955168050825594,-1.1423024874418972,-0.2099636785752139,-8.871730618321894,-4.173573970645666,1.027870774269104,-0.3849746286869049,0.8370311260223389,0.3530495178990025,-0.5710582757785708,-0.6218404129039827,0.4031911203159247,-1.6146668195724487,0.4312118887901306,1.4981675148010254,-3.857462779137492,5.340906269925832,-4.214331805230677,0.1983980685472488,-0.4757620990276336,3.463250110816956,0.0163824036717414,1.968836020942032,-0.1866454929604195
430,-0.605851,-0.117766,-7.54469,0.054911,-0.071977,-0.72339,0.684479,9.976004696142672,3.904778072541952,-1.0046665793821214,-0.3198905639164149,-9.025076428949832,-3.823090846197307,0.9643149375915528,0.1696352958679199,-0.2687067985534668,0.3605809095095799,-0.5662371112350654,-0.6117997396551401,0.4183992559556949,-1.4361015558242798,0.4705686569213867,2.030571937561035,-4.024043334391713,4.5456724223136895,-2.472404843777418,0.2826305329799652,-0.0819803476333618,0.2945910865576006,0.1120644211769104,-0.0001822081452672,0.3420632327578962
431,-0.609227,-0.123838,-7.630111,0.055316,-0.06834,-0.720141,0.688235,9.334481985339522,3.901571969977021,-1.5446715742111206,-0.1162072442523203,-9.13110694617331,-3.5748791786998506,0.8174936175346375,0.3862475156784057,-0.9717111587524414,0.3748343764789887,-0.5570767876553944,-0.6098635634532825,0.4209881913877585,-1.5141106843948364,0.937667965888977,2.4074008464813232,-2.781346874308586,4.736840890857577,-1.714083845759928,0.1994250267744064,0.1210022568702697,0.0504990288739558,0.4820787608623504,-0.7397139127030968,0.6749545864142477
432,-0.610297,-0.132275,-7.677582,0.045474,-0.073206,-0.718537,0.690129,8.976092910072207,2.0968314094752074,-2.313423365350068,0.4658903956957161,-9.195341225674747,-3.376246657885611,0.2646591365337372,0.0393029116094112,-2.053725242614746,0.395867136551482,-0.5361084578123025,-0.6202647834778657,0.4137010718923774,-1.1915289163589478,1.0824097394943235,3.1082537174224854,-5.002512519460916,2.332111991468072,-0.6471528256446123,0.1331614702939987,0.3940756022930145,0.8454670742899179,0.5047831535339355,-0.6406601756896824,-0.152007273766864
433,-0.610686,-0.142054,-7.726731,0.034469,-0.075135,-0.717521,0.691615,8.313205339679122,-0.8817863419055938,-2.499856622065604,1.3735849397093056,-9.100090461140873,-3.3870360551863907,-0.2613717913627624,-0.7981271743774414,-3.144129753112793,0.4123296611935577,-0.4996359095939645,-0.6504265840742377,0.3966024597446085,-0.4840630292892456,0.8073074221611023,3.73491096496582,-6.047421385121345,0.2684030993938446,1.1432074734576043,0.1058709993958473,0.2511945366859436,0.3637794630687683,0.2215120196342468,-0.4524208194002508,-0.6650445292312651
434,-0.609753,-0.15231,-7.820805,0.022251,-0.070327,-0.718746,0.691349,6.2196151040822265,-2.166368471559882,-0.8328104218125343,2.482560034827888,-8.746701970639824,-3.674572894117236,-0.7918638586997986,-1.4271644353866575,-3.938624858856201,0.4181784237418104,-0.4462112184881157,-0.6987464711568947,0.3711815438852781,-0.408575177192688,0.4410176873207092,3.599783182144165,-3.785427470496297,-0.7057473456934094,1.64874408923462,0.1304209977388382,0.0791613087058067,-0.3015402663746848,-0.231733962893486,-0.1385578726097475,-0.6195590085372329
435,-0.608236,-0.150158,-7.870923,0.02568,-0.06044,-0.718775,0.692134,1.501587342505157,-3.87898896676898,1.7194670001029968,4.853223583008349,-7.26078419869244,-4.460679432421922,-0.683009147644043,0.0263959560543298,-4.020047187805176,0.4334585953036239,-0.3245338108122912,-0.7887389728855853,0.2910024839890864,-2.054764032363892,-0.2105170488357544,2.561776876449585,-0.3842705354988575,-2.471533906161785,1.2893091581761835,0.1878495216369629,-0.1963299363851547,-1.757345333728939,-0.3946286737918854,-0.2556986987845972,0.6692687227975577
436,-0.602631,-0.144516,-7.918519,0.034841,-0.050437,-0.723251,0.687859,-0.7959954796344041,-4.800470774725079,1.083672603818774,5.958942306679487,-6.323439635694027,-4.547035527360439,-0.6079919338226318,0.5613376498222351,-3.601135015487671,0.4561546847628236,-0.2706948210337767,-0.8115162393287506,0.2451300210427625,-2.0934362411499023,-0.2748664617538452,2.32483458518982,-0.217987501886487,-3.230315507428348,0.8850854565162211,0.1816140413284301,-0.2157729566097259,-1.8829371682517229,-0.1658735275268554,-0.3953076970156282,0.8602065974559634
437,-0.59741,-0.134135,-8.017968,0.040766,-0.048877,-0.7303,0.680156,-2.853473952886462,-5.2381940834701055,0.8747446067005396,6.829345669305324,-5.357345948073268,-4.563910382054746,-0.7764515280723572,0.4949853122234344,-2.955479621887207,0.47649343141632,-0.2255404047649597,-0.8257276780374853,0.2006473993569517,-1.93458890914917,-0.4712024331092834,2.176987648010254,-0.2071831992775201,-4.6366962168022985,0.5939104072134942,0.1487673074007034,-0.2102717012166977,-2.234039009120316,-0.03421151638031,-0.5964181157181039,0.5441818055896088
438,-0.59877,-0.133096,-8.066071,0.032549,-0.05149,-0.72847,0.682364,-3.926664910179377,-5.1230929555624725,1.4970204729810357,7.429979320359229,-4.458801071329415,-4.591824517157674,-0.8180643916130066,0.4744553864002228,-2.384989023208618,0.4900729404614293,-0.1905678429611526,-0.8353453125528395,0.1603450036195823,-1.354177474975586,-0.4951710999011993,2.070254325866699,1.0055278723865746,-5.945622221857309,0.5918687453180551,0.0835370644927024,-0.0128969177603721,-0.2812892132455483,-0.0184299517422914,-0.2980114711940288,0.305101703449618
439,-0.601309,-0.1331,-8.111413,0.022085,-0.05471,-0.725522,0.685665,-4.723001166075468,-7.302255442243814,0.9807260240852832,7.867186496275663,-3.634907238683105,-4.589685751563311,-1.1350562572479248,0.4943946003913879,-1.775709867477417,0.5011237946883426,-0.1652913134273502,-0.8406471525126299,0.1219266314121165,-0.0930771604180336,-0.0911594927310943,1.823547840118408,0.7739128271639346,-7.790926263415813,1.0142243890613316,-0.0262597687542438,0.0297395307570695,1.3541566011399029,0.0290603339672088,-0.0707266737280413,0.1660439276268705
440,-0.607189,-0.123901,-8.199619,0.002388,-0.050029,-0.720133,0.692026,-5.567369923734665,-8.15014886689782,1.8431839806646104,8.152809610539673,-2.967027266830206,-4.571526702277362,-1.3306331634521484,0.7427331805229187,-1.0122926235198977,0.509460414044224,-0.1550695105096139,-0.8420430171354016,0.0858323332088544,0.8108547925949097,-0.1126627102494239,1.2717350721359253,-1.489958571770787,-9.113956489408016,0.5213724828124046,-0.1469945311546325,0.1067306250333786,1.49054104783386,0.1786608546972274,-0.2166019110132939,0.4051138189001008
441,-0.609299,-0.119219,-8.240646,0.003834,-0.039745,-0.718778,0.694092,-7.219233460164069,-7.073845330542325,2.8179116411179304,8.384011398786306,-2.522712889257073,-4.4175364562660455,-1.0762240886688232,0.9526483416557312,-0.2039248943328857,0.5212297652975278,-0.1575463690792777,-0.8369054996347837,0.0555674572267157,-0.6819077134132385,-0.353151798248291,0.0005983028095215,-0.562284338915348,-7.645158194565773,-1.1310837588131426,-0.2034976333379745,0.4834181666374206,1.6143819470360874,0.1575753390789032,-0.4493293927235529,-0.8575449039660393
442,-0.609808,-0.11732,-8.281412,0.011424,-0.031263,-0.718717,0.694506,-7.009912079814076,-6.85400898591876,2.5300965697675943,8.48877993324995,-2.605930393908918,-4.161743539859354,0.2940514981746673,0.894172728061676,1.0097681283950806,0.5339866354044118,-0.1688311857882365,-0.8268530085066267,0.0516559447048808,-0.6333446502685547,0.2056815028190612,-1.267163634300232,0.1889075378745794,-7.857318013212084,1.7985094110272823,-0.4749316275119781,-0.0054136798717081,0.1452077315535396,0.1051263287663459,0.0501182767949067,-0.3188822271240875
443,-0.605042,-0.123622,-8.369658,0.019621,-0.040596,-0.72243,0.689972,-5.727019218420982,-5.825425232115387,0.0705798491358757,8.449225921496748,-3.135173756226897,-3.8667365111783134,0.4240912497043609,0.4267636835575104,1.6449562311172483,0.545587884290437,-0.1855412873579393,-0.8140780844938701,0.0720082069064737,0.145731434226036,0.3232962787151336,-2.0809714794158936,0.0891109466046094,-7.553737801975012,1.3221468672864138,-0.5405823588371277,0.0360403582453727,1.018541448542848,0.1175827831029892,0.9483673306636512,0.595317059141025
444,-0.602844,-0.131733,-8.417079,0.020611,-0.053912,-0.72483,0.686506,-4.243530134925246,-5.73625524879992,-1.259884033988416,8.222393434375524,-3.794313372263312,-3.763749599434435,0.0233670473098754,-0.0227313730865716,2.140000820159912,0.5466212329359549,-0.2119509891379503,-0.8043473139471147,0.0964747753043458,1.035738468170166,0.2669073939323425,-2.754451274871826,-1.6725082650512455,-6.443048596414923,0.6980788568921387,-0.5078617334365845,-0.0261535700410604,0.8409308921650052,0.5242661237716675,0.9644234893862158,0.6228052239168435
445,-0.601412,-0.140812,-8.467924,0.023817,-0.062505,-0.726701,0.68369,-2.561908004570008,-6.134785195797681,-1.2185559983000158,7.778872837528586,-4.564153250899911,-3.850717396530509,-0.3202779591083526,-0.2556508183479309,2.832569360733032,0.5374196250252494,-0.2526867786871354,-0.7952869549716175,0.1218531554705478,1.3961443901062012,0.021647959947586,-3.3124806880950928,-3.068753364858031,-4.06603129529357,0.686267130806297,-0.3837442696094513,-0.120193675160408,0.4863367156686261,0.3224472105503082,0.7852431994736194,-0.4259312372077256
446,-0.606944,-0.151869,-8.566977,0.034315,-0.061047,-0.728156,0.681825,-0.5399643705576658,-3.967199749663472,-1.061380400250852,7.150204932123423,-5.439019438153505,-3.932175782555341,0.1419767290353775,-0.1789936125278473,3.057461738586426,0.5251634396294446,-0.2987831186563839,-0.7818016513423383,0.1540068934654425,1.2853786945343018,-0.3527146279811859,-3.6774866580963135,-5.309938884732127,-2.0873818824760613,0.0552034163057804,-0.2557040452957153,0.0443695671856403,-0.1120209898099303,-0.0841603577136993,0.314837920169346,-0.5707173458157107
447,-0.615872,-0.148382,-8.618511,0.040398,-0.052164,-0.727464,0.682966,0.9271861570775508,-2.0380396132886407,-1.988997934482992,6.428398724293708,-6.274179053440689,-3.93455683247298,0.2625880539417267,-0.3002368211746216,2.762148141860962,0.5128713054632169,-0.3392522809957214,-0.7651891669767872,0.1906735655111054,1.1516350507736206,-0.6370164155960083,-3.8703668117523193,-5.615760152894258,-0.5224184847339988,-0.3790601073741912,-0.1265536993741989,0.2225143909454345,-1.274645549790561,-0.4027185440063476,0.1608213341403752,-0.3889113835746422
448,-0.624752,-0.142958,-8.67001,0.052347,-0.041727,-0.723265,0.687318,1.1996499300390482,-0.3714052087068557,-1.6922200967371464,5.686672594985366,-6.932705506014823,-3.971114292758703,0.1169243976473808,-0.3757631480693817,2.4696297645568848,0.4976739941335243,-0.373668290401754,-0.750228288035109,0.223271547933074,0.9279537200927734,-0.7409072518348694,-4.009464263916016,-4.734838318863511,1.6419003608196974,-1.1246586942017078,-0.0182517450302839,0.3319524824619293,-1.9764444501191376,-0.601281464099884,0.2906819320235401,0.0922228863463737
449,-0.634025,-0.136198,-8.772923,0.059282,-0.041104,-0.723532,0.686511,1.349714234778285,0.6251093361407518,-1.1995271804422138,4.92893056589961,-7.453224002346396,-4.040482720278203,-0.0860230922698974,-0.3616756200790405,2.426370143890381,0.4805309751560869,-0.4064294408756463,-0.7354062788665443,0.2511628507947562,0.9031887650489808,-0.6733981370925903,-3.851927757263184,-3.4008348634362218,3.486649106582999,-1.8382969392754136,-0.0026430105790495,0.3056558072566986,-2.0057861338071525,-0.5059206485748291,0.4653100750571116,0.688152506161481
450,-0.635808,-0.137173,-8.822233,0.052326,-0.05774,-0.724414,0.684948,2.478265844765305,0.7486421923071146,-0.5427221448332071,4.115815316899121,-7.861816493675112,-4.174005055539309,-0.24234139919281,-0.4828460812568664,2.4507014751434326,0.4595912472370214,-0.440088188215454,-0.7205119138283066,0.2756101807298859,1.1151270866394043,-0.4328988492488861,-3.26226544380188,-2.421770050561428,5.099259075510502,-2.5781439768388865,-0.0942710936069488,0.2305191159248352,-1.7738706443332135,-0.2154220640659332,0.6080228114571422,0.9421637998484076
451,-0.638388,-0.138666,-8.868249,0.04425,-0.071868,-0.722007,0.686719,4.489383548858761,0.6767606129229068,-0.0510860441148281,3.2462820151060816,-8.193357309505343,-4.30127300658077,-0.0117270052433013,-0.5783432126045227,2.379289388656616,0.4360909449164841,-0.4716025483366173,-0.7049077478087966,0.3008668196894197,1.4726998805999756,-0.3143119513988495,-2.3368611335754395,-2.276624497523904,5.662040258032083,-3.07626300983578,-0.1341798454523086,0.1150943785905838,-1.2241677007019518,0.0533010475337505,0.8969817190803587,0.6917141441658139
452,-0.643461,-0.135959,-8.954021,0.038411,-0.085631,-0.720482,0.687093,6.263355461609363,1.227121874332428,-0.1777291412562131,2.405600713787973,-8.471079441386461,-4.315589701224863,0.2932645678520202,-0.5779561400413513,2.034997701644897,0.4150615289319146,-0.4965510524730756,-0.6880922153702557,0.3281618324130347,1.512730598449707,-0.1215961277484893,-1.2573035955429075,-2.402013210690021,5.70708643746078,-3.773873226302862,-0.0896180942654609,0.1083195209503173,0.4960714893499389,0.0464190617203712,1.128173716585338,0.2174079484328627
453,-0.647474,-0.131468,-8.996573,0.038952,-0.084782,-0.720987,0.686639,7.5591399532794945,1.3216571840733289,-0.6206009188055992,1.7005843127176166,-8.681582724997401,-4.23184729591608,0.4788212180137634,-0.6666068434715271,1.4532248973846436,0.3981101173735744,-0.5118012535398071,-0.6736643404739093,0.3546042905711845,0.6396952867507935,0.056835614144802,-0.2931450307369232,-3.3456644726172087,6.317999490466714,-4.871640698708593,-0.0532780513167381,-0.0253360606729984,1.5251808379299938,0.1599848717451095,1.4411299511939286,0.5448140756111591
454,-0.654475,-0.126543,-9.037275,0.03811,-0.079271,-0.720163,0.688207,8.082642433857917,1.4087503611147405,-0.8547036891907454,1.1670558204263448,-8.84124897081852,-4.079297019580007,0.594253659248352,-0.6914487481117249,0.9629363417625428,0.3850942419575023,-0.5172171246666292,-0.6636811832133978,0.3790990380657838,-0.4903779029846191,0.1016391962766647,0.6297745704650879,-3.953334305918216,6.371591964444518,-5.338101733899117,0.0754623115062713,-0.2122871130704879,1.1240899544030427,0.2347691357135772,1.1574512489959596,0.2709924582999199
455,-0.6683,-0.131018,-9.125196,0.027612,-0.066003,-0.715524,0.694915,8.993954729977249,1.366486505880952,-1.3444851019531487,0.8228710654698311,-8.957153816324471,-3.906747326788306,0.4586360454559326,-0.4361044466495514,0.4114295244216919,0.3771068485500439,-0.516974022493975,-0.6572111825692962,0.3982484219850271,-0.795074999332428,0.9535738229751588,1.5399787425994873,-3.905589973446727,4.962109197402,-4.203084727290272,0.1573506295680999,-0.4709561467170715,2.661970845560729,0.1610358208417892,1.1462461105011403,0.0278775613856269
456,-0.675501,-0.13856,-9.168169,0.01455,-0.066426,-0.712363,0.698509,9.177434982106089,1.4637708220690488,-1.1980343115359544,0.7764580546673386,-9.020767333579062,-3.767390001763403,0.4162784218788147,0.0173918027430772,-0.3123300969600677,0.3774001155086873,-0.5114164753895473,-0.6561528947573286,0.4067992410706614,-0.8225780129432678,0.7772537469863892,2.230675220489502,-5.481373894280195,4.198213321861624,-3.1699326426580545,0.1572209894657135,-0.3354179561138153,-0.4266447192393243,0.1221077516674995,-0.3016451697875745,0.0953962922181002
457,-0.678957,-0.147734,-9.217199,0.003103,-0.067946,-0.710059,0.70085,7.656351204231381,3.66320686597228,-0.6960299615383148,1.035349375480786,-9.05285407819152,-3.625504911826551,0.2200676500797271,0.299250066280365,-0.9890230298042296,0.3886215814372862,-0.5013133869724811,-0.6584331321080598,0.4051222302842201,-1.0641357898712158,0.7253333926200867,2.5026156902313232,-2.9902561667263505,4.137259379205108,-1.883456369820237,0.1554746180772781,0.4371592998504638,0.0677605082656722,0.1268249452114105,-1.1637789907127618,0.0265549436128931
458,-0.683079,-0.159892,-9.313477,-0.001652,-0.062245,-0.712707,0.698693,8.186979591166972,1.1211100618094203,-1.508631123536825,1.5960281058304011,-8.969452741405368,-3.6293250546365976,-0.2104503363370895,-0.1858098655939102,-2.1084816455841064,0.4012186172128211,-0.4811834087878883,-0.6734289963896066,0.3924022782768699,-0.7369672060012817,1.6059995889663696,2.860970497131348,-2.865472433716058,2.699355404320359,-1.0831965107396244,-0.0009524238994345,0.4113206565380096,1.447124369303137,0.1077411919832229,-0.6520080105908215,-0.3851563053574413
459,-0.68383,-0.160308,-9.362388,0.00407,-0.053394,-0.715269,0.696794,7.886731154701113,-2.8281834442853926,-1.6216142363771795,2.4674434219777583,-8.706932854831217,-3.777760004608333,-0.392171561717987,-0.8536227345466614,-3.15098524093628,0.4112512042642008,-0.4417490034534688,-0.7053155167819587,0.3718338846618462,-0.5781959295272827,1.0949068069458008,3.267211675643921,-7.096418981400132,0.7025093866854906,-0.6080716921001672,-0.0452979803085327,0.3047263026237488,0.368175615668483,-0.1770128607749939,-0.1302084158069919,-0.5879537272987887
460,-0.684377,-0.1566,-9.411288,0.01151,-0.045229,-0.720599,0.691779,5.327819993859529,-2.807525271660089,0.1538344709277153,3.469674298645556,-8.223309964698553,-4.063115992368758,-0.6411353945732117,-0.9369167685508728,-3.6081113815307617,0.4170278815301384,-0.3887515394571408,-0.7456765390596425,0.3448571653506381,-1.1756752729415894,0.7975786328315735,3.054621934890747,-2.950381252455711,0.521755929172039,0.0705061993777751,-0.091487780213356,-0.0672996044158935,-0.3632847018217667,-0.4762563705444336,0.1022447972728405,-0.3150235058693215
461,-0.684548,-0.146194,-9.512442,0.015439,-0.052841,-0.729089,0.682202,3.410217024287581,-2.703466346770525,1.764728283587098,4.563223276573419,-7.492392229652404,-4.383087658697367,-0.7218486666679382,-0.1268269717693328,-3.981722593307495,0.4272950760557786,-0.3324056683237681,-0.7829315054538651,0.3065023944675322,-0.6249509453773499,0.8968764543533325,2.771486759185791,-0.885547740265727,-0.956404945038259,1.5647802962601185,-0.0716182515025138,-0.3933989703655243,-1.7011499837763606,-0.6429588198661804,0.0875923587352037,0.3947589040264487
462,-0.686614,-0.143844,-9.559975,0.010372,-0.054508,-0.730264,0.680908,0.8913210629701613,-3.5308319471806286,1.8769705149322744,5.777428970709443,-6.55743660761714,-4.448792595273256,-0.2235773205757141,0.6753189563751221,-4.155494689941406,0.4528246593436519,-0.2727618186631466,-0.807729094239445,0.2610069800598819,0.1249901950359344,0.9363433718681335,2.7173962593078613,-0.1715109973937273,-2.625956406110525,1.715915445101261,0.0330228470265865,-0.3976411521434784,-2.0390733402505514,-0.4916846752166748,-0.1484255062899552,1.288668814446032
463,-0.691802,-0.141085,-9.600457,0.006019,-0.050789,-0.72877,0.682846,-1.2904530675143002,-5.174546663945913,0.5191740959852934,6.852184108579158,-5.524692227002978,-4.323860101442039,0.0035370590630918,0.3040181398391723,-3.925962448120117,0.4808712783072779,-0.2098615974633466,-0.8224436889574812,0.2197895176116482,0.0427280813455581,0.8776047825813293,2.592834711074829,-0.2625339150995016,-3.020874007830024,1.1539362266123294,0.1401400864124298,-0.3525763750076294,-2.0691703723505137,-0.1656077653169632,-0.1035845945092383,1.3516139309197663
464,-0.707534,-0.131491,-9.685936,-0.013636,-0.04358,-0.714334,0.698314,-3.186316498965025,-5.826105031073093,0.7556541168957949,7.617087115335464,-4.407311999371648,-4.3273543732985855,-0.1093645095825195,-0.1434342265129089,-3.698840856552124,0.4964168249239557,-0.147003803399661,-0.8360762808720358,0.1814848931240382,-0.2502199113368988,0.6653684973716736,2.326805830001831,-0.750741210412979,-4.18317123555243,1.991627406203747,0.1964029818773269,-0.3056022226810455,-2.010562408298254,-0.0465353764593601,-0.1721820285230875,0.5892350358135998
465,-0.710868,-0.125702,-9.726924,-0.014329,-0.040389,-0.711828,0.701045,-6.395259255757927,-6.021338849359751,1.3710633122771978,8.10457077254951,-3.3169454508721827,-4.414093914596736,-0.3291662037372589,-0.1945356279611587,-2.8377060890197754,0.5039329766941609,-0.0921973353251569,-0.8464961990791088,0.1448983198790726,-0.7144834995269775,0.4928652346134186,1.9132038354873653,0.1356312902390956,-5.150049936071038,2.4722259800791737,0.1703076064586639,-0.1271187663078308,0.3100793274654075,-0.1456560492515564,0.0540170012664981,-0.2267986761831678
466,-0.710056,-0.12433,-9.768476,-0.006396,-0.037436,-0.713208,0.699923,-6.777862734827399,-7.246528294324874,1.492847863471508,8.32212280562818,-2.5846625649526715,-4.4980201520398255,-0.4615939557552337,0.0559614673256874,-1.2422592639923096,0.5067461120164194,-0.0620781605657534,-0.8517520197319618,0.1177845666011286,-0.4242393672466278,0.404691994190216,1.538155436515808,-0.6952163070678711,-6.876656871056556,3.637529988402128,0.0080545078963041,-0.1487145125865936,1.1586760415505617,-0.1816974729299545,-0.1713108899780549,-0.1340700870706699
467,-0.706061,-0.131613,-9.855643,0.005641,-0.050661,-0.720898,0.691164,-6.531284513750672,-6.582374064996838,1.5567209084451197,8.560220783129333,-2.4790806682795283,-4.092329227371514,0.1356812268495559,0.8349577784538269,1.3983306884765625,0.5316716719718714,-0.0911365601719946,-0.8368660905303394,0.0931370100126551,-0.3251316845417022,-0.3686777055263519,-1.0924855470657349,-0.0877864200025796,-9.096633014163377,5.361355183714628,-0.4348274767398834,0.1085363999009132,-0.5750731298724189,0.1556266695261001,-0.3010689225358888,-0.0532095710408641
468,-0.705775,-0.140142,-9.90368,0.00284,-0.063706,-0.725013,0.685777,-5.567336605986952,-6.532899547731876,-0.8419368543371558,8.418829614189267,-3.099272714023292,-3.960830799153447,-0.1457300186157226,-0.1080253347754478,2.181373119354248,0.5343436974082342,-0.1220826279413225,-0.828879970955774,0.1119400269353487,1.379889726638794,-0.3360990285873413,-1.8771101236343384,-0.388277433052659,-7.600966001617908,3.4473096143633124,-0.4537565410137176,-0.0452250279486179,1.6036128618709742,0.3562603294849396,1.5315984498873352,0.7451705706737936
469,-0.708726,-0.148616,-9.952454,0.002195,-0.069731,-0.725499,0.684678,-3.1599311808645725,-6.983619700694084,-0.9650216744750738,8.037966256785392,-3.88650416470468,-4.056666085577011,-0.1667802631855011,-0.1498807966709137,2.794546365737915,0.5241123183566657,-0.1642541660954093,-0.8245319716172733,0.1359182370520603,2.122206926345825,-0.6627826690673828,-2.4497628211975098,-3.279913066551089,-6.069765903398395,2.0996353609800336,-0.3843942284584045,-0.3907036185264587,1.2985802598685026,0.5069357752799988,1.440869108300656,0.065099472362874
470,-0.718057,-0.155312,-10.046623,0.015445,-0.059504,-0.724776,0.686237,-1.5214116946548222,-6.603773995900154,-1.1457301238030195,7.475043619966507,-4.846197045372426,-4.099816075995564,-0.103303849697113,-0.0044876458123326,3.5350208282470703,0.5132093870320911,-0.2182702891224076,-0.81325920407509,0.1660834866302161,1.5362311601638794,-1.5019080638885498,-2.910635709762573,-5.518789724960923,-3.430124378545582,0.1586036580909043,-0.1684554368257522,-0.2725518941879272,0.3816844279957935,0.0605415403842926,1.1952025221761315,-0.5975411283986642
471,-0.723376,-0.154159,-10.097494,0.026019,-0.050852,-0.728009,0.683183,0.8087924173653125,-3.8682846174031496,-1.6675068035021423,6.701517161771655,-5.897962060537934,-4.058823555871844,0.4451463222503662,-0.0969194173812866,3.546494960784912,0.5008350639031868,-0.2743446384260713,-0.7947813743781545,0.2054790998280319,1.0026700496673584,-1.6433517932891846,-3.367332696914673,-4.875325816962123,-2.048906898131221,-0.6996604269951582,-0.0238149687647819,-0.1670395135879516,-0.8473495270356536,-0.3921889364719391,0.4679754948740824,-0.496663135100156
472,-0.73082,-0.149154,-10.14846,0.040804,-0.041352,-0.727432,0.683716,2.0394161623388527,-1.7035136441677807,-2.42744546584934,5.81087297514975,-6.8093713872909545,-4.004578463204205,0.5433440208435059,-0.5626543760299683,3.042256116867065,0.4838146097562293,-0.3189434070081008,-0.7761776743446879,0.2484892954537552,0.6325085163116455,-1.675027847290039,-3.620838642120361,-4.591118414714932,-0.4650158048182725,-2.164738824531436,0.007656910456717,0.2064219117164611,-1.996052675300092,-0.5599329471588135,0.1052718443432822,0.0604807995862793
473,-0.741782,-0.141405,-10.250853,0.051079,-0.037669,-0.724207,0.686656,2.3879916996002195,-0.0979752210617065,-1.991189599308372,4.8995095333650704,-7.486258256942033,-4.015115639309585,0.163104772567749,-0.4505115449428558,2.7578885555267334,0.462310036616933,-0.3559976562936036,-0.7602496969931922,0.2855793940122059,0.4892387390136719,-1.3998507261276243,-3.7449309825897217,-3.296708718529344,1.123142152158916,-3.1813790425628423,-0.0997714474797248,0.3232026398181915,-2.2320393597356976,-0.387177050113678,0.2390531228015199,0.7163806756496429
474,-0.743448,-0.144342,-10.3009,0.052147,-0.048139,-0.726788,0.683186,3.139331168167293,0.2987006225019693,-1.108221938663721,4.027262588699162,-7.942189422550797,-4.1076963078513735,-0.5190388560295105,0.0857448950409889,2.708337545394897,0.4417139769706443,-0.3972525961165528,-0.742714342305402,0.3089572078255007,0.6046848893165588,-1.080560564994812,-3.591516494750977,-2.797380309742689,2.689551218664646,-3.926096462641656,-0.2783283293247223,0.3574571907520294,-1.624926868056506,-0.0549644157290458,0.5985732844579964,0.945802302481234
475,-0.743596,-0.143394,-10.346167,0.050789,-0.057861,-0.728532,0.680671,4.43331533241719,0.1832289077162742,0.1056669446080923,3.216607592332363,-8.215175758081674,-4.281902535678446,-0.6976646780967712,0.4463269710540771,2.612245798110962,0.4235637831031085,-0.443631772455017,-0.7221544956936724,0.3198083556189495,0.9440618753433228,-0.8603147864341736,-3.092094659805298,-2.897074025160074,3.6329935140162704,-4.394695386643708,-0.3797766268253326,0.3045125007629394,-1.69836751345098,0.1506547629833221,0.7548192004416138,0.8037514275234192
476,-0.746657,-0.134904,-10.434329,0.058663,-0.068922,-0.728422,0.679125,5.515674807810783,1.0071101731419565,0.8282979128241539,2.4682398330524564,-8.405492578232288,-4.407480341675877,-0.3274489641189575,0.4017386138439178,2.3538050651550293,0.4086998896799477,-0.4858628146974745,-0.6990395459795931,0.3290068102724383,1.077279567718506,-0.7374739050865173,-2.4153892993927,-2.7220781082600354,4.511135361939669,-4.929175480571389,-0.3521403074264526,0.1984861493110656,-1.2911473333887755,0.1812178641557693,0.9028092561900616,0.6759353410799056
477,-0.749344,-0.130221,-10.477496,0.065036,-0.067534,-0.728856,0.678217,6.672376992005109,1.7746113796979188,0.8091799553781748,1.7808011742487548,-8.568758309850097,-4.424425046736002,0.101665161550045,-0.0199396945536136,1.878762483596801,0.3960973862925937,-0.5171785845882648,-0.6768376489952108,0.3428178106248332,0.5255913734436035,-0.5327817797660828,-1.584856033325195,-2.634692085751891,5.661186856073141,-5.5800756760507815,-0.2737625539302826,0.1819608956575393,0.7301328682787716,0.2027946412563324,1.3828027037791908,0.5733944926030934
478,-0.752945,-0.127518,-10.520943,0.067991,-0.064243,-0.727996,0.67917,8.192050903081894,1.5635066230624912,0.1346983933031559,1.2005522126410155,-8.71349294399917,-4.336373546056449,0.5846921801567078,-0.8368619680404663,1.0402500629425049,0.3831399781826911,-0.530525581073243,-0.663050617907409,0.3634698817289127,-0.1949212253093719,-0.3042004406452179,-0.8628221750259399,-3.6657945443779214,5.7020174636334175,-5.94970393821299,-0.1998203247785568,-0.0376596637070179,1.1970881167270242,0.3296229541301727,1.5309911316439508,0.4710851878598332
479,-0.760648,-0.133641,-10.612578,0.058095,-0.06452,-0.724526,0.683757,8.19147690258622,2.443202130168676,-0.0192056357294321,0.7695707793716341,-8.888691105473042,-4.070538835845888,1.1139757633209229,-1.21596360206604,0.4375734627246856,0.3723083562392872,-0.5243071506581711,-0.6577550744384685,0.3922329085695524,-1.241447925567627,-0.4819074869155884,0.0444632284343242,-4.0665149871572845,6.545411823302507,-6.272856280404329,0.0030092990491539,0.2658748626708984,1.5168477477401494,0.2665984034538269,0.6809265004307031,-0.4329640584539622
480,-0.76254,-0.140576,-10.661418,0.046319,-0.068744,-0.722433,0.686454,9.821488672691585,0.819175864213705,-1.551023573586345,0.5290937612468376,-9.06495426582992,-3.7036493509978055,0.9649364948272704,-0.8375657796859741,-0.1128614321351051,0.3676040634393774,-0.5096389239554595,-0.6550585669981368,0.4195635512631875,-1.6820276975631714,0.8996455669403076,0.7772790789604187,-2.345314587390422,6.660503598859906,-4.663093225340545,-0.0343018770217895,-0.3313020765781402,0.1182713463084306,0.3135623633861542,0.0877587374112103,-0.0511353494495386
481,-0.764291,-0.148892,-10.709642,0.03638,-0.070965,-0.721467,0.687841,8.713022988399862,2.221434525221586,-2.366330779673159,1.2004687721412628,-9.153248050832747,-3.308675342915952,-0.1844063103199005,0.363435685634613,-1.8890182971954343,0.3933564186651346,-0.4764624177113742,-0.6645893922848289,0.420208647233899,-0.4380561113357544,1.6500439643859863,2.5391342639923096,-3.832263455951213,4.379800307589769,-0.8845596060112119,0.1162573993206024,0.3300137221813202,0.5858442973967641,0.6313340067863464,-0.6383548213567585,0.0209104577527847
482,-0.763577,-0.161387,-10.808277,0.028968,-0.061329,-0.725695,0.684665,8.22891026892364,-0.8656441854000091,-2.155632265751064,2.141274362313747,-8.916614300665259,-3.4755294544145463,-0.7208749055862427,0.0584108717739582,-3.159670829772949,0.4121197210729114,-0.4481470825848797,-0.6901933650009056,0.3910941204949828,0.0554270967841148,1.5534998178482056,3.3291804790496826,-6.256500188887119,3.0673423290163275,-1.2461267267927527,0.1757306307554245,0.2880073487758636,0.7185411416191607,0.4757664799690246,-0.3946528498360886,-0.5686238441351801
483,-0.764024,-0.161947,-10.858875,0.029692,-0.051855,-0.725775,0.685332,5.749895067095756,-3.506021331050992,-0.976341817651689,3.3884742712959643,-8.39316267349124,-3.7740550126105545,-0.8188456296920776,-0.3864580392837524,-4.041239738464356,0.4300245847819636,-0.4015759748504438,-0.7288072428876846,0.3502224427768241,-1.2097283601760864,0.9948328733444214,3.4873828887939453,-5.885089134961366,1.7450591219991445,-0.4695582705534994,0.2400279641151428,0.2705680727958679,0.1686393144149333,0.1404510885477066,-0.1914635425003245,-0.6703232002865522
484,-0.76137,-0.15965,-10.911203,0.03326,-0.049265,-0.72857,0.682387,3.295094269070029,-4.704348488053679,0.3257815216511487,4.658891681997478,-7.596759197577834,-4.093207763771712,-0.689624011516571,-0.4973959624767303,-4.364695072174072,0.4447050255967967,-0.3418977556540069,-0.7692863163967122,0.3058461713490101,-2.0803112983703613,0.5659514665603638,3.3897063732147217,-4.26277025744617,0.5969301203608512,0.9424943469770252,0.2755765318870544,-0.0853929594159126,-0.281204567169398,-0.2478669285774231,0.1102374673940241,-0.7302469231124967
485,-0.753163,-0.15249,-11.013651,0.034549,-0.060145,-0.7366,0.672762,0.0302285495251417,-4.762950314626098,1.5291460882991552,5.841401968926191,-6.577635346037149,-4.333954502215981,-0.4070375859737396,-0.1889539361000061,-4.301366806030273,0.46025239770679,-0.2764876956359666,-0.8028229832322521,0.2592251946699944,-1.7800536155700684,0.2050550729036331,3.3092947006225586,-2.713083485421538,-1.5837977159410714,1.9977280611664057,0.2747780382633209,-0.2907541394233703,-1.1982723580755292,-0.5691449046134949,-0.2021522741719149,-0.3240344953207298
486,-0.751891,-0.150918,-11.060355,0.028954,-0.064292,-0.736676,0.67256,-2.2932027073591947,-5.181856694698333,1.416817347714305,6.7744006116747855,-5.565715142264962,-4.393260093143582,0.1933518052101135,-0.1620131134986877,-3.5336899757385254,0.4765282052101915,-0.2131304715761219,-0.8237531946560457,0.2211946792032424,-1.3155863285064695,0.1443697214126587,3.021347761154175,-1.304601419854164,-2.8670895135238763,1.7942279343158003,0.2079618722200393,-0.2559104561805725,-1.546568493873626,-0.5815621614456177,-0.196304607589636,0.2614792549474165
487,-0.754157,-0.150353,-11.105112,0.021036,-0.064382,-0.733857,0.675919,-2.9680174469113347,-4.633219480602443,0.8591872643455862,7.405369779759645,-4.68007475527972,-4.407692815382778,0.1364403665065765,-0.2832692861557007,-3.1041715145111084,0.4875007979174323,-0.1565739379268393,-0.8367881376557105,0.1939409434299246,-0.8349366784095764,0.1197838485240936,2.7799272537231445,-1.274748133382201,-3.830715057465434,1.460358967798948,0.1412176489830017,-0.2932998538017273,-1.7713189140237866,-0.4741804897785187,-0.2525199043517001,0.5437574426976963
488,-0.761115,-0.144027,-11.189384,4e-06,-0.057653,-0.726374,0.684877,-4.52461560575962,-5.031887082505226,1.2032277885258198,7.828314621567726,-3.808403272414208,-4.514856720550358,-0.1249685734510421,-0.3345330655574798,-2.5151617527008057,0.4922823020875766,-0.1091254396913518,-0.8475171226958323,0.1657240897517614,-0.5359379649162292,0.0133578060194849,2.5442471504211426,-0.5473252547144889,-5.2454830714344975,1.465966870808601,0.0856879875063896,-0.1618199050426483,-2.069258927416801,-0.2813842892646789,-0.4391292300201952,0.786307029312849
489,-0.762438,-0.140491,-11.229681,-0.003932,-0.051022,-0.725481,0.686337,-5.37433215418756,-4.643070720270276,1.468727859954536,8.091899507024884,-3.0812220935478805,-4.604083402489126,-0.3754498958587646,-0.0199915263801813,-1.8902355432510376,0.4954620336288736,-0.074719964283481,-0.8539085741556864,0.1406212611896974,-0.004949695430696,0.1161135286092758,2.2438762187957764,0.4869558339476585,-6.610495997631549,2.176271441414952,0.0353674665093421,-0.0493055284023284,-0.7323522248286753,-0.067228764295578,-0.1984545156325213,0.6523274518035351
490,-0.760738,-0.137643,-11.266903,0.001787,-0.043854,-0.725482,0.68684,-6.009401158806681,-6.649493544545769,1.2080617845535278,8.284790561577678,-2.4444325487464664,-4.642992978858947,-1.0960474014282229,0.2447343170642852,-1.0886203050613403,0.500765835467254,-0.0576271210973643,-0.8563911889354674,0.1118340336205686,1.1115808486938477,0.2602612972259521,1.8718599081039429,0.0365600906342268,-8.433383624720573,2.750206470635533,-0.0264292173087596,0.0086305597797036,1.0643369119688868,0.0598295889794826,0.0661753716658102,0.4122292403958738
491,-0.755449,-0.140235,-11.34798,0.017657,-0.041919,-0.729173,0.682816,-6.560895808160304,-7.645719335579872,2.2231512660115955,8.393957623261214,-2.0458594932593406,-4.639649805910885,-1.223048210144043,0.4424138963222503,0.0517148487269878,0.5062283366004097,-0.062817210659159,-0.8559265804883764,0.0847151590322294,1.0127732753753662,-0.0943707898259162,1.1311917304992676,-1.129980766007304,-8.63798089915812,2.209021033850312,-0.1058105453848838,0.065398633480072,0.8815873122021556,0.2576488554477691,-0.0920996800918132,0.52502373532895
492,-0.749966,-0.145412,-11.394576,0.024535,-0.050969,-0.731232,0.67978,-6.730305449360609,-6.366283336642384,3.316338717150688,8.436473407429457,-2.066992443789541,-4.552345908728242,-0.4400582611560821,0.3953988254070282,1.0917608737945557,0.5123316490462105,-0.0834339679648192,-0.8515537711817878,0.0735613283879876,-1.0974210500717163,-0.4743815064430237,-0.1985955685377121,0.1817407149851322,-6.995444578522443,0.9437830716133118,-0.1520780026912689,0.5663593411445618,1.8168595989711585,0.2220742255449295,-0.1926324401492253,-0.4132246446413919
493,-0.746658,-0.152502,-11.440427,0.030393,-0.062673,-0.732293,0.677418,-4.698180613073706,-6.342981371510028,1.4459791447907686,8.352329727843403,-2.5773645168989896,-4.445914117227495,0.4923769831657409,0.0354225970804691,1.688306450843811,0.5149856690014392,-0.1072757149074421,-0.8456775117504813,0.0900621887104944,-0.4995911419391632,-0.3938698768615722,-1.3011415004730225,-1.0845365271717309,-9.074740331307051,3.158943338871002,-0.3654086589813232,0.2657147645950317,-0.2260289156533777,0.4354247450828552,0.09777143298476,0.0539474385950481
494,-0.74056,-0.165418,-11.530957,0.042567,-0.073823,-0.736883,0.670628,-3.070700991794467,-6.2450646026372905,0.0636018268167972,8.068298266685009,-3.303011325804889,-4.490331351102888,0.5139151215553284,-0.4195676445960998,2.2013745307922363,0.5069352147710128,-0.1349157048940764,-0.8430545275104879,0.1186319301126311,0.7580999732017517,-0.1630907207727432,-2.170041799545288,-0.4235322863072157,-8.038705092453956,2.0680448754519225,-0.5387617945671082,-0.1247564703226089,1.0555241485033184,0.5376555919647217,1.210261559620127,0.2909247095371596
495,-0.742188,-0.166836,-11.579079,0.047661,-0.070714,-0.738743,0.66857,-1.6292577368676662,-6.048194123059511,-0.9068763594985008,7.645137151777744,-4.148859800627827,-4.528709012553096,0.12378441542387,-0.1735590249300003,2.757169246673584,0.4965061551442876,-0.1726213199128122,-0.8373182077966684,0.1502719384107724,2.2478551864624023,-0.2830782234668731,-2.866968870162964,-1.7803864559680225,-6.31162820186913,1.526611601385474,-0.593271791934967,-0.0688471794128418,0.7366374278672039,0.4284261465072632,1.0098246197324243,-0.6614844255968928
496,-0.747975,-0.164366,-11.628195,0.056385,-0.063994,-0.734869,0.672825,-0.1336632050365209,-5.122479207578301,-0.5207327236041427,7.105428217285871,-5.004843592756987,-4.542555167075991,-0.0952509641647338,0.2258712351322174,3.12290906906128,0.4867476151501954,-0.2233224445888229,-0.8256712081903796,0.1774003397972831,2.69925856590271,-0.643113911151886,-3.323527812957764,-3.444555931740999,-3.9558255382120606,0.1114513001631945,-0.5484663248062134,-0.009888389147818,0.1716267509941942,0.0053209606558084,1.1096608854256569,-1.1441004767745733
497,-0.753588,-0.159479,-11.723892,0.056894,-0.070142,-0.729395,0.678105,1.2249819396942854,-2.9763059673070904,-0.7630737455025315,6.49691579568088,-5.880293717378377,-4.402565389366448,0.4442844092845917,0.388186901807785,2.994799852371216,0.4819555860863598,-0.2744028109968491,-0.8057117733475251,0.2079671516719203,2.342781782150269,-1.1309887170791626,-3.4213674068450928,-5.346509496760368,-2.0658792218506337,-1.4040683407783507,-0.4187338650226593,-0.0041401428170502,-0.0953409635679796,-0.574327290058136,0.8692128376670182,-1.250537967363745
498,-0.751891,-0.160436,-11.770373,0.04929,-0.090231,-0.729731,0.67596,1.9535691859662527,-1.0071803157687187,-1.6387559253141284,5.8519759699106215,-6.650074559304118,-4.207285393850505,0.7274125218391418,-0.1074084341526031,2.359314680099488,0.4761706868651233,-0.3122052666491439,-0.7855187667609353,0.2423830476069556,1.9086060523986816,-1.4785126447677612,-3.4092025756835938,-6.103780985724925,-1.162027470870316,-2.300646739754826,-0.2517500519752502,0.2921854555606842,-1.5175253547407686,-0.985416829586029,0.210971175117325,-0.6762769941244274
499,-0.748041,-0.162066,-11.810515,0.043833,-0.108405,-0.729191,0.674246,1.49359020627141,0.3097100922942161,-1.6173659312829374,5.207630018380284,-7.239726213094592,-4.07888931556195,0.6582387089729309,-0.4686480760574341,1.9940669536590576,0.4648002390580452,-0.3368552812890233,-0.7710343654669067,0.2756724098530328,0.8983087539672852,-1.6324541568756104,-3.5000967979431152,-5.236895860353112,0.6953598071917891,-3.4773382574021814,-0.2306200861930847,0.3754194378852844,-1.3965164640940726,-0.8895174860954285,0.5114461686143651,0.4439200810259208
500,-0.741613,-0.156792,-11.884744,0.053238,-0.127696,-0.728487,0.670945,1.71509652993381,1.0048585948228836,-1.117079198858142,4.547386532755196,-7.703235120481252,-4.018931982727349,0.2658441364765167,-0.2783165872097015,1.998146414756775,0.4503060768563165,-0.3606184018393175,-0.758197124024045,0.3038352728874741,0.1360495090484619,-1.4177638292312622,-3.60096287727356,-3.8686388376682994,2.167429378789663,-4.031487220656872,-0.2953500151634216,0.2444266527891159,-1.0762111088316888,-0.4796149432659149,0.734515759538114,0.968534943293035
501,-0.73831,-0.150436,-11.915061,0.062507,-0.129104,-0.728583,0.66977,2.557083360892534,1.0938958916693926,-0.5277285738408565,3.908308584755659,-8.05354084253609,-4.004495753356814,-0.1000875830650329,0.1978142857551574,2.0336828231811523,0.4377791374486637,-0.3902358900168167,-0.7428919249768567,0.3227645481070302,-0.1062544807791709,-1.0142298936843872,-3.4183714389801025,-3.3855104530543088,3.255290666469932,-4.5153985723420975,-0.3466489911079407,0.1453202366828918,-1.419420515950024,-0.1050406694412231,0.683287968865037,1.0463696589279918
502,-0.738505,-0.146349,-11.951133,0.067652,-0.127806,-0.726682,0.671582,3.392963107147813,1.497478445881605,-0.192045251378417,3.3070614779785275,-8.312724278163909,-4.016512938886881,-0.2432525902986526,0.4384260475635528,1.9613771438598635,0.4281617718339796,-0.423645740323347,-0.72478235263863,0.3345032878944127,0.0290183909237384,-0.7433217167854309,-2.8549447059631348,-2.8851223060816524,4.618516709250211,-4.908577513700723,-0.3464073240756988,0.0792291313409805,-1.440582838705182,0.1167910918593406,0.7734998624488711,0.9370162808921187
503,-0.737871,-0.146331,-12.019593,0.070888,-0.127707,-0.72197,0.676332,4.1899303544238204,1.53943191999197,-0.0817407100975513,2.7406851935744285,-8.500573246896266,-4.049603892105818,-0.2329279035329818,0.3465936481952667,1.8038146495819087,0.4191344062035652,-0.4554434187068233,-0.7064302016462849,0.3432987438433988,0.5199337601661682,-0.3529531955718994,-1.973729133605957,-2.367619358178973,5.968424420773983,-4.897940676613152,-0.3030280172824859,0.1249386742711067,0.1823159027908928,0.129296064376831,1.0902304279644042,0.3843722057750448
504,-0.734649,-0.149969,-12.058903,0.070085,-0.132484,-0.721533,0.675964,5.738682183685898,0.5205313558131456,-0.387984587585926,2.19285914973095,-8.644207226327062,-4.079147089715302,-0.0144539643079042,0.0209354516118764,1.5627132654190063,0.4086374961582096,-0.4813511622958395,-0.6901301941105955,0.3536054122747566,0.6748242974281311,0.0295954719185829,-0.8968384861946106,-3.419033075688779,6.0035173614650965,-5.356080458182096,-0.2620128691196441,-0.083392783999443,1.1107122211094944,0.1393383592367172,1.4236672136090696,0.4261015888059511
505,-0.729787,-0.155365,-12.09985,0.068764,-0.138985,-0.721544,0.674781,6.6708356077820055,1.1392921997100114,-0.3922995281755924,1.7061765797667203,-8.775149481967091,-4.031886156846583,0.2794108688831329,-0.0868598520755767,1.1866694688796997,0.3993037408262113,-0.4982176323251007,-0.6762752168282851,0.3674065633609663,-0.1241823509335517,0.1465397179126739,0.0699938237667083,-4.011747331920266,6.713329180118441,-5.86848286807537,-0.1473718732595443,-0.3228537440299988,1.018358785452321,0.1795087456703186,1.5677843003816905,0.5226065546520055
506,-0.718588,-0.162677,-12.170297,0.072954,-0.13765,-0.724634,0.671294,7.641711268982291,1.3476380130261183,-0.7935548084840178,1.3652750842645764,-8.883087878638506,-3.923919995385408,0.2959289252758026,0.2057482153177261,0.6942647099494934,0.3952141286500065,-0.5087947115170277,-0.6642229867378941,0.3791325753832831,-0.9101510047912598,1.0448065996170044,0.8429770469665527,-3.057371554622054,6.839115952691436,-4.441584271329641,-0.0434375964105129,-0.597995400428772,3.833723883892596,0.2054318934679031,2.118093247082084,0.411625940740481
507,-0.71294,-0.163956,-12.212763,0.074323,-0.130354,-0.725909,0.671223,5.716841523277759,3.344858709192276,-2.0962331513211128,1.6216855480477212,-9.008641426977515,-3.5192169127106663,0.460609883069992,0.7490350604057312,-0.6782073974609375,0.423396080616399,-0.5096868465760075,-0.6478035506588457,0.3759063694492195,-0.1305994987487793,1.142480492591858,2.576779127120972,-3.042612376907468,3.9742385622590777,-0.9448281967520712,-0.1448840945959091,0.1029350757598877,-1.889723028999567,0.8795172572135925,-0.8176972430285065,0.4191318959238007
508,-0.706912,-0.16213,-12.249024,0.077976,-0.120153,-0.726577,0.671989,5.677751621904969,1.2419155388385057,-3.935289238400757,2.0522281515084204,-8.948253301510213,-3.447831007888913,-0.3292109966278076,0.1197085380554199,-1.4367451667785645,0.4374316737286605,-0.4979230948301145,-0.6541124131357781,0.3645040245991573,-0.2187967300415039,1.861401915550232,3.0208635330200195,-2.659496856662631,3.674242639249563,-1.422686239747703,-0.3066988587379455,0.3675176203250885,1.1947593084532766,0.78243088722229,-0.0913219097855035,-0.5715784196244552
509,-0.691971,-0.154236,-12.333112,0.08331,-0.112108,-0.734529,0.664047,4.749827213680744,-1.0976432615041731,-2.533679688951373,2.7158918208405374,-8.660223126104473,-3.714138596308231,-1.1165313720703125,0.1786243617534637,-2.1745495796203613,0.4435940656843384,-0.4801326910491256,-0.6773780100991472,0.3374253152189975,-1.4461238384246826,1.1728357076644895,3.444634437561035,-7.39221043845713,1.955846483248472,-1.5282359877169132,-0.2403992563486099,0.4982170164585113,0.2487898144452832,0.4090330302715301,-0.0090946736922225,-0.6293224237911402
510,-0.685283,-0.151493,-12.373649,0.080086,-0.11421,-0.735759,0.662723,2.407389350770414,-1.0234896455347535,-0.1103472113788127,3.563300969108939,-8.185956677860021,-4.057509550663829,-1.113384246826172,0.6299788951873779,-2.509438991546631,0.4526611657893367,-0.460431197940394,-0.7034760261027401,0.297022651933285,-2.112204074859619,0.6851548552513123,3.3871641159057617,-5.077902399227023,-0.1821986878857016,0.810066602019593,-0.2024572193622589,0.1776559799909591,0.1401209754743147,0.0285250451415777,0.0812953318170737,-0.4834026349781081
511,-0.679247,-0.151071,-12.413394,0.072858,-0.115497,-0.736938,0.662023,0.210915371543169,-0.6449480090767145,0.9333052244797349,4.535140214644372,-7.6241750277698035,-4.180291588462889,-0.3419426381587982,0.8416575789451599,-2.811063766479492,0.4711231576563097,-0.4330529635970253,-0.7249832349434111,0.2547692786701432,-1.3897407054901123,0.336813360452652,3.196413993835449,-2.74672505826056,-2.080856133969128,2.9571804110765454,-0.0955109149217605,-0.0587958842515945,-0.8653397225607186,-0.3582449555397033,0.15158496583472,-0.3046447169297374
512,-0.674462,-0.148442,-12.491298,0.050336,-0.118685,-0.729626,0.671585,-0.8311392737299204,-1.4316431609243154,-0.203343474984169,5.478284696093201,-7.065228893366456,-4.0300542652443045,0.3284779787063598,0.3908366858959198,-2.880321502685547,0.4946640130746264,-0.3933098911033668,-0.7421475003098948,0.2232307951954068,-0.8678586483001709,0.391444981098175,2.8078489303588867,-0.5641624077469111,-2.891833786419034,2.573556941309571,-0.0521960668265819,-0.1248221471905708,-0.6779595403838903,-0.3858222961425781,-0.0685746422267286,0.5275286673545837
513,-0.671855,-0.14473,-12.528553,0.041365,-0.117253,-0.727048,0.675234,-0.6123714351207018,-3.538831129240989,-1.5840677650541066,6.27031770183742,-6.40234190749526,-3.982899423098564,-0.0491330064833164,-0.4413278996944427,-2.9961371421813965,0.5080187513779136,-0.3462849776605811,-0.7636478743041628,0.1970925908003888,-0.4655676186084747,0.3696132600307464,2.5837693214416504,-2.157064052119851,-3.841244927047193,1.741671233126521,-0.0780364722013473,-0.134681299328804,-0.731672133610025,-0.1060922443866729,0.1860931928399019,0.9425925466544924
514,-0.666926,-0.141269,-12.563336,0.043627,-0.108375,-0.726984,0.676643,-1.685191221013665,-4.4354929687172175,-0.1945247932344675,6.89168259075284,-5.5643397622585296,-4.208711627261341,-0.5595982074737549,-0.4805409610271454,-2.88485074043274,0.5079947189415297,-0.301320884097545,-0.789803963414384,0.1653991972223186,-0.6113848090171814,-0.1713265031576156,2.492746114730835,-2.535349667990208,-5.297708348712325,1.68525668746531,-0.0970789194107055,-0.2642611265182495,-0.6337078723337501,0.0367438420653343,0.3781969146735966,0.6325661549527197
515,-0.652546,-0.142429,-12.635455,0.061053,-0.103128,-0.726274,0.676878,-4.472380976131558,-4.135095479169488,1.2367276148065924,7.368765265461802,-4.752479481755197,-4.391536338090896,-0.5196024775505066,0.0089878868311643,-2.022581100463867,0.5084826463436753,-0.266045306556446,-0.8081620687627208,0.1324358137709,-0.5522242784500122,-0.4342418611049652,2.1009860038757324,-0.0749281074732542,-6.256214942204952,1.949346599835157,-0.1450690031051635,-0.1846207231283188,-1.1332342148452996,0.0988027453422546,0.0531615808804053,0.4241920653901994
516,-0.640414,-0.146096,-12.672982,0.064005,-0.116295,-0.729204,0.671298,-4.978833537709713,-3.817266377827525,1.143485559746623,7.706578585690259,-4.170090220183134,-4.403341342175007,-0.6472185850143433,0.5465967655181885,-1.311277985572815,0.5140841420878951,-0.2457449895506807,-0.814933942313189,0.1058758480265441,0.0766554176807403,-0.4084673523902893,1.4961204528808594,1.7156828053891655,-7.325340549755096,2.154320890891552,-0.2314346730709076,-0.0861025974154472,-0.4307597168100998,0.1432266980409622,0.1197131517477333,0.3498601337118074
517,-0.629179,-0.149417,-12.711764,0.066133,-0.132871,-0.732361,0.664544,-5.818336150637268,-5.415729747980833,0.8061664527758956,7.988679371047019,-3.7337113117843854,-4.290776162485778,-0.7763997912406921,0.8521909117698669,-0.5512446761131287,0.5242134470273468,-0.2386927802825464,-0.8135075032876686,0.080196355131295,1.0040045976638794,-0.1265025287866592,0.7903645634651184,1.5590233401685951,-8.291340129351616,2.0661422567009926,-0.3088278770446777,0.0517032854259014,0.472262086152099,0.1660538911819458,0.2529042640267871,0.2044675836432725
518,-0.612487,-0.155362,-12.786224,0.083162,-0.140283,-0.731422,0.662138,-6.478226877301931,-4.794531155543029,1.002373500008881,8.122745311665534,-3.610015081749856,-4.142369854086637,-0.6253607273101807,0.6619844436645508,0.4642953276634216,0.5334331880471722,-0.2465171204491343,-0.8064932702448206,0.0651699533760994,0.8004836440086365,-0.5079502463340759,0.0038929660804569,-0.0898930368930101,-7.809031244426965,1.1852098282109946,-0.363009363412857,0.0487234368920326,-0.0484981739129405,0.0808942019939422,0.1483401569609064,-0.0997227131830062
519,-0.601814,-0.158184,-12.824192,0.093924,-0.136391,-0.730012,0.663067,-5.233498619130254,-3.5514103325679898,0.8518050451397895,8.087387582558392,-3.800883690564334,-4.039534625773132,-0.057529829442501,0.310246855020523,1.0788601636886597,0.5383383744019197,-0.2635618806994955,-0.7978057898146416,0.0650605188562021,0.0710294917225837,-0.6056398153305054,-0.7533741593360901,1.0617290675580502,-6.716172879111767,0.5186088633179664,-0.428866297006607,0.3557219505310058,1.3905483494699,-0.3262631595134735,0.4289029099622741,-0.9082999625608325
520,-0.591733,-0.159045,-12.86353,0.103457,-0.137335,-0.730198,0.661247,-3.1916993610471485,-4.1310649084791535,-1.375716106519103,7.909624539032578,-4.19791433891505,-3.998220034088194,-0.1089202761650085,-0.213136687874794,1.2874361276626587,0.538452180915722,-0.2817844682232392,-0.7902214878052408,0.0788470178483004,0.7554624080657959,-0.4236470758914947,-1.5675677061080933,-0.9227449597597122,-7.682727754503488,1.3955278914481402,-0.7466287016868591,0.9225285053253174,-1.3946633835732936,-0.3382442891597748,-0.0593414842248894,-0.1816351722514256
521,-0.570219,-0.155058,-12.943963,0.135156,-0.141873,-0.726228,0.658938,-2.230114675283432,-6.422361197695135,-1.8050246381402013,7.606593778371811,-4.551611749234795,-4.194396393921971,-0.908042013645172,-0.2570982873439789,1.695604920387268,0.5276198341204398,-0.3084916050945643,-0.7865669875972026,0.0881060600046604,1.659611463546753,-0.2816225290298462,-2.0399529933929443,-1.4764736517757175,-6.833505127072334,0.6206505301009864,-1.107691526412964,0.7089231014251709,1.6778981413960457,-0.0208670813590288,2.127422508702427,0.9405195397727192
522,-0.557414,-0.154277,-12.981215,0.147407,-0.149959,-0.725705,0.655085,-1.7969529753655191,-4.22979796217084,0.4276294924929738,7.210242344456911,-5.012119136717915,-4.3659412935853,-0.9033738374710084,0.6039204001426697,2.462135076522827,0.5181058552117359,-0.3518120769422665,-0.7738406292969559,0.0946849580845318,2.5161361694335938,-0.5935781598091125,-2.437707901000977,-3.878171220645308,-5.701507176023721,-0.4004799120217561,-1.3103867769241333,0.6444829106330872,0.2579119361209683,-0.002219550544396,1.7348086538806555,0.0225299715462839
523,-0.543792,-0.155037,-13.015775,0.15368,-0.167995,-0.72474,0.650317,-0.8121236076146364,-1.8187018658369776,-0.6699658382162451,6.888606836569309,-5.580128283020854,-4.192807371164858,-0.6866524815559387,1.5291855335235596,2.360358953475952,0.5253302944324973,-0.3979171674479528,-0.745275525522828,0.1012638043343237,2.599142074584961,-0.7683857083320618,-2.8209493160247803,-3.285428030580282,-3.5146956358939407,-2.1477784835107623,-1.476057767868042,0.2696317136287689,1.162027470870316,-0.4498569667339325,1.317824474042654,-0.8654593303523958
524,-0.516756,-0.156913,-13.073451,0.171086,-0.213509,-0.715675,0.642613,-0.7750801173776388,-2.6060481750696898,-1.7878028697043655,6.62890376098156,-5.99392418821156,-4.037440283842384,-1.4403512477874756,1.314621925354004,2.051825046539306,0.5335628760470298,-0.4425974377828888,-0.7141146079348378,0.0972554272812211,2.900458812713623,-0.7924641370773315,-3.0656578540802,-4.404465377768874,-2.1954120490841564,-3.404537225085497,-1.4591388702392578,0.0018569526728242,0.4133073544887826,-0.9098142981529236,0.8342360707014799,-0.5860897965904325
525,-0.499115,-0.156482,-13.098079,0.190406,-0.235448,-0.712737,0.632705,-1.0585311482995747,-2.185646588003636,-0.1528156492739915,6.289413447451591,-6.313170755136013,-4.093601147003471,-1.318800449371338,1.0671486854553225,2.2986104488372803,0.5321244154728545,-0.4887688508393945,-0.6854345917424243,0.0901563780969123,2.936817407608032,-0.9494748115539552,-3.0286619663238525,-3.659551266074181,-0.8443170274719596,-3.573793137028813,-1.4062576293945312,0.0632472559809684,-0.3076484470566734,-1.060191988945007,0.6510703644145279,0.2443856612022034
526,-0.479219,-0.154835,-13.113109,0.21184,-0.257959,-0.709707,0.620401,-0.0697059889107942,-1.435515618443489,0.2921966474354266,5.823869819366932,-6.703423287653923,-4.1613755833297965,-1.0732992887496948,0.8333452343940735,2.4671547412872314,0.5286261398477267,-0.5332545516348083,-0.6540723937749867,0.0915604620848653,2.239042043685913,-0.9764748811721802,-2.7478065490722656,-3.856460908618569,0.2086629164412617,-5.350934327465295,-1.3868048191070557,0.0195543430745601,-0.4051963095517829,-0.9228140711784364,0.8783843514423817,0.7191727905862033
527,-0.439127,-0.152212,-13.155953,0.248223,-0.295439,-0.698002,0.603237,0.6204688168585301,-0.6596089871138334,0.9636498015999794,5.412320816320181,-6.98657328980267,-4.250290130579471,-0.9209877252578736,0.5799307227134705,2.410226821899414,0.5234668110968576,-0.5643822099941397,-0.6310128459746915,0.096322534290107,1.1879115104675293,-1.203763484954834,-2.4967103004455566,-3.1239328157663344,1.2916998527050016,-6.578779255375266,-1.3303656578063965,-0.011502644047141,-0.6582893558826297,-0.7241214513778687,1.063048479593545,1.047974609906599
528,-0.421926,-0.150969,-13.163997,0.263528,-0.305932,-0.691206,0.599327,1.2937269746184348,-0.0050707273930311,1.9059785827517508,4.812684067349136,-7.3612892304927104,-4.338188486523926,-0.2855324149131775,0.3385379910469055,2.33101487159729,0.5165729049161936,-0.5991042233754651,-0.6018805410124392,0.109390941337506,-0.1469473093748092,-1.0293384790420532,-2.2231369018554688,-1.317718091058731,2.828957351267338,-6.660301938807964,-1.1943414211273191,-0.0343571454286575,-1.258000704459846,-0.2753753960132599,1.0531872299883511,1.776537379324436
529,-0.403648,-0.152362,-13.185806,0.273662,-0.315084,-0.685241,0.596889,2.195136008621752,0.6280880596905947,1.4403823476970194,4.159224835036695,-7.785404869645833,-4.273021602347493,0.3799087107181549,0.0825887694954872,2.223356246948242,0.5143167573587796,-0.6238488870930833,-0.5733027438040167,0.1327208571080006,-0.7961511611938477,-0.6172012686729431,-1.8837008476257324,-0.6612859804153443,2.9392320819318294,-5.874491753101348,-1.0449459552764893,0.1004808843135833,-0.9291602336294948,0.0093731461092829,1.3162171849764883,1.198538096339628
530,-0.362364,-0.156873,-13.220967,0.285904,-0.325038,-0.67981,0.592003,3.1370024329587816,0.452008439207077,0.1550634282007813,3.45393516998291,-8.190965445932745,-4.141109332631528,0.494462788105011,-0.3821969032287597,2.094038724899292,0.5120397689131948,-0.6407088618589881,-0.5482973383224369,0.163332159531622,-0.5586739182472229,-0.2591459453105926,-1.3991488218307495,-2.438717093709111,2.7847166430026293,-6.104627373421192,-0.926780104637146,0.2954009473323822,-0.5420717911656946,0.1813122630119323,1.224035964081064,1.0442279707241804
531,-0.338694,-0.158902,-13.240638,0.292009,-0.327516,-0.678696,0.588927,5.935581304836273,1.27387368863523,0.1571118851631879,1.86128516228348,-8.781340153300762,-3.948928179913759,0.3165480196475982,0.0043036136776208,2.1705398559570312,0.4962502342295833,-0.6711979858757369,-0.5008318756516424,0.2289023596519876,-1.0170526504516602,0.6189650297164917,-0.4069137275218963,-1.644454136955738,5.26185377599895,-5.035801041078567,-0.6572777032852173,0.1701893508434295,0.9720060534697026,0.5646634697914124,1.5154039786726234,0.8976528963401913
532,-0.313621,-0.160476,-13.265852,0.298385,-0.324993,-0.678642,0.58719,8.080229527497291,1.239925241804123,-0.7608987395510077,1.242492023552209,-8.921122133478521,-3.878165959948301,-0.1407469660043716,0.9955946803092957,1.6344083547592163,0.4925208874409121,-0.6899360812330556,-0.4708711569909963,0.2443188911812128,0.140921488404274,1.6936604976654053,0.4990970492362976,-2.8862843355983494,4.317531775203347,-2.78367093334198,-0.6435734629631042,0.0741290152072906,1.5791129191257058,0.6803407073020935,1.0097182367485016,0.6448006364952773
533,-0.261317,-0.157377,-13.311464,0.315979,-0.3161,-0.681433,0.579558,8.148470120030641,1.544545902004838,-1.0334247640937566,1.0455639685682951,-8.92287803723514,-3.931851080645621,-0.4146104156970978,1.7911545038223269,0.8239260911941528,0.4945861908948526,-0.7094901534423741,-0.4439508229488707,0.2343415489603851,1.4817959070205688,1.6014361381530762,1.468427300453186,-4.062983598160743,3.648615446040034,-1.8925898166075348,-0.6651173233985901,0.2231346070766449,0.00979019137969,0.6435911655426025,0.0854024748749565,0.3503633339935914
534,-0.23473,-0.155065,-13.336761,0.316603,-0.317802,-0.683049,0.576376,7.314626263517141,3.357189782977104,-1.3684230269014834,1.172369489729777,-8.874626924285293,-4.004614119039475,-0.5070366859436035,1.87636137008667,0.0525983311235904,0.5017195402755338,-0.7249832083150455,-0.422584710473325,0.2099976875484878,1.1305640935897827,1.81531023979187,1.8278263807296755,-1.666892178735137,4.175830809661746,-1.82576698191762,-0.7141289114952087,0.2488614171743393,1.08108361023888,0.4965766668319702,-0.0104813108824309,0.2082024593226611
535,-0.210537,-0.152535,-13.361988,0.316367,-0.324716,-0.680411,0.575772,6.649440353053808,2.5496079104453324,-1.808492606511712,1.666669037503749,-8.744004402118922,-4.115210921265184,-0.5941861867904663,1.5979586839675903,-1.226090669631958,0.5092415296989121,-0.7309308121006247,-0.4189958387197161,0.1756576835636269,-0.2570224106311798,1.5921491384506226,2.2245137691497803,-3.107200292152166,3.306894012457132,-1.0146423222124576,-0.7145800590515137,0.2892539203166961,0.1646708857079968,0.2476911842823028,-0.4677617059929296,0.1861165006502531
536,-0.162848,-0.15217,-13.398156,0.322895,-0.33916,-0.675552,0.569508,4.5145460471659895,1.0551619641274212,-1.9942334970489144,2.463204469233751,-8.522375913381577,-4.17996279489994,-0.4155171513557434,1.1234118938446045,-1.995579957962036,0.5179492538587589,-0.7247845488603635,-0.4333660620551925,0.1364173099544635,-0.7853736281394958,1.1275277137756348,2.3928980827331543,-3.144692110678553,1.4178162956237792,0.9431424356222152,-0.6505729556083679,0.1086462587118148,0.6348997124668211,-0.1411725878715515,0.1478772338905837,-0.0713253931064391
537,-0.136706,-0.149908,-13.416865,0.326423,-0.348269,-0.670556,0.567901,2.4791405817732213,0.4374970987737178,-1.6447288622438907,3.575346503950655,-8.134256885761022,-4.149837998010218,0.0961671397089958,0.5413665771484375,-2.5828585624694824,0.5288386243061732,-0.7013358587684702,-0.4687332598407842,0.0935248214233973,-0.7557954788208008,0.7632667422294617,2.472181797027588,-1.7956769640803336,0.2931906269088387,1.9250690676689144,-0.5424986481666565,-0.3341763615608215,-0.0398255313041154,-0.4510667324066162,0.9056514938786624,0.2012856291389092
538,-0.111229,-0.147744,-13.431834,0.333017,-0.354887,-0.664246,0.567391,0.8215975384026766,0.0532300704061984,-2.361970538637042,4.505052827155589,-7.757023409292102,-3.962762059476972,0.533212423324585,0.4205681681632995,-2.730827808380127,0.5420994985135167,-0.670305926964312,-0.5027271690877837,0.0639027197037258,-0.2193253636360168,0.6674073934555054,2.446112871170044,-0.752442169111967,-1.51693045758754,2.54545429789722,-0.5276162624359131,-0.5770055055618286,-0.4430896946163847,-0.4881429374217987,0.8339866259850561,0.7938789989370852
539,-0.05752,-0.145945,-13.456882,0.363924,-0.36488,-0.648848,0.559838,0.3220721457391977,-1.1186813733577727,-3.5158629261076446,5.167383348187804,-7.420537538275123,-3.7952807559907433,0.4266941249370575,0.2315102815628051,-2.7435152530670166,0.5518886318970266,-0.6436588935010624,-0.5284020150139439,0.0437434034524102,0.5496322512626648,0.7434643507003784,2.3515002727508545,-1.99257199357748,-3.0959461999490854,2.6516414669871327,-0.6019120216369629,-0.4940049350261688,-0.4883802772602066,-0.1030697748064994,0.3672254388041794,1.5112562113434076
540,-0.028096,-0.148721,-13.466366,0.376706,-0.377409,-0.643301,0.54938,-0.8202554761439561,-2.392073415955901,-3.591438391573727,5.927236085817217,-6.846700708732008,-3.763099318832159,-0.1751846224069595,-0.2286352068185806,-2.5623223781585693,0.5548093299141902,-0.6109462646771717,-0.56445490161036,0.0179392421253055,1.2969757318496704,0.4976145327091217,2.1816117763519287,-2.180942355835437,-4.729078732423484,2.9391981796622275,-0.6608275771141052,-0.4784943759441376,-0.9416093077708036,0.1797493547201156,0.3520985602883622,1.2208115952070802
541,0.003778,-0.152386,-13.475781,0.384827,-0.394848,-0.640177,0.534956,-1.962123663821816,-1.9493927770644424,-1.6338400962218642,6.529813272154331,-6.198526138824224,-3.8871901011422274,-0.4813444316387176,0.0420817211270332,-2.200199842453003,0.5492905373502781,-0.5855667548521432,-0.59607307282406,-0.0094105762897789,1.6384854316711426,0.3040193319320678,1.6517183780670166,0.4590776469409465,-5.171501304900646,3.0730490162253377,-0.6276164054870605,-0.5104560256004333,-0.9069409491673112,0.1346974521875381,0.2590553340024314,0.7951545718308538
542,0.067254,-0.157564,-13.499532,0.400558,-0.421022,-0.632858,0.511648,-2.479962127289176,-1.8459686429470776,-0.5588271841987967,7.0430106318175785,-5.562887809884548,-3.952297071824968,-0.5735651254653931,0.4838316440582275,-1.884594440460205,0.5449321131557492,-0.5649803557865092,-0.6183108179265168,-0.039215854422898,1.4935319423675537,0.1710320264101028,1.0471714735031128,2.3292273759424686,-5.021580208024382,2.635907891282439,-0.5278946161270142,-0.3786590695381164,-1.078666319964081,0.1163165569305419,-0.1355762812493834,1.2039897128090262
543,0.09886,-0.163015,-13.512338,0.408288,-0.425411,-0.628107,0.507748,-4.114619092851877,-3.4329324217036365,-0.2923573909550905,7.849273238444328,-4.494867533227801,-3.788858029466867,-0.6206430792808533,0.5788483619689941,-1.0422577857971191,0.545319817217574,-0.5341006414025935,-0.6386818429699753,-0.0972020832126176,1.233507513999939,-0.1602718830108642,0.3619377911090851,1.1730565221458673,-5.3054743065387004,1.478515386736393,-0.2847770452499389,-0.1621127277612686,0.2951185262314975,0.3321711719036102,-0.0440237319126259,1.2652712799847126
544,0.132937,-0.167542,-13.527482,0.41267,-0.429334,-0.62584,0.503686,-4.827428339755535,-4.009406029491126,0.2499374683767557,8.058402311092614,-4.181905161139369,-3.707312841941416,-0.3507914543151855,0.4951663017272949,-0.4098876416683197,0.5455337908653654,-0.5268176270026214,-0.6414698300520778,-0.1156391020789738,0.8287456631660461,-0.3733240664005279,-0.0861246064305305,-0.4535276115983724,-5.282044331112504,1.003663832080364,-0.2653922438621521,0.1277363896369934,0.8704982013024389,0.2227941453456878,-0.3130212992014363,0.4556278718132525
545,0.204748,-0.170806,-13.559417,-0.424659,0.438159,0.615717,-0.498572,-5.020627437344193,-5.170656086248159,-0.4807233692988753,8.111391558480262,-4.156704084387421,-3.619046821728349,-0.1955479681491851,0.26726034283638,0.4977358281612396,0.5485740478991659,-0.5266276967757539,-0.6381091627810934,-0.1206084482363548,0.4016385674476623,-0.4153295755386352,-0.5883601307868958,-1.9607202267646788,-5.404394699496031,1.074804822230339,-0.4287774264812469,0.2032600194215774,3.214956902515888,0.1093124225735664,0.5394448767282068,0.1650476465985179
546,0.2406,-0.165559,-13.57731,-0.431131,0.441751,0.608793,-0.49835,-4.315327543157339,-5.630678320562839,-0.6796689015850425,7.962593328154086,-4.407460760192572,-3.652638417945802,-0.857864260673523,0.059314738959074,1.4761947393417358,0.5481122068068034,-0.5419981285555497,-0.6264748687546432,-0.1154999664337261,0.8445509672164917,-0.750896692276001,-1.1084625720977783,-3.661521104842424,-6.094042851042747,1.727200078573078,-0.4788917303085327,0.0314363539218902,1.9091158578641712,-0.0460349135100841,1.0812485184770078,0.0260158728667069
547,0.277055,-0.159568,-13.591576,-0.433708,0.445823,0.606404,-0.495393,-3.266789381083846,-4.4440492001384495,1.2229486803010106,7.648177250126004,-4.838419981630146,-3.7769627167508,-0.9601752161979676,0.4702114760875702,2.209695816040039,0.5438311070642393,-0.5734490348671993,-0.6030984240732182,-0.1080564150400275,1.4674246311187744,-0.8394413590431213,-1.7187942266464231,-2.1257377704858778,-5.115749607062339,0.6244710382372141,-0.4155573546886444,-0.498332679271698,0.902029577054456,-0.2196917086839676,1.5574192659728228,0.140699679544568
548,0.343315,-0.147102,-13.62012,-0.446068,0.456236,0.597537,-0.485615,-2.0511808344125746,-1.7653040376484392,0.8263087848335504,7.256024436944723,-5.452614832785725,-3.713416711774468,-0.350015252828598,0.7562976479530334,2.4466373920440674,0.5491210180813002,-0.6052019520713976,-0.5683855747802692,-0.0955744283614494,1.8261018991470337,-1.027660250663757,-2.357972383499145,-1.3628092786729336,-3.392330654463172,-0.7663884230084717,-0.338637501001358,-0.3329874873161316,-1.2103231536142527,-0.6083155870437622,0.24008628350785,-0.4466779648993164
549,0.372544,-0.143298,-13.627423,-0.459734,0.458884,0.588309,-0.481626,-0.324076471298933,-1.6254215197056532,-1.1341598052576185,6.852017519840597,-6.027943946713209,-3.589450432626903,-0.4913033843040466,0.6072622537612915,1.923740267753601,0.5570838791930742,-0.6299767653599333,-0.53492084776926,-0.081526630489415,1.935963153839112,-0.99697744846344,-2.80045485496521,-0.997132969006896,-1.966419461319596,-1.248521220713854,-0.333385705947876,0.1657988727092743,-1.2324215881757437,-0.8857385516166687,-0.2683819104753434,-0.4592877094950526
550,0.402111,-0.141532,-13.631302,-0.473464,0.464011,0.58012,-0.473273,-0.8343143966346979,-2.501118312564492,-1.0254615301296115,6.496900598111749,-6.375084482735395,-3.649516194272041,-1.037369728088379,0.4639782011508941,1.6835224628448486,0.5552363080868442,-0.6541284117492906,-0.508123564992465,-0.0750939476557416,2.210627794265747,-1.0311750173568726,-2.7993323802948,-2.560590492230653,-1.286071637559682,-1.7595330530315636,-0.3642559349536896,0.327055424451828,-0.7983645468533038,-1.009349703788757,-0.0423781566626857,-0.1723287069847807
551,0.462356,-0.136804,-13.64106,-0.489694,0.481921,0.566945,-0.45445,-1.3975205265700816,-1.911485363474488,0.4997036718398332,6.08461860461533,-6.705096773824096,-3.766890235547721,-0.5920097231864929,0.4823299646377563,2.08925199508667,0.5507638320702921,-0.6797715933166273,-0.4795503457674187,-0.0678319204776184,1.7420599460601809,-1.3188276290893557,-2.5920848846435547,-3.4958757846117017,-0.3022802345544099,-3.2948715662300585,-0.4481383562088012,0.3819074928760528,-0.9031613575633616,-0.9069686532020568,0.0028263088962848,0.428723717470467
552,0.491896,-0.134372,-13.648524,-0.49581,0.485076,0.559695,-0.453448,-0.0623439357101917,-0.2415250293403864,-0.0156815532565116,5.523069009715319,-7.194566051897406,-3.728850135488808,0.0788164064288139,0.2273660153150558,2.2898969650268555,0.5545746490490434,-0.7003258293871896,-0.4468357352815574,-0.0482552314167768,0.5576379895210266,-1.3785263299942017,-2.514151334762573,-2.694789703840017,1.325163438628614,-4.523398046663403,-0.5305249691009521,0.260917991399765,-0.5440121846437453,-0.6151459813117981,0.0065354781706148,0.835309764347598
553,0.521096,-0.133562,-13.663824,-0.499627,0.484467,0.552194,-0.459071,1.5107099756374955,0.4245779959678649,-1.1589514244258403,4.861008830057084,-7.655216647243499,-3.733449445977807,0.0227626468986272,-0.5450369119644165,2.0002450942993164,0.5561286831733485,-0.7163493162013226,-0.4209472720534678,-0.0191828575519481,-0.3907178938388824,-1.1647355556488037,-2.440193891525269,-2.092405409726501,2.257791202238202,-4.678097025465965,-0.5499681234359741,0.1802645623683929,-0.5941128344504162,-0.3251831531524658,0.1004881537307053,1.1640589766979217
554,0.587459,-0.138638,-13.681378,-0.495509,0.492295,0.547154,-0.461236,2.126727658306062,0.2948532994240522,-0.5179594594985246,4.137700108709931,-8.004331113687158,-3.870461669181287,-0.0427885092794895,-0.7184122800827026,2.0211377143859863,0.5499501774768157,-0.7313052890205021,-0.4031515842855485,0.0146987798657672,-0.9245453476905824,-0.9269392490386964,-2.1758928298950195,-1.3668757974594832,3.0911458139300345,-4.880391868180037,-0.4640875160694122,0.0671368688344955,-0.8394096739470959,-0.0424135811626911,0.3743909465193748,1.4810997041411698
555,0.626862,-0.143432,-13.692988,-0.490813,0.499466,0.550497,-0.454521,3.3242940600693225,1.0537965209931135,-0.0091810853213071,3.3770769712299105,-8.315411909812688,-3.952175199010968,-0.0129187610000371,-0.2601374387741089,2.141731023788452,0.5443467117415529,-0.7462189537018747,-0.3803447567852067,0.0467107107592121,-0.9860934019088744,-0.5330874919891357,-1.743727684020996,-0.2571680041521788,4.13684319961965,-4.925516373541951,-0.3870360851287842,0.0133087113499641,-1.264643357344717,0.1774680316448211,0.3702792003516107,1.3083882449164983
556,0.665394,-0.14928,-13.699059,-0.489232,0.50181,0.552944,-0.450657,4.681958961591124,1.870560647889972,-0.0668880088806152,2.654922388353944,-8.559660811159015,-3.9817064139217138,-0.0715868026018142,-0.046600192785263,1.965251088142395,0.5401093856019691,-0.7605900720642876,-0.3528643895074189,0.0726041525696855,-0.4895187616348266,0.1589436084032058,-1.0862654447555542,-0.1404202780812978,4.808065467637777,-4.476387581424415,-0.3216026425361633,0.1239579021930694,-0.5034087003702298,0.2854765057563782,0.5098842530598864,0.8837277582969516
557,0.746024,-0.154194,-13.716471,-0.490364,0.491325,0.553531,-0.460159,6.260007904747128,1.4862573791652918,-0.3436448028609156,2.04921815603748,-8.715848567214607,-4.000633817231655,0.0586703903973102,-0.1760413646697998,1.4246437549591064,0.5358807996070152,-0.771236171511683,-0.3304093409140836,0.0941073219046117,0.1998031884431839,0.7128374576568604,-0.1340087801218032,-2.1490508415341374,4.308627753257751,-4.200528613066673,-0.2938603162765503,0.1016900166869163,0.5753300272429361,0.3578807711601257,0.8796348629601299,0.6378058822371065
558,0.788548,-0.151284,-13.726092,-0.491162,0.487735,0.552902,-0.463868,6.971789562168717,1.0852250939577817,-0.5638692700192331,1.6081315083391965,-8.826127974054216,-3.96027404205352,0.2710517644882202,-0.3341451287269592,0.8833355903625488,0.5341090756041637,-0.7751992291703782,-0.3177796898283611,0.1131801051134836,-0.0867675989866256,0.8449975848197937,0.7349664568901062,-3.1103847674071785,4.835905660721659,-4.3552576947465536,-0.1562534719705581,0.2815399467945099,0.9974228187989445,0.3850725591182709,0.8678163418073207,0.4692113933445885
559,0.83109,-0.145651,-13.732873,-0.4906,0.488806,0.555068,-0.460739,8.396289865601062,-0.2217149979770183,-1.5574150281891226,1.3264141693420708,-8.913064499229192,-3.8688948582559823,0.3249800205230713,-0.3704651296138763,0.3271713256835937,0.5348040390230389,-0.7738943714899303,-0.3136020437636713,0.1293294565824252,-0.3657092154026031,1.693540096282959,1.4933851957321167,-4.19889253629744,4.675712760677934,-3.554615558350086,-0.1741299033164978,-0.1244105771183967,3.0747689718857405,0.4477856457233429,1.0891811381071803,0.1726564228354953
560,0.911154,-0.13497,-13.741301,-0.490856,0.492218,0.558665,-0.452411,7.511614231994748,2.058031430959701,-0.9297942937493324,1.299796211529523,-8.956773292574287,-3.775858847162127,0.2979806661605835,-0.0020325263030827,-0.328794777393341,0.5375442815053183,-0.769007591872248,-0.3180291600794889,0.1361281634767874,-0.4675453007221222,1.1572235822677612,2.2395384311676025,-5.416847938355804,3.746956577804685,-2.109381386707723,-0.0595797151327133,0.3022907078266144,-0.895830868544802,0.2877651453018188,-1.021795701098442,-0.2133199302005581
561,0.9442,-0.132617,-13.74806,-0.489789,0.490486,0.557764,-0.456541,6.447039711877704,3.725996207362413,-1.131208261975646,1.5626127429626882,-8.953287788546085,-3.6833822235167024,-0.025299921631813,0.5960492491722107,-0.9082943201065063,0.5440895316225471,-0.7631065283368262,-0.3247593754360808,0.1271475175944703,-0.4850691556930542,1.5927222967147827,2.579965353012085,-2.1201550019174813,3.217861391785741,-0.0590817190438508,-0.0271103456616401,0.7657771110534668,0.9311667511463164,0.1248817294836044,-1.0423850462712347,-0.1410322177008725
562,0.977492,-0.131833,-13.759522,-0.47893,0.491389,0.559663,-0.464694,6.523257859161496,1.5417974800795315,-1.9659034746214743,2.1486900453977285,-8.796976113849878,-3.763869134160876,-0.5851094722747803,0.5686370730400085,-1.8957151174545288,0.5456587133949288,-0.7581812632569285,-0.3421477609312883,0.1017477008826844,-1.313648343086243,1.0066744089126587,2.663109302520752,-4.538965033629537,1.8707777977719904,0.1868072045944631,-0.0969108566641807,0.6119580864906311,0.1530862463762983,0.0937296226620674,-0.7029409830357879,0.1251835094502195
563,1.043254,-0.126387,-13.777905,-0.457326,0.491528,0.56624,-0.478148,4.724891802127659,0.0461672924131155,-1.36605191385597,2.986082972694933,-8.468968148320913,-3.9408457034841176,-0.7325795888900757,0.4016206860542297,-2.403239488601685,0.5427739759701945,-0.7496177530365228,-0.3728276318746669,0.0668517649265839,-1.3785501718521118,0.751346230506897,2.5283751487731934,-3.395647231665253,0.1342512340575456,2.4341129609145224,-0.1231197193264961,0.266260951757431,0.7021297397181391,-0.0843158811330795,-0.4831254254719242,-0.2526299953963607
564,1.076969,-0.124655,-13.787073,-0.457293,0.487327,0.565779,-0.483002,3.981907489451766,-1.1362918488502505,-0.2592313664227724,3.868828515021503,-7.997436677998304,-4.152533520704508,-0.698661208152771,0.1858683079481125,-2.747755765914917,0.5360261740316141,-0.7370279683112677,-0.4104997728104964,0.0309123389307493,-1.1291948556900024,0.4160783588886261,2.42702579498291,-3.0153222189217805,-0.8470654493972659,2.9491309601336715,-0.0729371681809425,-0.1273703128099441,-0.1257241830650251,-0.4128521084785461,-0.3043908335002139,-0.3576168122531846
565,1.109282,-0.125185,-13.790082,-0.461002,0.484535,0.564457,-0.483829,2.93006414835304,-1.6104706188112496,0.6603337942570447,4.841214288523793,-7.392924139684438,-4.2517856298342345,-0.1686873137950897,0.322855681180954,-3.2964682579040527,0.5321295385317273,-0.7148064783891989,-0.4536875968442468,-0.0075722176015921,-1.1473917961120603,-0.0052326028235256,2.268893480300904,-0.6887474033147096,-1.664019692038745,2.370573531809449,0.0863817632198333,-0.310864120721817,-0.7866290278088302,-0.5614147186279297,-0.3167198249258101,0.3740428637340665
566,1.182071,-0.132993,-13.798942,-0.46487,0.48825,0.565817,-0.474719,0.9315794236004352,-2.6003631151705977,0.1945353146284818,5.857178799250722,-6.665795275527239,-4.175044043198228,0.2710403800010681,0.1040291935205459,-3.598512887954712,0.5338800914847533,-0.6796283706165536,-0.5009723427127178,-0.0458689674926378,-0.7778874635696411,-0.0102080795913934,2.165794134140014,0.5278437246531248,-2.7852292686998843,1.4802344656139612,0.2425777018070221,-0.4281094670295715,-0.8727849240001291,-0.3674952089786529,-0.2622525774074718,1.1435152972977607
567,1.219471,-0.138243,-13.80472,-0.465691,0.491148,0.565814,-0.470914,-1.1835755780726671,-3.577493745112419,0.0084431264355778,6.728546038472652,-5.813462407121062,-4.135298600526154,0.359675794839859,-0.4562509655952453,-3.528503179550171,0.5321231793094474,-0.6373814175555638,-0.5518935418832228,-0.0774811001978003,-0.6678962707519531,-0.1959809213876724,2.0549535751342773,-0.1518874285131692,-3.6228947293281553,0.862953046619892,0.3282088935375213,-0.5104635953903198,-1.326845400366187,-0.1005603522062301,-0.4391445737197995,1.1223603541314602
568,1.256431,-0.144327,-13.811634,-0.469585,0.490803,0.56238,-0.47152,-2.9423130968123674,-3.5955163085371256,0.7728776388972998,7.328491122740506,-4.941159932875633,-4.248361792865396,0.3573412895202636,-0.8332722783088684,-3.061666488647461,0.5230486722524963,-0.595591551130677,-0.6015620322491029,-0.0990659528296304,-0.8527763485908508,-0.3346016705036163,1.7804442644119265,0.6840595377594232,-4.450934283477068,0.5243768522601574,0.3668438196182251,-0.5262365937232971,-1.5068817956514655,0.0054943496361374,-0.6274034384272992,0.6429303856439889
569,1.336957,-0.152827,-13.828547,-0.48444,0.487138,0.551233,-0.473453,-3.757058285102248,-3.548876430176198,1.4936930821239949,7.680704139721393,-4.164043341234327,-4.453972920520603,0.1881878674030304,-0.8452522158622742,-2.4670090675354004,0.5099777943529982,-0.5592840099182144,-0.6436542626496807,-0.1132833236805175,-0.8956796526908875,-0.3610808551311493,1.383349895477295,1.6393039145857096,-5.236732778745889,0.651655397760868,0.3779205977916717,-0.3032413423061371,-1.3825333853185175,0.0561337918043136,-0.8808416814666241,0.4399840932838618
570,1.379016,-0.149932,-13.837097,-0.49179,0.488762,0.544382,-0.472126,-3.6794320245862,-4.856851418116689,1.8739830235540864,7.873025869953632,-3.4748207216233014,-4.702283372217416,-0.1933900266885757,-0.7565551400184631,-1.9964417219161987,0.4942570096415433,-0.5313265031760522,-0.6763444965975439,-0.1263339917789449,-0.5819265246391296,7.18280789442e-05,0.9441221356391908,2.0843109505981205,-6.078287648028135,0.7480855813376605,0.3301593363285064,-0.1002117693424224,0.2646521493624895,0.0248122252523899,-0.765661423908174,0.0585610927032306
571,1.421671,-0.14322,-13.84986,-0.496633,0.4908,0.537626,-0.472683,-3.8387218383103607,-7.785458061137795,2.142391968166828,7.952111681628227,-2.87622208352834,-4.966055304679275,-0.3290113806724548,-0.6421086192131042,-1.3669673204421997,0.4768579008207032,-0.5122071579109174,-0.7006012906921357,-0.1393139347915038,0.036925584077835,0.2245169132947921,0.5663131475448608,-0.3890817351728677,-7.053688093176484,0.5320727405250072,0.2055567651987075,0.0763816684484481,1.510455854745954,0.1300271451473236,-0.5753598743919283,0.2462023552353493
572,1.498845,-0.125815,-13.872064,-0.498751,0.486558,0.532152,-0.48096,-6.020449207043647,-7.38422996109724,3.056561991804838,7.950475020337104,-2.555447576384246,-5.141013812178373,0.0745192244648933,-0.3865371644496918,-0.2862502038478851,0.4656523614070336,-0.5022745813606334,-0.7140301162813544,-0.14508320516431,0.0474999323487281,0.1198581531643867,-0.0884153246879577,-1.9491320803016423,-7.102792023563385,0.2959036121945828,0.1696741729974746,0.6488008499145508,2.44554065611884,0.13125941157341,-0.5572479156507179,-0.2754253079145215
573,1.533836,-0.122577,-13.884268,-0.500091,0.487121,0.527268,-0.484366,-4.081972960790991,-3.038164457587897,0.869467543080449,7.548027607634663,-4.411393423466384,-4.442663590998947,-0.8468955755233765,2.7512009143829346,4.043235301971436,0.5100977681113356,-0.5817150989417533,-0.6229930515117903,-0.1152711252909627,0.4929517209529876,-0.2666983008384704,-3.174734592437744,0.5073480491131543,-4.171203734382987,0.8154260101608931,-0.4424847364425659,0.3644542992115021,-0.8666779123619198,0.1057634726166725,0.3749642163626849,-0.1234623390802647
574,1.567966,-0.121863,-13.89098,-0.501908,0.489412,0.524777,-0.482881,0.0743979461193084,-2.6766391301214694,-2.3356974487394093,7.189011924901604,-5.444942398461699,-3.8524168939247727,-0.7017965912818909,1.999491810798645,3.61320686340332,0.5392600332372841,-0.6296276724143468,-0.5477112268089254,-0.1130490592480812,1.5948601961135864,0.2031557559967041,-3.657325744628906,-2.2693904546171426,-3.460745142258704,0.8179827089063822,-0.5741472244262695,0.1045737192034721,-0.3257502862626686,0.1869785636663437,0.4853023676522076,0.0507505924822296
575,1.639214,-0.120319,-13.898257,-0.503345,0.511001,0.525128,-0.457998,1.4281757770746946,-2.4684049604862928,-3.1947125713884827,6.65195555074513,-6.190524618676305,-3.687719083677232,-0.7575262784957886,0.3603523969650268,2.564606189727783,0.5493219719953095,-0.665671167798421,-0.4948769987661895,-0.10111379003387,2.17745327949524,-0.2410871982574463,-3.577555894851685,-4.788250175577402,-1.6095362605705856,-0.4363543584793806,-0.4384738504886627,0.1652869135141372,-0.3460099610896781,-0.0086594521999359,0.2943833072921261,0.0313639695961261
576,1.672601,-0.117781,-13.90184,-0.507781,0.517512,0.520284,-0.45127,0.8834797018200159,-1.850041006952524,-0.8204054060086607,6.021546939152479,-6.67720689637959,-3.9148762727081774,-0.5040339231491089,-0.5396175384521484,2.2531991004943848,0.5423833761081975,-0.6952739167256164,-0.4649702357338806,-0.0788485343712679,2.726611375808716,-0.3780407607555389,-3.279691934585572,-4.031817475524544,-0.2427943186238408,-1.0641535182259976,-0.3351837694644928,0.1287254989147186,-0.697383421973884,-0.1979394406080246,0.0904069412318989,0.1223150504749733
577,1.704052,-0.116243,-13.905852,-0.515413,0.517121,0.511622,-0.452966,1.3891507576316595,0.2428869653433561,0.5358972672492265,5.306983542057871,-7.179787584960461,-4.056720738373697,0.3806913793087005,-0.4852680563926697,2.263900756835937,0.5394497613308156,-0.7164807148249486,-0.4398756417322366,-0.0464632662040764,2.601406574249268,-0.4718464910984039,-2.9925408363342285,-2.5569278780698776,1.5700339790046214,-2.1154729815810915,-0.2349202334880828,0.0773692354559898,-1.1310726528972386,-0.3079981505870819,-0.046188540697121,0.5062002307849005
578,1.770144,-0.12729,-13.916807,-0.515537,0.523177,0.504462,-0.4539,2.588346806423366,1.288187460669875,-0.7966437144100665,4.600692298746108,-7.6928265391916035,-3.97799323861748,0.5470724701881409,-0.4665794372558594,1.96026873588562,0.5450216036926449,-0.7283424289308756,-0.4151367509633826,-0.011411567723468,2.370521068572998,-0.4590279459953308,-2.5733642578125,-1.924178840830922,2.4486007743418217,-2.979108749768138,-0.2162023186683654,0.079774409532547,-1.6288642075054347,-0.1248658373951911,-0.1261561264751944,1.090108335954696
579,1.809455,-0.135821,-13.921685,-0.505477,0.533231,0.509902,-0.447389,2.884224188198149,1.8750638045281167,-1.166796292707324,3.9596006728366016,-8.036989520707726,-3.987320454411208,-0.0146148670464754,-0.6289272904396057,1.6134443283081057,0.5443723831734509,-0.7388813871982907,-0.3966750056525551,0.0190226312020231,2.079967737197876,-0.5547073483467102,-2.0546295642852783,-1.5994675787597894,3.070641370561719,-3.8339898413524014,-0.2119609117507934,0.0724186673760414,-1.6262226069554686,0.109387882053852,1.78107929707e-05,1.1836207323886454
580,1.845639,-0.146201,-13.925396,-0.496472,0.539074,0.515432,-0.444123,3.191595900672674,1.6732336567163466,-0.2275710305288434,3.3538509939432144,-8.230950250318646,-4.1440901020079846,-0.4646055698394775,-0.2462940663099289,1.6636486053466797,0.5356266030908332,-0.753345907118539,-0.379156619522257,0.0425933893117865,1.411926031112671,-0.7183713912963867,-1.595241665840149,-1.2756740160554647,3.776725693124532,-4.658078319787979,-0.22081159055233,-0.0616960376501083,-1.557044733572006,0.3121495842933655,0.3116147568717599,1.0515480114139617
581,1.924839,-0.157193,-13.931094,-0.496526,0.530086,0.519263,-0.450375,3.934446942357719,1.8682383424222468,0.5949991522982716,2.807773985724151,-8.334527529171108,-4.338483085556328,-0.7174183130264282,0.3478909730911255,1.7011711597442627,0.5250992348290937,-0.7719020537754382,-0.3540738518287297,0.0554050467433981,0.4130102694034576,-0.6776576638221741,-1.156489372253418,-0.8200158221691847,4.731191486793756,-5.3693619645595545,-0.1118836030364036,-0.093009352684021,0.0133835202885849,0.2018794119358062,0.5989900850979611,0.3271648657683283
582,1.970196,-0.15667,-13.937489,-0.499974,0.521466,0.518338,-0.45763,5.565004948168992,0.6411795964539051,0.472502945703268,2.3370582156986,-8.37550017555058,-4.534267231202126,-0.6516712307929993,0.4042178392410278,1.5159552097320557,0.5148228816458976,-0.790595033229319,-0.3257956277931843,0.061435034158319,-0.2298560440540313,-0.3232203722000122,-0.4100123941898346,-2.3391513885855675,4.205302987861633,-5.45051639920175,-0.0319406762719154,-0.2651741504669189,1.7026865456938742,0.0575523748993873,0.988158877499774,0.344779944370687
583,2.012773,-0.152555,-13.939308,-0.508012,0.510889,0.517323,-0.461837,6.895678966912627,0.210691499659419,0.4814753567099571,1.94386334611848,-8.410832185694575,-4.652922836720943,-0.1280498057603836,0.1443995535373687,1.1166224479675293,0.5079991914188817,-0.8031811877308097,-0.3035342190956698,0.0685843845872483,-0.9127140045166016,-0.3971455097198486,0.2718563675880432,-4.393732971352338,3.806371474325657,-5.95744593064189,0.1126837432384491,-0.434616208076477,2.177410090056062,0.1697274297475814,1.2109809599358587,0.8996941929094493
584,2.103408,-0.138737,-13.944671,-0.520832,0.499281,0.521608,-0.455387,7.222541854059695,1.842338762012124,0.2207967140883207,1.66712891010046,-8.499567869246006,-4.598745256331563,0.3060908913612366,0.0512331984937191,0.5956584215164185,0.5094274490757568,-0.806588264275433,-0.2896310064680318,0.0775439858846454,-2.34130597114563,-0.3529903590679168,0.9730712175369264,-3.4567063882619142,4.595173243063688,-5.674755362698435,0.3762402236461639,-0.2129767537117004,1.668348515023291,0.0822202488780021,0.3635035322042181,0.0273361091693979
585,2.145258,-0.135038,-13.949873,-0.517496,0.497655,0.526489,-0.455353,8.24384947938025,1.1804413717001676,-0.6231494342446326,1.5951223891623316,-8.567002406093478,-4.498047624568641,0.2941435873508453,0.1713565737009048,-0.1410227566957473,0.5138861859085072,-0.8049256211976997,-0.2853617937413298,0.0811439853464296,-2.6157925128936768,0.3623472154140472,1.6570574045181274,-4.177036678320169,3.478547633191943,-3.959285907799005,0.3975300788879394,-0.6447795033454895,0.0499448884228011,0.2554821074008941,-0.059305577227869,0.3473428901938721
586,2.181568,-0.134659,-13.956375,-0.511899,0.496978,0.528916,-0.459587,6.767178843727708,3.086819767424464,-0.6642226183891295,1.792841156132519,-8.609048234662414,-4.340558138264716,0.458865612745285,0.265495628118515,-0.7282221913337708,0.5225188406244575,-0.7982702612108721,-0.2899507944613306,0.0752818894625877,-1.998619079589844,0.4091289043426513,2.2166571617126465,-2.7940993883758782,3.085232790493965,-1.551941565214097,0.4501620233058929,-0.217372789978981,-0.4777096109682693,0.1688753217458725,-0.8468760643050074,0.5176743224142119
587,2.269725,-0.129105,-13.980368,-0.48829,0.501023,0.538884,-0.469205,6.719270845127105,2.4164736977189776,-1.2719406747460364,2.186261943423003,-8.56912305150926,-4.238015463156998,0.0884124189615249,-0.1496890485286712,-1.5489858388900757,0.5288851786743944,-0.7884096515858081,-0.3073904320875131,0.0648215157288562,-0.9364281296730042,0.9959244132041932,2.666489124298096,-2.18537712341249,2.5487726286649703,-0.8035778975874185,0.4326598048210144,0.221604898571968,-0.5952785172289237,0.2896722853183746,-1.3747894931934772,0.3800156545333564
588,2.304894,-0.12594,-13.985918,-0.48263,0.50121,0.5406,-0.472872,6.43471799044311,0.01934007576406,-1.0057786322772502,2.7991192623645067,-8.368519815143943,-4.278224139426649,-0.0752274245023727,-0.5592035055160522,-2.395399332046509,0.5285921913995841,-0.7750228646623047,-0.3427364690751753,0.0496146031844056,0.4566834568977356,1.2040618658065796,3.131182909011841,-3.3545740475207566,0.6415174501061439,0.4406960409455001,0.2911052405834198,0.3303304612636566,1.0642470417283474,0.176772728562355,-0.9205412391703576,-0.0796894583898596
589,2.349615,-0.122985,-13.993676,-0.484966,0.497842,0.538847,-0.47603,5.8096063162148,-2.470939447399973,-0.4585977544695138,3.5698277405291794,-7.998903243419527,-4.409561824125051,-0.1006194725632667,-0.9282980561256408,-3.1152093410491943,0.5235933481071215,-0.754831537125348,-0.3937695133649281,0.0320131563435009,1.3183501958847046,1.2203052043914795,3.310011386871338,-4.052115582665801,-0.2700368380755186,0.6659235770881176,0.1208448782563209,0.1160187721252441,0.161585450380668,-0.1071949228644371,-0.7412200794823467,-0.4481654269780963
590,2.426899,-0.127864,-14.001178,-0.495759,0.493495,0.535059,-0.473707,3.5149966646671293,-2.129554698425532,1.071928974533081,4.444526754522324,-7.464759541839361,-4.549058557620644,0.1175470054149627,-0.7084219455718994,-3.490018129348755,0.5176422319881644,-0.7261221134186213,-0.4524202786864376,0.0104445868925634,0.3991876542568207,0.9002351760864258,2.890615940093994,-1.9105764319360248,-0.1899275285720825,1.1558989049874246,0.0770265907049179,-0.10990621894598,-0.4676552864763885,-0.3880193531513214,-0.5096053630532696,-0.0514513702958822
591,2.483696,-0.135149,-14.013391,-0.496125,0.497216,0.53692,-0.467283,1.5849059694439172,-2.178567443397641,1.245716100165248,5.387307955616712,-6.794450881534814,-4.580688790637255,0.2092059254646301,-0.1653758138418197,-3.66866397857666,0.5158590450397745,-0.689672952314639,-0.5078398868140676,-0.0184180820863858,-0.6753720045089722,0.8170686364173889,2.4433419704437256,0.2237561484158039,-1.2545768674910067,1.7845361229933798,0.1710551530122757,-0.250567227602005,-1.2998691306352614,-0.4327979981899261,-0.5230466996349394,0.5816046870656311
592,2.526433,-0.143209,-14.020476,-0.496263,0.501355,0.536539,-0.463133,-0.3579951075136661,-3.0680700587689875,0.8130068201899529,6.326440571075677,-5.97348287320733,-4.52372011822462,0.2697101831436157,0.022981658577919,-3.6573855876922607,0.5162042368028947,-0.6480309897936073,-0.5574059329503126,-0.0537372563231956,-1.2432069778442385,0.641226589679718,2.151397228240967,0.103701782014966,-2.579766901865601,1.500730725675821,0.259733110666275,-0.2442028671503067,-1.7435161303408442,-0.3271496891975403,-0.6495308068223298,0.8952427664585411
593,2.623796,-0.153766,-14.042722,-0.506991,0.504383,0.526764,-0.459432,-3.6786382438600063,-4.238224137471616,1.0077496400892734,7.572506799852848,-4.194302870419621,-4.608178855109214,-0.1561920195817947,-0.3931874334812164,-2.777792930603028,0.502599132936532,-0.5679993777833263,-0.6421280534850636,-0.1115448176054354,-0.859851062297821,0.314949631690979,1.6132084131240845,0.5889233395159245,-5.0349032154560085,2.1891168944627046,0.2919197678565979,-0.0879260152578353,-1.430971691403538,-0.0347855538129806,-0.7759956247873604,0.6029477732151747
594,2.668589,-0.154171,-14.050482,-0.517243,0.501728,0.521519,-0.456887,-4.693095272633433,-6.099560153159499,1.1557084969818592,7.916736416864395,-3.3627728438064453,-4.710348897512257,-0.540496826171875,0.0846614465117454,-2.140622615814209,0.4903436616611244,-0.5399301350778806,-0.6698032578016785,-0.1392910776015913,-0.0051832543686032,0.5227359533309937,1.3749432563781738,0.8281897762745618,-6.26075141659081,3.086369685569405,0.1124406233429908,-0.0617770291864872,0.6658751348365097,0.0145234540104866,-0.3430993708726018,0.2087379727051593
595,2.712786,-0.150664,-14.060629,0.525301,-0.49951,-0.513386,0.459329,-6.856646348685026,-7.671423101156949,1.1351327419430015,8.13066266066134,-2.7478432486355304,-4.744691896618902,-0.8509702682495117,0.1705393195152282,-0.7166782021522522,0.4802753356606297,-0.5267067344438381,-0.68153648688036,-0.1656011617644354,0.4690879285335541,0.3802105486392975,1.143768310546875,-1.0404390267699957,-6.965069314002991,3.3389527000188823,-0.0912209153175354,0.0659449622035026,1.2164283386215566,0.1315228790044784,-0.5407796689959242,0.2980819243480451
596,2.806526,-0.143616,-14.089637,0.520937,-0.500153,-0.51307,0.463929,-6.237820622858405,-6.9985133184432975,2.076521319635212,8.192386418646574,-2.543427468244732,-4.752491172192991,-1.1175581216812134,0.4632531106472015,0.4435067772865295,0.473459847265854,-0.5350542931038159,-0.6752973524104318,-0.1831015850093091,0.0333462953567504,-0.1535550057888031,0.45380300283432,-1.219277590572834,-6.910753201925754,3.293018631839752,-0.1231893524527549,0.3981165289878845,0.8323604130227118,0.1435091942548751,-0.6842151667125522,-0.0310802184680127
597,2.846933,-0.140925,-14.098834,0.517087,-0.50375,-0.515947,0.461146,-5.341242370012402,-7.562048534202575,2.5995354321748017,8.213238068017363,-2.647575532722473,-4.658699082034826,-0.4519255459308624,0.7310507297515869,1.1887143850326538,0.4742992365062282,-0.5529384163748882,-0.6571047587055767,-0.1936821869342572,-0.200314924120903,-0.2983759045600891,-0.6350613832473755,-1.3433113819986582,-7.237307461515068,4.324135118991136,-0.2698070406913757,0.2028840482234954,2.826872946208715,0.0930690243840217,0.3890768398020416,-0.2193787187828682
598,2.887911,-0.138276,-14.107422,0.516057,-0.506408,-0.515234,0.460186,-5.429058600631356,-6.936640507376193,1.382183841228485,8.155008581888675,-3.15432152428925,-4.440328718310594,0.3360923528671264,0.4556455314159393,1.9724653959274288,0.4886552690363496,-0.5708121734718765,-0.6329037963114527,-0.1866077220509628,0.2024817913770675,-0.8149511218070984,-1.7514724731445312,-2.344380521410704,-6.59445554793477,3.32107217541337,-0.2537378966808319,0.0018548648804426,1.10893695506528,0.1699723601341247,0.9122242963977156,0.2796218645552173
599,2.961425,-0.128368,-14.115505,0.52345,-0.511909,-0.512713,0.448414,-3.8849166032522913,-4.63979973577559,0.3506698791921138,7.868868165752291,-4.010450862368941,-4.262346771337092,0.9565548896789552,0.1019484102725982,2.562264442443848,0.5075058155480477,-0.5920408533845289,-0.6056457991430009,-0.1584888121424798,0.5933811068534851,-1.053103804588318,-2.8010048866271973,-1.4193559262812137,-4.717460190822184,1.7695225321263073,-0.2010397911071777,-0.1919893026351928,0.5256088782731443,0.1737768203020095,0.9244337165642528,0.0167765625436499
600,3.008287,-0.122827,-14.125266,0.526876,-0.514834,-0.509338,0.444885,-1.301640231961012,-5.055943080875277,-1.857031011970341,7.37498048671484,-4.997458743202686,-4.099441981986165,0.902042806148529,-0.2117418050765991,2.7934396266937256,0.526236282232964,-0.6140290174111359,-0.5761785641719502,-0.1185827991275783,1.414314866065979,-0.8806089162826538,-3.2997612953186035,-3.500138702753186,-3.7136031742572784,1.1344536005724222,-0.1892030090093612,-0.1909269541501999,0.4040202515097335,0.0559242852032184,0.5140889016754925,-0.4324028443746268
601,3.046005,-0.120683,-14.132095,0.52795,-0.51641,-0.506699,0.444798,0.7862555913865565,-4.341197312951088,-2.304399808678031,6.712234955140948,-5.900898698511719,-4.036792925849556,0.679455578327179,-0.4663496315479278,2.705107450485229,0.5370042561075985,-0.6378526304833014,-0.5467752590450022,-0.0762058629462369,1.441742777824402,-1.4944640398025513,-3.396756172180176,-5.791300844195485,-1.9433366918958723,-0.9916286725021898,-0.1317974478006363,-0.11883095651865,0.0237008739226032,-0.1932086646556854,0.5628557090625167,-0.4158621900707483
602,3.135672,-0.132061,-14.152215,-0.517177,0.523752,0.51192,-0.442888,1.0422837778538463,-1.888297380110621,-1.2228121944397687,5.996967793691158,-6.676510146287083,-3.953601432421803,0.6977364420890808,-0.1327624469995498,2.563740491867065,0.5450706259320804,-0.6589872332271318,-0.5170235926059242,-0.0363374249559368,1.2611687183380127,-1.5796650648117063,-3.356123924255371,-3.9187054756075135,-0.3629275954797863,-1.7563962163105606,-0.1225954070687294,0.0961077809333801,-1.5985671227887273,-0.3335770964622497,-0.0637702239199541,-0.0384749249793356
603,3.179725,-0.141678,-14.159751,-0.50512,0.531194,0.519439,-0.439169,1.0714321309268473,0.3718897773534059,-1.1012328104287386,5.306870144811272,-7.340662037527561,-3.7579488042011855,0.5469587445259094,0.2597205936908722,2.441977977752685,0.5553238369119665,-0.6771387003288337,-0.4827890335100422,-0.003648910664395,0.6233696341514587,-1.4784127473831177,-3.416750192642212,-2.337667872029543,1.443921043217182,-2.659876211369037,-0.1946115493774414,0.2686240375041961,-2.142539559943974,-0.264095664024353,-0.10349644130175,0.5238261595748365
604,3.223569,-0.151962,-14.165727,-0.494172,0.536172,0.525713,-0.438109,1.4415350248634815,1.5944599797308443,-1.287104049347341,4.639736899672449,-7.868913758459687,-3.566990179015696,0.2125119715929031,0.404865562915802,2.2900519371032715,0.5636225015149553,-0.6947779123055069,-0.4462617370275819,0.0215355308813959,0.3814387619495392,-1.2132025957107544,-3.318916082382202,-1.6805974634826182,2.2780799570292234,-3.109726595759392,-0.2916395664215088,0.293244868516922,-2.219344713335484,-0.0480112433433532,0.0772243469179607,0.9863550429482012
605,3.313877,-0.164579,-14.172984,-0.490051,0.530091,0.530159,-0.444731,2.1294781260579825,1.4731015449941158,-1.1638918034374712,3.975137556925416,-8.24480166553855,-3.520214691576361,-0.2678353488445282,0.2743993103504181,2.163936376571656,0.5646429982188338,-0.7144909629528358,-0.4110762285687183,0.0411981441272924,0.625461757183075,-0.8562839031219482,-2.869304180145264,-1.5726228264540434,3.008312047898769,-3.92108214161098,-0.3247184157371521,0.2554579377174377,-2.151289852632582,0.15635746717453,0.2214226822332479,0.9948526760499924
606,3.360022,-0.163595,-14.174954,-0.493422,0.52509,0.528798,-0.448541,3.1417978505417703,1.1576830119252204,-0.4387023829102516,3.285136938679218,-8.509377900120615,-3.60121422791779,-0.3093495965003967,0.1343267261981964,2.127238273620605,0.5592853771016824,-0.7352203355469797,-0.3782352147256906,0.0599086386630886,0.6180430054664612,-0.6968719959259033,-2.275877952575684,-1.4834557657480238,4.349274820944666,-4.870322309586405,-0.3440665602684021,0.2634186744689941,-1.895443014081568,0.2444053590297699,0.324946714794822,0.7724229539323598
607,3.408804,-0.155673,-14.178091,-0.499721,0.522364,0.527559,-0.446202,4.307574444812536,0.9249754952907562,-0.5029892693817615,2.571116562420129,-8.719747912740706,-3.677736034323275,-0.2129773646593094,0.0498995296657085,2.119937896728516,0.5532386052743533,-0.7535063275866088,-0.3460355006199674,0.0800918755534966,0.6653676629066467,-0.5213372707366943,-1.505056858062744,-1.0887871703535317,5.111062326028943,-4.910454413488507,-0.2757370471954345,0.3350485861301422,-0.0351264548016479,0.2543738782405853,0.8340954931870103,0.5036658169364556
608,3.500952,-0.139891,-14.177955,-0.50517,0.528058,0.528295,-0.432275,6.493808477315306,-0.2161778221160173,-1.2910995487242936,1.8296333019569515,-8.879543337899445,-3.738519296588003,-0.0768838822841644,-0.224508136510849,2.01111102104187,0.5466187751015166,-0.7688340103365656,-0.3154452522779375,0.1029389391078089,0.5718571543693542,0.012497498653829,-0.5181248188018799,-2.099750511792302,4.89590157200098,-5.300561400055885,-0.2229884564876556,0.1098105758428573,1.8986352342516184,0.2251112163066864,1.3751339227169752,0.2604223663056269
609,3.554886,-0.13096,-14.182636,-0.504161,0.52793,0.529561,-0.432061,8.482848205113411,0.110697339990735,-1.4405910220116376,1.1229885690324009,-9.003212387666105,-3.721756962357461,0.2732937633991241,-0.2657961547374725,1.6865692138671875,0.5419956291327045,-0.7782420349102958,-0.2899933304460554,0.1283901806640279,-0.5505459308624268,0.0579673014581203,0.5596476197242737,-4.800522212651372,4.915711018842458,-6.068167236030101,-0.0833476483821868,0.0257336404174566,2.295901444923877,0.1965908706188202,1.4087339945018291,0.3186157947402447
610,3.593054,-0.125182,-14.188177,-0.502406,0.524972,0.528312,-0.43918,10.383561414682864,0.7992629569977522,-2.243641388593614,0.5925059837756678,-9.094572574502228,-3.620506080625951,0.2040884643793106,0.2218432128429412,1.0860110521316528,0.542136974302348,-0.7829821148308311,-0.2674573736176443,0.1466050514985196,-1.9975268840789795,0.466053694486618,1.3363122940063477,-4.40680346532762,5.099736045372485,-5.644475375247001,-0.0120524074882268,-0.3077647387981415,4.696485499593615,0.2992100119590759,1.6464406345978375,0.469501644995436
611,3.677491,-0.114272,-14.211064,-0.483525,0.518239,0.53118,-0.464198,10.975957983267309,2.219516124379634,-2.122571123148501,0.510374557327479,-9.114518799465896,-3.5826626721829173,-0.0688558593392372,1.2371593713760376,-0.1254321336746215,0.5452738583799922,-0.7869085558149579,-0.2518727562237682,0.1414621400532377,-2.4289703369140625,0.8630515336990356,2.090043783187866,-5.4510483141213655,4.149890897241234,-4.641466792204976,0.049856174737215,-0.2202249318361282,0.2192187059155665,0.2912952005863189,-0.6851655993051826,-0.2419804814903065
612,3.714677,-0.110191,-14.217072,-0.479444,0.513399,0.532308,-0.472444,8.597057352617382,4.085980442866683,-1.7542457602784036,0.9866324716500936,-9.050955551093816,-3.643780865490436,-0.5389445424079895,1.5140929222106934,-1.301729440689087,0.5499163454680989,-0.7902234360040309,-0.2476449865362003,0.1086778325618714,-1.4501838684082031,1.0632073879241943,2.6056299209594727,-2.951190815272927,3.3137422709167,-0.8943284280925988,0.2332806140184402,0.5171195268630981,-0.3375264661110937,-0.1104776337742805,-1.6365449712663889,-0.7177961684707552
613,3.750866,-0.108966,-14.219299,-0.483182,0.509284,0.529992,-0.475682,8.329439850643277,1.015630164206028,-1.8813123435288663,1.8418772819802165,-8.84107945947051,-3.822724350972473,-0.6896824836730957,0.7058399319648743,-2.588838577270508,0.5483583574356,-0.7897694645533493,-0.2667749751131139,0.0663214815340226,0.4594683051109314,1.816014528274536,3.0551676750183105,-3.866349849948287,1.521374869775772,0.225589209061861,0.1971563696861267,0.3941482603549957,1.091384128044173,-0.2937260568141937,-0.4865212053900584,-0.4414692538077011
614,3.843741,-0.118438,-14.223586,-0.495284,0.511216,0.528638,-0.462487,6.739423990839719,-1.7124276029855012,-0.8973270253866911,2.971307428367436,-8.458888068333268,-3.9735260300755497,-0.2507682144641876,-0.2026170343160629,-3.63636326789856,0.5447485148671202,-0.7769237840525742,-0.3146154376868289,0.0256032479571002,-0.073681890964508,1.1588555574417114,3.14747953414917,-5.762310896554589,1.667788835313916,-1.4828653986394404,0.1470797061920166,0.0090670892968773,0.1550895307564176,-0.3841188549995422,-0.0178693730238359,-0.118560538513353
615,3.884824,-0.12531,-14.224742,-0.500382,0.514152,0.528462,-0.453865,4.1397745768964285,-2.4671423932045697,0.498508616836369,4.178878506794572,-7.887030429908632,-4.062277495718002,0.0623458065092563,-0.4767216145992279,-4.1227216720581055,0.5410821128188396,-0.7505918867146509,-0.3791178381064589,-0.0105645083496942,-1.3109010457992554,0.7351782917976379,2.7739856243133545,-2.6553964356064794,1.2426961678221822,-0.0320114874191582,0.190191388130188,-0.2278926074504852,-1.0128057544350624,-0.5302044749259949,-0.1724638046065345,-0.1005973497262224
616,3.937888,-0.133634,-14.231701,-0.505322,0.51561,0.524135,-0.451751,1.944983143928647,-3.2668180226564405,0.6076806469559669,5.410602906486392,-7.10725777080059,-4.047550174446403,0.2655819058418274,0.1148925200104713,-4.270150184631348,0.5394353789737979,-0.7140019307135427,-0.443360879372498,-0.0513996408489231,-1.291800618171692,0.5198975801467896,2.5367367267608643,-0.6267366450816393,-1.0317322809621692,1.9887521430283783,0.2534199059009552,-0.3690866827964782,-1.5397914009541271,-0.6608150005340576,-0.1760846802511252,0.2634290007757023
617,4.02984,-0.146677,-14.244027,-0.515357,0.512292,0.515525,-0.454091,-0.4193851034998893,-4.106608804875612,-0.2068839240700006,6.582659311679005,-6.13848054318428,-3.893336641073226,0.1321389526128769,0.540885865688324,-4.062482833862305,0.539954670348478,-0.6715228030631585,-0.4975560731999119,-0.0997203801957731,-0.6160740852355957,0.5861175656318665,2.374190092086792,-0.0411263756364583,-2.5567437536746263,1.8868781609624623,0.2874594032764435,-0.3470993638038635,-1.8324008669741447,-0.5374349355697632,-0.4056102241149172,0.9325077174264936
618,4.092783,-0.148547,-14.256029,0.520049,-0.508816,-0.512968,0.455543,-2.7777093945890665,-4.65479389128983,-0.2263555172592401,7.502814839467406,-5.065962955108285,-3.77016560395658,-0.2236422300338745,0.324049562215805,-3.425777673721313,0.5349094083607566,-0.6317770661521285,-0.5413711190858405,-0.1471287615746199,-0.5200583338737488,0.4989375472068786,2.235515117645264,-0.6059773501694202,-3.304700886327028,1.5107248809456824,0.3062777519226074,-0.337620198726654,-2.024652600710094,-0.2569617331027984,-0.4932545687656849,1.2396009782858193
619,4.142063,-0.144162,-14.266239,0.522605,-0.507067,-0.506665,0.461582,-4.161504178145528,-4.939042794591188,0.8607812555387616,8.069588891017437,-4.087096879675984,-3.787842422683537,-0.3720828890800476,0.0129630966112017,-2.6035993099212646,0.522473293952948,-0.601625413950828,-0.5754763907027372,-0.1841070650692557,-0.7406138777732849,0.3369289338588714,2.0271360874176025,-0.1664209807783365,-4.409386467558146,1.9333762927651403,0.305521011352539,-0.3328787684440613,-2.001944071426242,-0.0730777755379676,-0.6100861371951177,0.9140527539338916
620,4.249099,-0.134788,-14.287673,0.517397,-0.502291,-0.507378,0.471775,-5.223510309079289,-5.17466473736763,1.893209702071548,8.424409460148215,-3.250979817533493,-3.8250314588710665,-0.1888794749975204,0.0070367683656513,-2.18499493598938,0.5095578401371922,-0.5767938518583472,-0.6019395114669229,-0.2129050865224537,-0.6570252180099487,0.2131298333406448,1.7915513515472412,0.98951606426239,-5.4571010382890695,2.530343822526932,0.2435790598392486,-0.1739383935928344,-1.0114518556080758,-0.0657929182052612,-0.5812110115729272,0.3704526937549933
621,4.292974,-0.132111,-14.29382,0.514827,-0.504665,-0.511265,0.467841,-6.3437663844078775,-7.004035881257057,1.8785522311657663,8.630528829586506,-2.629783563183248,-3.8429952778458594,0.2164689153432846,-0.0867665037512779,-1.4554178714752195,0.5008772706058754,-0.5546158265810828,-0.6231689309519381,-0.2306161531586458,-0.197473868727684,0.3223803043365478,1.502273678779602,0.8652133927673101,-7.023377710586786,3.120577660119533,0.0921647623181343,-0.077544517815113,1.0021597841929644,-0.0557905994355678,-0.2397084814377129,0.2725653884387575
622,4.333076,-0.130539,-14.297826,-0.512992,0.507283,0.514626,-0.463319,-7.349492409715056,-8.016870861786604,1.6242086367845534,8.709548590287566,-2.332215451842546,-3.856801684880256,0.1466308087110519,-0.1427582651376724,-0.407304584980011,0.4974537890696218,-0.5410791638749227,-0.6355119984769024,-0.2364266636895431,0.3500435650348663,0.0255820341408252,1.136064529418945,-1.4853642297178506,-8.20915810522735,3.277069367557764,-0.0748512744903564,-0.0689610987901687,1.6600237542703746,0.1020425334572792,-0.281268681914173,0.533676266731508
623,4.42916,-0.126437,-14.305521,0.516941,-0.516542,-0.515646,0.447288,-7.367243170461058,-7.71163236194849,1.908188367755711,8.678217632478475,-2.405216390645504,-3.8825069117620585,-0.004101316910237,0.019751988351345,0.7997052073478699,0.4975571456914415,-0.543941592893987,-0.6340980226376965,-0.2334183573252113,-0.6981399059295654,-0.427956759929657,0.0479174144566059,-1.214074176710844,-7.369203072357177,1.92725985571146,-0.0531918182969093,0.4019375145435333,2.84483384257406,0.0725014358758926,0.0137919035850092,-0.3412237497264519
624,4.468328,-0.122822,-14.308366,0.520369,-0.519722,-0.511964,0.443844,-5.076757905367017,-7.470711143720149,1.5599311026632785,8.340354043367505,-3.5894530629754064,-3.704687169612944,-0.0058421944268047,0.4934411942958832,2.746509790420532,0.5182774554252723,-0.5866605914880885,-0.5871250562935204,-0.2061601324269119,0.1219464689493179,-0.660382091999054,-2.4225940704345703,-1.396783444467187,-6.813468885737657,2.014293411520123,-0.1886673271656036,-0.2438123822212219,0.9107800889387726,0.1885031014680862,1.25839861773625,0.341872569024004
625,4.510689,-0.122991,-14.312215,0.523414,-0.519919,-0.507527,0.445127,-3.2033962285816666,-6.737232033753394,-0.0856967542469501,7.903064449864625,-4.621309554839134,-3.51503290502429,0.286428838968277,0.3120564818382263,3.377582311630249,0.5378962119928598,-0.6178610988778245,-0.54540302990897,-0.1773439437012225,1.1274477243423462,-0.4339840710163116,-2.998707771301269,-1.5928841087162493,-6.049470718866586,1.450048001664877,-0.216099664568901,-0.5389817953109741,1.048303841860965,0.2936899662017822,1.3812922992162406,0.047611020381446
626,4.59343,-0.130042,-14.316876,-0.52471,0.526005,0.502249,-0.44243,-0.0653308425664901,-6.009460780039429,-1.4745982132926585,7.186582651928067,-5.701327143281698,-3.466734445801377,0.2758466899394989,-0.2077690064907074,3.3878378868103027,0.551810682402046,-0.6514492440927442,-0.5023625633755845,-0.1369327039675212,2.0558855533599854,-0.6888111233711243,-3.277376890182495,-4.185732610473036,-4.028156322668493,0.0142073159854859,-0.1430422514677047,-0.2795456945896148,-0.6326247532721608,0.0961761623620987,0.5400603052128106,-0.5793945732681081
627,4.638383,-0.139646,-14.317012,-0.520447,0.533366,0.50393,-0.436704,0.7224889293968677,-3.838512579473853,-1.895595428164304,6.34669133194387,-6.625795273572206,-3.462478249661624,0.5146462321281433,-0.5375458598136902,3.063872575759888,0.5611536698219434,-0.6786713489172528,-0.4646960933477929,-0.0925709976159068,2.2952797412872314,-0.9744808077812196,-3.3328757286071777,-4.368171244594454,-1.8838696267962447,-1.0849088676154612,-0.0836630463600158,0.0745012462139129,-1.5889970381498335,-0.2270595580339431,-0.1401590515955351,-0.5025675733709708
628,4.683826,-0.14858,-14.315682,-0.517619,0.537182,0.50538,-0.4337,1.2423930932223797,-1.911916740629077,-1.6774708558946847,5.4098950504779815,-7.417088859125971,-3.448215623292327,0.7165060043334961,-0.7254208922386169,3.0045006275177,0.5676591499784767,-0.6997720496490464,-0.4314268651542121,-0.0441922064692056,2.1484181880950928,-1.166484236717224,-3.284857988357544,-3.933479266369343,-0.2270505137860775,-1.8165631002426144,0.0101117203012108,0.4947204291820526,-1.860032385743409,-0.4636724293231964,-0.2545127952019684,-0.1150368396329227
629,4.777389,-0.158201,-14.310924,-0.522652,0.532344,0.504725,-0.434393,2.9893849368497727,-0.3365414005964994,-1.9714064559519289,4.394034000125527,-8.118581762245297,-3.3093045807301995,0.939864456653595,-0.5601837038993835,2.9252023696899414,0.5755291249361022,-0.7149276253060068,-0.3969962988105103,0.0062237679902119,1.5850945711135864,-1.216089963912964,-3.189496755599976,-2.92604643714428,1.6242100980892775,-2.819468222910165,-0.0353529416024684,0.4939174652099609,-1.6023666612021623,-0.4363307952880859,0.2155896469645202,0.464460399425216
630,4.825264,-0.157193,-14.309051,0.528146,-0.524595,-0.500722,0.441746,4.552066215004027,1.001392964538932,-2.7133810070633886,3.4180814740523693,-8.654158711498976,-3.097196492271125,0.6147904992103577,-0.2496447265148162,2.5709421634674072,0.5827273224060798,-0.726076069912114,-0.3615613572633195,0.0501573170515187,1.4012235403060913,-1.098315715789795,-2.8411004543304443,-2.1995792517662047,2.710354352718592,-3.3772079041332006,-0.1528359353542328,0.2957260012626648,-1.6147496113047002,-0.2048558443784713,0.3858195915717631,0.8589002640977501
631,4.873614,-0.153529,-14.306407,0.535906,-0.516407,-0.498194,0.444895,5.278139724889397,1.618567416027188,-2.7022303752347825,2.5456618031680582,-8.977595131328702,-3.015422464425862,-0.0119005385786294,-0.0926522463560104,2.324542999267578,0.5825932721481605,-0.7391490888709709,-0.3277230202765067,0.0827121230298921,1.4754642248153689,-1.068676233291626,-2.289531946182251,-1.6289572926163671,3.421862453895807,-4.269940587466955,-0.2419197857379913,0.1706077307462692,-1.514668065613508,0.0886845290660858,0.336699294571951,1.0204282121375203
632,4.966363,-0.142681,-14.305394,0.537053,-0.51246,-0.502776,0.442917,6.849648452621698,1.7267770308554171,-1.8727987822055816,1.7132136387966572,-9.148951814943551,-3.087388507223129,-0.3382726907730102,0.1594928652048111,2.3013620376586914,0.5753069504176959,-0.7558666326865681,-0.2933916187698544,0.1077447400801131,1.0439200401306152,-0.9271004796028136,-1.5521100759506226,-0.8020978881627321,4.95946131324172,-5.501440530753135,-0.2680862545967102,0.1633037775754928,-1.144174272663146,0.3266496360301971,0.4369272629965096,0.8099956556752324
633,5.008208,-0.138673,-14.30755,0.532007,-0.512572,-0.506172,0.445004,11.18958553637862,2.635316939651966,-1.2729998284101485,0.4459350741101429,-9.22879867411852,-3.286457665888965,-0.0444227531552314,0.134160965681076,0.740766167640686,0.5594044064085655,-0.7822395951274479,-0.2359320377358495,0.139656775682962,-0.2922693490982055,-0.3027147054672241,0.0163223389536142,-3.719066115838289,4.990896900469064,-6.710715782749652,-0.0660135820508003,-0.2749347388744354,1.570993763947487,0.3520580232143402,1.3373787770792842,0.5677766527213156
634,5.049691,-0.133647,-14.314063,0.526378,-0.508456,-0.509943,0.452058,10.421275936049222,3.4273370859146115,-1.1619131968408822,0.3723835522197187,-9.24479645371735,-3.2504505329623816,0.2833132445812225,0.1243504434823989,-0.06231140345335,0.5606398549794092,-0.7825261694754577,-0.2310403702003139,0.1412657709752857,-1.739966630935669,-0.2605160772800445,0.6043401956558228,-3.666144672989845,5.4304748971700665,-6.791091049712896,0.1171730831265449,-0.1659974604845047,0.1983383601732552,0.4864436686038971,0.4871521237047388,0.2796263398009352
635,5.126262,-0.122507,-14.324249,-0.512072,0.498655,0.516745,-0.471275,9.779764331161974,2.536143448716402,-2.508321668072045,0.5346063871884719,-9.280909969627857,-3.122391723804176,0.2894169688224792,0.107165552675724,-0.710423469543457,0.567646036576262,-0.7772585651112529,-0.2346631396743504,0.1363101886252904,-1.7981154918670654,0.6828408241271973,1.1095349788665771,-2.7350580013424155,4.2665936151266095,-4.900237555378675,0.0836976990103721,-0.4357442259788513,1.6736588963910937,0.4626207649707794,0.3178197124591097,-0.0818298770851921
636,5.175429,-0.120917,-14.325567,-0.509548,0.495781,0.517714,-0.475957,9.894484935319424,2.0151620110481976,-3.2863106586337087,0.9519968462724238,-9.27887057275474,-3.0276477397486565,0.2713016867637634,-0.2413081228733062,-1.5852611064910889,0.57439970405207,-0.7686239370578594,-0.2521593073144116,0.1252913108444756,-0.3158870637416839,1.1266016960144043,1.876361608505249,-4.445149854856729,3.413559320452809,-4.106232957300543,0.1895158439874649,0.0003409931669011,1.2363564434066414,0.3110975623130798,-0.3351309492766857,-0.2104414338884875
637,5.216021,-0.121925,-14.325328,-0.512366,0.494485,0.515768,-0.476392,8.822288249760865,1.63781104567945,-3.214217774586379,1.6366322111584246,-9.182539027246833,-3.028663054271042,-0.2452043294906616,-0.6197049021720886,-2.4097609519958496,0.5774559475002465,-0.7557244384312232,-0.2886163791378017,0.1101171535263464,0.3055884838104248,1.7575092315673828,2.309891700744629,-4.273763360625505,3.5964527126044032,-2.38899766177237,0.1683739423751831,0.1227479726076126,0.7372251646272837,0.3674343228340149,-0.868789643818885,-0.0441621540026273
638,5.306756,-0.135924,-14.321796,0.519224,-0.500566,-0.51549,0.46272,7.895582569676637,-0.9237117589652538,-2.3329054799333213,2.584735922449827,-8.8726144154191,-3.28119784566462,-1.055320382118225,0.1497950702905655,-3.020834922790528,0.571379757643639,-0.7456350025341972,-0.3336509845032233,0.0789348265576518,-0.4609430432319641,1.9055776596069336,2.710846424102783,-5.212801283538341,2.8829227502107617,-1.5171706960842013,0.1008649617433548,0.0298218745738267,1.180688989785686,0.3028155267238617,-0.4355252872440964,-0.0577168604314327
639,5.351996,-0.144081,-14.320485,0.522547,-0.505152,-0.516189,0.453117,6.387388668513298,-4.302109749665856,-1.334154554335773,3.783927587327361,-8.274781208738684,-3.6579049601718783,-1.4461554288864136,0.9052486419677734,-3.4930989742279053,0.559378653131523,-0.7377920491463738,-0.3770466127870097,0.0243770752706491,-1.4605145454406738,1.4094830751419067,2.856772184371948,-4.849722004628181,1.9379756032541395,-0.2678551101222634,0.0791309028863906,-0.1604521423578262,-0.2333820183625444,0.1027325764298439,-0.2086163921521045,-0.3651271148180589
640,5.396721,-0.151739,-14.321501,0.526788,-0.506822,-0.513002,0.44995,3.7213065882414575,-4.729528522017598,-0.021126666919887,5.085614581039548,-7.411617734238505,-3.921075419609248,-1.300501823425293,1.0119619369506836,-3.825284242630005,0.5461962486276124,-0.7239685109241102,-0.4192717576955435,-0.0418381584890438,-1.989229798316956,1.0102595090866089,2.678436756134033,-2.1855951500773427,0.4501438143789767,1.4614759891301392,0.0740272402763366,-0.3019751608371734,-1.6539670845799148,-0.1529534310102462,-0.3494341268520802,-0.1761889626095071
641,5.494061,-0.160082,-14.332494,0.534776,-0.502991,-0.502729,0.456375,0.9937672919660806,-4.948006437769532,1.0967997964173557,6.312289296126365,-6.344994464898109,-4.008299237293005,-0.8240925073623657,0.8292811512947083,-3.9839277267456055,0.5331096460810583,-0.6997448750976105,-0.4633826682477779,-0.1069009744192879,-2.074530839920044,0.620682954788208,2.652137994766236,-1.0979296772301197,-1.3330648594029246,2.1922639603167773,0.032379675656557,-0.2189290523529052,-2.129717780032754,-0.1756793558597564,-0.6531126108318567,0.4872874039895832
642,5.542895,-0.159061,-14.338839,0.538884,-0.497357,-0.497599,0.463287,-3.7377170402944087,-7.267838793379068,1.5037994655966758,8.043389450877905,-4.005409068809449,-3.928228506234288,0.2162785083055496,-0.164475992321968,-3.565573215484619,0.508314399844595,-0.6245318415046172,-0.5569954134911731,-0.2033041885730972,-0.7420602440834045,0.4485975801944732,2.5654237270355225,-1.0669260516792536,-4.928358903491497,2.6286738483756777,-0.0617721639573574,-0.0480370298027992,-1.8194063608445223,0.1677960455417633,-0.5240695033440366,0.7987210321407765
643,5.594636,-0.154182,-14.346109,0.540658,-0.495677,-0.489917,0.471142,-6.54350335933268,-6.47212972947061,1.883821988262236,8.445249419081211,-3.0283623177587984,-3.95944606679678,0.5765286087989807,-0.3577190339565277,-2.6800856590271,0.4966341623880965,-0.5849170818081114,-0.5997896149124673,-0.2268900475606639,0.1369099766016006,0.3388621509075165,2.338519334793091,-0.0897597659021615,-6.356120839068293,3.0780326498568056,-0.0438345111906528,-0.0746407434344291,-1.421581054984778,0.1671244204044342,-0.6701053197521716,0.6951949720188975
644,5.689491,-0.148288,-14.354526,0.538526,-0.498986,-0.492294,0.4676,-7.136576804265379,-6.590961276078224,1.3730536093115806,8.61095611411035,-2.3955244331926107,-4.035256217801571,0.232676163315773,-0.3075692057609558,-1.5222079753875732,0.4876339660486033,-0.5569605447147005,-0.6289163401252412,-0.2376391188116176,0.3021210432052612,0.3260533511638641,1.8250501155853271,0.693608871871233,-6.772281719824671,3.2704175084531304,-0.0562232173979282,0.0885389074683189,0.4404452445222064,0.1712676584720611,-0.445327244410105,0.5001567128369584
645,5.737845,-0.147954,-14.35684,0.535013,-0.506341,-0.495317,0.460479,-7.239697571521997,-7.500157018435001,1.472961259740591,8.68744138789773,-2.017393277231604,-4.077852958251536,-0.3090496957302093,0.0506767816841602,-0.5838934183120728,0.4803646762011233,-0.544729655757581,-0.6412349297354346,-0.2476634460979846,0.3722801506519317,0.2965238392353058,1.4016104936599731,-0.3508271155804395,-7.82028679793477,3.560902675795555,-0.1877618283033371,0.0426743701100349,1.5038869977496565,0.2299538403749466,-0.3729216776844113,0.6627327451575548
646,5.77831,-0.14561,-14.358383,0.535114,-0.510361,-0.494844,0.456413,-7.116354684969783,-7.754334608599543,2.1118056912451983,8.723762993600964,-1.8929514895267785,-4.059938239115477,-0.4990528523921966,0.2493687570095062,0.2093966901302337,0.4766040355294823,-0.546539481469264,-0.6389787423635089,-0.2566114465970958,-0.1239876672625541,-0.356131911277771,0.5477795600891113,-1.9300082776367664,-8.275250579816102,3.2693338048696514,-0.2388469874858856,0.0236232317984104,0.6754770759183913,0.3358690440654754,-0.4775873728280886,0.6763163032215088
647,5.858802,-0.135556,-14.359308,0.547953,-0.512955,-0.488371,0.445105,-7.433443781599402,-6.96309187645018,2.579597975039482,8.721673327845334,-2.047336580074578,-3.988885511770844,0.0110032092779874,0.2388644516468048,1.0276793241500854,0.4795817835087823,-0.5557261289318011,-0.628128201591755,-0.2581177054140834,-1.236186385154724,-0.628122091293335,-0.8038560152053833,0.7289110713988542,-7.374601716530322,2.3339666794240475,-0.2719553411006927,0.1034878566861152,4.6924850317806,0.0367691591382026,1.4023434166818856,-0.2779290160974487
648,5.899509,-0.130838,-14.361816,0.550621,-0.513682,-0.485552,0.444056,-6.383456005239486,-7.68093327230215,1.2884759222224351,8.64118700172305,-2.5788188073605296,-3.8535637258723376,0.4149773418903351,0.3006026446819305,1.8076764345169067,0.4936637671652049,-0.5688686823592302,-0.6106271284900993,-0.2445791875973742,0.2856227457523346,-0.3702960610389709,-1.762252926826477,-1.468908769479394,-8.850184556946157,3.795110660120845,-0.3002427518367767,0.1148288175463676,1.100276824878156,0.0248052906244993,0.4066829313803464,0.0017955456430179
649,5.939019,-0.128842,-14.366321,0.550473,-0.513571,-0.481685,0.448558,-1.7923130406051873,-7.4493755102247,-1.1285904806926843,7.90007228231132,-4.504126067699492,-3.670437694008648,0.5606648921966553,-0.4151119291782379,3.214151382446289,0.5299507527082822,-0.6193458489491361,-0.5509545912755389,-0.1789190674982575,1.4275654554367063,-0.915408194065094,-3.193730115890503,-4.762264670449495,-4.467646641086041,0.7942968590229749,-0.1598411798477172,-0.2360821217298507,0.3424596847295761,0.2261992841958999,0.7866464904002844,-0.1285450491720345
650,6.024218,-0.135972,-14.374892,0.540112,-0.516394,-0.481766,0.457731,0.4829460137844085,-5.41474599764049,-1.095159627994895,7.138695111593604,-5.594989752066135,-3.729006202833354,0.9725872874259948,-0.8283981084823608,3.253744602203369,0.5418367723667658,-0.6487054230320239,-0.5189486247135188,-0.1276183277993574,1.055514574050903,-1.2867351770401,-3.6302998065948486,-5.218333198702335,-1.6534500749684868,-0.780582368055731,-0.0591594129800796,-0.0540496110916137,0.4479994592940434,-0.2228764742612838,0.5935608996560797,-0.8919945783175528
651,6.069204,-0.143879,-14.377015,0.532207,-0.520918,-0.485825,0.457575,2.125711467000842,-3.414053825971484,-2.0185899396702647,6.258931799948215,-6.591912877714633,-3.680058924312889,1.1543796062469482,-0.8548768162727356,2.877879858016968,0.5543641902469495,-0.6690638701299415,-0.4898819467033525,-0.0710600469046849,1.1732172966003418,-1.2271673679351809,-3.527495861053467,-4.633306282103061,-0.5286036031097173,-1.3222541270531714,-0.0572798289358615,0.2126830071210861,-1.2170890675526111,-0.4804928302764892,-0.1795356244225986,-0.3520574976256117
652,6.118166,-0.150872,-14.379096,0.527776,-0.523485,-0.48963,0.455717,2.381162730363011,-2.1377327441841363,-2.119761326424777,5.399544921377301,-7.356774967938661,-3.590709492777288,0.7696871757507324,-0.5971912145614624,2.586476325988769,0.5625433328220322,-0.6846186378604686,-0.4630038375398457,-0.0216769767279494,1.756588339805603,-1.1675400733947754,-3.1669821739196777,-4.002991194012761,0.4474585208177566,-1.6703434882327912,-0.0918658971786499,0.34942626953125,-1.754284338723123,-0.482086569070816,-0.1990418688001111,0.2121933190571144
653,6.2121,-0.16135,-14.379089,0.52782,-0.518145,-0.492936,0.458198,2.582645672172308,-0.7061871984153986,-1.5309961000800132,4.551776292146742,-7.968603966745734,-3.457323058855533,0.4380327463150024,0.1139010041952133,2.7358648777008057,0.568706009028669,-0.7013451585251377,-0.4294058623374608,0.0172948943081624,1.857081651687622,-1.241175889968872,-2.868327379226685,-2.7936989908814427,2.334972349335253,-2.97016176546365,-0.1321262419223785,0.4423256516456604,-2.096366860703379,-0.397995263338089,-0.2073722190435975,0.4057140132829546
654,6.261761,-0.158259,-14.380467,0.533545,-0.513092,-0.48835,0.462148,3.6283266912490126,0.42710488409698,-1.392531047719717,3.6846126420944927,-8.457706165072322,-3.3258418740332125,0.0203363038599491,0.5615791082382202,2.846679210662842,0.5730334594483174,-0.722014231380544,-0.3850535026115566,0.0454084888336894,1.5961629152297974,-1.1510225534439087,-2.475661039352417,-1.7648428498774766,3.6258752064436672,-4.204192396271228,-0.2079227566719055,0.3415022790431976,-1.6467174057126044,-0.2518606781959533,0.1971090010413899,0.6691508685715496
655,6.309823,-0.153582,-14.378341,0.542354,-0.510617,-0.485357,0.457768,5.426834494841098,1.2203636322438716,-1.350531104119122,2.77809517903626,-8.81776521937847,-3.2710271647840736,-0.0226694867014884,0.3535993099212646,2.739638566970825,0.5729916665058671,-0.7433024361338288,-0.3380494905616495,0.0700335510873932,0.9978957772254944,-1.094430685043335,-2.0435144901275635,-1.7073036841005085,4.589472985595465,-5.00205659238696,-0.2356825321912765,0.1425167769193649,-1.898699823920429,-0.0633326470851898,0.2974017600641586,0.8342001956705003
656,6.404799,-0.143864,-14.375306,0.543709,-0.517967,-0.490789,0.441834,7.183289455601573,2.716804551771283,-1.1775357133865356,1.8893880979567763,-9.067873368147016,-3.22091230378896,0.291187435388565,-0.1725448966026306,2.2459425926208496,0.5710960929909343,-0.7581885318325817,-0.2989497784299169,0.0981247594439104,0.2625651061534881,-1.0382286310195925,-1.5282013416290283,-1.4306278464019295,5.29087294973433,-5.427097529691458,-0.1306561529636383,0.1769378036260604,-0.7904073773037642,-0.0019467434613034,0.5906811429686843,0.6670855335395783
657,6.446965,-0.141416,-14.377574,0.538099,-0.52107,-0.495368,0.439939,8.755583196231722,2.917736289438605,-1.935288848388195,1.1504264649257063,-9.243516350778936,-3.066647040228545,0.6603310704231262,-0.6355301141738892,1.5131487846374512,0.5719458281897717,-0.7624497667705831,-0.2739084360076483,0.1285400904931952,-0.5189834833145142,-0.4512829184532165,-0.9119623303413392,-1.8749533298909664,5.562248342937231,-5.905046465840935,-0.0056586200371384,-0.0093099828809499,1.132877364231646,0.1665305197238922,1.3011036408662795,0.914505173876509
658,6.48535,-0.138362,-14.382652,0.529524,-0.52093,-0.501092,0.444009,9.834766671937704,2.9202707763522864,-2.989929711250961,0.623405674028024,-9.376383437001705,-2.804486634616554,0.8505716919898987,-0.8904181718826294,0.8117251992225647,0.5761130341712014,-0.7573493319314081,-0.2634597068320865,0.1584443563077776,-1.505178928375244,-0.2841970324516296,-0.2510287463665008,-3.755630882647633,6.16164456115067,-6.42477702666521,0.1084544658660888,-0.2577309012413025,1.1462358083028346,0.2919225692749023,1.3706554621286688,0.5231065765960141
659,6.568951,-0.125096,-14.394823,-0.512778,0.513351,0.508848,-0.463253,10.079823967057466,3.448783194047212,-3.781045602150261,0.3710163189871236,-9.458978718101978,-2.561344233207405,0.3404037952423095,-0.2130189687013626,0.2231449633836746,0.5814712275625655,-0.7500696007757411,-0.2607447160438591,0.1769155595129533,-1.7016403675079346,0.6195552349090576,0.5008037686347961,-2.497772509267926,5.66383707832098,-4.624759987553954,0.2364567965269088,-0.2362870573997497,4.4785520659819245,0.100792221724987,1.5382852341748774,-0.1914785574063658
660,6.605777,-0.12186,-14.398711,0.511317,-0.510247,-0.507387,0.469852,11.038241128700973,1.597754345101118,-4.192808540208637,0.4425551493482664,-9.440262911716102,-2.618395907728374,-0.604189932346344,0.9749904274940492,-0.4493132531642914,0.581028945345673,-0.7525922114651342,-0.2590482670212767,0.170013064778688,-1.2777739763259888,1.0394326448440552,1.4075168371200562,-5.142951502242684,5.938064938345551,-4.813266835673153,0.1381286233663559,-0.0921939834952354,1.4169044414758682,0.1503812968730926,-0.0312441129259881,-0.1322352911252528
661,6.649168,-0.119602,-14.396899,0.513527,-0.510422,-0.505767,0.468998,8.717769306144119,0.0127823246836662,-1.6758803718328474,1.8325795845419168,-8.984903408515454,-3.4761423256158825,-1.8072339296340945,1.9655121564865112,-2.380018472671509,0.5635168035002337,-0.7788954997278499,-0.2656233016339307,0.0722146179731899,-0.1381407678127288,1.774073600769043,2.9894254207611084,-5.742157750841975,2.745748906704783,-1.122166585125029,-0.0564643554389476,0.1246959641575813,1.2007722120672464,0.2150401175022125,-0.5512619000436738,-0.1973389190734364
662,6.733701,-0.129775,-14.392541,0.51943,-0.519166,-0.508426,0.449624,7.343224581491946,-3.179348413518071,-0.4562397931665182,3.0948961063742635,-8.476224987581372,-3.840006032902002,-1.035078525543213,1.1943053007125854,-3.460258960723877,0.5515262708100874,-0.7805155219347925,-0.2942470819378212,0.0057515853843625,-1.0770549774169922,1.4399858713150024,3.27124285697937,-6.127840491226316,2.6734926487892863,-1.562738122908026,0.0464726984500885,-0.0211842786520719,0.6115147452261298,-0.0496109575033187,-0.2702385894590057,-0.4519851679293438
663,6.781744,-0.138641,-14.392019,-0.521423,0.523487,0.50927,-0.441276,2.219448319840431,-5.500663701161742,0.4632242452263831,5.723465325331688,-6.934221755796671,-3.915213541838527,0.4619108140468597,-0.6857816576957703,-4.594069480895996,0.5405653802575247,-0.7240496800911205,-0.4187748833743869,-0.0903809622427053,-1.5869805812835691,0.621788501739502,2.789003849029541,-2.154382265689969,-1.2983362219795584,2.241898052057624,0.2611103057861328,-0.1921990811824798,-1.5846302212424574,-0.3566775619983673,-0.4837237566912546,0.3168960582755505
664,6.826853,-0.146795,-14.394607,-0.524315,0.524625,0.506158,-0.440077,0.0334410818308591,-6.160681853598356,0.476611550065875,6.771179896062612,-5.880207208138704,-3.967956997771561,0.385051280260086,-0.5689889192581177,-4.361850261688232,0.5311527615595995,-0.6796248594056241,-0.4903259695612145,-0.124768988332935,-1.3267090320587158,0.4689549505710602,2.6779141426086426,-0.9253267929464578,-2.09370640932247,2.193717081734538,0.2460307627916336,-0.1346147209405899,-1.964194624876976,-0.2970470488071441,-0.6437048771478235,0.5670154225578531
665,6.924642,-0.152201,-14.404792,0.530901,-0.519976,-0.498446,0.446454,-2.5381080267876386,-6.169408765411377,0.8588748373955488,7.605733946672082,-4.736179504339397,-3.986450101317465,0.0004334370605647,0.1459061950445175,-3.795880079269409,0.5198979579041421,-0.6356090291552491,-0.5470407246244161,-0.1626458161601591,-0.7714719176292419,0.5552467703819275,2.5275626182556152,-0.2729395737797022,-3.580334521496296,1.90506672860384,0.1546974629163742,-0.1442839205265045,-1.941749714965373,-0.1211925968527793,-0.6997679790228605,0.7881623748559504
666,6.973615,-0.149044,-14.411778,0.536105,-0.516888,-0.491133,0.451892,-5.372684386980533,-6.349172627365589,1.3644967933684586,8.242136245721579,-3.6421301756739615,-3.869430864828825,-0.2005246728658676,0.6490412354469299,-2.9449565410614014,0.5108469813459298,-0.5970234075960341,-0.5838228482023003,-0.2043267828583396,-0.4845802187919616,0.3921572268009186,2.415605306625366,-0.6323404564380646,-4.958702603828907,2.0892308713436125,0.0850690603256225,-0.2112044245004654,-2.034275146188586,-0.0627252086997032,-0.6741709617558866,0.6091213838161901
667,7.021438,-0.144213,-14.419321,0.540703,-0.515142,-0.483137,0.456998,-7.502388138487935,-5.626780728602409,1.5916703490123152,8.668066240820288,-2.778213836979866,-3.649188277491927,-0.1978607475757599,0.7246018052101135,-2.006764411926269,0.5061967119908859,-0.5665662423460209,-0.6042015468813644,-0.2402252837717558,-0.1719804853200912,0.216061383485794,2.174997091293335,0.2208382151424884,-6.207675659963488,2.573313195681572,0.1287774741649627,-0.096093438565731,-1.072877215168625,-0.1153018027544021,-0.6328064665146171,0.5075166106130927
668,7.116938,-0.140477,-14.431102,0.541615,-0.515421,-0.48511,0.4535,-7.48645114916563,-7.29952104884386,1.2338684259831905,8.905164685890078,-2.197079836165905,-3.470053068830073,-0.2514978945255279,0.4292942583560943,-1.211168885231018,0.5028628011525775,-0.5467243043137426,-0.6148300640514904,-0.264963319887306,-0.1498506814241409,0.2351656705141067,1.8025952577590945,0.5285188474357128,-7.240352820560336,2.896199580413103,0.1151524037122726,-0.1041774228215217,1.0697427165351807,-0.1589838862419128,-0.2573997488151304,0.4092781355053186
669,7.15821,-0.139698,-14.435638,0.536551,-0.521373,-0.487696,0.449928,-8.733836059325933,-8.174635657900572,2.410758827203512,9.03625424104631,-1.9324869427099824,-3.2835955544561144,0.1976093202829361,0.1655444204807281,0.7119607925415039,0.5039997230170699,-0.5376048240714205,-0.6151404969165887,-0.2802989997048859,-1.1084624528884888,-0.5469321012496948,0.116708792746067,-1.4980886867344378,-8.293433886760473,1.8850375015318392,0.0289643555879592,0.1367895752191543,0.3254785931818187,0.2795971930027008,-0.488168315009959,0.3562253213621675
670,7.198642,-0.137725,-14.438697,0.531401,-0.527062,-0.490221,0.446656,-6.846278683927655,-7.588010658454895,1.294334877383709,8.93686564605534,-2.4429456711895763,-3.2147838840365406,0.7103759050369263,0.0373872369527816,1.6796419620513916,0.516905811729188,-0.5474313318103279,-0.6035124684077278,-0.2624881448825911,-1.658660888671875,-0.336217999458313,-1.2962361574172974,0.1481125861495733,-8.26466313482821,2.6447195587694643,-0.1940558403730392,-0.2798340618610382,2.592649472053349,0.1253280341625213,1.0692692538045343,-0.4851744669562205
671,7.27331,-0.12693,-14.44334,0.537267,-0.529583,-0.487872,0.439167,-5.47106935788691,-6.647670420771837,-0.0885296395853161,8.711323198744655,-3.204469410771132,-3.1645921584129333,0.4042301774024963,-0.1805834919214248,2.265641212463379,0.5325844937768816,-0.5645420598611274,-0.5853559265902395,-0.2345305925221055,-0.0514511540532112,-0.2935823500156402,-2.2542574405670166,-1.095017589175701,-8.836393932002782,3.218442406544089,-0.1761142164468765,0.0159329548478126,0.668138988115266,0.0667425096035003,0.7701385693222284,0.133647295081336
672,7.305387,-0.121933,-14.447528,0.541654,-0.526488,-0.484487,0.44124,-3.0742344266176223,-6.829718594270944,-1.1695561128094791,8.298682893329858,-4.1028050286784765,-3.2356258887961507,-0.055913895368576,-0.4211466610431671,2.846205234527588,0.542670225240173,-0.5931089046384064,-0.559636342022159,-0.2013409277533257,0.718853235244751,-0.3011026084423065,-3.1148338317871094,-1.8682722446918487,-6.400708168813586,1.8950205508857965,-0.1350408345460891,-0.1485471725463867,1.660422105938196,0.2667999863624573,1.1250885369863362,0.3887593713507056
673,7.343025,-0.120254,-14.453232,0.542033,-0.523467,-0.482795,0.446196,-0.4098568121761083,-7.983021199154853,-2.227017586050928,7.65456315177083,-5.016447521311044,-3.52325712801218,-0.7111346125602722,-0.9208598732948304,3.242036819458008,0.5415521526657249,-0.6328466950203945,-0.5283381290816987,-0.1645761349335196,1.1271499395370483,-0.5533205270767212,-3.7205328941345215,-5.490362087377905,-3.941742067801952,0.632912118846178,-0.0121324760839343,-0.1798533797264099,0.3816993698365986,0.1888458579778671,0.6712994249075651,-0.2447143451672978
674,7.425084,-0.12991,-14.463717,-0.524329,0.528681,0.491751,-0.451394,1.6022563326954842,-6.497464661735296,-0.5327475710466504,6.74003773882389,-5.943105855122209,-3.927051279148459,-0.2112240046262741,-0.8433979153633118,3.7576708793640137,0.5341811690229316,-0.6776387842318813,-0.4909476199762593,-0.1201101921184461,0.6588120460510254,-1.2089524269104004,-4.006274223327637,-6.604716829708218,-1.1952455576002596,-1.3777011428564787,0.0669592916965484,-0.1344086974859237,0.1788184525965712,-0.1463912725448608,0.5854898579359055,-0.5312078307913616
675,7.469133,-0.139252,-14.467699,-0.511421,0.535075,0.499023,-0.450688,3.7912171598136415,-2.957647444066405,-0.5622174111589789,5.698948723712563,-6.902273542872071,-4.006367392447591,0.6716342568397522,-0.4099067151546478,3.496542930603028,0.5392829197521765,-0.710560069669334,-0.4465112329686933,-0.070042822595077,0.9936973452568054,-1.0957437753677368,-3.773336172103882,-5.40667082773447,0.1104383967936038,-1.6818064008809626,0.1151258498430252,0.0642967075109481,-1.4341792552731931,-0.4092616736888885,-0.160894399376586,-0.2141521615073084
676,7.513399,-0.148022,-14.469481,-0.505,0.536831,0.503129,-0.451274,4.662150099271536,0.0323269831091165,-1.4269263615354897,4.724167871767282,-7.703049242520332,-3.8099405649840814,1.1650831699371338,-0.4339399933815002,2.746408700942993,0.5524951164642855,-0.7272543978248067,-0.4066373642781005,-0.0222760638227087,1.2277127504348757,-1.007534146308899,-3.4629600048065186,-4.06830566996634,1.5219263661786913,-1.9327555305182933,0.1253661960363388,0.2890212833881378,-2.287016127678752,-0.5176194310188293,-0.2406290668813511,0.2843353942747227
677,7.606232,-0.15548,-14.46732,-0.51112,0.528192,0.504915,-0.452582,4.520870281751454,1.5964286494553088,-2.1318293653592466,3.8987881844773886,-8.283881630039215,-3.513846910110116,1.0554912090301514,-0.4359983801841736,2.071866035461426,0.5660722078850025,-0.7326994101247266,-0.377237210250989,0.0201455420737305,1.633542776107788,-0.7162413597106934,-3.057067394256592,-2.608600197640061,3.510648406329751,-2.7695664201438426,0.0704296380281448,0.319277673959732,-2.020675367642194,-0.4059173464775085,0.1852131586023606,0.8222861782539636
678,7.653292,-0.153339,-14.46616,-0.518801,0.521273,0.502454,-0.454599,4.072340332309902,1.576163275539875,-1.8645909258306024,3.175805626344681,-8.673474821865558,-3.294764014202356,0.5432976484298706,-0.1748967617750167,2.048208713531494,0.5737262742172786,-0.7381274356794969,-0.3509331991716826,0.0534034742630719,2.066221237182617,-0.476043164730072,-2.477905511856079,-2.2775077100992203,4.430606365719437,-3.717965753380954,-0.0472390726208686,0.2113338410854339,-2.070747996930778,-0.1248036697506904,0.3196693954464047,1.1542502609975636
679,7.707942,-0.14748,-14.46435,0.527097,-0.51684,-0.502071,0.450523,5.308842906188964,2.071240456622839,-1.7930787642806767,2.412457009423524,-8.969981733715533,-3.144812229926884,0.4315598309040069,-0.0747750997543335,2.1705515384674072,0.5769592274023255,-0.7470480651554267,-0.3197811634351778,0.082323509581604,1.9087592363357544,-0.5316759347915649,-1.884770750999451,-2.042511205744743,5.437115065836906,-4.597315515789389,-0.1064229980111122,0.1660944670438766,-1.3691361436069012,0.0353796631097793,0.6210902366925031,0.716942839577049
680,7.800729,-0.137593,-14.464391,0.524753,-0.522717,-0.508198,0.439473,6.941290379008651,2.7575667702704667,-2.024852799457312,1.630699752369523,-9.196173584845662,-2.990251490551233,0.5144075155258179,-0.3169322311878204,1.9817560911178589,0.5787781007373035,-0.7540376226819414,-0.2896336555738097,0.1120515290074221,1.3353041410446167,-0.3484255373477936,-1.154945731163025,-1.8603484659552567,6.384435663926601,-5.28005637216568,-0.0755043774843216,0.1730356365442276,-0.014595077760634,-0.078334666788578,1.027880427839607,0.1160765122784301
681,7.84969,-0.135728,-14.467529,-0.518857,0.524202,0.512697,-0.439479,8.759714012426137,2.856336941102147,-2.5347177998274564,0.9248314837101846,-9.351953929144145,-2.802854649500549,0.6096938848495483,-0.5306978821754456,1.5235193967819214,0.5803851691160086,-0.7561815670582726,-0.266636920121985,0.1422923201371975,0.2105458527803421,0.0040596453472971,-0.4230632185935974,-2.9307196896523235,6.47996349183619,-6.166439394211769,-0.0426141843199729,0.0159942377358675,1.5539036590673028,-0.0677397698163986,1.5155302354007958,0.5201171489890665
682,7.888571,-0.133225,-14.473035,-0.512479,0.523435,0.515097,-0.445035,10.089576130264996,2.59983704546988,-2.8410692293435336,0.4051074987571686,-9.451890805667638,-2.5822458591997624,0.5977734923362732,-0.294890284538269,0.970787525177002,0.5834524471136446,-0.753976970064597,-0.2513495970599819,0.1671082905938411,-1.081620454788208,0.0318452566862106,0.3110093474388122,-3.853479262459278,7.058140396410226,-6.486376281487941,-0.0056114941835403,-0.2347839772701263,1.340481565400213,0.1022259816527366,1.4544634800195693,0.5781376685421914
683,7.973975,-0.121227,-14.488953,-0.492982,0.520068,0.521574,-0.463097,10.834541095364091,2.910671173357964,-3.229310422039032,0.1769909449084661,-9.497867543944716,-2.435071576813608,0.0381372980773448,0.5184338092803955,0.2327169328927993,0.5876663321389518,-0.75298247908315,-0.2391055850489672,0.174625943327634,-1.5384260416030884,0.8938874006271362,1.1973546743392944,-3.1880548670649524,5.717840471187234,-4.613319140607119,0.1124340966343879,-0.3888755738735199,4.1562379281803965,0.0210905708372592,1.8947521092079576,-0.0866456890022382
684,8.012815,-0.117295,-14.493041,-0.491163,0.516594,0.520765,-0.46978,11.252409949082136,1.5833067175537348,-2.991605535508692,0.3985231519307941,-9.456939905750753,-2.564737967298925,-0.6403747200965881,1.1623436212539673,-0.9493982791900636,0.5873394186461556,-0.758411607133863,-0.2357479078953374,0.155779543012059,-1.5568695068359375,1.2112404108047483,2.033123254776001,-4.755336917012929,5.502834030938148,-4.334782477472722,0.0655556842684745,-0.0540394708514213,0.6003783611185849,0.1256983280181884,-0.169997761552874,-0.088685907859262
685,8.05148,-0.117152,-14.494191,-0.494695,0.513742,0.518788,-0.471385,9.081540074449777,1.815188304758072,-1.7054828984141348,1.0734659017767756,-9.337470645761488,-2.798160061943531,-0.7809247970581055,1.221415638923645,-1.9247498512268064,0.5863344481503917,-0.7633520957480959,-0.2448673901979087,0.1163849013840647,-1.2567789554595947,1.3969115018844604,2.5497794151306152,-4.243458823254704,4.278852208197117,-2.412834756694734,-0.0043405797332525,0.5498375296592712,-0.982971026533097,0.2897830605506897,-1.6092798015914855,0.1139861615362111
686,8.141884,-0.129049,-14.496768,-0.499667,0.517963,0.525181,-0.454128,8.207697969546913,-0.646929538282752,-1.4907915154635905,2.0761464949734507,-9.082657095780968,-3.060286273024976,-0.887300968170166,0.3624614179134369,-3.0344696044921875,0.5822554851433979,-0.7622468718767957,-0.2738811439312908,0.070337820824642,-0.6073822975158691,1.7783832550048828,3.0706675052642822,-4.327289199107885,2.4287030646950005,-0.8458972824007273,-0.1191852465271949,0.5511362552642822,1.2989397408306598,0.2892977297306061,-0.6631708443138749,-0.2717535058002919
687,8.185902,-0.137882,-14.499215,-0.498878,0.521458,0.528662,-0.4469,7.545713485473394,-4.739447858485579,-1.0351575792357326,3.322465091076493,-8.588623286271094,-3.3715193371027707,-0.6233361959457397,-0.81244295835495,-4.149981021881104,0.5721339400491473,-0.7493345507667749,-0.3322610085081159,0.0276234778308548,-1.059204339981079,1.4147989749908447,3.29285192489624,-6.690011432895064,1.4225588139757512,-1.0838123045504091,-0.1555074006319046,0.4648395180702209,0.4397139711055904,0.16455839574337,-0.4101097640238702,-0.2858693258437328
688,8.236669,-0.146365,-14.503951,-0.499883,0.523648,0.52582,-0.446568,4.972808286070824,-6.047816521918773,0.1135100593239069,4.62045907548964,-7.807579292052984,-3.723367904685437,-0.5042047500610352,-1.3181049823760986,-4.6654205322265625,0.5568376786498291,-0.7219950706706061,-0.4105630818397282,-0.0096411388931313,-1.6557319164276123,0.8451547622680664,2.969566822052002,-4.575839012518525,0.1253621174201369,-0.0859539438784122,-0.1334775239229202,0.0935571566224098,0.100729250743892,-0.0290382802486419,0.0808898562887217,-0.1070841727285645
689,8.329828,-0.154837,-14.515755,-0.506806,0.520106,0.519294,-0.450523,2.134801951429248,-6.093125151675939,1.6149132774338126,5.812150740000606,-6.731265234303474,-4.132714136990905,-0.6420027613639832,-0.8624835014343262,-4.709329128265381,0.5355267054325564,-0.6865523913370378,-0.4892398161453046,-0.0500125362975843,-1.6950229406356812,0.5330874919891357,2.65600323677063,-2.490568276977539,-1.7498114310927688,1.6328081228256224,-0.0736147090792656,-0.2267732322216034,-1.2755972975574432,-0.1569729894399643,-0.2006939103234559,0.3999989235717803
690,8.379109,-0.153299,-14.521319,-0.510378,0.517652,0.513722,-0.455676,-0.7053963402986526,-6.030355684030056,2.379675122153759,6.84832100341022,-5.479470106485485,-4.387065037895739,-0.4630664587020874,-0.1041569784283638,-4.34980058670044,0.5164917430034419,-0.6457393156769103,-0.5538039330905742,-0.0977670741797501,-1.2946350574493408,0.4161364138126373,2.5099360942840576,-0.6542652879983186,-3.0379984533712268,1.7777251278042792,0.006943104788661,-0.28178671002388,-1.735311634966731,-0.0861624106764793,-0.2045087559038773,0.9085231768574564
691,8.427628,-0.150699,-14.529566,-0.510677,0.517325,0.509455,-0.460478,-2.9209248563468453,-5.904562481716275,2.300902614212036,7.680599510303139,-4.199268091611564,-4.420969353324175,-0.2601507902145386,0.2915113866329193,-4.139529705047607,0.503306098897359,-0.6004517982147157,-0.6040400237084994,-0.1458644380690453,-1.0020731687545776,0.3798376619815826,2.442010402679444,-0.3170563634037971,-3.99785529242903,1.5928104589581489,0.0633642598986625,-0.3670724630355835,-2.172081734640152,0.1131401807069778,-0.4005286465343087,1.2137887108329684
692,8.522493,-0.14789,-14.539432,-0.506872,0.523881,0.514228,-0.451885,-8.870617688643932,-6.87472794882059,2.453887190312147,8.498918465426565,-2.0641737331070003,-4.4359865974530575,0.5440434813499451,-0.6145956516265869,-1.7088119983673096,0.4800418342319706,-0.5141237998104176,-0.6795948000681413,-0.208296714966668,-0.6384470462799072,-0.0155922994017601,2.1484713554382324,0.2697352247804403,-6.337940454733372,2.060519156122208,0.2828016281127929,-0.1694671213626861,-0.948296238188818,0.0889911502599716,-0.4985818647356703,0.4700088273325934
693,8.56362,-0.145402,-14.542103,-0.503779,0.527432,0.517239,-0.447756,-6.336979500746726,-7.832164282733202,1.3902452748700975,8.44866361143887,-1.756762711535394,-4.658778284750879,-0.1250635087490081,-0.7453534007072449,-0.6426073312759399,0.4687830668059518,-0.4991560083163828,-0.6988382240768114,-0.2066657347854893,-0.7058385610580444,0.06738892942667,1.697489619255066,0.7307604986578226,-7.646800701075792,2.536639123278856,0.165512129664421,-0.0113170035183429,1.0683359915424138,0.080675721168518,-0.3667975322483107,0.5608487166216597
694,8.600901,-0.139675,-14.544043,-0.507735,0.528191,0.513857,-0.446285,-5.706203809407353,-8.969346358421445,2.6458605454981328,8.385612988764047,-1.497804170704633,-4.858850482979417,-1.249386429786682,0.0062214429490268,-0.0193704608827829,0.4534854997209918,-0.503212592409529,-0.7032137027350616,-0.215912825202332,-0.3691843748092651,-0.1703253090381622,1.0012236833572388,-1.2361188352584838,-9.317675811967254,2.546137603986263,-0.009121149778366,0.1206833496689796,1.000964363863319,0.2411868423223495,-0.5894845535952598,0.7994670282024889
695,8.676876,-0.126203,-14.545075,0.529668,-0.524005,-0.498523,0.443109,-7.523747737380861,-8.073024126163125,4.326740917575359,8.472001232406496,-1.3837730101160703,-4.741387009854615,-1.1508158445358276,0.945398211479187,0.9659101963043212,0.4498963624325291,-0.5181775216173922,-0.6879211552559108,-0.236325617339763,-1.230740666389465,-0.4857638478279114,-0.3099665641784668,-0.1465162568688392,-8.38989578064978,1.2857155175983903,-0.0667765662074089,0.5205666422843933,2.3545909497797486,0.2247262597084045,0.1593034038580954,-0.2873419191469438
696,8.714123,-0.122473,-14.546556,0.534771,-0.525611,-0.493783,0.440377,-6.6503487000703805,-8.708610432654618,3.073308543944359,8.576184660458564,-1.8303657078847289,-4.389670251958072,-0.0199943073093891,1.2408413887023926,2.2363715171813965,0.466946954784715,-0.5395562857146888,-0.657791691365048,-0.2411424249640436,-0.3176769614219665,-0.0967520251870155,-1.5449957847595217,-0.973732804197073,-9.415776705235242,3.315389453601837,-0.3226885199546814,-0.1177202984690666,1.3600279773913324,0.1000809073448181,0.6677621176268905,-0.5510235977757721
697,8.756159,-0.124605,-14.548795,0.534127,-0.529374,-0.493531,0.43692,-4.459441999581456,-8.16779090657234,0.4711468549191951,8.483047527077794,-2.817554498243332,-4.03356899536699,0.4046459496021271,0.657412588596344,3.209937572479248,0.4948604147895026,-0.5683034489142685,-0.6186161772768677,-0.2223924637975718,0.5578649044036865,-0.2958962023258209,-2.4650325775146484,-1.1259107400894164,-7.732468813750147,1.8953245022684333,-0.3147284388542175,-0.0136391064152121,1.2231930104508997,-0.0273312889039516,1.3056871692642569,-0.1995715004310943
698,8.839939,-0.133825,-14.552475,-0.521693,0.539903,0.501074,-0.430427,-0.6391530590623616,-8.269445692929626,-2.272459779059887,8.059981104716659,-4.016399833901226,-3.882733413994312,0.6336696743965149,-0.2620106637477875,3.3556954860687256,0.5178379620414028,-0.6015270590399533,-0.5797667646673218,-0.18406391559075,1.9508038759231567,0.0194219835102558,-3.1153981685638428,-3.3439152908623218,-6.583816665020585,1.457487211754918,-0.2420665621757507,-0.4573025405406952,1.712222435802221,0.0623262748122215,1.7973390520736574,-0.0362294384743319
699,8.88756,-0.141879,-14.556461,-0.513814,0.544929,0.503036,-0.43128,0.2320505140304565,-6.7045736267328255,-2.396070376637578,7.305045365223288,-5.120238150653242,-4.073062216843664,0.6085852384567261,-1.663058876991272,3.3404347896575928,0.5243424401074366,-0.6362971126692742,-0.5502675323381518,-0.131895992183859,2.153782844543457,-1.021865725517273,-3.642376184463501,-7.323323364713787,-3.5471640733003613,-0.9350742799788712,0.0004158890806138,-0.1975777000188827,0.1776565874766558,-0.2734071612358093,1.0896263976566494,-0.8632163006659597
700,8.932279,-0.14943,-14.55742,-0.512057,0.543559,0.503534,-0.434506,2.4684903006821868,-3.856479028797149,-0.930904593078792,6.249695769569278,-6.216825181102752,-4.296834731872379,1.7784637212753296,-1.702144742012024,3.154660701751709,0.5265548974234048,-0.6627656155267228,-0.5289795210778455,-0.0605176905172572,1.5727753639221191,-1.0067498683929443,-4.093421936035156,-5.943932953596115,-1.362882928431034,-1.6827695468246937,0.0598765537142753,-0.0650708079338073,-0.9142655199017377,-0.6113848686218262,0.2799093579933978,-0.665698463095352
701,9.02348,-0.161024,-14.553391,-0.520214,0.532963,0.501526,-0.440227,3.4935470494031904,-1.6189590456932783,-2.025496650318801,5.261149427121877,-7.201728198611736,-4.077473019023239,1.9607162475585933,-0.9187535643577576,2.5484724044799805,0.540415750159615,-0.6723542001026981,-0.5057994604182131,0.0075823375641398,1.0262856483459473,-1.2653197050094604,-4.362317562103272,-5.766843863809108,0.5915192012280226,-2.382415360772609,0.0747719556093216,0.3462971150875091,-1.914764092884213,-0.6615954041481018,-0.0688637750661466,0.3137378134403377
702,9.072211,-0.160974,-14.550933,-0.522751,0.531365,0.500699,-0.440094,2.858596118205785,-0.2317196746408939,-2.739492476658523,4.454941181030869,-7.941036160862446,-3.641952188758552,1.517561674118042,-0.1365175247192382,2.3546879291534424,0.5575930913399927,-0.6761118857077819,-0.4780801213848358,0.0583267162670499,0.7683179974555969,-0.981759250164032,-4.234188556671143,-3.5036288829565048,2.631958276873827,-3.2229239358723163,-0.0193654112517833,0.3162760138511657,-1.5200383604750036,-0.4190092384815216,0.4258772054655477,0.8669078486602753
703,9.120272,-0.15687,-14.547396,-0.527756,0.532441,0.499978,-0.433592,3.060575611360371,0.02711713950634,-2.7685204182222485,3.6654856245592233,-8.49241682844758,-3.2578347979947924,0.6787466406822205,0.3905982971191406,2.6165659427642822,0.5701320366546316,-0.6866955900952857,-0.4410810700810163,0.0940543364764248,1.2925844192504885,-0.5337408781051636,-3.4991140365600586,-3.029586306595802,3.892071735703945,-3.52890770111978,-0.1673841625452041,0.2061405777931213,-1.440991127245128,-0.1460130363702774,0.4177165492331608,0.9119746324855834
704,9.210195,-0.146774,-14.540825,0.537098,-0.531717,-0.496288,0.427201,4.635674472539127,0.6694394762545823,-2.1446046757802364,2.790989147400856,-8.89441883547008,-3.044677785004675,0.2995100915431976,0.583490788936615,2.706593990325928,0.5744259976404871,-0.7053644426336099,-0.3971100198643878,0.1216526714187554,2.173071384429932,-0.5383254289627075,-2.415104627609253,-3.3198978709369897,4.096474948874116,-3.907359028945863,-0.28578582406044,0.1789567023515701,-1.6598633030116556,-0.0334022156894207,0.5124524961126968,0.6902928061258048
705,9.248763,-0.143343,-14.541185,0.536509,-0.52933,-0.495887,0.431352,5.829110058107972,2.203079368841648,-1.927817489594221,1.9261583242103453,-9.170655112707614,-2.8912612472280856,0.2594559490680694,0.5813239216804504,2.4295549392700195,0.5757889738142514,-0.7231520476527011,-0.3527951451226855,0.1450992415120677,1.8496721982955933,-0.746698796749115,-1.4579877853393557,-2.117425284692645,5.784192473495006,-5.023102303025127,-0.3353888094425201,0.1212825030088424,-2.0306443884707988,-0.0278664659708738,0.594726545901969,0.6554689646996558
706,9.290709,-0.140402,-14.545717,-0.527677,0.529775,0.498696,-0.438404,6.458689817661047,3.5937276715546846,-1.8338035733789204,1.1574152278345078,-9.3365178750813,-2.7677017953157423,0.2106076031923294,0.5389824509620667,2.078200101852417,0.5761052043784232,-0.7371376899148673,-0.3126364503817013,0.164283732829313,0.963252604007721,-0.5714049935340881,-0.9885671734809875,-0.8912497512996196,6.389273751607537,-5.580872379386425,-0.2614820003509521,0.2106431275606155,-0.1860717116604559,-0.1112081557512283,1.122281955133006,0.2975891906613483
707,9.369083,-0.131943,-14.556193,-0.503937,0.527492,0.510248,-0.455464,8.254560258486867,3.037683103811741,-2.552053257770836,0.5179447003208101,-9.419278575876357,-2.679427884057164,0.2122624814510345,0.3523702025413513,1.5630898475646973,0.5753536670569267,-0.7473106452984993,-0.2795346126726969,0.1798762474362706,0.2395348846912384,0.1560690402984619,-0.3020066320896148,-1.6454899097442626,5.8393327614367,-5.574219935759902,-0.216230034828186,0.0527291297912597,1.0370913968425244,-0.1277989894151687,1.423656984476,0.5409848361792042
708,9.404308,-0.129738,-14.558661,-0.501416,0.523614,0.51029,-0.462617,9.7007001467973,2.867040705946088,-3.239638631568849,0.0924821948696859,-9.45468540482223,-2.602063197086751,0.0912580415606498,0.3200955986976623,0.8419095277786255,0.5754039887586746,-0.7526675846317888,-0.2572154793310864,0.1903729295039704,-0.2664417326450348,0.1173449754714965,0.4522776305675506,-4.004531993713974,6.014862931343913,-6.4255941882669925,-0.0727294087409973,0.1228804439306259,1.2848415112428366,-0.0281752124428749,1.056037650983408,0.4346714834263548
709,9.440382,-0.130046,-14.557957,-0.50475,0.52055,0.50829,-0.464646,11.057305894654988,1.1932891628354787,-3.66900766120553,-0.0441276078456314,-9.435627653130888,-2.671586815167964,-0.4738318026065826,0.6843677759170532,0.0887490659952163,0.5729848178243573,-0.7588976054030532,-0.2455350077789708,0.1883491430826521,-1.2390689849853516,1.019640564918518,1.1798323392868042,-3.666540978831053,6.187736449262499,-6.160539814779162,-0.1913576573133468,-0.2821788489818573,2.8293998343378304,0.0857971310615539,1.1548081140760331,0.2038288290820084
710,9.521085,-0.138265,-14.554817,-0.511723,0.523372,0.510677,-0.451033,10.496426746362449,1.874916505011916,-2.641032686950266,0.230195479014609,-9.356498586836455,-2.9280300121769307,-0.900526762008667,1.6763561964035034,-0.8374754786491394,0.5694708217136614,-0.7691714256875615,-0.240131857637825,0.162527337147784,-1.624281644821167,1.348544955253601,2.085001945495605,-5.515327601808309,5.579617410889267,-4.796173077531159,-0.1356720775365829,0.0587774217128753,0.1324394810609985,0.0120535492897033,-0.6216022778678685,-0.1291372155120596
711,9.562051,-0.145076,-14.554547,-0.514372,0.525253,0.510759,-0.445709,9.178089062100648,1.4991957711935042,-1.8931036113485693,0.964348378323391,-9.18099413589239,-3.309048852403462,-1.326899766921997,1.6990517377853394,-1.9831960201263428,0.564280081346775,-0.780477732936797,-0.2440677190447483,0.1134618754319412,-1.0608787536621094,1.6156134605407717,2.7503764629364014,-4.140978691989183,3.242329478088021,-0.9229463275507092,-0.057576335966587,0.5088582634925842,0.9609447804249822,-0.0029437544289976,-0.7948278971597552,-0.0365058122968766
712,9.603231,-0.15153,-14.55617,-0.518494,0.524496,0.506893,-0.446237,8.359788811677694,-1.2648644527494906,-1.065989355351031,2.0909015810348093,-8.849891126957536,-3.671238196736574,-0.8830709457397461,0.6514544486999512,-3.3353147506713867,0.5562169462794087,-0.7823092944045044,-0.2741773452399486,0.0586670403301591,-0.8507797718048096,1.6368212699890137,3.3156442642211914,-5.606919259312749,2.64735750605762,-2.0388504912801086,-0.0422760024666786,0.4172220230102539,0.5973690597673877,-0.088041678071022,-0.35968148969803,-0.1808429076288826
713,9.693186,-0.15873,-14.561569,0.527326,-0.516487,-0.500658,0.452228,6.218217512243986,-3.55488794555068,-0.4609662371665239,3.419191481120884,-8.354018996104598,-3.832734288333356,-0.1081791073083877,-0.6410922408103943,-4.306759834289551,0.5517344202132384,-0.7640052189355704,-0.3342320968939082,0.0131898321568287,-2.013279676437378,0.9934760928153992,3.123964309692383,-6.332336643376946,1.4626649066537618,-1.3827419135026633,-0.0295696407556533,0.1850419342517852,0.0960856901212129,-0.1790691018104553,-0.0791837464905809,-0.0302407103203935
714,9.738555,-0.157724,-14.566783,0.531785,-0.512239,-0.494785,0.458263,3.895782280659676,-4.85360381449759,0.0698240623325109,4.698205162993073,-7.619140540733933,-4.005742538547516,0.1015842407941818,-1.3978153467178345,-4.708837032318115,0.5434821248238176,-0.7298503495226811,-0.4141913852700927,-0.0197796452796701,-2.181866407394409,0.6135315895080566,2.787480115890503,-3.9269484032958735,-0.41126171053797,0.9256927036494016,0.0359471030533313,-0.0893393605947494,-0.6613960897263139,-0.374383807182312,0.13565048812991,-0.0486142608735477
715,9.790133,-0.155692,-14.571238,0.535163,-0.510824,-0.489058,0.462041,1.823326603028178,-5.302437130799889,0.7216857963204384,5.821957848265766,-6.63669836038053,-4.269592796942591,-0.0001110071316361,-1.2182153463363647,-4.6865081787109375,0.5289272108894308,-0.6870386554560294,-0.4956475883459891,-0.0504713283179305,-1.3374296426773071,0.5097448229789734,2.5516090393066406,-1.727068122756481,-2.359756661979854,2.6608061856955287,0.0893987640738487,-0.2838528156280517,-1.2680847299702465,-0.5113769173622131,-0.0534543304490158,0.3992379491366445
716,9.882191,-0.150625,-14.574228,0.540287,-0.514189,-0.491071,0.450055,-0.2932826891064644,-6.020092064169049,1.2975231520310044,6.7507432572335,-5.472973145681619,-4.5436116903916,-0.257160484790802,-0.7087783813476562,-4.336190223693848,0.5107985000191944,-0.6417002647408144,-0.5655797839335045,-0.0861692183437397,-0.47345831990242,0.6231436729431152,2.441871166229248,-0.7424871768087148,-3.1409681217193604,1.92114341865778,0.0958876013755798,-0.3441566228866577,-1.502964914468676,-0.3689773678779602,-0.1921799654076807,1.0079225855033844
717,9.929454,-0.150812,-14.571103,0.542733,-0.521902,-0.489589,0.439729,-2.725719095110893,-6.298879779455065,1.9836004593536256,7.441995921367407,-4.268078008465468,-4.750848373422026,-0.3086846470832824,-0.4215003550052643,-3.715818405151367,0.4923982072919629,-0.5978600280269918,-0.6203138248712169,-0.1237660358980781,-0.4922101497650146,0.3948530256748199,2.413766384124756,-0.9945055431127549,-3.74305752453953,1.5847744520187377,0.1300674229860305,-0.3715674579143524,-1.7023653509154917,-0.1594753861427307,-0.2390528853395022,1.058164945335686
718,9.969071,-0.150267,-14.567464,0.545279,-0.528522,-0.489282,0.428881,-4.5241123324126,-6.483439058992266,2.575525611034036,7.853101272299885,-3.2141254201278087,-4.916157593566179,-0.2331327944993972,-0.3378236889839172,-2.849742889404297,0.4749716821155257,-0.559617141901056,-0.6614249257347969,-0.1541029084407193,-0.5125559568405151,0.1451132744550705,2.340858459472656,-0.175398067960143,-5.054350258725881,2.072895822614431,0.1647890359163284,-0.3079504072666168,-2.0417111414082347,-0.0310875754803419,-0.4249989978589117,0.779213417790085
719,10.058202,-0.142149,-14.560237,0.550915,-0.541368,-0.486761,0.408016,-6.704270844393968,-6.355375573658943,2.937904632720351,8.140942647135256,-2.362810934983939,-4.930778239592909,-0.4920094907283783,0.5486935377120972,-2.059418201446533,0.4641435804517732,-0.5290103362236847,-0.6866933789844815,-0.1821292102390434,-0.4034816324710846,0.085300013422966,2.0740556716918945,0.9838567233264446,-6.261289761251211,2.7598551734685897,0.1899721473455429,-0.1864800304174423,-0.2876743111727759,-0.1317218989133834,-0.0897168492090422,0.0487548977535218
720,10.097627,-0.137835,-14.560911,0.553112,-0.542607,-0.482607,0.408332,-8.452126903635262,-8.174725674271583,2.211525417886674,8.391372282943129,-1.840070086427778,-4.729626137173176,-0.8201724886894226,0.9244927763938904,-0.2560818195343017,0.463147386548122,-0.5159345224671191,-0.6891700707510824,-0.210595709432749,-0.100822165608406,0.0877916142344474,1.5913665294647217,0.3181576026439666,-7.648990320074557,3.0431928071439263,0.1045663282275199,-0.0588604770600795,0.6624469870187342,-0.1579554677009582,-0.150629299944546,0.2943749047899618
721,10.135726,-0.136902,-14.563459,0.554279,-0.539553,-0.478779,0.415245,-7.216672669765352,-7.82802645227611,2.229263611412048,8.562962190791964,-1.754765400238335,-4.445995365770161,-1.221439242362976,1.1257230043411257,0.6880568265914917,0.4682345125678608,-0.5247219551237603,-0.671825530184594,-0.2325377448174917,-0.3593114912509918,-0.3405559659004211,0.7506319880485535,-0.9538555528163908,-8.45673995038867,2.650613877505064,-0.0025349534116685,0.0926598235964775,0.9112805858068168,0.1639763116836547,-0.2786899174673483,0.992699297408387
722,10.216029,-0.148769,-14.567709,0.545013,-0.543251,-0.478115,0.423374,-6.750754947671294,-8.099892843866348,2.7068147804155944,8.658185482797027,-1.9114608135551208,-4.189572919288278,-0.7851201295852661,0.7740800976753235,1.36992347240448,0.4741099613629324,-0.5439374994708855,-0.6463286885587376,-0.2482155116876206,-1.342602014541626,-0.4875124096870422,-0.5836639404296875,-0.426634928497672,-7.717472320148349,1.4725778133809566,0.0435288585722446,0.3891995251178741,2.9463910137757656,0.2124484926462173,0.4068464148463681,-0.301654686534591
723,10.260013,-0.156947,-14.564239,-0.538623,0.549517,0.483002,-0.417882,-5.331414218959212,-8.126002267634869,1.8231167596697808,8.62628461614549,-2.4241968393169344,-3.9850805665299296,0.1713010519742965,0.5523548722267151,1.7640304565429688,0.4876165804639602,-0.563119495989065,-0.6213525561558216,-0.2429969313053001,-0.1798887401819229,-0.2399856150150299,-1.5938787460327148,-2.3155963254749774,-8.479004389166832,3.041985769441724,-0.0709937438368797,0.0655722990632057,2.026586929773539,0.3116420209407806,0.5847092654848471,0.2042360764423385
724,10.30337,-0.164055,-14.560178,-0.537057,0.552722,0.485287,-0.412996,-5.313468227902055,-7.194126491436362,0.6970797628521919,8.445682549801468,-3.1783029961183664,-3.839170458860695,0.4347169697284698,0.2049404382705688,2.4305129051208496,0.504707594907195,-0.5837761977530627,-0.5957756036335572,-0.2225467450375615,0.4930971264839172,-0.556571900844574,-2.369027137756348,-1.7954378946274518,-7.121166469165682,1.4939987870723008,-0.0723945349454879,-0.5286163091659546,0.7318987089075147,0.3814340829849243,1.1794392819855362,0.6535431112036109
725,10.389653,-0.170808,-14.547096,0.549879,-0.543339,-0.479017,0.415882,-3.166448015412688,-7.177295183622837,-1.0356906631991267,8.061392725080252,-4.187081686994433,-3.694951373018324,0.5618376731872559,0.1192226186394691,3.110330820083618,0.5250924674745588,-0.6096113653287357,-0.5628179787057317,-0.1894406221084096,1.5879031419754028,-0.1924659758806228,-2.90891432762146,-1.9008575864762067,-5.977354746204615,1.2837316503047942,-0.0802187696099281,-0.8374418020248413,1.1639292859036474,0.3925596475601196,1.1547416977763176,0.0195005726885516
726,10.43299,-0.169393,-14.542048,0.558611,-0.53483,-0.47309,0.422015,-0.65998834182024,-7.546045493906736,-2.343511921882629,7.425553320610523,-5.267721791249513,-3.6445357755109664,0.3197116255760193,-0.2927673757076263,3.500099897384644,0.5403687542329497,-0.6414106485972335,-0.5238434822072039,-0.1489361212204056,2.1201164722442627,-0.6309979557991028,-3.240199327468872,-4.82232663270235,-3.791693545153737,0.2616168002545833,-0.0660450085997581,-0.4050643146038055,-0.0510506166084203,0.1213251948356628,0.6444491927091032,-0.6729215462166815
727,10.479021,-0.168652,-14.536061,0.565751,-0.528471,-0.472112,0.421609,1.5790210030585528,-5.884165005853772,-2.3284371023476123,6.530140019890665,-6.335989905187487,-3.6582638566121455,0.4335275292396545,-0.4473424851894378,3.661210536956787,0.5507979941389493,-0.674353799423462,-0.4814213386920808,-0.1005089192447597,1.7830559015274048,-1.007099151611328,-3.407692670822144,-5.127482714954018,-1.723667520532757,-0.999617187038064,-0.0714160874485969,-0.219832643866539,-0.7139295561704784,-0.2027821987867355,0.6128255720963701,-0.4398906063141301
728,10.570479,-0.168722,-14.529598,0.559562,-0.529191,-0.485143,0.414104,2.643452899834513,-3.0909371396154164,-1.554535088838637,5.482019206446409,-7.260992288485169,-3.660036419242621,0.5383719205856323,-0.5891933441162109,3.461596965789795,0.5575940783055928,-0.7030917898177872,-0.4384881447143276,-0.0497898008921103,1.593131422996521,-1.2728004455566406,-3.3647243976593018,-4.259068480318785,-0.1373038996264338,-1.7847598487466572,-0.0314656198024749,0.0657670348882675,-1.9930995245829224,-0.3954226970672607,0.2139484921613708,0.1462080311698839
729,10.60979,-0.167934,-14.530285,0.551546,-0.531951,-0.49013,0.41545,3.525232227477431,-1.2399825249493122,-1.1323799361035227,4.660692301678657,-7.84361798916161,-3.595270809343457,0.9414846301078796,-0.7259339690208435,3.161293268203736,0.5626596337412625,-0.7182517781384523,-0.4091725522262466,-0.0103087838873366,1.7108583450317385,-1.0945754051208496,-3.1992387771606445,-3.6747803993880734,1.323096569226682,-2.529858084836602,-0.0916456133127212,0.2481455951929092,-2.168168945110589,-0.3493606746196747,0.1332975957276765,0.650324879809469
730,10.645533,-0.164325,-14.531995,0.544933,-0.530343,-0.49332,0.422398,4.592728772521019,0.115596802470088,-1.8738120509013527,3.579579026953876,-8.486024497061967,-3.368142554146051,1.0305755138397217,-0.713369607925415,2.870957612991333,0.5713628299414497,-0.729363696247872,-0.3738396355876828,0.0426266544062044,1.3687872886657717,-1.3437507152557373,-2.992881774902344,-3.558890166929364,3.231427560323477,-3.638439796723425,-0.2033605128526687,0.2610739767551422,-2.08010619238466,-0.147577553987503,0.4424182250956073,0.9486807074617594
731,10.715585,-0.152735,-14.536577,0.534126,-0.519372,-0.495611,0.446467,5.922151329898834,0.8825134871363639,-2.2201824793338774,2.5251903852865096,-8.926731790053845,-3.17919146939069,0.4803512692451477,-0.4322085380554199,2.7573049068450928,0.5744376670037797,-0.7398030173123658,-0.3387995710966755,0.0890377009990063,1.039154291152954,-1.2336256504058838,-2.56040906906128,-1.835654754203558,4.8090001181393855,-4.243737932457029,-0.2561749815940857,0.19402377307415,-1.2575776567421852,-0.0438547246158123,0.83327058667019,0.8100067615911364
732,10.753746,-0.152197,-14.537955,0.529993,-0.516866,-0.497625,0.452024,7.502703195786475,1.2196049228310584,-2.028426566290855,1.5282253201924263,-9.171496824228765,-3.1174609894037246,-0.084265686571598,0.2675155997276306,2.6708409786224365,0.5708847579509317,-0.7546207279172296,-0.2991552000037919,0.1230622676538409,0.7674652338027954,-0.8439014554023743,-1.9086928367614744,-1.5524872163981198,5.072578573855758,-4.825834640823304,-0.2424414902925491,0.0924417227506637,-1.1028714444812386,0.0186915285885334,0.9631577802993356,0.7127686226323247
733,10.79195,-0.153419,-14.537379,0.527642,-0.516198,-0.500424,0.452448,8.466974928677082,2.2652982168674467,-1.4269643554583191,0.6624157881628722,-9.24035700996518,-3.216739694279432,-0.5688283443450928,1.0556669235229492,2.476905107498169,0.5624738414528281,-0.774621084021965,-0.2529234169489588,0.1400542832279521,0.4897492527961731,-0.6132892370223999,-1.1212576627731323,-2.085774008888006,6.030051148125529,-5.715549145379662,-0.1465140432119369,0.0819505006074905,0.7077677456051111,0.0143779693171381,1.3722409777544438,0.4784295592732727
734,10.867629,-0.161943,-14.532431,0.530521,-0.516,-0.503526,0.445817,9.693055769523978,2.5264438924789427,-0.9254968888163566,-0.0079114232909836,-9.177985017204284,-3.454694756178557,-0.7111660242080688,1.293235182762146,1.9914370775222776,0.5508778611201405,-0.7961451425532015,-0.2056534033686616,0.1428047114014001,-0.1275890618562698,-0.3126411736011505,-0.1832836419343948,-3.1275673728764057,5.994475392353534,-6.399089043179154,-0.0880689397454261,-0.0880210101604461,0.7949906865060329,0.0269050803035497,1.4300636366479098,0.2341563272032886
735,10.908868,-0.171894,-14.53344,0.5335,-0.517421,-0.503961,0.440086,10.179903466922044,3.908537717336416,-0.1600952848881483,-0.4220356180086732,-9.084949590632318,-3.6682328774407504,-0.3549222350120544,1.0360581874847412,1.1624832153320312,0.5418340385509824,-0.8114960276122533,-0.1688254371553153,0.1392406030059324,-0.973203420639038,-0.071947768330574,0.5907313227653503,-2.25482884530127,6.497950399425625,-6.211227214965224,0.0960098057985305,-0.1187077313661575,-0.6055161623984575,0.024595258757472,0.6468384259331971,0.1006040351953357
736,10.94905,-0.179239,-14.53254,0.537009,-0.518437,-0.502076,0.436765,10.992538531190156,3.867223125651479,-0.8030383838832378,-0.5243411964248865,-9.03869812706709,-3.767940913644433,-0.1581933051347732,0.6551122069358826,0.0308481976389884,0.5391197281390884,-0.8183511054554926,-0.1497097062737415,0.1312950098443352,-1.1295006275177002,1.045594334602356,1.1481273174285889,-2.147958954644204,5.502949766272306,-4.847320788705349,0.2094609588384628,-0.6090158820152283,0.0349209268587641,0.0523507483303546,0.2973872018158435,0.2754765997103415
737,11.04128,-0.185368,-14.536752,0.546896,-0.514339,-0.496014,0.43627,10.694778404408693,3.233969646021724,-0.9402262559145688,-0.2168538034151308,-9.043348583221436,-3.786975284460187,0.1872736066579818,0.1377574801445007,-1.3333014249801636,0.5413588319128552,-0.8175221411132109,-0.1572881106565783,0.117679717902982,-0.9789366722106934,1.2972769737243652,1.8817719221115112,-4.245046384707093,5.524119980072975,-4.521425285285711,0.3963322937488556,-0.2305244356393814,1.0839801353979854,0.3426711857318878,-0.2954485253708437,0.660293681442365
738,11.0858,-0.183238,-14.540895,0.550541,-0.512212,-0.490515,0.440386,10.3990150044024,0.9967068525493143,-2.3752178504839536,0.459437895088084,-9.075938016659022,-3.686001758365333,0.2171096950769424,-0.3604075312614441,-2.479653596878052,0.5497250842405095,-0.8076975676890779,-0.1885694201927006,0.099339815201456,-0.6530435681343079,1.904836177825928,2.6687235832214355,-5.771790088039636,3.357705331283808,-2.6412837391018864,0.3044605851173401,0.137039765715599,1.3874573977172373,0.6414408683776855,-0.6320660964760929,-0.008257369488955
739,11.129045,-0.180562,-14.545045,0.550133,-0.510025,-0.489185,0.44489,10.055131424349543,-2.297996955898404,-2.7513895429402586,1.479833045206219,-8.950413109892606,-3.7243285664111374,-0.318516731262207,-0.7865210175514221,-3.68782639503479,0.5518284615290024,-0.793837313575031,-0.2443567629027951,0.0748170037274857,-0.9765356183052064,1.49701189994812,3.059444189071656,-6.681739279112219,2.668818227237463,-1.9433635799027973,0.2451951950788498,0.4105033576488495,1.1177047103453428,0.3925686776638031,-0.7640678711064159,-0.8533321816418319
740,11.217501,-0.178265,-14.550898,0.545621,-0.520965,-0.494707,0.431461,7.956196905115246,-5.000803961977362,-1.6203554684877397,2.7955644924923777,-8.515362235227228,-3.980430987158418,-0.6203668117523193,-1.021432876586914,-4.557906627655029,0.5435092766928327,-0.774866777965816,-0.320198337768084,0.0406478194245739,-1.130845546722412,1.4024516344070437,3.0195868015289307,-4.78062508752644,1.0835603756159544,-0.2612671100340783,0.2069792449474334,0.4377458691596985,0.5581130445800722,-0.0884579345583915,-0.3975016268633305,-1.0163116436641664
741,11.254094,-0.176899,-14.550022,0.54629,-0.527851,-0.493823,0.423177,5.565715142264962,-6.703982090580463,-0.3554343171149492,4.239588703823089,-7.731258853438496,-4.292309947924315,-0.6245911717414856,-0.4320587813854217,-5.054509162902832,0.5302264204599078,-0.746176447045853,-0.4025762225549918,-0.0036215594581687,-1.203627347946167,0.9654940962791444,2.811041116714477,-3.810578278365731,-0.4848991936787962,1.5823761587053538,0.1720631122589111,0.2147459387779235,-0.3577747792938724,-0.5029820203781128,-0.1229505079674534,-0.4448342732613906
742,11.292589,-0.176717,-14.546778,0.550676,-0.532384,-0.490323,0.415821,1.3475304609984158,-6.676141312974691,0.3140197721868753,5.668976194775104,-6.63442281666398,-4.47409420979023,-0.6084308624267578,0.3160402178764343,-4.814523220062256,0.5178746826396209,-0.7088881138597432,-0.4749662809875394,-0.0607491240384581,-1.5141857862472534,0.6448080539703369,2.623262405395508,-1.7975006723761555,-1.5726942842550575,2.1023124712347983,0.1362772583961486,-0.0703267306089401,-1.0619395685035735,-0.5948575139045715,-0.2150005950301885,0.4642677629299461
743,11.359688,-0.169764,-14.540926,0.562046,-0.540874,-0.481542,0.399596,-1.256844227901101,-6.838112328606844,0.3244435510456562,6.832191706386208,-5.40448822299838,-4.503672478713095,-0.5164811611175537,0.4145944118499756,-4.246926307678223,0.5063596910027114,-0.6683664690268123,-0.5318925162734488,-0.1182224107127609,-1.435484766960144,0.5054396390914917,2.533358335494995,-1.0378069247007369,-3.0742618991464377,2.083691941916942,0.1035691797733306,-0.2798089385032654,-1.3164075929820538,-0.3953331708908081,-0.223731945556309,1.204111658688262
744,11.39557,-0.168252,-14.542156,0.562073,-0.546469,-0.478493,0.395588,-3.1438521527230736,-7.345588388013839,-0.0630813100740313,7.6406111987859004,-4.123535097496212,-4.559374199929833,-0.8492226600646973,-0.0194845516234636,-3.8023102283477774,0.4891405870244149,-0.629248471155569,-0.5800946090875346,-0.1681608105291148,-1.05553936958313,0.3484014570713043,2.3672444820404053,-0.9979594829589128,-4.711054707694053,2.202174528956413,0.1929948329925537,-0.4329941570758819,-1.323033148601651,-0.0839873105287551,-0.4408360704706981,1.314806587526202
745,11.430509,-0.168769,-14.543019,0.560607,-0.551443,-0.475531,0.394336,-5.443567602977156,-8.000048321801424,1.460172797577083,8.08541832831204,-2.846133234734833,-4.764020574206113,-1.4553626775741575,-0.0968655496835708,-2.910890579223633,0.4603066574981574,-0.6007705838841065,-0.6180389609198479,-0.2126504917687793,-1.4133344888687134,-0.1923868805170059,2.164909601211548,-0.548785390394926,-5.765342811596393,2.3523826260805127,0.2551604509353637,-0.3620445132255554,-1.631594947643578,0.0779729709029197,-0.9005114275764673,0.8040829245001078
746,11.495444,-0.176787,-14.540591,-0.555885,0.562795,0.474525,-0.386108,-7.082577503052353,-8.36138280287087,3.0057527188047763,8.348360239690543,-1.7545676857091486,-4.837017129094899,-1.389133095741272,0.4670352637767792,-1.96152925491333,0.4338296530468574,-0.5820207618260909,-0.6386478442826168,-0.2552890582411466,-0.5592784285545349,-0.2320612221956253,1.9148812294006348,1.393123752915859,-8.201736430794,3.545187220269441,0.2620531320571899,-0.2011657357215881,0.7433883634321391,0.0407231040298938,-0.0987688556574285,0.0396890500094508
747,11.530137,-0.183098,-14.536024,-0.553547,0.569799,0.475754,-0.377589,-8.248464864221214,-9.271695566558837,3.213183463102579,8.549984635797143,-1.0754452390257268,-4.68097871838212,-0.9340678453445436,0.793775737285614,-0.746332049369812,0.4213817878089234,-0.5712142896984361,-0.6421664360009179,-0.2894371934436268,0.5643014907836914,0.0400693118572235,1.2588510513305664,0.0821200648039579,-9.863440977758168,3.538984273976088,0.078749306499958,-0.1359587162733078,0.7415540606770664,-0.0086588189005851,-0.2281824038928374,-0.0700713561910437
748,11.567744,-0.189109,-14.529763,-0.553949,0.57245,0.475742,-0.372976,-9.051706077200176,-8.801967930787802,3.156208945471048,8.692426190572977,-0.9138520437300204,-4.447132260845601,-0.2656187415122986,0.6009721755981445,0.4808413684368133,0.4230434404268284,-0.570164215044285,-0.6337613184066964,-0.3070726106992291,-0.8678831458091736,-0.5363540649414062,-0.2015911489725113,-0.7379074478030204,-8.295482635983824,1.3636293628841638,-0.0332845039665699,0.1978234499692917,1.0749696574032306,0.0503591261804103,-0.1119574687201995,-0.0823264375636354
749,11.626537,-0.188129,-14.517806,-0.563403,0.564199,0.469555,-0.379175,-7.514827933344245,-8.743811509895325,2.3389497285336254,8.715521234956384,-1.3116862635485826,-4.299951694849133,0.6524631381034851,0.2405831217765808,1.551419019699097,0.4366214177505086,-0.5791465181136624,-0.6195367931306498,-0.3002087867751857,-0.8489267826080322,-0.3199808001518249,-1.2718088626861572,-0.5043827695667743,-9.019337593036887,2.9126942036181687,-0.2752760350704193,0.0144255608320236,1.902661567158252,0.1362014263868332,0.644129240039736,0.1128511296242941
750,11.665466,-0.186128,-14.512253,0.571141,-0.555955,-0.463798,0.386786,-6.196392633926868,-8.451811846336723,0.7121481526464224,8.59613205446601,-2.161983972865343,-4.195563099613786,1.002503752708435,-0.0052048070356249,2.514786958694458,0.4601445344670689,-0.5950352063503566,-0.599872731906415,-0.2726773323125472,0.0629579797387123,-0.2489029467105865,-2.316073417663574,-1.8388912519067524,-7.91154235535264,1.9317372933864592,-0.2606754601001739,0.0861449092626571,1.338315473407507,0.1900714188814163,1.3397797007411718,-0.0595327005146304
751,11.698286,-0.180962,-14.507221,0.579054,-0.547762,-0.461006,0.390034,-3.447995258539915,-8.353011280366777,-0.8732415086612105,8.254953057196737,-3.338623614194989,-4.108493887969852,1.0287967920303345,-0.117261067032814,3.3758881092071533,0.4867677293989915,-0.6205477636365396,-0.5695571679407546,-0.2314784333303299,1.281917929649353,-0.1659604012966156,-2.9726555347442627,-2.7038766811370847,-6.621057139134407,1.6332757403373717,-0.311541348695755,-0.2085722237825393,-0.0775949063965585,0.3160198032855987,0.9365026322815568,0.012627787142503
752,11.773841,-0.173574,-14.496392,0.581415,-0.546818,-0.460458,0.388491,-0.5954629704177379,-6.902550021725893,-1.7917676816821098,7.64833214842677,-4.613410326021909,-4.048438939979672,0.8180012106895447,-0.3636742234230041,3.6113827228546143,0.5100737832158797,-0.6514541820229781,-0.531055922409967,-0.1827890963543364,2.0084424018859863,-0.6206526756286621,-3.317724227905273,-4.272479166033864,-4.155059824311733,0.4305401192426681,-0.2947926223278045,-0.0013555441983044,-0.5389805471520871,-0.0666498094797134,0.4678279030969366,-1.0965862997971474
753,11.804734,-0.171197,-14.491741,0.577547,-0.549647,-0.462839,0.387438,1.330187696531415,-5.2415469010293485,-2.2949226630195976,6.853342630964518,-5.775970004072785,-3.979980320781469,0.7883082628250122,-0.3250506520271301,3.469732522964477,0.5285049642883105,-0.6806546832832713,-0.4895219422574443,-0.1332664921283006,2.171313524246216,-0.7417349219322205,-3.4923787117004395,-4.063410299140215,-2.048751853699982,-0.424598454234004,-0.3163625001907348,0.3833529949188232,-0.274091520293802,-0.5118704438209534,0.2779648363295011,-0.9891239962048828
754,11.837023,-0.170397,-14.488732,0.572725,-0.551815,-0.465376,0.388473,2.4568758507341144,-3.679046240139008,-2.7319340241029857,5.984928396329283,-6.732886698025465,-3.8754628384694456,0.7107622027397156,-0.3547820448875427,3.0522890090942383,0.5430617467322237,-0.7037959127962077,-0.4497387277645742,-0.086545727104225,2.7184362411499023,-0.9399948716163636,-3.186488628387451,-5.639916104507446,-1.0938780637517571,-1.593896646759659,-0.3051232993602752,0.6044738292694092,-1.0915089234676212,-0.7404736876487732,0.046838624936575,-0.2667717901312746
755,11.903824,-0.164252,-14.485615,0.555883,-0.552954,-0.472846,0.402061,2.925331859134137,0.2226438032597303,-2.068142198346555,4.251885875338315,-8.09477827733159,-3.544913664025068,0.7952467799186707,-0.1961743384599685,2.534115791320801,0.5650212413451463,-0.7326453507127569,-0.379435214488965,-0.0032715564664998,1.74591064453125,-1.310760259628296,-2.844940185546875,-3.437080481293797,2.935679942408204,-4.449690420895815,-0.4883407056331634,0.4364623427391052,-1.1807088635299354,-0.3418667018413543,0.4845545814922079,0.8664207227304578
756,11.934931,-0.160228,-14.483842,-0.550761,0.552218,0.471566,-0.411514,3.587378010267019,0.9852683436900376,-1.9178668812051407,3.4189541652336715,-8.554089148506522,-3.362844447737932,0.4154286682605743,-0.0541003607213497,2.3858675956726074,0.5723613662081898,-0.7434915954457954,-0.3444961449955243,0.0307443122144415,1.2110509872436523,-1.146783709526062,-2.602609872817993,-2.060960470148921,3.8365041622608897,-4.9701253305971616,-0.5694087147712708,0.3174582421779632,-1.3135972117364405,-0.0423518903553485,0.4580999975478276,0.9441196100912989
757,11.965397,-0.157747,-14.478931,-0.551012,0.552075,0.467932,-0.415498,4.691902263456583,0.9037246174693108,-1.56210114017874,2.608168528224528,-8.875669126814604,-3.254284996558725,0.2777146697044372,-0.0218053963035345,2.2705509662628174,0.5748982203790557,-0.7549597940157542,-0.3097709818256749,0.0597478212405107,0.8407951593399048,-0.8999934792518616,-2.087482213973999,-1.5442682541072368,4.782140752786398,-5.633909557569027,-0.5776392221450806,0.2550557553768158,-1.087320166540891,0.1819637864828109,0.5367249502450228,1.0356435361217706
758,12.04496,-0.1634,-14.4607,0.563802,-0.55656,-0.461132,0.399657,5.775581297016143,1.118822827655077,-1.4381985739171503,1.8023660864554345,-9.109471452948451,-3.152682817171514,0.3189882338047027,-0.0731063485145568,2.1799800395965576,0.5758102674743365,-0.76453095911374,-0.2761059604771667,0.0877525648139563,0.4100488424301147,-0.551052987575531,-1.4592829942703247,-1.638467463761568,5.164746569943428,-6.394842491650581,-0.4682439267635345,0.2851126492023468,-0.4394297108041122,0.2432312369346618,0.6906441037815064,0.5742748921668157
759,12.077033,-0.167702,-14.449428,0.571251,-0.561932,-0.457486,0.385501,6.937080652359128,1.488147722956538,-1.389248665048182,1.020946902249381,-9.266161897829177,-3.044064621542394,0.2840197384357452,-0.0992653891444206,1.998859524726868,0.5758349714059098,-0.7716627447915294,-0.2444191248231887,0.1149352814070154,0.0547546446323394,-0.1856575012207031,-0.7548355460166931,-2.1086451813876628,6.0576481801033015,-6.856362271046638,-0.3345564305782318,0.1473923474550247,1.0864845924995838,0.1358481496572494,1.2431881891228258,0.2181612875508144
760,12.119445,-0.171591,-14.440752,0.579112,-0.566589,-0.449798,0.375884,8.312244970214367,1.6131547433286904,-1.0057692799270153,0.3405497229224071,-9.352561247387529,-2.9298496288195253,0.4230525195598602,-0.0199831910431385,1.5892434120178225,0.5757932837953826,-0.7762475567932442,-0.2163804333762466,0.1381353093815797,-0.875990629196167,0.1367726922035217,0.12128397077322,-3.1318139244049785,6.382873236915469,-7.0646829499214885,-0.190055176615715,-0.1077751368284225,1.1099848566830155,0.1814007759094238,1.3602818060219286,0.568531599274464
761,12.184494,-0.176791,-14.421615,0.601013,-0.567753,-0.424467,0.369144,8.782828930553793,3.157788908138871,-0.5730649683877825,-0.1396115737806074,-9.433738478383422,-2.6749691510826348,0.9450767636299132,0.1068997234106063,0.9489559531211852,0.5826869840387243,-0.7738128786062302,-0.1939048690604009,0.1552107179250209,-1.5600136518478394,0.5200244188308716,0.9881512522697448,-2.315234506425261,6.140600604078173,-5.744525649017096,-0.0133400652557611,-0.0125958900898695,0.1304356486916076,0.2619282603263855,0.458706292877905,0.010979490212514
762,12.231047,-0.175763,-14.410931,0.615077,-0.567671,-0.407829,0.364835,9.79633435769081,2.5218343528568745,-1.938480045644939,-0.293748005063273,-9.533552020788193,-2.27935538379252,1.0573128461837769,0.2801997065544128,-0.1354018300771713,0.5980975844206976,-0.7638095886983941,-0.1811344561749939,0.1614447669381065,-1.1795397996902466,1.6093109846115112,1.810153841972351,-2.9699048680931326,4.838324996823072,-3.825542915524542,-0.1188853755593299,-0.2725127041339874,-0.5871881862863898,0.3094164431095123,-0.0034718408290296,-0.3220020761776715
763,12.265663,-0.175113,-14.398779,0.627662,-0.570105,-0.392265,0.356578,8.47712573581338,2.69377848097086,-3.0322669239819047,0.0266295044031576,-9.617659460017084,-1.9157992811508475,0.8159586191177368,0.3047138154506683,-1.2644211053848269,0.6161199783098799,-0.7504412012275723,-0.1857863995391419,0.1507233151059236,-0.7439993023872375,1.346932888031006,2.555896520614624,-4.446823341026902,3.951062853854894,-2.676310044297576,-0.2105796486139297,-0.0005795812467113,-0.4960576069550588,0.498940110206604,-0.1993334538915194,0.404585338046588
764,12.333207,-0.177633,-14.371028,0.642932,-0.585851,-0.372217,0.323839,6.830482564380764,-1.0491846432834864,-3.895102189441025,1.5362050668999552,-9.469442244449258,-2.0347373568728564,-1.4323891401290894,0.1388940662145614,-2.7714810371398926,0.6219696331777114,-0.7386436773760983,-0.2411394837705972,0.0970112883758069,-1.209304928779602,1.331768274307251,3.3493471145629883,-7.032183532854914,0.5358952214226126,-0.3447717610642313,-0.3365898430347442,0.6555662155151367,-0.0439687594555318,0.4677281379699707,-0.8433075581684708,-0.4154432340063154
765,12.362665,-0.179234,-14.355844,0.648134,-0.598144,-0.361921,0.301926,2.93556566837877,-4.9318677883952855,-0.7742588641226291,3.9495600480765103,-8.349517008510231,-3.2949858402594923,-1.9417132139205933,0.7563880681991577,-3.5110085010528564,0.5759373503428756,-0.748972173626799,-0.3271669440081367,-0.0172821556602746,-0.9104620218276978,0.673377513885498,2.508420944213867,-3.405145127850771,-2.3667229938611385,2.567110833910108,-0.2305448502302169,0.1259225457906723,0.2264895189024507,-0.3252473175525665,0.463520159433037,-0.2787326971631497
766,12.386442,-0.179477,-14.338774,0.656437,-0.608223,-0.349201,0.277875,-0.6146551621437072,-4.300982206940651,0.2304156063050031,5.1976048834502695,-7.476543503135442,-3.6409549944147455,-1.1049758195877075,0.7329449653625488,-3.544023036956787,0.5548457685320337,-0.7408191471549117,-0.3698973276837446,-0.0806784220519228,-0.7532564401626587,0.4368525743484497,2.0023772716522217,-1.2000181788295508,-2.966370848748088,2.277912199246883,-0.2498510777950287,-0.0250175166875123,-0.6641491878267377,-0.4679576456546783,0.1859975504457019,0.144419412453752
767,12.410639,-0.178148,-14.30458,0.676198,-0.626504,-0.314435,0.22667,-1.5881547421067952,-5.005850139451026,-0.2447024903327226,6.268071384215355,-6.560089167952537,-3.72114379889518,-0.4681870937347412,0.4278621673583984,-3.6609394550323486,0.54097714039606,-0.7198813671971013,-0.414121171110194,-0.1327338290204566,-0.0291032362729311,0.4397433996200561,1.837702751159668,-0.3774906661003828,-4.029194725805521,2.107543942147493,-0.2860857546329498,-0.0729846134781837,-1.2893584041453898,-0.4558128118515014,0.2132785387442447,0.5764304992981255
768,12.429516,-0.176642,-14.286924,0.682596,-0.635217,-0.297104,0.205645,-4.982779644986987,-5.028711959600448,-0.2109241393715143,7.144145778214931,-5.564284232679009,-3.7643496111542,-0.3885087668895721,-0.0214873719960451,-3.125757932662964,0.5262113405620422,-0.6933378716595955,-0.459576988913822,-0.1765595675143441,0.4011158049106598,0.4287806153297424,1.8483089208602903,-0.0276081378936767,-4.640665120433271,2.098799494677782,-0.2828616797924042,-0.1010313257575035,-0.9992027610182762,-0.3663079142570495,0.2497823874128982,0.7416179196935146
769,12.42832,-0.176222,-14.270085,0.686412,-0.643933,-0.281622,0.186756,-4.838506198608875,-5.537560476404428,-0.0471282463997602,7.682818939918279,-4.678946920293569,-3.9053997115716337,-0.6657842993736267,-0.0985850766301155,-2.49240779876709,0.5077720479482831,-0.6727155958672842,-0.496561877698959,-0.2074792321607488,0.7891995906829834,0.3970086276531219,1.75033438205719,0.0490203437566757,-5.501457481887936,2.644592132997513,-0.3706223368644714,-0.0476839989423751,-1.504790668591112,-0.2227042317390442,0.0546776297328528,0.6650876377206295
770,12.461835,-0.181308,-14.231255,0.690959,-0.656712,-0.260249,0.153546,-6.675111969926953,-5.994271394214033,0.8149386650353669,8.077813698527217,-3.835272866900265,-4.0261613494589925,-1.0490299463272097,0.3232209682464599,-1.848254561424256,0.4868694587640497,-0.6586494204026921,-0.5210163588569608,-0.2401686438726727,0.5653638243675232,-0.044551033526659,1.402667760848999,0.8620452841252088,-5.771725790631771,2.9254326891601083,-0.4475078284740448,0.1622487604618072,-0.7854453709822148,-0.1977516710758209,0.1198214892267249,0.123364860922005
771,12.477801,-0.185915,-14.212551,0.691729,-0.661436,-0.254368,0.138961,-7.96269912661612,-6.108707920733094,1.169431901907921,8.359986964598297,-3.227780728253722,-3.982769074717164,-0.9164358377456664,0.7455098628997803,-0.902417778968811,0.4728366166904384,-0.6508602381190255,-0.5286261975050666,-0.2708521508012106,0.7771064639091492,-0.0452769584953784,0.8790706396102905,1.8235007905513048,-6.6843859942287205,3.361910381758213,-0.6216835975646973,0.2057846039533615,-0.1175396253672428,-0.3036071062088012,0.1637620820336975,-0.2078319637761451
772,12.49597,-0.191683,-14.192283,0.692709,-0.663865,-0.250396,0.129383,-8.624712252262235,-6.061802961695194,1.0506804347991945,8.52535288336575,-2.9763077208727595,-3.824961023983359,-0.7588021159172058,0.7485038638114929,0.2153530120849609,0.4679852684345147,-0.6507479008679342,-0.5211006679971572,-0.2932081501442697,1.142188549041748,-0.2644847929477691,0.3022740185260772,0.2463064183980226,-7.272186467194556,3.1905729873657225,-0.81992107629776,0.3558622896671295,-0.2702599793069064,-0.2627363204956054,-0.033595770069072,0.111811219516769
773,12.55034,-0.205735,-14.146306,0.695839,-0.663325,-0.246642,0.12238,-7.054750753971934,-5.553949301147461,0.9688283732816576,8.543047530010343,-3.1253315766483545,-3.663203651101887,-0.324993222951889,0.5792365670204163,1.1146600246429443,0.4715421136170567,-0.6590911982034175,-0.5023646129400524,-0.3014577340941068,0.9598134160041808,-0.5080153942108154,-0.5181018710136414,-0.1448942086249589,-6.773572344157099,2.814460039359331,-0.920232892036438,0.67142653465271,2.5629031530871984,-0.259544163942337,0.7377144825141877,-0.3302294044381007
774,12.572941,-0.209835,-14.120586,0.697794,-0.661833,-0.245486,0.121644,-4.544616191259026,-6.965414181917906,-0.6221513631179928,8.402873335644601,-3.600347381955385,-3.5495959766224026,-0.1973633468151092,0.1946130096912384,1.7611993551254272,0.4820462594899072,-0.6726918376869584,-0.4779798265500475,-0.2943679662091444,1.8364304304122925,-0.5699464082717896,-1.134790539741516,-3.070308193084597,-7.580393753710388,3.2667502181172368,-1.1488744020462036,0.4373399913311004,-0.3722188997099175,0.0607523843646049,0.4213074498645961,0.8288803158219903
775,12.593446,-0.21018,-14.092558,0.702612,-0.65905,-0.239749,0.120456,-3.2781501485317945,-5.562351218789815,-0.1426569510921835,8.10081989558339,-4.220655747555196,-3.5683553298890587,-0.2761310040950775,0.0851923823356628,2.2900047302246094,0.4902023901359597,-0.6937820764418648,-0.4478860517326419,-0.2788657381025657,1.838120937347412,-1.1603717803955078,-1.7694039344787598,-1.8607342504024504,-5.11257916033268,0.8798597577571868,-1.2507102489471436,0.347171276807785,2.863778489279747,0.0776777863502502,2.0458383043408395,-0.1245299683117773
776,12.646406,-0.203581,-14.031967,0.717466,-0.650487,-0.224645,0.107909,-1.4372861352473496,-5.595682410505414,-1.1614110925376415,7.671188707879185,-4.950327574193477,-3.580155365537107,-0.3801009058952331,0.1123287454247474,2.557959794998169,0.500492470647027,-0.7167431487739492,-0.4108727097073695,-0.2587859865638099,3.065866708755493,-1.056800365447998,-2.000701665878296,-3.76731196809113,-5.390677724310756,0.8067641264081001,-1.4284553527832031,0.2475896775722503,-0.1930290930503048,0.0247468929737806,0.8940090599451214,-0.7918253543429076
777,12.670992,-0.197612,-13.99126,0.718604,-0.654382,-0.213972,0.098024,-0.5774100118547678,-3.898166545447707,-0.6829983382686973,7.133930673670768,-5.671756180882453,-3.6205782690793273,-0.4322427213191986,0.3243321180343628,2.733915328979492,0.5086354852498801,-0.7409303915187746,-0.3682665868205761,-0.2381003332577977,3.0599145889282227,-1.656216382980347,-2.011141061782837,-4.111022529664635,-3.1479297774255275,-1.4664514394551516,-1.5871094465255735,0.5068473815917969,0.1257769818313419,-0.3393035233020782,0.7966374307997525,-0.9372033278968184
778,12.699922,-0.197585,-13.963272,0.718072,-0.658118,-0.205661,0.094646,0.8186544706881046,-2.8001462673246857,-0.3629939387142658,5.8910956818997855,-6.923005949777364,-3.679315704730153,-1.1689294576644895,0.946225881576538,2.935130834579468,0.5183651271656714,-0.7866745333170516,-0.262175660535386,-0.2090566657976862,2.369051218032837,-2.119649171829224,-1.760993242263794,-3.198285753700137,-1.3851409374684094,-4.232262306457757,-1.658344864845276,0.5985831022262573,-0.6828249544631689,-0.6785726547241211,0.7496672245059162,0.4318765554782003
779,12.728868,-0.196651,-13.912332,0.712093,-0.669538,-0.19648,0.077705,1.446646668788791,-1.6408891379505397,0.4247387394875287,5.200854825156926,-7.4060513322830195,-3.777819041319191,-1.236193060874939,1.179435133934021,2.999145030975342,0.5166111637323063,-0.808228216874234,-0.1984497928925133,-0.2012406956677633,1.2466129064559937,-2.02388596534729,-1.7876025438308716,-1.920704442718625,-0.0701807668156921,-6.012075930973887,-1.6173332929611206,0.5252472758293152,-0.4564481386875733,-0.3929269015789032,0.7644348777879029,1.1852776327501982
780,12.754031,-0.196986,-13.881834,0.711986,-0.672903,-0.188897,0.067791,2.2615850415632126,-1.2480869209498169,1.0723182661116122,4.484227773530781,-7.78149500272572,-3.938327583183348,-1.2426576614379885,1.1273688077926636,2.901480197906494,0.5114003616524608,-0.8264375761474116,-0.1334157138915663,-0.1940898473301851,0.3875001072883606,-2.0369293689727783,-1.712491750717163,-2.9727199255138634,0.2643652221798896,-7.186580313840508,-1.5632834434509275,0.3549223244190216,-0.6483877012018114,-0.143001452088356,0.9719299194935708,1.1117918330397456
781,12.763373,-0.196205,-13.856321,0.716827,-0.672445,-0.173171,0.063159,2.7532567981168627,-0.2453711833745241,1.905086310087144,3.749992584499717,-8.083306450724601,-4.094882711246609,-0.79786217212677,0.9883561730384828,2.8216960430145264,0.5069649437099252,-0.8388832692684856,-0.0711039578936607,-0.1849472938827823,-0.0423034578561782,-1.6233147382736206,-1.549871802330017,-1.3101567158937453,0.8379355097413063,-7.865871322023868,-1.3986244201660156,0.176343098282814,-1.0966178639791906,0.0142181580886244,0.9545149665731936,1.3921658676691353
782,12.791084,-0.201066,-13.800245,0.727887,-0.668431,-0.144481,0.050058,3.555295649568736,0.5979618014961481,1.9287658763602376,2.985663870500028,-8.36565156623125,-4.155972847503423,-0.3069653213024139,0.6583874225616455,2.656284809112549,0.5085384096989987,-0.8436153682744937,-0.0144483070640077,-0.1717358226272309,-1.1309046745300293,-1.1711595058441162,-1.5129095315933228,-0.3602186287820339,1.77663236413151,-7.854669544529915,-1.2327536344528198,0.1379100382328033,-1.0747001928120852,0.1732435822486877,0.968191828943789,1.3623042517602444
783,12.803329,-0.205455,-13.769763,0.731205,-0.666687,-0.139277,0.03834,4.77208405367434,1.007371454426646,1.372871530742943,2.2146453034728766,-8.59579303176999,-4.16870022712946,-0.0354058556258678,0.1388610452413559,2.2786877155303955,0.5137870671277648,-0.8435246334867307,0.0317924442136626,-0.1532261491027758,-1.4617233276367188,-0.4881588220596313,-1.4244767427444458,-0.083912208917737,2.108655995042622,-7.25959177403748,-1.105255961418152,0.0620207488536834,-0.3655002589793875,0.2969388663768768,1.1620916952129452,1.1669549904003738
784,12.824359,-0.210824,-13.735939,0.732076,-0.667262,-0.134143,0.028838,7.572645331540703,0.319283391803503,0.0836246241480112,0.7322412387348711,-8.90892900685966,-4.033009607918561,0.2901759147644043,-0.1482673436403274,1.8527599573135376,0.5319930945874749,-0.834399831546415,0.0969700446523343,-0.1065691809229725,-1.0967727899551392,0.7337744235992432,-0.4657565355300903,-3.1593998504668472,3.133486241531372,-6.90164050566554,-0.8579480051994324,0.0583581440150737,0.8587366710338741,0.5039464831352234,0.9364224066521972,0.8042583541322499
785,12.855093,-0.223096,-13.672063,0.735152,-0.667152,-0.118713,0.019126,8.685521233490109,1.0740712472587823,-0.2010170778632163,0.1329220221472438,-8.969400134435295,-3.962649831274152,0.0703674852848053,0.4969334006309509,1.6144622564315796,0.5383062832265856,-0.8282530401667096,0.1266325888862193,-0.0904847333717,-0.5158993005752563,1.6486124992370603,0.188518077135086,-2.096580649584532,3.3764018484473226,-4.925758950126171,-0.7444498538970947,0.1800863444805145,3.985036142866313,0.3662862181663513,1.5548814180582762,0.3169415048524737
786,12.869234,-0.226854,-13.638235,0.73772,-0.665724,-0.111432,0.012814,10.603055229479072,0.8713789296597242,-0.8868091385036706,-0.1704713704139925,-8.94926744698882,-4.0064901420444246,-0.2771366834640503,1.6741362810134888,0.9082104563713074,0.5357550900939949,-0.823894617589246,0.1595989047242425,-0.0932331676557483,0.7472167015075684,2.475360870361328,0.8900759816169739,-4.346308956876397,2.456930795791745,-1.9246376905143256,-0.8567983508110046,-0.0306271575391292,1.0158910801645369,0.3789328038692474,0.4200237667296082,0.0626797755018575
787,12.89297,-0.224434,-13.597095,0.73952,-0.665465,-0.100936,0.008861,8.598982183200121,3.503046114632487,-0.6571297375187277,0.0457318236052989,-8.883268495902419,-4.154019375348091,-0.5297978520393372,3.046217679977417,0.1677521020174026,0.5217597626506945,-0.8209821870365361,0.1943818370750346,-0.1263758178038146,1.1461007595062256,1.706829071044922,1.290572166442871,-2.677221313923597,3.1773253832578656,-0.8219868299812078,-0.9010246396064758,0.311585932970047,-1.914263011494279,0.2451241314411163,-1.3192140287049114,-0.080428823781386
788,12.931506,-0.212909,-13.522127,0.738928,-0.669359,-0.076605,0.008678,7.434892226842045,4.347788966301083,-0.9435217903286218,0.6314728067580611,-8.771526615294814,-4.339584324796498,-0.6674572229385376,2.9758803844451904,-0.5946545600891113,0.4976679477460498,-0.81883266127231,0.2253226425831075,-0.1762655748015474,0.587267279624939,2.1866819858551025,1.411906361579895,0.6377957992345095,3.910111250263452,-0.3077785397097468,-0.8038833737373352,0.5519315600395203,0.5205987219609319,-0.0354012064635753,-0.7518932299923151,-0.1741911033231765
789,12.947746,-0.207683,-13.484919,0.738737,-0.669747,-0.075533,-0.001195,8.051388048416376,1.6122101559549569,-1.8816560424000024,1.5097066438138484,-8.636048469790817,-4.394294696888327,-0.0828805342316627,1.848992943763733,-2.0332729816436768,0.4737401206138555,-0.8192234953053009,0.23004247935787,-0.2269880782624161,0.2578518390655517,2.074022054672241,1.7013152837753296,-2.759142056763172,2.350272794319689,1.349751644179225,-0.6784260272979736,0.3579758703708648,0.4903109165292233,-0.1457038670778274,-0.125371177509427,0.3485237705415114
790,12.961082,-0.205306,-13.451069,0.737372,-0.671201,-0.074618,-0.01428,5.0692538133472205,-1.4390373628288506,-2.2620815929085016,3.778817112445831,-8.138367243689299,-3.9570065646901726,1.1352280378341677,-0.65313720703125,-4.161967754364014,0.4551004036355682,-0.828175148114373,0.126004423597897,-0.3018814591621322,-0.5956199169158936,1.062021017074585,1.913679122924805,-2.0534733292639253,0.9133546156018972,2.193664474764466,-0.3710496425628662,-0.5157362222671509,0.0239970347244292,-0.3522643446922302,0.7825231999251991,0.2685192365868017
791,12.985717,-0.200594,-13.386734,0.735742,-0.673948,-0.056831,-0.035335,2.983343610858917,-3.0190649125814435,-2.89395706218332,5.089756503149867,-7.547894921165704,-3.646105216784775,1.483170509338379,-0.6127923130989075,-4.757108211517334,0.4503511498416081,-0.8273795029636075,0.0366441618141808,-0.3335930989009738,-0.0333254113793373,0.6800764799118042,1.998117446899414,-0.9702087217241524,-1.7454427144892513,3.297327142688632,-0.2745641767978668,-0.6836467981338501,-0.6697831020604819,-0.4618434011936188,0.3359438730947673,0.5375942804254591
792,12.991094,-0.198361,-13.355515,0.737676,-0.671792,-0.047342,-0.047846,-0.5923153200417757,-4.745147531431913,-3.68223977548331,6.349172627365589,-6.635240562787652,-3.4397619754627344,0.7874426245689392,-0.6145151257514954,-4.536814212799072,0.4369779278468682,-0.8199892786261584,-0.0547415722992806,-0.3656106962222505,0.6647372841835022,0.5644627809524536,1.8511070013046265,0.0443301401138305,-2.974479044140875,3.1473271353572607,-0.2740806043148041,-0.5965425968170166,-1.2843999049551784,-0.3038934469223022,-0.0812830659905448,1.120852360721305
793,12.998888,-0.193912,-13.323187,0.737666,-0.671569,-0.037982,-0.05831,-3.176218883320689,-4.731663780480623,-2.524737380822003,7.294992173242568,-5.563701464354992,-3.4639082824647422,0.0911086276173591,-0.1502948105335235,-3.664627552032471,0.411407736197862,-0.8124172940132208,-0.1287956112236583,-0.3925982242885691,1.092666745185852,0.438412070274353,1.449877381324768,0.3790302967578172,-3.673032971198857,3.1676147211045027,-0.3206368088722229,-0.5255706310272217,-1.377624716619402,-0.0305648911744356,-0.078567742617242,1.0874562140107151
794,13.01727,-0.187049,-13.262015,0.73247,-0.678117,-0.017626,-0.057743,-4.964005386412143,-3.74306716915071,-1.6542331881701946,7.948378340318799,-4.587856782570481,-3.4561902554333206,-0.5854739546775818,0.4373866319656372,-2.567620038986206,0.3832172489418056,-0.8033206784255009,-0.1757627667769343,-0.4206280052763667,1.25248122215271,0.2946015000343323,0.9573760628700256,0.9110223732620476,-4.052681984376907,2.644319161275029,-0.4050014913082123,-0.3984044790267944,-1.272956281529367,0.1593610644340515,-0.3871567219270393,0.8663051335267722
795,13.024767,-0.188582,-13.228759,0.729527,-0.681546,-0.01538,-0.055211,-5.388223901417852,-4.167551641616225,-1.096170266342163,8.393994448140264,-3.772069684012234,-3.388618355941772,-1.11285662651062,0.7776628732681274,-1.724052906036377,0.3530926748424646,-0.7961463176029734,-0.1972878586362307,-0.4500601448788866,1.1924285888671875,0.1995033323764801,0.5186824202537537,1.442746154218912,-4.007286845380068,2.354522560718656,-0.4486803710460663,-0.1227325424551963,-0.4787000102451071,0.3074541985988617,-0.5368562119418755,0.8340056960117072
796,13.032496,-0.192756,-13.192761,0.725947,-0.684815,-0.020556,-0.06006,-5.793035705164074,-5.238724829345942,-0.7442989024057984,8.659195536622404,-3.164922997802496,-3.3424539861381053,-1.3206747770309448,0.3994379043579101,-0.8871498703956604,0.3241237741049788,-0.79343434426373,-0.2021872024448415,-0.4738418767611333,0.8195590972900391,0.0795340538024902,0.3595157861709595,0.5717249519556761,-4.250914107696712,2.1704759068787096,-0.4469468295574188,0.0955796912312507,0.948198476902768,0.3792530000209808,-0.4740737752165645,0.9149516755349932
797,13.042723,-0.206004,-13.114722,0.72188,-0.687077,-0.037907,-0.073328,-5.717627705219388,-6.139172617101669,0.3142527041599154,8.745545786342024,-2.817686015668511,-3.4273137050390243,-1.1929633617401123,0.0432726442813873,-0.0962454751133918,0.2996586980792304,-0.7975836300265412,-0.1964808362032431,-0.4852426007966976,0.8745829463005066,-0.1879208236932754,0.2468474209308624,-1.143683128145337,-5.180815076690912,1.968183402252197,-0.4330292642116546,0.2865268588066101,0.8211280211947858,0.3950280845165252,-0.6187197081688791,0.5987979965919629
798,13.047598,-0.211851,-13.075708,0.722454,-0.686696,-0.042278,-0.068715,-5.98019786067605,-5.020018365535139,1.582645915557444,8.71272897388935,-2.795254111368954,-3.527784542308748,-0.6073748469352722,0.0658238530158996,0.6949118375778198,0.2877005435061637,-0.8041288725712894,-0.1823285776296271,-0.4871974206955106,0.6721528768539429,-0.3839891254901886,-0.2282587736845016,-0.8614712836295366,-4.7518388457641,1.3687123652368782,-0.3979880213737488,0.6660152077674866,1.5342241222158073,0.1690777391195297,-0.3308990473279729,-0.066659812448197
799,13.053885,-0.214361,-13.036256,0.723701,-0.686057,-0.044633,-0.059918,-5.385791705834865,-6.281066474866867,0.1522773046135902,8.602701495984196,-3.125901777751744,-3.52032019777745,-0.2120732218027115,0.0842006355524063,1.4876999855041504,0.2936159534857121,-0.8084116512326729,-0.1611116905358915,-0.4840488533424677,0.9967080354690552,-0.2637561559677124,-0.7673529982566833,-2.017612326809764,-5.144103010365367,1.7687234907031055,-0.5929511189460754,0.4214094877243042,1.407990190397203,0.1867806911468505,0.2387892477009445,0.2029646134681068
800,13.06438,-0.207757,-12.949383,0.730797,-0.679891,-0.03709,-0.048045,-3.475014782890677,-4.822224925893545,0.8619064601764083,7.876456428924202,-4.6133244013041255,-3.584562660585344,0.0307961292564868,0.2754989862442016,3.252399206161499,0.3296055050534714,-0.822546528047091,-0.078606865191141,-0.4567258378373395,1.302176594734192,-1.0048043727874756,-1.8838361501693728,-0.7440390824258327,-3.020440292587876,-0.0992314316678792,-0.7111043334007263,-0.024052619934082,-0.1722656882185488,0.2610118389129638,1.1887185669843108,0.0310172156848013
801,13.066669,-0.201721,-12.908016,0.734897,-0.67567,-0.032386,-0.048458,-0.6313625513166189,-3.63929875164032,-0.6316954365327954,7.240107905888557,-5.665916222682595,-3.413008993093669,0.1265683472156524,0.5535666346549988,3.406487226486206,0.3630169054046069,-0.8207269311294489,-0.0205507566352121,-0.4406855646149956,1.4581552743911743,-0.852737307548523,-2.2494826316833496,-0.1640858158290386,-1.8228741830855608,-0.7447652047432959,-0.6579604148864746,-0.0185244921594858,-0.4437337646735831,-0.1403095871210098,0.5017798935919999,-0.6978508933551609
802,13.071365,-0.19766,-12.864205,0.736435,-0.673809,-0.032447,-0.050914,1.2502426376789808,-3.49694195253849,-2.327845858456194,6.53106356447637,-6.509774108210205,-3.337434112149477,-0.4042734205722809,0.1306881159543991,2.827213764190674,0.3880288411542449,-0.8179143184137485,0.0343212028592583,-0.4234051978537511,1.7244101762771606,-0.8451835513114929,-2.145203828811645,-1.9889695851713416,-1.3166459317825734,-1.6094979743868112,-0.6238264441490173,0.1220111027359962,0.0851218587021343,-0.4844486713409424,0.4263155238175764,-0.436388845270872
803,13.081933,-0.195738,-12.795315,0.735483,-0.6749,-0.038062,-0.046114,1.3924883776217698,-1.2650275343567132,0.2894201684594154,5.1203386884182684,-7.51795161832273,-3.665095163936913,-0.422054648399353,0.3931589424610138,2.46852970123291,0.4090622178115189,-0.8190840706037489,0.1263690394959879,-0.381838011312637,0.6831924319267273,-1.3350621461868286,-1.8102121353149407,-1.8626386227190488,0.7199152795165776,-3.967072031630576,-0.5026522278785706,0.1553737223148346,-0.6534875816240906,-0.5292048454284668,0.412801852652058,0.6246837311398238
804,13.09276,-0.192862,-12.75813,0.730823,-0.679551,-0.047728,-0.042778,1.7736533483207224,-0.0758458068400621,-0.0744160662978887,4.435558142907917,-7.930662066364288,-3.6879219127729534,-0.4471655189990997,0.554969072341919,2.456761121749878,0.4193839039287305,-0.8109953922718557,0.1741211202109908,-0.3688974404384297,-0.1699655354022979,-1.1322495937347412,-2.033890008926392,-0.5418412703454494,1.8284002530306576,-4.370469876925647,-0.431675374507904,0.1127950772643089,-1.086233686478436,-0.3037466704845428,0.2873488968770019,1.1249326888374984
805,13.101227,-0.188725,-12.723384,0.726396,-0.683924,-0.055465,-0.038999,2.7766107856974003,0.2936193737149238,0.0039905309408903,3.721850193598866,-8.249549736848474,-3.7766532124102112,-0.4096646010875702,0.0876491516828537,2.265547513961792,0.4277835218813375,-0.8029811730604635,0.2185794277930136,-0.352768211467144,-0.4202717840671539,-0.7187144160270691,-2.006176471710205,-0.0338473245441913,2.2161180063739416,-4.437776988001168,-0.3456658720970154,0.0860484912991523,-1.4622136557549237,0.0539057664573192,0.2646842067348771,1.5849281812757252
806,13.109992,-0.181788,-12.653801,0.726394,-0.685094,-0.045758,-0.030061,3.7229470489248633,0.7735176903665065,0.4595443876698613,2.990842734442651,-8.493172030729054,-3.884748845469952,-0.0799362063407898,-0.3692009747028351,1.9803751707077024,0.438837229134611,-0.7963924024195054,0.2526385001384103,-0.3306883921481722,-0.2044249773025512,-0.4225954711437225,-1.739069581031799,0.024271102425456,2.742745633235573,-4.580132910320162,-0.2313960045576095,0.0121157057583332,-1.5544710836917162,0.326155811548233,0.4435468272667378,1.41485408481732
807,13.111832,-0.182978,-12.617669,0.728418,-0.683298,-0.038504,-0.032059,4.22908718355298,1.7886738073199986,0.4544523252278566,2.269074812796712,-8.706717750775814,-3.900606047554314,0.2461399286985397,-0.5955960154533386,1.7878501415252686,0.4550207803563697,-0.7886364706079964,0.2773591253226976,-0.3067253298100028,0.0901757553219795,-0.024995282292366,-1.2745304107666016,0.1154775600045919,3.5903088030219075,-4.750043194518983,-0.0517096668481826,-0.0080295465886592,-0.8977977116383612,0.3853558599948883,0.5270843941858038,1.0413361217401922
808,13.113041,-0.188001,-12.580867,0.729974,-0.681278,-0.036332,-0.040961,5.656789497897028,1.2983937973856925,-0.7056345329686999,1.5602319853059947,-8.8847204482764,-3.846790286214649,0.3339493572711944,-0.805978000164032,1.6198562383651731,0.4738944378413304,-0.7801800967054151,0.2957207018795439,-0.2815889394524734,0.34517902135849,0.6448423266410828,-0.399822473526001,-1.271160338023305,4.087510136651993,-4.637084631597996,0.1291296333074569,-0.0601705014705657,1.15530605366081,0.3454978168010711,1.1177717842321842,0.8562135822970419
809,13.12487,-0.199589,-12.495573,0.730639,-0.679307,-0.035486,-0.058737,7.510390243157744,0.7329477795690298,-1.4304881456702947,0.8947541792239994,-9.01389394067824,-3.7575977988064286,0.4288116097450256,-0.7823229432106018,1.379038691520691,0.4927038024594332,-0.7720961939188841,0.3089524903246738,-0.2562398782930265,0.3311004936695099,0.7080457806587219,0.4038989543914795,-3.5264848578870294,3.614520868736505,-4.658012853336334,0.2836349904537201,-0.2431530505418777,1.3428786896698175,0.3548348844051361,1.2797398041896522,0.7824352293808012
810,13.129655,-0.205831,-12.456339,0.731001,-0.679288,-0.027599,-0.05869,8.364637420752643,2.2684078733205792,-1.668907902471721,0.3650705257926136,-9.110586720713972,-3.610305881389976,0.3664032518863678,-0.2153733968734741,1.1103111505508425,0.5089962604765644,-0.7624332036592865,0.320577579820967,-0.2384290260417089,-0.1533095985651016,0.6697107553482056,1.153180718421936,-2.579310974791646,4.014706766247749,-3.758927586105466,0.501537561416626,0.0259084608405828,2.9820556168749928,0.1855504214763641,0.8948878155410289,0.1108304191853385
811,13.139293,-0.208907,-12.407765,0.732256,-0.678435,-0.017588,-0.056731,9.088967594102025,4.232104485547542,-1.709002012450993,0.286277650916297,-9.126901311177017,-3.5760490992620584,-0.114858940243721,1.4232693910598757,-0.5442048907279968,0.5045301607717196,-0.7506049579666171,0.3448477322446379,-0.2512402535004791,-1.2935452461242676,0.5676031112670898,1.9226047992706297,-3.176094964680076,3.369813117706776,-3.14979937068969,0.4716937243938446,0.1284106969833374,-0.8274968986395747,0.2356224656105041,-1.123733761376515,-0.0992850250186398
812,13.154778,-0.203016,-12.317267,0.731794,-0.67937,-0.000538,-0.054166,8.234042955636978,3.71238736872673,-1.923896516758204,0.8965444967068731,-9.056993662214278,-3.652049512141943,-0.4341068863868713,1.0957835912704468,-1.808658242225647,0.4848512535349496,-0.7543679019563528,0.3422451972472791,-0.2805647773506035,-1.4654666185379028,1.188478946685791,2.129709005355835,-0.687681819909811,1.74614867080152,-0.1890788027882576,0.3665550053119659,0.2925565838813782,0.4353895320352167,0.2291317135095596,-0.8625814368285238,-0.3764973807467147
813,13.168862,-0.197072,-12.266692,0.730023,-0.681619,0.002921,-0.049536,7.5065996187031265,0.2764496277272701,-2.3463760791420936,1.879419515519589,-8.856669827312231,-3.767965755824744,-0.4318617582321167,0.4783817231655121,-2.9621775150299072,0.4584608817233404,-0.76968576449966,0.3157476939689335,-0.3125713146762273,-0.857917308807373,1.216594099998474,2.406785488128662,-3.0393922458171843,0.3133063632205128,0.5718184754580259,0.2969540059566498,0.1305578649044037,0.8494792325407267,0.1524483263492584,-0.5092264467382803,-0.3529996738465503
814,13.178083,-0.190699,-12.221556,0.729993,-0.68152,0.007211,-0.050869,5.880248709192872,-2.860553682014346,-1.971223500600457,3.0424913808763026,-8.46132552461326,-3.9140225784882894,-0.4184753000736236,-0.288494199514389,-3.598353624343872,0.4294780723274035,-0.7925396494934285,0.2672835880138742,-0.3405713938199489,0.3146871626377105,0.9819840788841248,2.481363773345948,-3.5145518435090777,-1.6445669496804476,2.08904908503592,0.3194957077503204,-0.0593462251126766,0.116104706326453,-0.0384585410356521,-0.3395618809288367,-0.3160118593195453
815,13.184427,-0.185043,-12.145127,0.732839,-0.677324,0.02014,-0.061436,1.875308134678006,-3.972673797160387,0.0880418560683727,5.393039192745089,-7.030627535584569,-4.201878566370905,-0.1255086213350296,0.0309250392019748,-4.122488498687744,0.3648735444548316,-0.833619080329612,0.1389798826247702,-0.3906803043139059,-0.4451259970664978,0.4995258748531341,1.6689636707305908,1.0541074866384268,-1.4900839517161248,1.993236010444164,0.2458156645298004,-0.2369977533817291,-1.404953453049809,-0.2686010003089905,-0.3212387271223589,0.2652011067484505
816,13.193463,-0.183628,-12.099567,0.735926,-0.67273,0.025289,-0.072158,-0.681383596548438,-4.2880227721244095,-0.0984974913701415,6.470412404158711,-6.065552085095644,-4.184878039470314,-0.0237941108644008,0.1707176566123962,-3.88815712928772,0.331028213383999,-0.8414521549128602,0.072990902342914,-0.4207741093603751,-0.6598548293113708,0.3711521625518799,1.449911117553711,1.217295476844907,-2.6296494154095647,1.7790595912784335,0.1663820743560791,-0.2383923530578613,-1.7444468353196978,-0.1197344362735748,-0.4089034204414114,0.8020609902184456
817,13.194783,-0.180231,-12.061681,0.737957,-0.66881,0.030461,-0.08477,-2.459851651674509,-4.620523372897505,0.0140554133594036,7.3009274085104465,-5.0414270642668,-4.177422170506418,-0.1127582043409347,-0.0354787893593311,-3.46382737159729,0.2980470714120196,-0.8442997723598316,0.0121304866891109,-0.4451726516535986,-0.5444446206092834,0.1989780068397522,1.3210736513137815,0.8899497746169567,-3.741762808553874,2.0217051490813494,0.1027949452400207,-0.1461110115051269,-1.6544868706703184,-0.0037134168669581,-0.5027980941912159,0.7575150153968483
818,13.209832,-0.174897,-11.977794,0.73577,-0.66991,0.037553,-0.09194,-4.109329754272103,-4.866996380034089,0.5896528228342532,7.853112962737679,-4.053948643311858,-4.250237815870344,-0.199932649731636,-0.255757987499237,-2.8344736099243164,0.2666105010206496,-0.845603157822518,-0.0407076938941534,-0.4606702774857439,-0.4260332584381103,0.0724467411637306,1.1887998580932615,0.9650304423034192,-4.364794461637735,2.3256226294487714,0.0878577679395675,-0.1032629087567329,-1.4762329748876393,-0.0722184255719184,-0.5769796210808679,0.5779521924400701
819,13.215182,-0.176167,-11.939766,0.733963,-0.67209,0.037647,-0.090418,-4.748162495338916,-5.714737828996777,0.8793199517920612,8.165136592671274,-3.204860455915332,-4.38517878575772,-0.4493029713630676,-0.2058406174182891,-2.1680150032043457,0.2379559190656491,-0.8467480544501909,-0.081238129932944,-0.4688230655110884,-0.4106141030788421,-0.0074467016384005,0.9765201210975648,1.4451011929124593,-4.941421214160322,2.1916496278107167,0.0412193275988101,0.0970596149563789,-0.2528387975751422,-0.1878360360860824,-0.5650121929766609,0.3879750160399824
820,13.219809,-0.181976,-11.899469,0.732241,-0.673905,0.032407,-0.092872,-5.787422541457414,-7.118587558588385,0.7549708108067512,8.379145838576555,-2.4951795701652766,-4.4423409349158405,-0.7742149829864502,0.2351928651332855,-1.4234899282455444,0.2106738481386765,-0.8456769369578648,-0.1064277944207926,-0.4786650434235708,-0.0258099697530269,0.233371764421463,0.6963704228401184,0.3501724510639906,-5.836985906049609,2.239570485892892,-0.1041153147816658,0.1916595995426178,1.7586469178467987,-0.0807167068123817,-0.3326583486180752,0.7238076107800007
821,13.223912,-0.198679,-11.814592,0.729455,-0.675229,0.016709,-0.108084,-6.662911829045415,-8.097116949412227,0.9217781605541704,8.51781956525147,-2.0213781090840697,-4.4194078030958766,-1.2900532484054563,0.4227770864963531,-0.2684225440025329,0.1855519517202696,-0.844596942938678,-0.1094673408685744,-0.4901462920116436,0.1043959707021713,-0.0480019561946392,0.1899302750825882,-2.607162858313322,-6.417865639841557,1.92427528694272,-0.1714446395635604,0.2758442759513855,1.5586068683221936,0.0345641635358333,-0.4718055014910176,0.5101817381691187
822,13.223406,-0.206984,-11.773266,0.729912,-0.675013,0.014366,-0.106675,-6.581752718228102,-8.096714213830232,1.9798019438534973,8.578518071842193,-1.9216728493593631,-4.3458726112857455,-0.8834134340286255,0.514305830001831,0.8856844305992126,0.1696521431133659,-0.8446027449001995,-0.0906864767492382,-0.4996402701261954,0.1218900084495544,-0.2276853322982788,-0.6908127665519714,-2.589773916617036,-6.318598040881753,2.041717425018549,-0.2340141087770462,0.1208025887608528,3.966305431172251,0.0575351491570472,0.5848004508996382,0.3288022942444309
823,13.223814,-0.210922,-11.730347,0.730491,-0.675258,0.014739,-0.100958,-6.057530106681585,-7.210120763903856,2.132470293611288,8.526849843925238,-2.3060823549374936,-4.259718176399171,-0.0393007732927799,0.0975359827280044,1.851500391960144,0.1758714223011755,-0.8446171681757122,-0.0617010275410868,-0.5018805205524769,0.5385718941688538,-0.5595291256904602,-1.6471903324127195,-2.7374364209115503,-5.298698528793454,2.166274948057532,-0.1536556482315063,-0.1180164217948913,1.5233575680255889,-0.127682015299797,0.8864160475328564,-0.1405756239066366
824,13.2234,-0.202976,-11.640081,0.733404,-0.674057,0.028564,-0.08336,-4.941471483042836,-4.65761917784363,2.576702838119864,8.262380576848983,-3.1742636575996874,-4.222267858926951,1.2700985670089722,-0.1611261069774627,2.701568126678467,0.2084510799907667,-0.8452351909034173,-0.029209961472123,-0.491195013217361,0.863057553768158,-0.7460115551948547,-2.3807859420776367,-0.7790916911065578,-4.258255702631176,1.2297545609235765,-0.085569217801094,-0.2979383170604706,-0.468772125144489,-0.2302845865488052,0.5008386672191322,0.198599294398073
825,13.221535,-0.195082,-11.595141,0.737881,-0.669115,0.03646,-0.080548,-1.671336298662424,-4.435866478204727,-0.614345950064063,7.817101153635978,-4.378834969688952,-3.9861122476652255,1.94466495513916,-0.0127670848742127,2.868505954742432,0.2652038742458867,-0.8385892290859941,0.0018101094098434,-0.4758483428151343,1.654312252998352,-0.5071571469306946,-2.6837849617004395,-1.4396587095975877,-3.0922876774415373,0.8335094369273632,-0.081281691789627,-0.4309722781181335,0.7082376281391829,-0.1624645143747329,0.5444233957931399,0.1241970465629827
826,13.220656,-0.188386,-11.550895,0.740449,-0.665712,0.035114,-0.085607,-0.2525999655842781,-4.231882951751351,-3.3803368498086925,7.260278587257861,-5.425727994903922,-3.744358670265973,0.93028461933136,-0.3908377587795257,2.548680067062378,0.3158757166615678,-0.8306247814336299,0.031170944879501,-0.4575078307795596,1.6950072050094604,-1.005387783050537,-2.6294054985046387,-3.7742660250127313,-1.5703427526928484,-0.6852133839696646,-0.0341293849050998,-0.1410735696554184,-0.2206778917479328,-0.2478509098291397,0.3443611344367265,-0.0288216806851909
827,13.22903,-0.18388,-11.465839,0.738168,-0.668924,0.01845,-0.085492,-0.5240396561950444,-3.535206509003043,-2.0987685150176287,6.58600803758502,-6.219219967284798,-3.757148885995149,-0.0677275359630584,-0.1445760428905487,2.913525104522705,0.3460804886787957,-0.828669594388,0.0697709698287341,-0.4343580754518513,1.490369200706482,-1.1944211721420288,-2.52042293548584,-3.038324324324727,-0.5943579317852854,-1.6056740321844816,-0.0089706825092434,0.0103411329910159,-1.1257459779817611,-0.3254627883434295,0.0094979880878847,0.0042732700013177
828,13.236833,-0.182129,-11.427527,0.73337,-0.675127,0.005659,-0.079624,0.6549333965182303,-2.361920269754529,-0.5592115073412657,5.796392029854655,-6.954516355806589,-3.769204649969935,-0.3819914162158966,0.6392377614974976,3.315019130706787,0.3676031147704336,-0.8224114917559524,0.1257588619925326,-0.4155621459546065,1.360673189163208,-1.1501989364624023,-2.5631017684936523,-1.807902823925018,0.6547969106569885,-2.342519988235831,-0.0115573890507221,0.1120670735836029,-1.2438732487775384,-0.3686324059963226,-0.0002441657531075,0.3277397065142169
829,13.246603,-0.177611,-11.385003,0.728332,-0.680893,-0.008968,-0.076406,1.918301473230124,-1.0473504135936498,-0.22161855186522,4.944826638689637,-7.622501541599631,-3.690057755757868,-0.2666100561618805,0.8936277627944946,3.334061622619629,0.3867729953654361,-0.8076501210756857,0.1893194924511005,-0.4028225323192636,1.1986792087554932,-0.9777056574821472,-2.569997549057007,-1.3553607162326573,1.618595765338838,-3.167524412472546,-0.0347991362214088,0.0690221264958381,-1.61039097770378,-0.1874051839113235,-0.0472778931366745,0.8664451265193521
830,13.254609,-0.172067,-11.308555,0.726726,-0.683092,-0.016715,-0.070535,3.2605855580076573,0.132637369120121,-0.4056318879574537,4.046965944817662,-8.161592051932216,-3.6305429059937593,-0.2105043232440948,0.4742814898490906,2.978097677230835,0.4051910110138824,-0.7898364031208713,0.2475169332179111,-0.3882189714732231,1.0332162380218506,-0.8652150630950928,-2.426602840423584,-1.06534725805521,2.4984786117106674,-3.978723014196753,-0.0723063796758651,0.0093478960916399,-1.759015020506829,0.0159330479800701,0.0083086652805301,0.994740593977645
831,13.256256,-0.173466,-11.268828,0.728613,-0.681441,-0.011057,-0.068112,4.415696381357312,0.7808797435671091,-0.3020946488544345,3.173024763454497,-8.522828917846082,-3.669286478146911,-0.1396742463111877,-0.1155208572745323,2.423982858657837,0.4216755547155876,-0.7756067087134845,0.2924308177830867,-0.3675705186130808,0.8032197952270508,-0.7436326742172241,-2.1777350902557373,-0.6039098962455988,3.340288917058706,-4.611519105447829,-0.0910032987594604,0.0359652377665042,-1.7691086906284093,0.1491418629884719,0.0040378566643572,0.7918817607052624
832,13.257581,-0.178058,-11.22852,0.730765,-0.678732,-0.008838,-0.072295,6.890819251921773,0.5083592719823121,-1.1836398754805326,1.6274511258371174,-8.93699716348052,-3.694846451339125,0.1687180995941162,-0.6175668239593506,1.649868369102478,0.4576635822785155,-0.7543287365629987,0.3455038349994305,-0.3196238303936367,-0.1036610975861549,0.1859270185232162,-0.8708057999610901,-1.436658943259716,4.740979305836558,-5.148161345845461,0.0208706445991992,0.0801292955875396,1.4654009074889125,0.007479541003704,0.934623978928104,-0.062751689960598
833,13.269773,-0.192884,-11.134077,0.733069,-0.674359,-0.014277,-0.087446,8.190034887084364,0.1587181513160467,-1.3798296793177722,1.021656365692988,-9.039262190690636,-3.663107204990089,0.2159788161516189,-0.4172217845916748,1.2863657474517822,0.4731693959640055,-0.745901818112251,0.3611051960671501,-0.2989051661148668,-0.4043231904506683,0.1943034082651138,0.2779391705989837,-3.9402094514071937,4.221886458393931,-5.295090275168419,0.0048333727754652,-0.0698452517390251,1.6752626783259212,-0.0180115010589361,1.0492775091987103,0.0885094735801219
834,13.278616,-0.200096,-11.087219,0.732082,-0.675752,-0.011393,-0.085354,8.512088912644982,1.6529291198343037,-1.3547063439771532,0.6002423136487602,-9.110717069095372,-3.57839595464915,0.2116293162107467,0.1958051919937133,0.9421601295471193,0.4842294019685662,-0.7361105135160187,0.3749516278660267,-0.28822634535588,-0.8748555779457092,0.7632691860198975,1.1363592147827148,-2.3083938467502594,4.576957787415385,-4.203626579082012,0.1324682384729385,0.1802834421396255,3.0012200438112018,-0.1783418357372284,0.9330132557958364,-0.3981970252489671
835,13.286049,-0.204573,-11.042786,0.731838,-0.676844,-0.008026,-0.078944,9.761505620893836,1.1942261514246464,-1.915413935095072,0.4412350797256454,-9.134745594936607,-3.5400744073003527,-0.0044224727898836,0.8373610973358154,0.2661658525466919,0.485032569094905,-0.7274660083527554,0.3889559911239128,-0.2902583080773984,-0.9677104353904724,1.239492893218994,1.867907881736756,-5.021698281446099,3.986708752253652,-3.821957750514149,0.0334301814436912,-0.1555701047182083,1.411182702828199,-0.1525390744209289,0.1216927355918567,-0.0049616997900506
836,13.311641,-0.196447,-10.933035,0.730303,-0.679903,0.000801,-0.066241,8.519162212032079,3.3946903693318364,-1.9705621140822769,0.6301293562598526,-9.134040077015756,-3.51320627411902,-0.0099183805286884,1.0705301761627195,-0.5231714248657227,0.4764723743245714,-0.7222053717466089,0.3969169641203044,-0.306350013916603,-1.1596510410308838,1.0608892440795898,2.331286191940308,-4.615639692509174,3.9266380221724506,-3.251130916441977,-0.0577033907175064,0.0247333012521266,-1.0913953800905496,0.0521078668534755,-1.1920936694405972,0.8213203288964926
837,13.321692,-0.189124,-10.886249,0.729097,-0.681916,0.000606,-0.058381,7.594083256366848,3.8720442621976137,-2.166156874635816,1.1101861514087763,-9.0719492392838,-3.5549373376503586,-0.3743151128292084,0.4097976386547088,-1.544785737991333,0.4611008948443689,-0.7269632204110067,0.390865493604007,-0.3257828768727105,-0.2455524504184723,1.6442725658416748,2.697948217391968,-2.0387831251323223,2.19035608086884,-0.183223647019267,0.0270033460110425,0.4629409909248352,0.3746230747748166,0.1387216448783874,-1.1576701524436472,0.2607242353290319
838,13.335237,-0.183086,-10.830663,0.728939,-0.682263,-0.004788,-0.056049,7.4979621387392275,0.6630757864415645,-1.8116846805512905,1.8504976646788416,-8.88207081055045,-3.7222134739533055,-0.4487585723400116,-0.4641010165214538,-2.597741842269897,0.440818014384954,-0.7470469397418749,0.3629062332920835,-0.3404400882323786,0.8052437901496887,1.8022136688232424,2.8939483165740967,-3.822257025721669,1.2504694321721792,0.1750210513412952,0.0539776273071765,0.3281468152999878,0.7422364899832755,0.013169864192605,-0.6452062216214836,-0.1223609628427773
839,13.350045,-0.179081,-10.744831,0.726627,-0.684132,-0.012602,-0.061782,6.238665256989002,-1.252963002553582,-0.8357488133519887,2.7708661045655605,-8.549797588792442,-3.923475174227357,-0.2917684018611908,-0.90678071975708,-3.27766227722168,0.4195997762483205,-0.7755676511441021,0.3139050586095284,-0.3519865063775339,0.6417925357818604,1.447600245475769,2.854361295700073,-3.9837902344584464,0.3395928971216082,0.014067688319087,0.0572662279009819,0.0216983687132596,-0.175925197106786,-0.2331257164478302,-0.4592176034009084,-0.3179508645581081
840,13.356984,-0.17626,-10.695177,0.727406,-0.682506,-0.013941,-0.06979,4.522365196484327,-1.5340297686874866,0.2658352947324514,3.805865862891078,-8.05744252614975,-4.094313971447944,-0.1326405107975006,-0.6026666760444641,-3.724292993545532,0.3958683502084386,-0.8027620834955994,0.2536236464075059,-0.3667920249502185,-0.3171965479850769,1.168940782546997,2.476102352142334,-1.823680823293328,0.4057246808074414,0.4337017981439828,0.0988286212086677,-0.0799825489521026,-1.0032325279910117,-0.4287393093109131,-0.685990578887239,0.0643604311983333
841,13.360437,-0.172225,-10.651575,0.728648,-0.680229,-0.012804,-0.078721,0.6036684887051582,-3.875485927084088,-0.1926221744835376,6.082289284884929,-6.376485581704974,-4.3030899928748605,-0.3973790407180786,-0.0306387599557638,-4.169705867767334,0.3269636797008041,-0.8394206193161965,0.1215300452430299,-0.4167712345613794,-1.475595474243164,0.7417453527450562,1.9375308752059937,0.0247305366307497,-2.9491055334314704,1.9524422277629367,0.1703219562768936,-0.1149125918745994,-1.655242219082266,-0.3050236701965332,-0.6066868866782635,0.8967301554720848
842,13.368524,-0.165224,-10.570329,0.726872,-0.682152,-0.005071,-0.079374,-2.106088482642173,-4.833977907529473,0.374023282250762,6.9732017670542,-5.2659623803615565,-4.45134958627969,-0.6195026636123657,-0.2426705658435821,-3.545854091644287,0.2852241294685595,-0.8505642309146938,0.0591283201797465,-0.4378260539770607,-1.1258803606033323,0.5673829317092896,1.768446445465088,0.2339794362664222,-4.246874184656143,2.498253570783138,0.1813769787549972,-0.0703645199537277,-1.8383315721973776,-0.1215366423130035,-0.787968167458102,1.014094917462766
843,13.373507,-0.166098,-10.528979,0.725344,-0.684238,-0.003619,-0.075376,-3.2133260864436624,-5.228759900170564,1.455400468608737,7.494157485759258,-4.248537149432301,-4.685926403917372,-0.794505774974823,-0.3438558876514435,-2.64304780960083,0.2461014964160123,-0.8595271047033204,0.0113539287234441,-0.4477926411964278,-1.0922824144363403,0.3357297778129577,1.5019453763961792,0.7520885333687066,-4.824947044333816,2.843045497852564,0.1949305087327957,0.0560472570359706,-2.0062123963952065,0.0041906191036105,-0.9815506383411584,0.829854421551153
844,13.377549,-0.170876,-10.48668,0.72352,-0.686062,-0.006458,-0.076139,-3.877220203530788,-6.438679295289516,2.0124784710526464,7.84052236123383,-3.3450758590742944,-4.84841004524678,-0.9477834105491638,0.1805891841650009,-2.1547341346740723,0.2093778584607281,-0.8641094262911568,-0.0226940783023353,-0.4571223554868686,-1.0529624223709106,0.2755364775657654,1.1838176250457764,1.3320347857028243,-5.786936219245195,3.418246601486206,0.1568164229393005,0.1737532913684845,0.6010490634543821,-0.0702400580048561,-0.50025637381915,0.1352481087409425
845,13.38493,-0.188082,-10.390031,0.720438,-0.688069,-0.01805,-0.08488,-6.452112192836403,-9.10874664580524,1.7075559052959084,8.119822702217101,-2.62942525126487,-4.829594285617769,-1.0770617723464966,0.603358268737793,-0.9399778246879578,0.1770794066113131,-0.8629373485267365,-0.0397481786110706,-0.4715952492106766,-0.3120276033878326,0.3760550320148468,0.8759480118751526,-0.8048071471214294,-6.740156396767497,3.702553372454643,0.1199021711945533,0.0888843014836311,2.055431915985793,-0.0117561193183064,-0.229450012675859,0.3623570655828341
846,13.385205,-0.195141,-10.343606,0.721668,-0.686913,-0.019034,-0.083571,-7.314041157105565,-7.419281400734186,2.7084073103040454,8.284891099342703,-2.3554960819259283,-4.688562305378913,-1.0825448036193848,0.904735803604126,0.3919709324836731,0.1570821218438215,-0.8591366604834273,-0.0305671732657393,-0.4860813700667463,-0.6375916004180908,-0.2273557931184768,0.1819754093885421,-2.565581140124798,-6.506783694222569,2.589249600481987,0.0644985064864158,0.3930133283138275,1.6755786124072969,0.0080139189958572,-0.8839994879104196,-0.2315912990208715
847,13.385636,-0.197779,-10.296777,0.722443,-0.686691,-0.016606,-0.079088,-6.303842370298504,-8.792493999999762,2.361978137421608,8.365399637296795,-2.4601038728699085,-4.487580006568134,-0.6765589714050293,0.7946798205375671,1.2411837577819824,0.1495125321632521,-0.8536880807878974,-0.0044235925833052,-0.4988417888884052,-0.991586983203888,-0.3908751308917999,-0.8463457226753235,-2.486636198225617,-6.4208800192266695,3.4162031129598613,-0.0743318423628807,0.22376349568367,3.577194177643954,-0.1650248318910598,0.275880869662296,-0.8538320209227502
848,13.384959,-0.18976,-10.202918,0.727055,-0.682885,0.000389,-0.071126,-6.05477993119061,-7.066745143148303,2.5745389380842445,8.288122336348891,-2.944609391056001,-4.336671652220189,0.1894592046737671,0.2433272302150726,1.9668805599212649,0.1608575813249343,-0.8487503320185974,0.0270480587174995,-0.5030071882034941,-0.6121549606323242,-0.9666577577590942,-1.895569920539856,-2.186510511356592,-5.970431668943166,2.993018617177009,-0.1072600856423378,0.0395331904292106,0.5936069307548925,-0.0344662629067897,0.674988269488141,0.3916382877878844
849,13.382592,-0.18111,-10.14885,0.730875,-0.678218,0.006257,-0.07618,-4.661159919190407,-6.052332538038492,1.6061930876225232,7.998378927284478,-3.8147716384023433,-4.200461100788414,1.1897777318954468,0.0841779857873916,2.6339426040649414,0.1958374069749765,-0.8430124131063412,0.0591099327523707,-0.4974775853282209,0.4270134270191192,-0.7152324318885803,-2.7484495639801025,0.0662917965531349,-4.84575251647532,1.7499129917711018,-0.0255204811692237,-0.1962552815675735,0.8169874142587185,0.1061086803674697,1.038580466356501,0.0310710031150956
850,13.381563,-0.175779,-10.102607,0.731936,-0.676243,0.003228,-0.083391,-0.1005582232922315,-4.334854665926098,-2.1453961184188723,6.777238465449214,-5.899459021097421,-3.928842546479404,0.8583055734634399,-0.5765163898468018,2.905342102050781,0.2912277665475321,-0.8267744292441757,0.1294576095085052,-0.4635419528753271,1.5165743827819824,-1.2040961980819702,-3.100104570388794,-4.01586061245799,-1.5901332025729118,-0.922875235075876,-0.0574138015508651,0.156773954629898,-0.8857352987270801,-0.2289899587631225,-0.0537162921537179,-0.45664314980302
851,13.39099,-0.17083,-10.015936,0.725724,-0.683243,-0.011061,-0.079888,0.6891583222031593,-2.360711478486657,-1.510196180896461,5.97001373579204,-6.75206836835742,-3.86508582136184,0.6198450326919556,-0.3447225689888,2.912285089492798,0.3307213013363116,-0.8178957525439052,0.1676635665563907,-0.4399532662286209,1.3652557134628296,-1.171059250831604,-3.1301138401031494,-2.6534172444880006,-0.2142494844019412,-1.346800393158197,-0.0934221968054771,0.3645587861537933,-1.1806741575427353,-0.3562905490398407,-0.1142762944560498,-0.261655871889647
852,13.398365,-0.166194,-9.974775,0.722074,-0.687674,-0.020801,-0.072678,1.838684331157804,-1.0765104571044444,-0.8542609138593077,5.109888606074452,-7.491889540827274,-3.732431501106918,0.7703876495361328,-0.1315329670906067,2.880821943283081,0.3668414377277798,-0.8045027538187525,0.2075484812645334,-0.4184810945070019,1.2918416261672974,-1.0568771362304688,-3.028179168701172,-2.385657119172812,0.7715852609992027,-2.037873316811025,-0.1539477407932281,0.2536496222019195,-1.472247704643756,-0.3058830201625824,0.1651224654003977,0.3003566643469967
853,13.403977,-0.160585,-9.93631,0.720135,-0.690432,-0.026267,-0.063396,2.931292813365161,0.7287023970842361,-1.4772197939679026,4.202380086152255,-8.160901731580495,-3.451094393599033,1.121615648269653,-0.1979248076677322,2.759784698486328,0.4060991884431863,-0.7852175925625182,0.243701009573565,-0.3989066650794525,1.2762123346328735,-0.9978483319282532,-2.73592209815979,-1.677016682386398,2.0461422557234763,-3.006422873151302,-0.2110722362995147,0.0889244154095649,-1.514152517306805,-0.1117415428161621,0.3278260696234181,0.8754608652111142
854,13.411877,-0.158406,-9.851273,0.720884,-0.690822,-0.019013,-0.052242,4.256027212926745,1.868017977669835,-2.6841607577979563,3.296033011224866,-8.672339680355787,-3.177592802022397,0.8232659697532654,-0.7215187549591064,2.260392189025879,0.443559307772969,-0.7671409831744561,0.2711214674258856,-0.3758231809419489,1.2579529285430908,-0.8605690002441406,-2.310779094696045,-0.9433493563711642,3.129089467877149,-3.868005215939879,-0.2234466075897216,0.0300568360835313,-1.9324413500025868,0.151549756526947,0.2743187531784176,1.0967824068911374
855,13.411979,-0.162543,-9.80981,0.722939,-0.688403,-0.015113,-0.05685,5.191993473309278,2.284205161911249,-2.240790090815723,2.475437343341112,-8.9933567640841,-3.0269015975564715,0.6217136383056641,-0.7564873099327087,1.8745059967041016,0.473358429369182,-0.7552353136118275,0.2897389424874412,-0.3487158762588834,0.9331309199333192,-0.7480629682540894,-1.7942214012145996,-0.4712924008697271,4.259297612899542,-4.560927566851675,-0.2128406912088394,0.052496425807476,-1.559390273784846,0.2956913411617279,0.3792100372388958,0.9702174164872616
856,13.414907,-0.170034,-9.757857,0.725184,-0.68513,-0.014817,-0.066974,6.561550472676753,1.9358862297594543,-2.7395696335479616,1.7808952822729944,-9.206327899113298,-2.870942097298801,0.4694748222827911,-0.4013329446315765,1.5648094415664673,0.4967668233432407,-0.7433306146425684,0.3063280980564151,-0.3268720821314447,0.5278510451316833,-0.4385720491409302,-1.2947895526885986,-0.5344833087980747,4.627306164905429,-4.808410920074582,-0.155335322022438,0.140466421842575,0.1546713966758921,0.2383324354887008,0.7028195486132055,0.3586390679730102
857,13.421884,-0.186124,-9.664241,0.726482,-0.682807,-0.010238,-0.07677,8.01877874123454,1.0068559061199427,-3.4330244839012622,1.239150019647926,-9.330597252860665,-2.752245575247705,0.3409365713596344,-0.2978545129299164,1.1382780075073242,0.5131364617089179,-0.7332349683472655,0.3204558497361118,-0.3104279759251799,0.0772823244333267,-0.0379206128418445,-0.4184088706970215,-2.8590555524110792,4.142757392099499,-5.203156672358513,-0.0984338149428367,-0.030661204829812,1.875330638770759,0.2043101787567138,1.228928193102032,0.3053502348505891
858,13.429083,-0.190572,-9.612635,0.726075,-0.683784,-0.004845,-0.072327,8.352907235470413,2.2707985678493974,-3.211285228265821,0.8961929798554629,-9.40656756286323,-2.6236834927424786,0.3473370671272278,0.1039706021547317,0.6365476846694946,0.5245646774873796,-0.7246018818377405,0.3297313102277683,-0.301763668899179,-0.9359146356582642,-0.2107950896024704,0.2755172252655029,-3.942431219109893,4.804453122359514,-5.783466497308016,-0.0143075641244649,-0.0558807663619518,1.803351590361446,0.1785454452037811,0.9244071938835084,0.0915467041178606
859,13.436729,-0.190928,-9.562747,0.72584,-0.684591,0.001056,-0.067013,9.161087658417223,1.3891075030118225,-4.149335016924143,0.7896637923948466,-9.429435228231547,-2.575379188300669,-0.2102643400430679,0.343840092420578,0.0059267794713377,0.526499153236023,-0.7195750689658106,0.3369265801152762,-0.3024746345772642,-1.659923791885376,0.8417098522186279,0.8685855269432068,-2.6352731005102394,4.918452426505088,-4.652789857991039,-0.039839744567871,-0.2384803295135498,3.271811008638144,0.1353311538696289,0.6133441526103764,-0.2815039519747719
860,13.456395,-0.181981,-9.457664,0.721632,-0.690104,0.008387,-0.054157,8.295058273091911,2.4385826536744832,-2.937244122985005,0.9917510567728428,-9.369649744832516,-2.7196570185929536,-0.5776360630989075,0.7105676531791687,-0.7499796152114868,0.5145225637849625,-0.7237398359865805,0.3389167575304153,-0.3108099621728249,-1.753734111785889,0.7265647649765015,1.5653643608093262,-5.17050527960062,4.349864019009471,-4.093760429218412,-0.073845624923706,0.1024761423468589,-0.0905571085586212,0.102750226855278,-0.8203143667243421,-0.1626862329631112
861,13.464458,-0.17657,-9.407384,0.722151,-0.689576,0.006176,-0.054268,7.487263050070404,2.0393378364056347,-2.3603566736996173,1.470492969930917,-9.223588245993852,-2.988887800982594,-1.1098694801330566,0.7506048083305359,-1.4099681377410889,0.4904718449458383,-0.734115630895998,0.3368458301474493,-0.3271796190756933,-0.6408241391181946,1.5018709897994995,2.2141993045806885,-1.9761048429012296,3.0984511685073373,-1.1127098977327343,-0.0410743616521358,0.3042035698890686,1.012967082476616,0.1268927007913589,-1.1008927648194131,-0.2889990569705143
862,13.470471,-0.173221,-9.363419,0.72311,-0.68838,0.004218,-0.056807,7.198261983805894,-0.1239396834015846,-1.6507772024974223,2.2271111095532774,-8.922101207643747,-3.4068238747179507,-1.322697639465332,0.4298083782196045,-2.324312448501587,0.4548820840444635,-0.7543973041775485,0.3233950852885447,-0.3455177977179456,0.3194904327392578,1.4263317584991455,2.819814920425415,-4.719978018862009,1.883942107510567,-1.6604659450799226,0.0333935096859931,0.3081015348434448,0.463588767689839,-0.1685609966516494,-0.8429423050526529,-0.3959463967779651
863,13.482737,-0.170877,-9.268028,0.723043,-0.68825,0.00541,-0.059095,4.094913106384873,-2.337791790670156,1.1359884819895028,4.241097647081316,-7.796264117312431,-4.171536035077273,-0.6588298678398132,-0.627795398235321,-3.8005211353302,0.3793033253820513,-0.809815049478401,0.2385135916345709,-0.3787343879514911,-0.5715857148170471,1.020467758178711,2.712119102478028,-2.029822404563427,0.6011094518721103,-0.0785357765763998,0.243674099445343,-0.2012806236743927,-0.9482439234796912,-0.6330270767211914,-0.2930735764004289,0.2201820710550062
864,13.485253,-0.166218,-9.227696,0.724906,-0.68567,0.007276,-0.065691,1.9014613975882528,-3.142488463154435,1.4042296688199043,5.325885226404667,-6.952513199290633,-4.412244195076823,-0.3379989266395569,-0.4135252833366394,-4.117936134338379,0.3430226594371613,-0.8337648988914083,0.1726208018708749,-0.3967034561904359,-1.7346011400222778,0.9285915493965148,2.169773578643799,-0.2788216175556183,-0.5031389069855213,1.4676111308842896,0.269338458776474,-0.2865819931030273,-1.565921136858314,-0.5048196911811829,-0.4543205886069685,0.8877216502387076
865,13.491744,-0.161585,-9.177007,0.725169,-0.684916,0.00946,-0.070219,-2.0371540626257656,-5.485284930244088,1.0342425102174282,7.129471356174349,-4.814271336540579,-4.707845974780619,-0.7093982100486755,-0.0450459122657775,-3.458590030670166,0.262822038808347,-0.8590722734716153,0.0450352697623797,-0.4369110009579947,-1.0034241676330566,0.6990895867347717,1.797093629837036,0.297763049390912,-3.029658787310124,1.8746213214576244,0.1706126630306244,-0.255859375,-1.8733036629877984,0.0035652890801429,-0.6396916959837079,0.915056889475137
866,13.503215,-0.160846,-9.092325,0.722639,-0.687765,0.014465,-0.067556,-3.358993033006787,-5.643314514774084,2.017353675873577,7.652394575560092,-3.757368373964727,-4.8470004707098,-0.8202691674232483,0.0929860845208168,-2.694087028503418,0.222002613873355,-0.8643655147763664,-0.000706834780842,-0.4512056546793408,-0.6525135636329651,0.547644853591919,1.70474112033844,0.4699140982538461,-4.260222326529026,2.687525265794992,0.1074850708246231,-0.1774529963731765,-1.68804514914006,0.0680416449904441,-0.8326613687306642,0.7200139175854623
867,13.509158,-0.168156,-9.043691,0.721136,-0.689114,0.009239,-0.070704,-4.002821682664751,-5.682890153837204,2.317933536250889,7.949213622099161,-3.056244888679683,-4.862071490852535,-0.8102197647094727,0.4698759019374847,-2.3341121673583984,0.1945621310184598,-0.864398223992776,-0.0266900812778092,-0.4628702394921725,-0.8073945045471191,0.508912205696106,1.6273927688598633,0.8071288680672645,-4.701820430880785,2.989354833972454,0.0347875729203224,0.0056953411549329,0.2884441265014931,0.1071241721510887,-0.642934258101508,0.5376506137225776
868,13.51342,-0.177692,-8.996041,0.718501,-0.690903,-0.001546,-0.080036,-5.3467853910923,-8.147627239465713,1.4686527488917112,8.293447915285824,-2.2254007985040545,-4.736738015004992,-0.8963159322738647,0.7900570034980774,-1.6997404098510742,0.1610788976645393,-0.8595468176495772,-0.0518236431577137,-0.4822314082584434,-0.4181164801120758,0.4114643633365631,1.643895149230957,-1.399567522227764,-6.568240910226106,3.553150746494532,-0.0422714725136756,-0.0518228188157081,1.6628165998592972,0.1569997370243072,-0.3778774369282647,0.0676338770781643
869,13.518152,-0.199046,-8.90021,0.715658,-0.69255,-0.016,-0.089174,-7.517268312233686,-8.267041554397345,1.566610726557672,8.522531980726122,-1.6694934472747147,-4.555171487542987,-0.9660583734512328,0.6860262751579285,-0.5275824666023254,0.1347450668927851,-0.8536200083657395,-0.0598497628223949,-0.4995943718825751,-0.6094214916229248,-0.1873573511838913,1.0322978496551514,-2.525107090917229,-7.268214640954136,3.1485318349719047,-0.0589369125664234,0.1174115315079689,1.1371049187988045,0.1989950686693191,-0.7495190482068806,0.104328754806891
870,13.519046,-0.204858,-8.851831,0.716989,-0.691777,-0.014253,-0.084667,-8.173699253833293,-8.06587133179903,1.8844453808575867,8.618722656458615,-1.5770749835573137,-4.404642487901449,-0.5442876219749451,0.4648320376873016,0.917251467704773,0.1230142353870186,-0.8499030312922619,-0.0473191335742227,-0.5101895384037086,-0.6499854326248169,-0.1993994265794754,-0.2213454842567443,-1.420194715192914,-7.558385335519909,3.4811703829109666,-0.0845813453197479,0.017422454431653,4.781868365585804,-0.1546432077884674,0.6837455764394254,-1.039005413770303
871,13.51932,-0.20511,-8.803741,0.718032,-0.691839,-0.006734,-0.075781,-6.659959993502497,-8.11686034528017,1.3021370755672457,8.564248138949274,-2.112814868287742,-4.284864015832543,0.1363151967525482,0.2957034111022949,2.3215272426605225,0.137261568509653,-0.8474583911410242,-0.0167791337932233,-0.5125348975127633,0.0317926071584224,-0.8659454584121704,-1.5437231063842771,-2.400177811956405,-6.994453229397535,3.270989170861244,-0.1083954945206642,0.0796629339456558,0.664226563911885,-0.1378621608018875,0.5489491295892744,0.3243172943174839
872,13.518709,-0.195368,-8.698322,0.728803,-0.680989,0.012678,-0.070279,-4.546248760896921,-5.862430728429556,1.1350766278415918,8.323103048837185,-3.1222602063789964,-4.140997688950598,0.5630158185958862,0.3465179800987243,3.1902284622192383,0.1720534810502861,-0.8428265571555329,0.0278480940878135,-0.5091812855865503,0.9132390022277832,-0.730078399181366,-2.62540054321289,0.6844681185603141,-5.694481222909689,2.3217267910540103,-0.0660941749811172,-0.1170893162488937,0.7058329050850123,-0.0239103510975837,0.9940478624731302,0.0795858610180672
873,13.518239,-0.189527,-8.648681,0.731259,-0.677173,0.007914,-0.081443,-1.567000310397148,-5.833499817499518,-0.7901981915324926,7.876618341487646,-4.324199416399002,-3.928174437959492,0.8656744360923767,0.2534086108207702,3.418954610824585,0.2177004877121252,-0.8332029754955625,0.0778072364890213,-0.5023199037512023,2.1395652294158936,-0.6207505464553833,-2.977621793746948,-2.9632465792477127,-4.632008351247013,1.512061097985506,-0.0986780375242233,-0.1063884571194648,-0.4085978250909596,-0.0741501674056053,0.4083892238415777,-0.4629861986868083
874,13.521754,-0.186866,-8.594967,0.728604,-0.679115,-0.000572,-0.089098,0.5607464618235826,-5.056983529838919,-2.3111849387735126,7.216369887426495,-5.461792410975694,-3.7766722093716254,1.0425944328308103,-0.5640416145324707,3.120078563690185,0.2660129694730073,-0.8231633233299464,0.1223062992294162,-0.4864982549445109,2.0555875301361084,-1.3327157497406006,-3.0729572772979736,-4.995967627862096,-2.276785241043568,-0.6566255873888731,-0.0109843546524643,-0.002018311060965,-0.1090198078331071,-0.2986193597316742,0.4408872526686638,-0.6182796362511813
875,13.533233,-0.181881,-8.510527,0.721437,-0.688057,-0.013174,-0.077022,1.3470587518334387,-1.0990957984000445,-1.573827818329632,5.460106065323949,-7.275673140266537,-3.663638535387814,1.3008196353912354,-1.0681310892105105,2.7116239070892334,0.3644817851500789,-0.8091613611378815,0.1790292310219936,-0.4246876355703048,1.1190017461776731,-1.6391849517822266,-3.249530553817749,-3.184465902662277,0.4116898728221654,-2.112047098785639,-0.0815181657671928,0.330027163028717,-1.638346467730403,-0.2551936507225036,-0.1045546999167185,0.4757033126471564
876,13.541265,-0.178289,-8.462855,0.716991,-0.693517,-0.022864,-0.066599,2.18703658105731,0.3437871339410543,-1.614915907782316,4.515530966550111,-7.998348532146215,-3.4361016993895173,1.176230788230896,-0.5140833854675293,2.720109462738037,0.4102049646691579,-0.7954628897689395,0.2059884151184747,-0.3956507321397405,0.6082881093025208,-1.3985579013824463,-3.241049766540528,-1.950084850981832,1.710937948949635,-2.907678421282768,-0.2014893293380737,0.3641984760761261,-1.8503936197824773,-0.1100455746054649,0.0536723205812508,0.7948813809126615
877,13.547049,-0.175326,-8.418839,0.714409,-0.696253,-0.033026,-0.061327,4.745273788160086,1.7423457713872192,-2.2727155073866245,2.738551396416128,-8.882902000677586,-3.1248616210490465,0.0512461401522159,-0.2851376533508301,2.225447416305542,0.469051235223938,-0.7659375934256445,0.2695611456458104,-0.3473719655091912,0.6875549554824829,-0.953195333480835,-2.53734827041626,-0.4445306506723165,3.3824452202647923,-4.163407381418347,-0.3394093811511993,0.1345140486955642,-1.369539902102202,0.1414917558431625,0.4793409384971484,1.2475633354671298
878,13.55264,-0.175418,-8.330587,0.716698,-0.694133,-0.035567,-0.057081,5.863799094173312,1.909248982724548,-1.6310221161916851,1.961649324308336,-9.066716014805436,-3.1807243780463934,-0.1933291852474212,-0.1086848750710487,1.950061559677124,0.4828374884903829,-0.7564943891749866,0.2998133709303046,-0.3235680561392769,0.6794752478599548,-0.6754214763641357,-1.926408052444458,-1.2084966688394545,4.19533104442358,-4.800861819869279,-0.1781995445489883,0.1979300826787948,-0.5286909160669893,0.1118709444999694,0.4947837510943412,0.8459697631150483
879,13.553777,-0.178504,-8.285991,0.720201,-0.690547,-0.031691,-0.058748,7.270442253875732,1.379270584130287,-1.6703274138808248,1.316960550689697,-9.154290837883948,-3.261129163365066,-0.2300916612148285,0.1381876915693283,1.5850036144256592,0.4904450163187246,-0.74733705333089,0.3282661197994191,-0.3052742845834453,0.2930386066436767,-0.2427912652492523,-1.0297138690948486,-2.113553411695361,4.579850001725554,-5.187451738226414,-0.0742499977350235,0.0483181662857532,1.8530453033350407,0.0220772735774517,1.1517414199817926,0.3365672656901181
880,13.554635,-0.183423,-8.24231,0.723669,-0.686697,-0.027838,-0.063055,8.373641980463265,1.2095341951936482,-1.846150721515715,0.863637156426534,-9.192102389883994,-3.3060221980586646,-0.0305529590696096,0.2587854564189911,1.03521728515625,0.4947693368766315,-0.7387260231151742,0.3504912146032067,-0.2943520872425937,-0.5848724842071533,-0.1618333905935287,0.0070512751117348,-4.263966773754358,5.03935668773353,-6.10515227407813,0.0539336986839771,-0.2119328677654266,1.8443702678397296,0.0717391222715377,1.1960017827950418,0.3781136568369344
881,13.562232,-0.193779,-8.138774,0.724707,-0.685384,-0.016778,-0.069038,8.318789277291298,2.4786539673000574,-1.7979276656165717,0.6283424728430808,-9.219828601199389,-3.281820653738081,0.0331570170819759,0.4667479991912842,0.5055743455886841,0.4972534709086629,-0.7307818276875148,0.3650810938561286,-0.2922546561639427,-1.6918507814407349,0.1642826050519943,0.6654790043830872,-2.775904975515604,5.913890866553783,-5.47360501384437,0.2351281642913818,-0.1961219161748886,4.298950701113045,-0.0432451069355011,1.095141288620606,-0.569263932137005
882,13.566001,-0.198561,-8.090753,0.724728,-0.685412,-0.012156,-0.069519,9.446692652502657,0.9693798696845768,-2.581240773810446,0.6412761156309396,-9.211869751149417,-3.301612564922869,-0.159639298915863,0.5321527719497681,-0.2460809648036956,0.4931067257938972,-0.7276233399223492,0.3726924654265158,-0.2975071471865587,-2.2614905834198,0.8719845414161682,1.4772582054138184,-5.382080576357245,5.562275230944156,-5.028660521674156,0.1308097243309021,0.0016224764985963,1.7615164819337426,0.191891074180603,-0.058754085391527,-0.245103253153339
883,13.571106,-0.199683,-8.041268,0.725211,-0.684931,-0.007373,-0.069893,8.63387638644874,1.7181489032417534,-2.5281544957891104,0.9388904772661626,-9.1699531019181,-3.346768342205882,-0.2497596591711044,0.5453517436981201,-0.9635599255561828,0.4826247415144716,-0.7302314450271168,0.3706747029141918,-0.3105410989327264,-3.4643049240112305,1.02531635761261,2.128501892089844,-5.177339509534836,5.103884981745481,-3.306341931532323,-0.1470003575086593,0.2220314294099807,-0.9749946408264338,0.5357195734977722,-1.3637849918372928,-0.154709116604086
884,13.584825,-0.188404,-7.938682,0.720981,-0.68967,-0.000169,-0.067385,7.7749688158273695,2.508751583921909,-1.8577987814724444,1.5031610215626656,-9.03983502214253,-3.4917455529391765,-0.6652833223342896,0.2988711297512054,-1.8858689069747925,0.4639892692458448,-0.7419521931213945,0.3571224086244993,-0.3266259629870347,-2.817369222640991,1.3094571828842163,2.639211654663086,-3.6628444624006735,3.2412820148617025,0.1347417209882289,-0.3319606184959411,0.6516738533973694,0.050953129317006,0.2343610674142837,-1.4080617943286895,-1.003709790113941
885,13.590844,-0.183478,-7.890155,0.721438,-0.689128,-0.00189,-0.068022,7.175518821600079,-0.073231240427494,-1.436060977366567,2.37450312634334,-8.737581675595045,-3.766539814674854,-0.8673721551895142,-0.0758339390158653,-2.885154485702514,0.4349971312109168,-0.7647268928722355,0.3274643067314546,-0.3445831511485951,-2.389129400253296,0.3894635140895843,3.200967073440552,-5.534317548960447,2.193907635870576,-1.3532979384839534,-0.3409134149551391,0.442062646150589,0.50927832305599,-0.1022752299904823,-0.7093056957621127,-0.4824136239407584
886,13.595358,-0.180601,-7.847136,0.721997,-0.688358,-0.002323,-0.06985,5.937340715724229,-2.3532798671811817,-0.3106751379340887,3.443291026371717,-8.228344451734424,-4.075353250390291,-0.7150977849960327,-0.4827322959899902,-3.659641981124878,0.4009725527257486,-0.7934805829045243,0.2795957056291882,-0.3625409309588667,-1.6431058645248413,-0.3706842362880707,3.328646183013916,-4.588742917755246,-0.9137199417829514,0.0584709667343646,-0.1565433740615844,-0.0524795725941658,-0.0498251390672288,-0.3300721645355224,-0.0276825548367574,0.1780298595021478
887,13.6011,-0.173901,-7.769838,0.725776,-0.684128,0.004097,-0.072117,1.506201266041398,-4.9109085869967934,0.963372738224268,5.8469905827134845,-6.477410884743929,-4.475067730997503,-0.296600729227066,0.1486675888299942,-4.577502250671387,0.3231274649278757,-0.8413015170361967,0.142747037420706,-0.4091743820982932,-1.310704231262207,-0.4868552088737488,2.9900643825531006,-1.5962871951580049,-3.576892272087932,1.867223612421751,0.3448421061038971,-0.3747889101505279,-1.3566627387419343,-0.395812064409256,-0.3278033098023384,0.918048837832734
888,13.605402,-0.167314,-7.725018,0.728029,-0.681338,0.010913,-0.075054,-1.368218444240093,-6.117410867148638,0.6427092902392149,6.936233095619082,-5.309215246632695,-4.457719121311604,-0.2396571040153503,0.3527108132839203,-4.094311714172363,0.2809531157441306,-0.8497102182160507,0.0726151675914683,-0.4402100028364961,-0.5892744064331055,-0.491641491651535,2.642504930496216,-0.6961626480072737,-4.693050848969817,1.0322761785805226,0.4624368250370025,-0.3264367580413818,-1.6576431427441536,-0.1586697101593017,-0.281563609740138,1.1083755217902362
889,13.609745,-0.161671,-7.686391,0.728149,-0.681453,0.015798,-0.071916,-3.989703257894516,-5.655872967574,0.9045780194282532,7.666448819875717,-4.204496932175755,-4.44051488853246,-0.3344994485378265,0.0821621268987655,-3.113224744796753,0.243508045704721,-0.852164067417668,0.0148206748825723,-0.462926194623067,-0.1061777845025062,-0.3615200221538543,2.273643970489502,0.4419067319095134,-5.7141404476255175,0.5641057091236115,0.4368684291839599,-0.3494798243045807,-1.5497615908265112,0.0371346808969974,-0.3918447701454162,0.8421994507960975
890,13.619211,-0.157819,-7.60419,0.725577,-0.685212,0.022716,-0.059222,-4.230125878950953,-6.103309276559949,1.5088769149914385,8.074614025703072,-3.2699899306908247,-4.5031253662243484,-0.5303583741188049,0.033681858330965,-2.40118670463562,0.2105319740580376,-0.8537250360957884,-0.0273688529762751,-0.4754794817869289,0.0744481906294822,-0.1936151832342147,1.818263411521912,1.0834504855006932,-6.238391116222739,0.943816389361024,0.2863353490829468,-0.2868647575378418,-1.0721498507421463,0.1648067086935043,-0.5694211319927126,0.36508660014458
891,13.622546,-0.161175,-7.561243,0.725809,-0.685035,0.019236,-0.059664,-6.20787732001543,-6.546399665296077,2.265513320922852,8.347395778572558,-2.503832247698307,-4.496909560449422,-0.5737639665603638,0.4320266544818878,-1.600303292274475,0.1816276452050569,-0.8521651917135076,-0.0556153354499229,-0.4875785256942991,0.2255969643592834,0.0300685036927461,1.4436482191085815,1.1864052485406398,-7.244266779133677,1.0427426275372504,0.0962058305740356,-0.1289823502302169,0.4883000881634652,0.249385580420494,-0.5614403989044949,0.0797546599800232
892,13.625249,-0.16726,-7.516356,0.725093,-0.685606,0.009875,-0.063932,-7.036151267442107,-7.81597887160778,1.6544681659698486,8.551531280717253,-2.045139070030302,-4.342707425253093,-0.5390028357505798,0.6399812698364258,-0.5772891640663147,0.1623299846806117,-0.846788162209321,-0.0660776910360491,-0.502227556348497,0.6351061463356018,0.0264594927430152,1.0822921991348269,-0.7395306650906801,-8.653499370807408,1.2639245415508746,-0.110631376504898,-0.1763599067926406,1.4342859305180609,0.4527886509895324,-0.5163988956509158,0.4169372719563544
893,13.630375,-0.181922,-7.413478,0.724638,-0.686472,0.002728,-0.060404,-7.533483533975482,-7.508715587943792,1.508905556564033,8.666238440871238,-1.886729984663427,-4.184125467537343,-0.5385615825653076,0.4779033958911896,0.1548195928335189,0.1521148409506635,-0.8422959592309931,-0.0621976385482086,-0.5133516223832963,0.0406129956245422,-0.2982635796070099,0.2504716515541076,-0.7202005261987448,-8.350071135261654,0.6373503935545682,-0.0832907557487487,0.4373947978019714,1.4044360050469635,0.5222758054733276,-0.6595952508494257,-0.3462513320975005
894,13.631825,-0.184903,-7.369337,0.726491,-0.68518,0.006422,-0.051949,-7.554919705235958,-9.071571638143062,1.0037392354041337,8.662086581888794,-2.032885153134912,-4.123832034616172,-0.3687049746513366,0.0858981907367706,1.225602149963379,0.1512666939269142,-0.8415234242364548,-0.0457738940816326,-0.5165862786309623,-0.3871175646781921,-0.2973408997058868,-1.0435473918914795,-1.642124232703447,-8.512066116291283,1.4958026216238736,-0.1814448535442352,0.017595537006855,1.652001045203954,0.420817881822586,0.3678755367433652,-0.8549200353551656
895,13.632622,-0.184537,-7.323142,0.72722,-0.685106,0.01259,-0.04027,-6.667076547509431,-7.803843028134107,1.7607114491611715,8.458838383972644,-2.678271699759364,-4.176760199466347,0.1558945775032043,-0.2142717540264129,2.638598918914795,0.168722119952202,-0.844287313471863,-0.0115949467895515,-0.5085051012057966,0.1787210702896118,-0.5630890130996704,-1.929123878479004,-1.1998995208859442,-8.125909913176297,1.4611176772117611,-0.198558822274208,-0.1182596459984779,0.0845752576700411,0.3184710144996643,0.8577215026419609,-0.251487437765114
896,13.629627,-0.176986,-7.226632,0.737076,-0.674563,0.026717,-0.031141,-3.541410039818287,-6.378236224764585,0.8268193647041916,8.006894826695323,-3.794277131906152,-4.202793343128263,0.8940266966819763,-0.365675151348114,3.483781099319458,0.2087876333693391,-0.8444338362585796,0.0348471455641403,-0.4920618642616817,1.4523820877075195,0.0676395818591117,-3.0887699127197266,0.4143786735147237,-7.026207965576648,0.9679472065329552,-0.1450137048959732,-0.1915919184684753,1.1463353231545537,0.0356270857155323,1.2291028190165758,-0.8316148553524166
897,13.630233,-0.175143,-7.174332,0.739211,-0.672079,0.021994,-0.037325,-0.1670347287625074,-5.573414464595913,-1.422734755064547,7.316718267360329,-5.065369665390253,-4.120439469568431,1.3169001340866089,-0.4546888768672943,3.4782867431640625,0.2624249275315186,-0.8387482158856582,0.0811503475710685,-0.4701585842573963,3.10807466506958,0.0749484673142433,-3.529008626937866,-4.32681281376779,-5.774784009158611,0.0360696767687797,-0.0297328773885965,0.0947269052267074,-0.5558594204343855,-0.3035145401954651,0.4056012370908632,-0.7689147266156972
898,13.633116,-0.173997,-7.128388,0.738059,-0.673295,0.010859,-0.042718,1.916216483649612,-2.3391753539830447,-3.095431236164272,5.55159952315092,-7.07437841450572,-3.911948987084627,0.8991004228591919,-0.846014678478241,2.8869333267211914,0.3620412696664322,-0.822203284120513,0.1530870887361779,-0.4116702503991919,2.6536121368408203,-1.1673847436904907,-3.7787232398986816,-6.697686205306649,-0.5749924293190241,-2.113430662098527,-0.058428943157196,0.5059877038002014,-0.8852758645217865,-0.5083906650543213,-0.1176981677966658,0.0641593191356631
899,13.642957,-0.173816,-7.045861,0.730012,-0.681999,-0.014661,-0.041771,2.7097043643772603,-0.4767021509587764,-2.3441320996075867,4.627176401045918,-7.751269960331916,-3.831112240089476,0.4039711952209472,-0.1736782044172287,2.7977166175842285,0.3970532904927834,-0.811952452440129,0.189909386565917,-0.3834269900151234,1.8586201667785645,-1.2333433628082275,-3.83156681060791,-4.737186927816271,1.4239359475478528,-3.064813687321544,-0.127152532339096,0.3230822682380676,-0.7120519987955689,-0.3298848569393158,0.2847380202588625,0.6981110055960714
900,13.649612,-0.170992,-7.005338,0.723171,-0.689014,-0.029006,-0.03798,3.426591235983372,0.7353226920068263,-1.753987693864107,3.7742695321440696,-8.228874613088369,-3.769735103584826,-0.1607778072357177,0.4521735310554504,2.682279109954834,0.4185642356307933,-0.7982041685556157,0.2346765829597861,-0.3641441994166837,1.5754574537277222,-1.1142120361328125,-3.520277261734009,-3.5454835728675125,2.696958864572644,-3.458232282654941,-0.1508838236331939,0.110081635415554,-1.1967287818953394,-0.023872572928667,0.3119597343845293,1.3008113799214365
901,13.654355,-0.168049,-6.965548,0.718598,-0.693705,-0.036104,-0.032971,4.389931240981817,1.186328676173091,-1.0217705666571857,3.0045611709326505,-8.525604812300205,-3.802246795611084,-0.4116970896720886,0.5475184321403503,2.384375810623169,0.4288457263051964,-0.7838594363618288,0.2818244463811249,-0.3496152241883191,1.7267390489578247,-1.0043492317199707,-2.896993637084961,-2.567477329134941,4.088278198415041,-4.307108580866456,-0.142541617155075,0.022644780576229,-1.1896400657434016,0.2204290479421615,0.3146824008140713,1.2949759517662227
902,13.65575,-0.169389,-6.887063,0.720168,-0.692809,-0.02721,-0.025152,5.732792541125416,1.6266630441993477,-0.6382426662191748,2.3413531364135443,-8.693747210043668,-3.886797594693303,-0.2267305999994278,0.1566839963197708,1.7972817420959473,0.4353182318607304,-0.7718528997236217,0.3200228630622906,-0.3351513947375796,1.3033260107040403,-0.91847562789917,-2.159266948699951,-2.222650915274024,4.93318237812519,-5.086452200907469,-0.1249924376606941,-0.0385500267148017,-1.50079400017038,0.3527320027351379,0.4232761926542967,1.1562617469504477
903,13.656835,-0.17388,-6.843315,0.723996,-0.688691,-0.02305,-0.031666,5.760110171639919,2.3259639902323483,-0.436025272655487,1.7730961528293787,-8.826969685575365,-3.887304082910717,0.2504318058490753,-0.3303998112678528,1.443289279937744,0.4465104600700994,-0.7617075528181921,0.3435097516552362,-0.3200486074542193,0.5348213911056519,-0.8879331350326538,-1.384095311164856,-1.7613287042766808,5.868105851456523,-5.573133309566974,-0.062639981508255,0.0005808711284771,0.1754620913733728,0.2124270945787429,0.6735990801520645,0.2130913456090725
904,13.656479,-0.179962,-6.798175,0.728505,-0.683327,-0.021671,-0.0433,6.935289092767238,1.952937902325392,-1.118195927928388,1.222056042310223,-8.970046031123399,-3.770316410604119,0.570475161075592,-0.7230967879295349,1.1948155164718628,0.4648384125450041,-0.7520571534052083,0.3558689013508554,-0.3028081749540918,-0.3590555787086487,-0.3505036532878876,-0.5475811958312988,-2.5031109476864337,6.170437523937225,-6.038148529863357,-0.0610224455595016,-0.1729247421026229,1.4379770401209593,0.1592361181974411,1.0216412411890925,0.3531772589031606
905,13.65922,-0.192326,-6.707185,0.731106,-0.680022,-0.011945,-0.053946,8.260212585160136,2.1404455102741715,-1.7266265164688228,0.7446791338950395,-9.108172060787677,-3.55767582270354,0.6913225650787354,-0.5275492072105408,0.8721112608909607,0.4858977265938043,-0.7424495386814701,0.3607764748063652,-0.287249875803088,-1.5421710014343262,-0.4936188459396362,0.1898589134216308,-3.741337568879128,6.526175792434811,-6.136226626777648,-0.0588862672448158,-0.4773115217685699,0.7864502371758222,0.2776028215885162,0.837534089333564,0.4817026991924271
906,13.663493,-0.195872,-6.661136,0.730761,-0.680612,-0.00527,-0.05223,8.834743826708197,2.626865922170877,-2.349967381632328,0.4767554520485922,-9.18862448464036,-3.392974797585606,0.1206936165690422,0.1824988722801208,0.4272186160087585,0.4976753631444699,-0.733936260503217,0.3665121174136342,-0.2816481842291757,-1.4707887172698977,0.6749759912490845,0.9359113574028016,-2.2577952938914296,5.72724776647985,-4.631377944388985,0.0280315484851598,-0.7949663400650024,5.341607111671567,0.0506109707057476,2.0360750352174044,-0.4510656419316306
907,13.668968,-0.196495,-6.614291,0.731312,-0.680346,0.002204,-0.048032,9.45913946162164,1.5193243669867516,-1.9137793196305632,0.5592474919700995,-9.166702575689554,-3.439356317271292,-0.2614834904670715,0.8101994395256042,-0.4683902859687805,0.4913939127300293,-0.732767988742931,0.3720341951785523,-0.2883982765641076,-1.230666160583496,0.9320952892303468,1.7921234369277954,-5.084414557600021,5.399404051601887,-4.606687447507679,0.0342182964086532,-0.4015259146690368,1.5891292862273751,0.3075436949729919,0.2790424754983745,0.3789227447301149
908,13.685442,-0.190855,-6.514048,0.727892,-0.684498,0.017236,-0.036577,7.834822688287496,2.249693235978484,-1.2683677846953272,0.981674849242717,-9.113568951395154,-3.4856183022305367,-0.1859364956617355,0.7071129679679871,-1.2062628269195557,0.4771594699549925,-0.7357287079909812,0.369351240779723,-0.30757387571079,-1.0597625970840454,1.3035625219345093,2.5769805908203125,-3.9041859518676993,4.293231446683406,-2.4360814845085144,0.0162131022661924,0.1057039648294448,-0.6473967904683202,0.7614259123802185,-1.1034701410267502,0.8990878245141357
909,13.690747,-0.188359,-6.466148,0.728059,-0.684082,0.014648,-0.041806,7.952339645165204,0.7751485064387321,-1.4484873282194135,1.6473614027045669,-8.985015636718273,-3.5673654420688745,-0.3262933790683746,-0.2109444141387939,-2.369997978210449,0.4602721576815566,-0.748893977792308,0.3479120986130207,-0.3259824673849393,-0.6354155540466309,1.496579885482788,3.3405632972717285,-4.49011361669898,2.6937089228659867,-1.1416381783142686,0.0163973495364189,0.4592949450016022,0.2504060540028847,0.7836967706680298,-1.1038837633289396,0.0406201020481763
910,13.697702,-0.187669,-6.420366,0.728064,-0.683468,0.00665,-0.052443,4.754278640131652,-3.743382226449251,-0.1280862816870212,3.733316174986958,-8.10492323924899,-4.067303799447417,-0.6144896745681763,-1.2011523246765137,-4.012582302093506,0.4099563552071757,-0.8085017262416336,0.2317320338086178,-0.3529320430060975,-0.984487771987915,0.8587988018989563,3.6943962574005127,-4.179132189294696,-0.1009662195712328,1.224528935229778,-0.0805181264877319,0.1905265301465988,0.0412977912471862,0.2195294648408889,-0.0004402688513422,-0.2800953455521724
911,13.705526,-0.183861,-6.341637,0.725947,-0.684716,0.006802,-0.064177,2.6036183175742624,-3.403447676283121,1.6051257506519556,4.806435236087441,-7.306714175218343,-4.436268921525776,-0.5518501996994019,-0.7970133423805237,-4.104606628417969,0.374868205554669,-0.8367772403337188,0.1612160671580315,-0.3650849414343579,-1.943192481994629,0.4468386769294739,3.205262899398804,-2.962175735145807,-0.788498401877284,1.4236574228674173,-0.0425132848322391,-0.1838840097188949,-0.5674283872729167,-0.1391557902097702,-0.0149459804074023,-0.1776153056181967
912,13.709856,-0.177301,-6.301496,0.729005,-0.680866,0.01554,-0.068786,0.6391536435842514,-3.962171107846498,1.9758260259598488,5.84030482133925,-6.362973773702978,-4.644762618879974,-0.1879697889089584,-0.2478289604187011,-4.089970588684082,0.3390793740347234,-0.8535525291339682,0.0909124361431326,-0.3849783142537474,-1.563842535018921,0.1207662895321846,2.8614776134490967,-2.498624742183089,-3.389900212445855,1.3865490507006644,0.0295254830271005,-0.3388106226921081,-0.954593365571648,-0.3083976209163666,-0.2932777389367111,0.4795632760109379
913,13.712913,-0.171548,-6.262724,0.73099,-0.678166,0.023241,-0.07214,-0.8347206393480301,-5.352855650916696,1.0666504496082665,6.739419314664602,-5.346980036881566,-4.7074826944261785,-0.0120157524943351,-0.2333648800849914,-3.868021488189697,0.306554689556091,-0.8599577464614859,0.0220792726593656,-0.4074424218813464,-1.5119411945343018,0.042704027146101,2.4487013816833496,-2.093006882750988,-3.73183061260432,1.1154197412133215,0.1164055988192558,-0.464341938495636,-1.121766772152483,-0.2403066456317901,-0.3744456358486786,0.961596595397219
914,13.72422,-0.167254,-6.186677,0.727387,-0.682197,0.029332,-0.068229,-2.2796470602154733,-5.693781550207734,1.1899454053655265,7.367773916336893,-4.29871806140095,-4.838110477289558,-0.1169450059533119,-0.6339634656906128,-3.473784923553467,0.2750976135401152,-0.8630191159731758,-0.0432780405653638,-0.421481092889525,-1.653209924697876,-0.3079621493816376,2.1170449256896973,-1.072760749182105,-4.875951547645032,1.0311112264543771,0.1547211706638336,-0.5766999125480652,-1.4792254347018896,-0.0656273514032363,-0.3008594262373633,1.0646394020467995
915,13.730688,-0.169981,-6.147243,0.724925,-0.685379,0.026688,-0.06346,-3.198196321851015,-6.193503342226148,1.992401313185692,7.70887224958539,-3.2775095125406977,-5.099177242445945,-0.3123819231986999,-0.7723724246025085,-3.013174533843994,0.2427059510098354,-0.865882957590989,-0.1011553088876453,-0.425568018791259,-1.5128650665283203,-0.3441990315914154,1.922393560409546,0.4432733440876006,-5.76814617857933,1.138106789317727,0.2086686342954635,-0.4934455454349518,-0.4027094611721113,-0.0482590794563293,-0.4394365424036979,0.5474112524975091
916,13.736225,-0.175084,-6.10558,0.721083,-0.689803,0.020013,-0.061731,-4.646500694718957,-7.082032728651166,2.5259318513035773,7.898574737229943,-2.3322674742907283,-5.323855766403675,-0.4737323820590973,-0.3392155468463897,-2.488899707794189,0.2110345501227258,-0.8656463548262647,-0.1486522016521607,-0.4289794533015706,-0.8065665364265442,-0.0116136437281966,1.738988757133484,0.7147586274057627,-7.177683306157588,1.223964287084341,0.1262872219085693,-0.3096642196178436,0.1907359588781371,-0.0032166354358196,-0.6209056008405983,0.4606681310027837
917,13.742542,-0.184418,-6.022094,0.718242,-0.693098,0.011356,-0.060125,-6.944440951994061,-7.977885589832067,2.807221904799342,8.032005887076258,-1.6016139431387184,-5.393707885786891,-0.7152156233787537,0.1838998943567276,-1.139407753944397,0.184050931500237,-0.862503389307146,-0.1763248858949055,-0.4371757720758968,-0.3993047177791595,-0.1304855346679687,1.3736062049865725,-0.7050421200335025,-8.028059779798983,0.5807973162055016,-0.0062723867595195,-0.3022858798503876,0.9145690328929572,0.1172821670770645,-0.3610410145482048,0.5181939623741433
918,13.74134,-0.1883,-5.976809,0.721375,-0.690137,0.013149,-0.056185,-7.4488523631334305,-6.173958683800697,3.712452835178375,8.15169901894927,-1.3363526489019393,-5.285292519253492,-0.6999446749687195,0.71543288230896,0.3739812076091766,0.1701761231489324,-0.8597426119703744,-0.1741194097609039,-0.448959954287228,-1.0248485803604126,-0.4740782082080841,0.4281387031078338,-0.0836392371952533,-8.050767286169528,-0.1343699650663882,-0.0122548397630453,0.1979546248912811,0.1371465993060264,0.1126776859164238,-0.6554223490789532,-0.3592372530618682
919,13.740376,-0.189612,-5.930883,0.723312,-0.688503,0.016556,-0.050094,-4.81268669769764,-7.936354140526056,2.7766385504871605,8.29116360374093,-1.5406443645216523,-5.005341020885109,-0.191931813955307,1.2748912572860718,1.304746389389038,0.1735869332371003,-0.8557882442825391,-0.151088909063195,-0.4633209557736574,-1.0306785106658936,0.1098566502332687,-0.7553636431694031,0.7632897263407706,-8.305967205119133,1.0488080650560556,-0.3796944320201874,-0.1389468759298324,1.1705373058665542,0.0999579951167106,0.5675066401408985,-0.9694441670924424
920,13.738383,-0.176038,-5.842681,0.728603,-0.683424,0.02691,-0.036674,-5.028406839174032,-7.301738724893331,1.1664666223615408,8.431464054834843,-2.0952035160124303,-4.548725087882578,0.0056407572701573,1.2713093757629397,2.151047945022583,0.1924654166681109,-0.8474721674902904,-0.1170955167632197,-0.4806626058545604,0.2034948617219925,0.1786566972732544,-1.7234536409378052,-1.2053396661132574,-8.48062819097638,0.93386431966722,-0.7825645208358765,-0.1807080805301666,0.9347389836098998,0.4342033863067627,0.9470768524616956,0.2414401823348365
921,13.737704,-0.169149,-5.800649,0.730284,-0.681675,0.024554,-0.037452,-3.9010108289629217,-6.58998044834733,-0.0019379823252558,8.335221356654166,-2.946423454740643,-4.244178661961853,-0.2684433758258819,0.6462743878364563,2.9927539825439453,0.2173376448446065,-0.8436521361303029,-0.0681466742540731,-0.4861804547522678,1.1421589851379397,0.1643495112657547,-2.6888859272003174,-2.0960493191868066,-6.872603796273469,0.0086245474170893,-0.8060610890388489,-0.2086021155118942,1.1861348341014235,0.724137544631958,1.2985532257311043,-0.1378984040540177
922,13.739131,-0.164417,-5.759019,0.729939,-0.682208,0.019918,-0.037221,-2.2157079642683266,-6.3202843865334986,0.0946755949944257,7.986630621823668,-3.958621890932321,-4.088203087352216,-0.2707657814025879,0.6585279703140259,3.5499303340911865,0.2439645290682551,-0.8416576039361173,-0.0072680380617136,-0.4817062177369665,1.3920292854309082,0.0074836714193224,-3.476114511489868,-3.438229651328921,-4.3038484100267285,-0.4527325887631624,-0.6297698616981506,-0.2291703224182129,-0.0588661902967607,0.3515868186950683,0.8909780216861516,-0.8974499211139977
923,13.747418,-0.162055,-5.68052,0.725911,-0.687237,-0.000693,-0.027526,-0.1728174038171768,-5.212779071706533,-0.7360621121972799,7.424104875367879,-5.115805721163749,-3.857662685623765,0.410590797662735,0.6785745024681091,3.7892699241638175,0.2801206341408473,-0.8326464351101868,0.0581890612128258,-0.47417960136885,1.470943808555603,-0.1488720625638961,-3.822115421295166,-4.259570000100136,-2.5810268387988207,-0.8939381136007607,-0.3871214985847473,0.0096409218385815,-0.5007162464158609,-0.173673614859581,0.1385976383645553,-0.5435974663630128
924,13.754851,-0.159713,-5.641108,0.7187,-0.6946,-0.0175,-0.026357,0.918634601831436,-3.646705228504538,-2.2283397745653986,6.635370326647162,-6.226233645439147,-3.657355217334628,0.5620284676551819,-0.2155673503875732,3.512704372406006,0.3226982154336004,-0.8205011222395759,0.1151135614898285,-0.4575943486179541,2.133253335952759,-0.2932074069976806,-3.7833409309387207,-4.838875031921267,-1.1627151608735322,-1.0022668978292495,-0.1382344961166381,0.4408412575721741,-1.707964047705382,-0.536414384841919,-0.3753006817754358,-0.0495307135647628
925,13.760228,-0.155817,-5.601654,0.714486,-0.698589,-0.028137,-0.026295,1.4396774142980575,-2.029847539004684,-1.658951448863745,5.6298015377283095,-7.16164227193892,-3.631336102198064,0.70501309633255,-0.775868833065033,3.452566623687744,0.3647880144906243,-0.8117490032281427,0.1618955565516396,-0.4263603244662825,2.648427963256836,-0.2690253257751465,-3.5561740398406982,-3.489692712062597,0.6405299003735184,-1.604300405743718,0.009916472248733,0.6943473815917969,-1.8554449118226768,-0.7085721492767334,-0.1495478613833896,0.4738894316256046
926,13.757104,-0.150379,-5.534956,0.719554,-0.69411,-0.011275,-0.01804,2.9191777204185723,-0.9591372926115987,-1.5744129247412084,4.461397517563403,-7.9694386640042065,-3.571324993349612,0.625468909740448,-0.673315703868866,3.535236597061157,0.4074183362082064,-0.7996103018726828,0.2066646117108384,-0.3897735215992576,3.265061378479004,-0.2607310116291046,-3.2694242000579834,-3.3818425781965256,1.9449451500058168,-2.556995682609081,0.1167831569910049,0.6718292236328125,-1.4615262580126522,-0.5747828483581543,0.3484327677898108,1.0433074218131602
927,13.753371,-0.152679,-5.497395,0.72433,-0.689089,0.002463,-0.022296,5.059095407426357,-0.2587280930757522,-1.4785963430181144,3.235315507672727,-8.568093123939633,-3.505831069175899,0.3110905587673187,-0.4331375360488891,3.350902795791626,0.4429131759861343,-0.7838897247108162,0.2535045001570882,-0.3536666773888974,2.9542770385742188,-0.4607653617858886,-2.874039649963379,-3.877233647534251,3.580854161456227,-4.1887440672487015,0.1591720581054687,0.4373778700828552,-0.9595184739489108,-0.2601867020130157,0.6202550279773772,1.4656237564593553
928,13.750276,-0.157501,-5.456016,0.729165,-0.683405,0.010048,-0.034286,7.615704721066355,1.97136729298532,-0.7592623705208301,1.2566079349271952,-9.135716485795378,-3.336169206780195,0.3500002324581146,0.0844964534044265,1.9831327199935915,0.4893542256593614,-0.7493250171717263,0.3295592613082537,-0.300724501937893,0.5762854218482971,-0.8596842885017395,-1.8502486944198608,-2.493091657975316,5.766545173123479,-5.5079041738092895,0.229273185133934,0.0728567391633987,-0.0270385258787544,0.1362939476966858,0.9289677067320792,0.6206240074202418
929,13.749652,-0.169025,-5.366235,0.732819,-0.67834,0.02111,-0.048845,8.20656691969037,2.1252707374960185,-1.4807982369765638,0.7071956448055803,-9.238741975983976,-3.211836432407796,0.2466785758733749,0.2594978809356689,1.170421838760376,0.50195027060501,-0.7343202570606858,0.3528907030668297,-0.2903236357136002,-0.5020703077316284,-0.5745856761932373,-1.1103880405426023,-1.6234388214558362,6.481812334573268,-5.819268463051319,0.2557199001312256,-0.161893218755722,1.393463067872822,0.2925260961055755,1.2868100348368283,0.7214467999327927
930,13.755197,-0.174203,-5.322942,0.731934,-0.679356,0.027152,-0.044831,8.101834041061997,1.855496349748969,-1.8223828924372791,0.4216739450894295,-9.272584624353051,-3.164140907514095,-0.0173659138381481,0.2426744848489761,0.5766798257827759,0.5068142310173792,-0.7256425425017151,0.367109230139344,-0.286030046746266,-1.5171130895614624,-0.341071218252182,-0.2954939901828766,-2.206575394263864,6.680310123091935,-5.721029038095474,0.2855600416660309,-0.4646427035331726,0.8921510109882801,0.438451886177063,1.1882690696511418,0.5694284385163336
931,13.758698,-0.175356,-5.277471,0.7318,-0.679616,0.030744,-0.040575,7.939717479479312,1.7768828317612408,-1.5382248822897673,0.3276099791873246,-9.26684169678688,-3.1919682411164043,-0.125832974910736,0.3440485000610351,0.1762252151966095,0.5052474041144043,-0.7220077765090784,0.3760982049971185,-0.2863211582013415,-2.045694828033448,0.4158310294151306,0.6144341230392456,-2.821078580716252,6.1265200562775135,-4.573518752877414,0.4456373751163482,-0.4872925579547882,5.025509364166855,0.1242649033665657,1.6026903401985764,-0.4085810200866311
932,13.774746,-0.168769,-5.186709,0.729231,-0.681988,0.048835,-0.027016,8.55834446786344,0.8976350684225559,-1.743020894169807,0.4077914406115189,-9.255044876009226,-3.216866827790439,0.0555949546396732,0.1322682350873947,-0.4202696681022644,0.5014234020694139,-0.7222208286862826,0.3773746596354762,-0.2907920328435544,-2.172215461730957,0.4222607314586639,1.732547402381897,-6.873624371492863,5.0577878319591285,-3.6703134831070896,0.3450196087360382,-0.2534741163253784,0.9630603843394666,0.3583824336528778,0.078156348804757,0.4048092099303379
933,13.781433,-0.163207,-5.14178,0.72928,-0.681556,0.056111,-0.022006,7.725968345814943,2.8141379677981138,-1.5004095308974383,0.6693002139143646,-9.263070361554622,-3.149280022990703,0.2312261164188385,-0.3584572076797485,-1.095986247062683,0.5004892716635735,-0.7263638176229297,0.364642553848872,-0.2982314001382217,-2.15035367012024,0.2299408167600631,2.569679021835327,-3.8488340670019374,3.997987102115154,-1.8698219583518805,0.327064573764801,-0.0368521213531494,-1.120945299701765,0.6358317732810974,-1.240123540855199,0.9987697033632548
934,13.786146,-0.159214,-5.097388,0.729628,-0.680774,0.058114,-0.028506,7.647418540713191,2.4848656814217565,-1.6093556433066725,1.1792546461336313,-9.217660024988652,-3.132809365183115,-0.053764309734106,-0.8543990850448608,-2.1320815086364746,0.4966789942293351,-0.7400482389244171,0.3347497966614792,-0.3059103907521047,-1.2659993171691897,0.7598016262054443,2.9379196166992188,-2.1889397843301297,2.909235587596893,0.6936081412188708,0.4932001233100891,0.4307426214218139,0.5969527340514585,0.7108205556869507,-0.7532007323943078,0.3265957971761003
935,13.791317,-0.158898,-5.017599,0.728658,-0.68048,0.057974,-0.051422,5.461428838360309,-2.253631159949302,-0.8775567415118217,2.955985940594971,-8.663479497551917,-3.5180478689312933,-0.3292908668518066,-1.5087655782699585,-3.440995693206787,0.4663077639529751,-0.7934019045234967,0.2233471437316654,-0.3212266675432484,-1.5453596115112305,-0.0528398565948009,3.5660195350646973,-6.261355812224745,-0.023866321016848,0.6148251849483698,0.5037066340446472,-0.0837527886033058,0.0911665639601647,0.0547882914543151,-0.1435205456515774,-0.4748774197496473
936,13.792325,-0.155386,-4.979218,0.729281,-0.678444,0.061364,-0.064007,4.008334893128276,-1.976706900447607,0.132667179736495,3.942658305864036,-8.121286929550767,-3.8302117841184136,-0.3434285819530487,-1.4118993282318115,-3.761303424835205,0.4433619333865171,-0.8194214156093874,0.1543858792601314,-0.3288521060296897,-2.0355772972106934,-0.4780547320842743,3.490863561630249,-2.9215450340718028,-1.2825158447742462,1.3350930042296647,0.4709192514419555,-0.2900800704956054,-0.9210557645637542,-0.3158038556575775,-0.3047172341766767,-0.3180363508844748
937,13.791103,-0.14887,-4.946305,0.731181,-0.674502,0.070664,-0.073685,2.7819448402017355,-3.454556516751647,-0.1165659397631883,4.953271226429939,-7.340000358748435,-4.214245295991003,-0.6607161164283752,-1.3102601766586304,-4.138506412506104,0.4122516550212343,-0.8416757794918611,0.0803031325475641,-0.3393844190979621,-1.558158278465271,-0.5323397517204285,3.18468713760376,-0.7930833915799855,-3.182517691203952,0.9654384385824204,0.3816870450973511,-0.2889878153800964,-1.326485773273557,-0.4589879512786865,-0.4651675978465005,0.3090861882422119
938,13.79811,-0.13769,-4.877021,0.731372,-0.672293,0.093075,-0.066749,1.177723344913125,-5.352478049775958,0.3885182560712099,5.855843166732788,-6.27451398448348,-4.744469193778932,-1.1238415241241455,-1.3150657415390017,-4.13609790802002,0.3692922575809584,-0.8613205116679432,0.0052514781061083,-0.348887835362997,-1.0564602613449097,-0.3820064961910248,2.9745407104492188,-0.7646838110476731,-3.8840345597207535,0.6438999613285065,0.280392587184906,-0.3553574681282043,-1.5456977023884653,-0.364983469247818,-0.3675394731894135,0.7641741810251027
939,13.804116,-0.138964,-4.845228,0.730587,-0.67352,0.093909,-0.061602,-0.6210533387482166,-6.173190037515759,2.0632634863942863,6.5018099974632255,-5.054867560598254,-5.324015340879559,-1.2723277807235718,-1.06437885761261,-3.6676530838012695,0.3195910520365945,-0.8760869814179502,-0.0626166749961587,-0.3555449887936606,-1.0165719985961914,-0.5966485738754272,2.606271266937256,-1.2279361133247613,-5.050519886782765,-0.0746129771094769,0.2062844187021255,-0.3890044093132019,-1.9434157484814525,-0.3128484487533569,-0.5861602314781397,0.6976913919445127
940,13.811049,-0.143757,-4.806251,0.729586,-0.676309,0.080498,-0.061889,-2.080404006287456,-5.747430722808837,3.316799320399761,6.915942002740502,-3.898208923284709,-5.757088193470239,-1.078848361968994,-0.5955944061279297,-3.0139498710632324,0.2734736508746274,-0.8829892935189437,-0.1177273508904708,-0.3628804879366631,-0.9444399476051332,-0.6015960574150085,2.119696855545044,0.1863058309435844,-6.145960669806599,0.0281330385506153,0.190860167145729,-0.161174327135086,-1.2532969106830656,-0.2584181725978851,-0.6474103075370192,0.7216086394309997
941,13.826332,-0.160122,-4.733513,0.723265,-0.686494,0.040139,-0.06327,-5.535728584802151,-7.806624183285236,3.53705768982768,7.535036608636378,-1.9813214085057376,-5.955501226314902,-1.7709282636642456,1.312365174293518,-1.2841013669967651,0.1951365993140253,-0.8787915777080169,-0.1771197765326811,-0.3978388136210934,0.3278397023677826,-0.1268492043018341,1.1245882511138916,-0.3966320044219493,-9.058115944242475,0.412809816762805,0.037453357130289,0.0129443798214197,1.4218436514437198,0.1638106405735016,0.0358602992012631,0.8480964729454368
942,13.831575,-0.168026,-4.6976,0.721696,-0.689272,0.030137,-0.056133,-8.75325621458888,-7.692488101017474,4.215446780735254,8.004318838727475,-1.3848277798660098,-5.493949882736802,-2.028542995452881,2.300938129425049,0.5008082389831543,0.1632874492506354,-0.8682731807640306,-0.1619109867792427,-0.4395720828638327,0.0584066435694694,-0.3719018995761871,0.1947451531887054,-0.2910007156491279,-8.675496098560094,-0.5726683702856302,-0.030875751748681,0.1244997680187225,0.3075376070933416,0.3609680235385895,-0.1360142068757675,0.3415660603580996
943,13.833985,-0.173017,-4.656253,0.722631,-0.689119,0.025323,-0.047734,-7.2459770901829,-7.42751731415987,3.6929473397195336,8.39564279986918,-1.5267971870854495,-4.832437984611094,-1.1236798763275146,2.2564339637756348,2.155071496963501,0.1553059795015013,-0.856236231707903,-0.115088128482814,-0.4790556215337535,-0.1605848222970962,0.2941687107086181,-1.0535999536514282,0.981201824903488,-8.022569950211048,0.3034839112557471,-0.1948932707309723,-0.1383813172578811,3.358982803873717,0.2932809889316559,1.1168304847940802,-0.3493386671209708
944,13.83381,-0.171258,-4.579272,0.725572,-0.687027,0.024281,-0.030828,-5.662584447911382,-7.210871290010213,1.7390128275722263,8.58725258243978,-2.166618062406778,-4.211325316891074,-0.7991723418235779,1.5438982248306274,2.548407077789306,0.1667202304813135,-0.8433218131581407,-0.0593814878103331,-0.5074313773957929,0.6493389010429382,0.1401955932378769,-1.9738236665725708,-1.9676888967335224,-7.991975489982962,0.4551064052224159,-0.2609432637691498,0.1325514465570449,1.1062791340328753,0.3383216857910156,0.6587816694442182,-0.0933290574899874
945,13.83223,-0.16645,-4.534663,0.731287,-0.680999,0.02505,-0.028832,-3.2851065435409543,-6.947110463464259,-1.3084177632719278,8.14114489170909,-3.898473127178848,-3.833279354995489,0.3901722729206085,-0.0467050969600677,2.7640745639801025,0.2179659699737766,-0.8332460322049995,0.0338216379353166,-0.5069989155516541,2.1130809783935547,0.1496183276176452,-3.1716747283935547,-3.546396011537313,-4.810511691746116,0.3887081526201218,-0.3225005269050598,-0.2854359447956085,0.8856131336521357,0.3927843272686004,0.9163775436196476,-0.3983743911098689
946,13.832532,-0.162197,-4.501661,0.734959,-0.677233,0.019928,-0.028182,-1.783369271171093,-6.274843654829263,-2.065824861314893,7.577787370604276,-4.906377957829832,-3.8307954292252657,0.2610770761966705,-0.1714808046817779,3.319899082183838,0.2534373027044267,-0.8298906035653311,0.0812267967098153,-0.4903604446649224,2.5577497482299805,-0.2658669948577881,-3.4569339752197266,-5.618327373033762,-3.179167796254158,-0.8071236073702573,-0.1447255313396453,-0.103013090789318,0.3167491971507668,-0.1256464272737503,0.4129950006039813,-0.7270396515037864
947,13.83964,-0.158348,-4.426605,0.73278,-0.680129,0.000166,-0.021395,0.6274614522248506,-2.19248257150352,-2.5066695169508457,6.041736909744143,-6.776196847441792,-3.708229372264445,0.1543503552675247,-0.1154428198933601,3.067800045013428,0.3264420277571753,-0.81059206166134,0.1789066512790669,-0.4520714227790495,2.5314652919769287,-0.7782161235809326,-3.8128275871276855,-5.000400641873479,0.8283712703213095,-2.249881452026963,0.0854509770870208,0.5891859531402588,-1.911755558717996,-1.068796992301941,-0.243613708715327,-0.5657102947760373
948,13.845549,-0.157557,-4.395221,0.729179,-0.684065,-0.011228,-0.015093,1.2446183680564165,-1.39319681815207,-1.8156050688654184,5.158824194157123,-7.444999779358506,-3.758845460779965,-0.5056564807891846,0.0602676458656787,3.148856401443481,0.3513514755719791,-0.7993200329668937,0.229641594556214,-0.4300051653850021,2.3425564765930176,-0.7953203916549683,-3.6317429542541504,-3.62460211776793,2.887667314389348,-3.1662656445831057,0.0067200772464275,0.4752582907676697,-1.3870702980957923,-0.8057073950767517,0.3857068153796717,0.9153910168003292
949,13.851241,-0.154968,-4.361316,0.722834,-0.690527,-0.022981,-0.012511,2.744316828075051,-1.780664688387513,-0.7008937681823968,4.188093202124536,-7.918095430257916,-3.9917406089410186,-0.9770770072937012,0.0051697744056582,3.214463472366333,0.3649684250442821,-0.788001312867535,0.2873605097949964,-0.404073997371178,2.203035593032837,-0.6795384883880615,-3.1083695888519287,-3.006678309217095,3.629202889561653,-3.942453138680756,-0.1391573697328567,0.3443727791309356,-1.598917835922539,-0.3010873794555664,0.3644223275495692,1.2139242468461393
950,13.852727,-0.148369,-4.290581,0.719163,-0.694377,-0.022727,-0.011363,6.54494011413753,-0.8086375190645456,0.4530880511373281,1.923950438902527,-8.549250476303696,-4.402174928744137,0.2898344695568084,-0.9007337093353271,3.1322460174560547,0.4038271892771884,-0.7581975653297477,0.386762077457543,-0.335373291328546,1.3279608488082886,-0.833895742893219,-1.7582402229309082,-2.1102572927594183,5.572084092774987,-5.748168389433622,-0.1779706180095672,0.1081999093294143,-0.9971994583718478,0.0769688114523887,0.9348539882916956,0.4978738625967875
951,13.848495,-0.147976,-4.256973,0.722184,-0.691567,-0.009026,-0.01026,8.9561659743309,0.306224588266015,-0.6798895585983992,0.708777287973836,-8.797410998135804,-4.274761431752145,0.6712976694107056,-1.1706445217132568,2.78532075881958,0.4389882882871589,-0.7364227555364047,0.4190867402506434,-0.2988932022558955,-0.0025227568112313,-0.4968745410442352,-1.213107943534851,-1.413025554215908,6.708159084004163,-6.3892112077653405,-0.0642955601215362,0.0670682042837143,1.0903247551843522,-0.0117441490292549,1.2820002964675423,0.4138224278714507
952,13.843134,-0.150776,-4.221928,0.726483,-0.686987,0.001775,-0.016375,13.284668640881776,2.5560329750567674,-1.2437065139085053,-1.1694096900761126,-8.966509089168905,-3.795340669484436,0.0225949175655841,0.9371026754379272,-0.2334831207990646,0.4958264549062289,-0.6916701454970265,0.4637897558153481,-0.2462675736774417,-2.112523078918457,0.7842502593994141,1.4744857549667358,-3.884425020343065,5.164973948958516,-4.793075988298654,0.2834764122962951,-0.7813788652420044,2.9736054761767385,0.1153935343027114,1.6017115582942962,0.4775015942407771
953,13.837761,-0.159419,-4.124836,0.732548,-0.679393,0.005968,-0.041976,10.935782624745368,2.8154145636051893,-1.0860399174720048,-0.6878512581925839,-9.024176265239715,-3.776433724440634,0.4075733423233032,1.155299425125122,-1.3419512510299685,0.4830284589393449,-0.6917902047528655,0.4625698348390946,-0.2722844863521099,-2.4481749534606934,0.83189857006073,2.431941270828247,-5.505149906665086,4.924724930903316,-3.979379724539816,0.3600018322467804,-0.5963857173919678,0.1905459161987528,0.1477610319852829,0.273412251059059,0.5476439652748406
954,13.837997,-0.165004,-4.084247,0.731811,-0.67984,0.010502,-0.046481,7.632000606828927,-4.757556931149959,-2.204165118251741,2.432324908453971,-8.793922571498156,-3.5945913026466965,-0.2558801472187042,-1.9140232801437376,-4.475752353668213,0.4452565271633557,-0.7650858042714268,0.3129167036031927,-0.3441996478803272,-1.7899714708328247,0.8542444109916687,3.893081665039064,-6.026420682668686,0.7147332007035613,0.0427735583215951,0.2894591987133026,0.2475107908248901,-0.0572019560121232,-0.1819394081830978,-0.1864383895483799,-0.3607968670614063
955,13.841084,-0.168182,-4.038114,0.730942,-0.680851,0.01665,-0.043446,5.418344898915291,-5.849786935433745,-0.4630786992758512,3.680817925986648,-8.169609938693046,-3.984898780222237,-0.6804526448249817,-1.5681562423706057,-4.448809146881104,0.4162822824653525,-0.8063872210473725,0.2300281251943635,-0.3514764501043899,-1.8782880306243896,0.1440931260585785,3.743207931518554,-6.2846414107441895,-1.1033584242805838,1.299223233947158,0.1373343765735626,-0.0300791077315807,0.0666803163801087,-0.5250877737998962,0.2375412386675365,-0.6254536195337772
956,13.848577,-0.169378,-3.951617,0.732296,-0.679645,0.031082,-0.029326,3.842825474236905,-5.713218072083592,0.594948006632924,4.894365156213939,-7.286549339067935,-4.372848881016672,-0.8038577437400818,-0.2912704348564148,-4.485033512115479,0.3761913462362766,-0.8360529858271168,0.1548181383216787,-0.3681398500746378,-2.314305305480957,-0.3366406857967376,3.372859477996826,-3.5329660365998743,-2.448213966981321,1.28924135363698,0.0238616429269313,-0.1843845397233963,-1.090953554607183,-0.7321183085441589,0.0176021928629663,-0.0125482796074182
957,13.855443,-0.166493,-3.904893,0.728792,-0.682985,0.041765,-0.025504,1.2814116829246285,-7.196348259139061,-0.269038182426989,6.167845753878355,-6.116609487637877,-4.551386416046321,-1.14298677444458,0.8056599497795105,-4.556644439697266,0.324877902475865,-0.8510917905323808,0.0877433009376403,-0.402986485595437,-2.0401480197906494,-0.4610132873058319,2.863694190979004,-1.226034663617611,-3.897564195640385,0.8588297561448067,-0.0338317193090915,-0.3388922810554504,-1.0802519817203282,-0.5489471554756165,0.2240432947941124,0.8669068257469683
958,13.85844,-0.16355,-3.859401,0.72647,-0.685058,0.046751,-0.027417,-3.5266245586186646,-9.45240986110568,-0.284734056469798,7.296744569867849,-4.698968840841949,-4.565919091528654,-1.4588733911514282,1.0851019620895386,-3.8940396308898926,0.2638212105881205,-0.8554651320808988,0.0312489381196805,-0.4445237404591875,-1.1741639375686646,-0.3589526414871216,2.569243669509888,-1.2926830185234546,-5.220493007084727,0.4897293172489851,-0.0341034829616546,-0.340675413608551,-1.4641241655513644,-0.3322193324565887,0.0514959674894344,0.9330428472165018
959,13.85396,-0.161743,-3.778704,0.72805,-0.680932,0.053377,-0.058524,-7.960271022686362,-7.994947783792019,0.7889251028567552,7.9562296383410684,-3.542110881564021,-4.508017229919135,-1.1654239892959597,0.6723735928535461,-2.2371420860290527,0.2137286393800582,-0.8542992815194078,-0.0042019417431185,-0.4737880051263741,-0.4559917151927948,-0.5420404076576233,2.335974931716919,-1.180539571377635,-6.573671118581295,0.0753424604278057,-0.0822612270712852,-0.1925874203443527,-2.0811147849053144,-0.1573714166879654,-0.3645377340901642,0.7595560927703976
960,13.850157,-0.160501,-3.743838,0.729157,-0.67806,0.06123,-0.069389,-8.535485570323466,-6.946447615641355,1.4617904619067907,8.2905305665344,-2.6876702272236344,-4.495993030126392,-1.5355373620986938,0.4046857357025146,-1.5329259634017944,0.1728707747881925,-0.853680489227579,-0.0214820179792737,-0.4907993098787425,0.0774133503437042,-0.5631238222122192,1.9604899883270264,0.8198983332693577,-7.464926130577921,0.3344529038846492,-0.1371930390596389,0.0752109661698341,-0.6586635229572654,-0.1342562288045883,-0.2042024664336815,0.2676502899988554
961,13.846169,-0.157182,-3.710268,0.730763,-0.674313,0.072374,-0.077785,-8.608747790411114,-7.627192329764366,2.609737092715501,8.463148648387193,-2.0742621425315737,-4.4992096540853375,-1.2976232767105105,0.4534623324871063,-0.580639660358429,0.1376405282073561,-0.8537255475604038,-0.0234210182280949,-0.501656326583815,0.6421006917953491,-0.1333303302526474,1.4093464612960815,1.5934627853870391,-8.707255510914326,0.7196725568018854,-0.2744753062725067,0.199553906917572,0.48922016215045,-0.0530552715063095,-0.0641306821296457,0.3757718794837594
962,13.842709,-0.150615,-3.647536,0.733583,-0.668077,0.087995,-0.088238,-8.10281779140234,-7.713904983055591,2.775432681828737,8.564749074208736,-1.802148644312471,-4.423541834160686,-0.7159476280212402,0.4030323922634125,0.0131840333342552,0.1176785998364499,-0.8516286304985915,-0.016325950376463,-0.5105035590536224,0.6852196455001831,-0.1612364202737808,0.5850768089294434,0.0739016870349645,-9.271423179358244,0.2777525270193815,-0.3281484246253967,0.162738099694252,1.2010410921365022,0.1932747811079025,-0.0335627377324388,0.7832332478906959
963,13.844172,-0.149251,-3.610667,0.732812,-0.66875,0.086494,-0.090988,-8.08196380394399,-6.48484951031208,3.1491672102659938,8.589685362544655,-1.8614872607268391,-4.350009857220948,0.3598790764808655,0.0936708897352218,0.6542948484420776,0.1167052595547384,-0.8495416064872207,-0.0082361353503336,-0.5143842992067365,-0.7201328277587891,-0.3701792955398559,-0.6932271122932434,0.0045616088271141,-7.92588301539421,-0.8985777561001479,-0.255742460489273,0.5955028533935547,0.1996391040408983,0.2521590888500213,-0.4915369511928409,0.0288979904745472
964,13.846776,-0.153956,-3.582572,0.731678,-0.670413,0.080588,-0.093275,-6.784396520510316,-7.391702488934993,1.276173197749257,8.496551151773334,-2.398487374651432,-4.269224840413034,1.4573866128921509,-0.20212022960186,1.4840149879455566,0.1448122553181625,-0.8471536490272377,-0.0007616962029364,-0.5112334085210072,-0.4502118527889251,0.2740898132324219,-1.878336787223816,-0.349578576824069,-8.140384428730606,1.04346611950621,-0.511371910572052,0.222157284617424,1.2133094028834253,0.3923409581184387,0.4098661645263433,0.0462888820993248
965,13.849893,-0.168189,-3.508064,0.72831,-0.674931,0.058851,-0.10281,-4.723946337971091,-7.6738652336120605,-0.3183674460023641,8.195836851361394,-3.288734963171184,-4.264134239275753,1.468947410583496,-0.6399683356285095,2.239954710006714,0.1893100148585534,-0.8468712765869396,0.0148117628954438,-0.4967406563352504,1.0109602212905884,0.3683750927448272,-2.3172593116760254,-2.2657278404563663,-8.44775058824718,0.9581043693672864,-0.6417059898376465,-0.0629213601350784,1.4411185530170798,0.4847912192344665,1.350208448036015,0.3216895030971616
966,13.849117,-0.175354,-3.467704,0.726905,-0.676675,0.051299,-0.105299,-1.2968793011695146,-5.829615085020661,-1.689174737691879,7.001514253824949,-5.5196489721387625,-4.084443150296807,1.3535888195037842,-0.1789818406105041,3.4899439811706543,0.292682191695247,-0.8377847611515088,0.0797830504023862,-0.4539697574784606,3.3609657287597656,-0.0747119709849357,-3.1833949089050293,-4.8701469530195,-4.66597433373481,-0.3966127882648259,-0.543776273727417,-0.3154114782810211,0.0582702017315663,0.0665123984217643,0.8981033435214311,-0.5317911471046507
967,13.844921,-0.182261,-3.441898,0.727594,-0.676433,0.051556,-0.101918,1.236347967839241,-4.960266784405708,-2.880980968493223,6.135249306178093,-6.630063452410697,-3.8172473808661103,0.7263489961624146,0.1507120132446289,3.571929693222046,0.3423289207819056,-0.8233132186938574,0.129540732221338,-0.4338035383985091,3.283623218536377,-0.6572152376174927,-3.4977989196777344,-5.9745648232251405,-2.4123043030798432,-1.3832060238830743,-0.3420175313949585,-0.2501488924026489,-0.0868260414046701,-0.4357085227966308,0.6714641139499843,-0.4994549943083897
968,13.834291,-0.180795,-3.369761,0.731385,-0.673213,0.068387,-0.084758,2.270617950585484,-4.298327308517695,-2.55300632071197,5.424644875842333,-7.289757779720425,-3.688228202243149,0.2784854471683502,0.2322191447019577,3.452583074569702,0.3699755851550579,-0.8117752650170778,0.1704940378326873,-0.4184144954841612,2.8031699657440186,-1.1268903017044067,-3.7155356407165527,-6.347403864127397,-0.5513084791317582,-2.2982057763434947,-0.1622340530157089,0.0511342175304889,-1.601292163838446,-0.7183570861816406,0.0270803831259487,0.1577736735401675
969,13.82832,-0.17667,-3.331462,0.734686,-0.669669,0.075934,-0.077547,2.895456068569421,-2.3054443492949006,-1.538680517102778,4.4243671790689225,-8.000397865891456,-3.548100769628584,0.2668466567993164,0.3953593373298645,3.386164903640747,0.4007429301845747,-0.793721705301434,0.2256294376825121,-0.3981236041383406,2.1841752529144287,-1.297494411468506,-3.7413158416748047,-5.106068171003461,1.5270643135890365,-3.4498145829215643,-0.077463649213314,0.2746348679065704,-1.812687866244465,-0.5768333673477173,0.2167148698684759,1.1367956336539238
970,13.823502,-0.171691,-3.29039,0.737416,-0.6665,0.077901,-0.076993,4.146389318861067,-0.5730863034367562,-1.4086816797927022,3.410459600871801,-8.529519939917325,-3.4331425573229786,-0.0057879234664142,0.3736222088336944,3.043008804321289,0.4262970323579311,-0.7730152257194856,0.2783684841057051,-0.3784565854059517,1.6200155019760132,-1.275339961051941,-3.291619777679444,-3.806110193040967,3.976890245811641,-4.276781831663847,-0.1608304679393768,0.4008302092552185,-1.8985282667458057,-0.1854845434427261,0.1032851731712464,1.4825399660773575
971,13.818271,-0.167181,-3.210965,0.735959,-0.668711,0.065123,-0.083365,5.148438993743062,-0.2226122390776872,-0.9101403297305106,2.4664687317267058,-8.846623065072297,-3.4386280029967424,-0.1093841642141342,0.1312589198350906,2.614260196685791,0.4438923152485055,-0.755043218522788,0.3243932297517942,-0.3572650795497856,1.599708914756775,-1.152955412864685,-2.542732000350952,-3.0246506037592886,3.6795775705367326,-4.127316077339649,-0.2629818320274353,0.4542514681816101,-1.5631705229759216,0.1331469565629959,0.296903893544618,1.037242714946717
972,13.818623,-0.168839,-3.174918,0.734288,-0.671626,0.054077,-0.082549,5.983048573932051,0.0787473735004663,-0.7188488193288445,1.5893623643308876,-9.049971216231585,-3.4267122320145367,0.2014045119285583,-0.1693897992372512,2.3125555515289307,0.4614300855362792,-0.7380486766431678,0.3605521396830026,-0.3352143856724111,1.1492973566055298,-1.1115050315856934,-1.8745427131652832,-2.329175938016176,5.141798825076222,-5.445971741509437,-0.2879392802715301,0.3231518864631653,-0.8679356573380529,0.1782053560018539,0.8702537250220775,0.4833076136384159
973,13.821446,-0.169888,-3.139645,0.729583,-0.677908,0.036046,-0.08277,6.813608001947403,1.042342814564705,-1.1225155446931718,0.7605984414301812,-9.191157217988373,-3.333841348354518,0.312621921300888,-0.3515162467956543,2.051652908325196,0.4817718656924383,-0.7208687796559747,0.3877200017554005,-0.3129173077042086,0.4413076937198639,-0.7806053757667542,-1.5397542715072632,-1.5675082599192858,5.986735153490304,-5.9335109283030025,-0.1756605058908462,0.2145216464996338,0.3536964970042929,-0.0515409223735332,0.9351851199422032,-0.2027610537200234
974,13.826204,-0.165168,-3.069607,0.722588,-0.686461,0.00693,-0.081177,8.29591985835731,1.157445111516118,-1.5203002262815832,0.0070216011659009,-9.255233676579596,-3.242065566454828,0.1946890205144882,-0.1722573786973953,1.825544714927673,0.4995398394168207,-0.704600105431083,0.4108990519272835,-0.2918229033000273,-0.0671179965138435,-0.3448016047477722,-0.9545687437057496,-2.776139953315258,5.681477364429831,-6.291237740269303,-0.0960060209035873,-0.0312549285590648,1.5602087505608797,-0.1673965603113174,1.347962276544422,-0.0219175501528079
975,13.826742,-0.161648,-3.039147,0.722811,-0.687324,0.008217,-0.071155,9.624649172773957,1.8602683864563705,-1.375413908702135,-0.6065892715226858,-9.254161663433909,-3.187935040077567,0.120450459420681,0.2714042067527771,1.49724018573761,0.5108113996488943,-0.6888529399930491,0.4336139775649137,-0.276644704317581,-1.0204274654388428,-0.2195727080106735,-0.2969887852668762,-2.929586886230111,7.0315534182578325,-6.909182007086277,-0.0347124971449375,-0.356181651353836,0.7887003541901707,-0.0409752540290355,1.04783015993461,0.4568182506415992
976,13.826035,-0.160863,-3.007371,0.72486,-0.685852,0.012536,-0.063474,11.120109264570472,2.798894805958867,-1.7015835528880356,-0.9746795835278927,-9.221039730554818,-3.1926132610216733,-0.1064872965216636,0.7321717739105225,0.7321837544441223,0.5130732692494617,-0.6752259179114534,0.454805379254164,-0.2719884560435818,-1.5115838050842283,0.7317776679992676,0.4768663942813873,-2.1857810280382632,6.320854295375943,-5.459788669937849,-0.0115916635841131,-0.7505112886428833,5.512133774203062,0.0429536253213882,2.2313300424225626,0.0829437840106897
977,13.822299,-0.166927,-2.935964,0.729864,-0.67987,0.014079,-0.069836,11.795279977953433,2.1517507481426,-1.6202829877734184,-0.8630565069943666,-9.18771087692678,-3.318355902191996,-0.3057881593704223,1.0918424129486084,-0.6561336517333984,0.5013610373604761,-0.6724563466638263,0.4658235001531819,-0.2818653125951447,-1.6851623058319092,1.085938811302185,1.5223654508590698,-4.8963124908894295,6.335338163280487,-5.138480494308471,-0.0250302087515592,-0.4824723303318023,0.96480752026774,0.3638845384120941,0.5490955888552591,0.5480739907225594
978,13.821888,-0.170511,-2.891751,0.731008,-0.678047,0.017398,-0.074677,9.460541729635,3.0181565655648708,-1.0925345401883124,-0.2654606344674713,-9.180682001203298,-3.437295293088257,-0.2165534198284149,1.0960536003112793,-1.7274224758148191,0.4801444441297607,-0.6792798767759632,0.4624198753030796,-0.3069332919110882,-0.674177348613739,0.970775306224823,2.696646451950073,-3.4247377170711752,4.326516461169719,-2.080951118776202,-0.055211704224348,0.2245306670665741,-1.7631775470137596,0.6730751991271973,-1.3789844606652857,0.813921816143021
979,13.821706,-0.175721,-2.854473,0.73179,-0.677127,0.024969,-0.073209,8.68468010649085,1.100526707985997,-1.685411585766077,0.6779951231539249,-9.125441760018468,-3.526615206268429,-0.3042287826538086,0.1829072535037994,-2.9549946784973145,0.4554462599217597,-0.6980564890761496,0.4387761136028579,-0.3357995748817818,0.4627362787723541,1.8809696435928345,3.6265344619750977,-1.8144108906447889,2.963451746430993,-1.6482473917588591,-0.0062266569584608,0.2301874756813049,1.2323647434219718,0.5645301938056946,-0.1511603928802534,0.1534522301444783
980,13.825104,-0.178931,-2.765554,0.734903,-0.674273,0.036372,-0.062857,8.269972931674122,-3.401356841483712,-1.5695347973108291,1.892066231124848,-8.891371722859144,-3.678854809220135,-0.3148393929004669,-1.1376986503601074,-4.09349250793457,0.429703030405108,-0.7338707102523401,0.3860092966873168,-0.3574715468279618,-1.2123632431030271,2.174527883529663,3.852216005325317,-6.14155921997726,4.163549127976596,-1.6909604520648718,0.0886610671877861,0.1265209168195724,0.3559522035092115,0.2189509868621826,-0.0932282822629436,0.0588502118429169
981,13.829796,-0.175955,-2.723022,0.733629,-0.675808,0.043089,-0.056705,4.294621731998026,-5.344436197617649,0.6924824981898069,4.550607248367369,-7.55178257625401,-4.293362671847642,-0.4245654940605163,-1.3769981861114502,-5.255106925964356,0.3681484497096037,-0.8191801103886575,0.2187339154991021,-0.3815314204905968,-1.439010500907898,0.7986904978752136,3.175435781478882,-4.210196605122089,-1.2266425663828848,1.514828809133172,0.2504719793796539,-0.067954309284687,-0.8302723547022789,-0.399319976568222,-0.2745827926757745,-0.0993917641955893
982,13.834563,-0.17079,-2.681942,0.731512,-0.677985,0.050102,-0.05213,1.3158610650151967,-6.396264048886299,1.0074544565349817,5.866593693327904,-6.351362830886244,-4.627486782169342,-0.5292906165122986,-0.5871591567993164,-5.33583402633667,0.3219763943257852,-0.848500411586438,0.1264247525155012,-0.4004934165342347,-1.6931592226028442,0.5621892213821411,2.417197227478028,-1.308573830616474,-1.6438418502762913,1.3367892867535351,0.3622325360774994,-0.1366991847753524,-0.8574362559597939,-0.6040617227554321,-0.0979344049941282,0.1857849488746374
983,13.834922,-0.162411,-2.587421,0.733657,-0.673957,0.057692,-0.064809,-1.6288649381577969,-7.715747396051883,0.8698392990022897,6.95117581320703,-4.94853309199214,-4.833590661777556,-0.6425396800041199,-0.1238530203700065,-4.649832248687744,0.2712302379339492,-0.8628973455214483,0.0430430643075701,-0.4242519768144699,-1.9753152132034304,0.4360434710979461,1.8998351097106927,-1.4112369172334671,-2.7535739012420177,1.074900099298358,0.3900278806686401,-0.1856330633163452,-1.2764724729567765,-0.5133777260780334,-0.1916961274134926,0.686040847769752
984,13.832347,-0.164725,-2.542166,0.73233,-0.673595,0.061747,-0.07842,-4.098079461461305,-7.619242832064628,1.6715362051486968,7.648529716825485,-3.609562369546294,-4.96401123163104,-0.7903543710708618,0.079893909394741,-3.514507532119751,0.2231320123166332,-0.8675438887004293,-0.021488272136033,-0.4439795637965824,-2.871314764022827,-0.1840200871229171,1.6209630966186523,-1.9544810401141643,-3.7729093497067687,0.6607873832434416,0.301437646150589,-0.1686348170042038,-1.6109712618097662,-0.3493397831916809,-0.5215813397901132,0.5658576673574746
985,13.828017,-0.167129,-2.503101,0.731702,-0.672061,0.06454,-0.093711,-6.388153223145007,-6.795718124991655,2.412411270585656,8.047485780280828,-2.546307407595217,-4.992463419133425,-0.7969473600387573,0.3683633804321289,-2.229423761367798,0.183543047587359,-0.8663274297306585,-0.0634158901425394,-0.4601816978074872,-3.15516209602356,-0.5783976912498474,1.5670130252838137,-0.0059556935340166,-5.325688827049732,0.5984907207410782,0.1961395144462585,0.0693421363830566,-1.2811882494322957,-0.1834342777729034,-0.5600455835452303,0.4770159661483019
986,13.816298,-0.165954,-2.43275,0.731832,-0.664797,0.070237,-0.132413,-7.154602874821424,-6.707647627350688,2.2862568337440488,8.285713521641492,-1.8950179205372928,-4.891447807462513,-0.9106673002243042,0.7200406789779663,-0.8292124271392822,0.1561744019825953,-0.8619808685016761,-0.0798962472464114,-0.4756208594162912,-1.8110467195510864,-0.2684478759765625,1.7351309061050415,1.124160681551695,-7.76347828451991,1.4806699344217775,0.0351733788847923,0.1115874052047729,0.2733802119529805,-0.1409573554992675,-0.2658782022924162,0.0665935925113037
987,13.81046,-0.162225,-2.394181,0.729962,-0.664304,0.077175,-0.141067,-6.360893460297584,-8.042794992116093,1.5294824806466698,8.491732353314758,-1.5672310504131015,-4.64807890382111,-1.4638655185699463,1.2021548748016355,0.1565461009740829,0.134508901499615,-0.8555324137182203,-0.0710659226547818,-0.4948951776585119,0.2556091845035553,-0.0487636737525463,1.790747046470642,-0.8014397165149449,-9.119399557244778,1.1680336524825543,-0.118248738348484,0.1202487125992775,1.3222693246223032,-0.0320910327136516,0.012473025839054,0.4018821435024962
988,13.807793,-0.161592,-2.360745,0.727502,-0.665567,0.085888,-0.142774,-6.630128918862343,-7.785812865924835,2.1556287586197254,8.698867037275432,-1.473911253941804,-4.2810806979015466,-1.4904485940933228,1.3966041803359983,0.9213927984237672,0.115075436657063,-0.8464217715593156,-0.0429482622888631,-0.5181536025327222,0.0023164730519056,-0.3475770056247711,0.8991891741752625,-1.338468033620715,-8.815203259935975,-0.1497527545720338,-0.1009562909603118,0.3348581194877624,0.5461141253590583,0.0737025886774063,-0.0105946613216132,0.3284109933719039
989,13.799109,-0.169486,-2.282651,0.724637,-0.665619,0.086357,-0.156188,-6.139114164912701,-7.936907098233699,1.993311121506989,8.797425611183046,-1.78040925232172,-3.950421341080963,-0.3927915692329407,0.769470751285553,1.7958499193191528,0.1127091034227327,-0.8374781760028958,-0.006762572394598,-0.5346786045967608,-0.5884765386581421,0.1959030628204345,-0.8494306802749634,-0.78723758816123,-8.790714130845666,0.6342769774585962,-0.3585972487926483,0.0448767431080341,2.501107206648588,0.0955123901367187,1.0856457305226477,-0.1486609955462627
990,13.793493,-0.176261,-2.241909,0.723011,-0.665465,0.079332,-0.167683,-4.805097265481948,-7.130065230414271,0.7101356437802314,8.66006121354103,-2.57333482299149,-3.814666716723144,0.7442870736122131,-0.1178108751773834,2.522252321243286,0.1398331874259927,-0.8329072829927778,0.0275560736298342,-0.5347455835269252,0.0708976611495018,0.0884267762303352,-2.168982982635498,-1.877722210082412,-8.361543546390532,1.1154026439480482,-0.501495361328125,-0.022758113220334,0.9766046333063392,0.1508545875549316,1.169170036101341,0.2387503404626622
991,13.786505,-0.182987,-2.201926,0.722304,-0.665107,0.075956,-0.173611,-2.718785496455431,-4.941192666101456,-0.3572755610674619,8.260162900799513,-3.6427678890556097,-3.830182850284874,1.168144941329956,-0.6189246773719788,2.798431396484375,0.1855012133079411,-0.8316390835382651,0.0605095948447062,-0.5199078874307753,1.071742296218872,0.2029284238815307,-3.0674962997436523,-0.4480459653168916,-6.5324103029102085,0.7315618781685829,-0.5952106714248657,0.0705745443701744,-0.5582358672421426,0.3407016694545746,0.9475262036643922,0.5340879893375561
992,13.765012,-0.185155,-2.125213,0.725256,-0.663283,0.083348,-0.16466,-1.1562900962620972,-3.964636621177197,-1.562252239087224,7.696352375230193,-4.695939556148648,-3.8580718509465455,0.9440757036209106,-0.6682371497154236,2.7022814750671387,0.2330989512160436,-0.8295706330945725,0.0923010305434891,-0.4989569454937206,2.2432518005371094,0.2803090214729309,-3.4384684562683105,-1.5508727669388054,-4.547946212464571,0.6705950760304927,-0.6771239042282104,0.1149408817291259,-0.1790235832472331,0.1612895876169204,0.8068326615996658,-0.4068426154540851
993,13.75463,-0.182399,-2.085684,0.725775,-0.663073,0.090983,-0.159082,-0.115186468103528,-4.313883774089813,-2.1240303820461035,7.054930202192068,-5.584494661536812,-3.900230492240192,0.4982118010520935,-0.5581802725791931,2.702394962310791,0.2716760436424921,-0.826379551673265,0.1263061583737671,-0.4767974849011014,3.061441421508789,-0.0552892722189426,-3.264999389648437,-3.814601542532444,-2.7027266343191263,-0.2229735466707497,-0.6644604802131653,0.2386203110218048,0.223213456373848,-0.224906250834465,0.7717427896484732,-0.4532449221994727
994,13.741788,-0.176224,-2.04023,0.728653,-0.659037,0.098229,-0.158389,1.04789051181972,-4.041106112873554,-1.8582009325325488,6.302907135275006,-6.416617101085186,-3.907785145403445,0.3776189386844635,-0.2295180857181549,3.018312931060791,0.3066125761726466,-0.819363164009179,0.1669898341318713,-0.4546946125261814,3.2918789386749268,-0.4898141920566559,-3.040534019470215,-4.631161671289801,-1.4692317178234455,-1.0825484220944344,-0.6114229559898376,0.2913134694099426,-0.7256655136063694,-0.4355517923831939,0.6004289953272789,0.0587311840065522
995,13.718113,-0.165707,-1.96423,0.731002,-0.653115,0.105295,-0.167301,2.177884721830487,-2.150590472191572,-1.17722942391634,5.471739219972491,-7.18799310324788,-3.816177413547039,0.3886768221855163,0.1898170113563537,3.044503688812256,0.3394659992992596,-0.805672572413789,0.2132196161052615,-0.4361099895533902,3.1797125339508057,-0.8101686835289001,-2.8334548473358154,-3.519190024703741,-0.6450947240710259,-1.829898967155814,-0.5268869996070862,0.274812787771225,-0.7619002447437494,-0.5742272138595581,0.7173242401100695,0.3835947916617617
996,13.709635,-0.164253,-1.922335,0.729784,-0.654165,0.104958,-0.168721,2.9686168741092085,-0.1231535014599561,-1.0739780160173773,4.627586150890589,-7.858515698564052,-3.605488836497068,0.5470552444458008,0.4181362092494964,2.878326416015625,0.3709588186402729,-0.7854399744500513,0.2586751086096541,-0.4225644840258801,2.63853120803833,-0.9133015275001526,-2.7357723712921143,-3.137577310237288,0.903048617903888,-3.098975776903332,-0.4573504030704498,0.2490469217300415,-1.1927684268970042,-0.4738660454750061,0.5505220049291849,0.9768518860656769
997,13.703023,-0.162279,-1.889055,0.72649,-0.658631,0.102708,-0.166938,3.938461730957031,0.9473094921737908,-1.341720605675876,3.791666949407756,-8.3859444126755,-3.386678327789902,0.3969326317310333,0.2588008344173431,2.538469791412353,0.3993034352734682,-0.7635737081373672,0.2993789119391061,-0.4097367926475262,1.9978007078170776,-1.0231906175613403,-2.5462141036987305,-2.741303617733717,1.991408795017004,-4.481031023316085,-0.4698469042778015,0.2788392305374145,-1.3330970081068574,-0.1645043939352035,0.5851037812277674,1.3411800690583884
998,13.689663,-0.15546,-1.817007,0.721623,-0.664956,0.098548,-0.165474,4.572309961609542,1.3635346703380349,-0.962367360574007,3.019853140349686,-8.737975058826803,-3.270881034311652,0.1900351792573928,0.0616695657372474,2.0992438793182373,0.4211492706172773,-0.7454702262364822,0.333230638057743,-0.3947971230977949,1.4334856271743774,-0.9925228357315063,-2.2890028953552246,-2.193058325564861,2.824816598200798,-5.466882427591085,-0.5246723294258118,0.2652191519737243,-1.3475979732766747,0.0864505767822265,0.658022594705224,0.9646600746210664
999,13.680586,-0.152768,-1.783703,0.719933,-0.666387,0.105183,-0.162977,4.789060322916508,1.6182763241261242,-0.4890954763248562,2.3404237466089426,-8.966531301000714,-3.2084502971008417,0.1564350724220276,0.0189754385501146,1.8042982816696167,0.4383057793559703,-0.7303722613563799,0.3607517199892993,-0.3798719934274643,0.8488051295280457,-0.7004424929618835,-2.05726170539856,-1.4028525352478027,3.697201490032673,-6.197745802101492,-0.4478617012500763,0.2537151277065277,-0.5113756971940397,0.1228694096207618,0.9532973344117402,0.5465545991355553
1000,13.669027,-0.152354,-1.754318,0.719026,-0.665463,0.115864,-0.163508,5.565498869165777,0.8699316534608602,-0.6875204918682575,1.7160164212577045,-9.127233904132249,-3.1494866514787074,0.1852352321147918,-0.0503782778978347,1.6728349924087524,0.453571401508395,-0.716115788243974,0.3843921322985654,-0.3656416638764777,0.6611207127571106,-0.068598635494709,-1.5354496240615845,-1.8419652525246144,3.753314422398805,-6.183471193033457,-0.3166923820972442,0.0274363402277231,1.438905114751309,-0.0028819874860346,1.5566868600450454,0.1167142713258508
1001,13.640738,-0.158246,-1.673115,0.721498,-0.654504,0.134093,-0.181894,6.8391136146038765,0.1554915904849767,-0.6283975640311836,1.103800103633478,-9.254656168952584,-3.0501442337170244,0.4375002086162567,-0.0748561695218086,1.5937693119049072,0.4699789871137416,-0.7011852225596538,0.4047880450759248,-0.3515761763041923,0.4565795958042145,0.0694627836346626,-0.4127505421638489,-4.264804978144169,4.46018083525002,-7.013547221446037,-0.1835832595825195,-0.0878500491380691,1.1060729439362882,0.0080236997455358,1.4517290866196155,0.3864077667232602
1002,13.626791,-0.162558,-1.640308,0.721877,-0.649525,0.141007,-0.192688,7.8679381914258,1.225685704049468,-0.6210013163000345,0.5565097375692799,-9.379739761692283,-2.8073461157009003,0.8318650722503662,0.2186674326658249,1.3281173706054688,0.4887480192021042,-0.6822803381372831,0.421459799356407,-0.3434977214099102,-0.8912883400917053,0.4153799712657928,0.4287356734275818,-2.560944712495804,4.952729959160089,-6.48042935578227,-0.0728571936488151,-0.1393252164125442,2.937442275905609,0.062831200659275,1.562449076833576,0.1166284196733031
1003,13.616123,-0.169381,-1.59076,0.719613,-0.648038,0.1504,-0.198956,9.731430216103792,1.1769593748033047,-1.9912898448124527,0.2577781171408482,-9.484690082463622,-2.4788345845639705,0.814633309841156,0.4961855411529541,0.3145438730716705,0.5032841514975861,-0.66362319782502,0.4312651675874493,-0.346871464337518,-1.9107394218444824,1.0699503421783447,1.065310835838318,-3.0589971099972724,5.406285627809167,-5.725324104940891,-0.0294012445956468,-0.202487826347351,0.5467186671234667,0.0959845706820488,0.6028150867462158,-0.2962426896895281
1004,13.591172,-0.175244,-1.520802,0.717032,-0.643538,0.172418,-0.204927,7.910296154683828,3.983724183484912,-2.2817127605736256,0.4598330318855121,-9.54605319044292,-2.198137674655765,0.6244677901268005,0.7080132365226746,-1.001288652420044,0.5046649037986074,-0.6552405940575468,0.4274735028608506,-0.3650198671308988,-1.4133206605911257,1.091976284980774,1.732787847518921,-2.244686221471429,4.10842199177742,-2.732828927116096,-0.0063336761668324,0.4804782271385193,-1.6500839595362544,0.0020442032255232,-0.8199201797749847,-0.2966856659503653
1005,13.575503,-0.174932,-1.470544,0.715173,-0.640379,0.187107,-0.208407,6.364920231595635,2.8810622170358893,-4.440633838737011,1.0891270698323845,-9.527964576044678,-2.0498970782123505,-0.1310907304286956,0.3882874548435211,-2.044590950012207,0.4926242292048929,-0.6599991214561124,0.4109949204227847,-0.3909036774665823,-0.3883106708526611,2.00400972366333,2.303373098373413,-2.2244962508797643,3.228255944550037,-1.0766095335647463,-0.1915418803691864,0.3998927772045135,0.2594264140708371,0.0367388427257537,-0.285830254208669,-0.1954220526014454
1006,13.561269,-0.171787,-1.43377,0.711018,-0.638736,0.202114,-0.213588,4.664564759197831,-0.4915402391284704,-4.425836082577705,2.0212432306580244,-9.30134251680374,-2.360079756454378,-1.5024698972702026,0.0294929388910532,-2.68700909614563,0.4604341438932556,-0.6862628851545293,0.3864891133040455,-0.4094750233571136,-0.6751043796539307,1.2795026302337646,2.600418329238892,-5.359440290004015,2.4889918214410542,-1.7234715595692396,-0.1872384399175644,0.5206791162490845,0.0305608707690262,-0.100309245288372,0.0534143180990358,-0.3308795023772865
1007,13.527516,-0.168359,-1.355807,0.706586,-0.628511,0.222621,-0.236961,3.25956469052732,-1.7184674676716327,-1.9289710435435168,3.031648792083561,-8.822602722537518,-3.023435090489685,-2.1043970584869385,0.2444088459014892,-2.81325626373291,0.4103449408004764,-0.7219939751282947,0.3645229637177511,-0.4212656001792759,-1.0570679903030396,1.2236508131027222,2.4842474460601807,-3.112053577402234,1.1850780915901065,0.3012250264130532,-0.2195994108915329,0.1817801296710968,0.0044241023358539,-0.3370773494243622,0.336817477591522,-0.5918938066940754
1008,13.509672,-0.167139,-1.32468,0.703804,-0.621491,0.23102,-0.255028,2.82350668464601,-2.348472174638509,0.2689493350997567,4.1243163110017775,-8.125111456274986,-3.6253207874313,-1.619964599609375,0.6732465028762817,-3.320712089538574,0.3521899993225534,-0.7546326661256344,0.3396608090974614,-0.4371752758502094,-1.1642553806304932,0.9497035145759584,2.4163060188293457,-2.2253379624009133,-0.2136407048538327,1.6580021853148936,-0.327073335647583,-0.0357601717114448,-0.6558257422480732,-0.5372456908226013,0.1795978577375412,-0.2885325537036173
1009,13.4908,-0.166003,-1.298345,0.700406,-0.612129,0.243785,-0.274406,0.6984639106869697,-3.267499575179816,0.4377206783965229,5.333876225158572,-7.30185270666182,-3.79513930169344,-0.5253094434738159,0.9032794833183287,-3.676564931869507,0.299205505761025,-0.776730104915222,0.3003141564976573,-0.4658087033717795,-2.938271999359131,0.5813536643981934,1.8064497709274288,-1.034199840119481,-1.2617469052508472,2.6566625100195407,-0.4960419237613678,-0.1218805387616157,-0.8984379823032766,-0.343724250793457,0.0962749838819261,0.4780621872656047
1010,13.452288,-0.163105,-1.239902,0.687318,-0.590322,0.280519,-0.316895,-1.5294471170723438,-4.499267814013361,-1.073614735662937,6.4664405779182905,-6.367564608624577,-3.7161353230834,-0.4399808943271637,0.6029717326164246,-3.648438215255737,0.2529847767647284,-0.7916556344196726,0.2505025369552193,-0.4965164543284286,0.603108286857605,0.3011193573474884,2.214308977127075,-1.170181258970499,-5.799813820996881,3.063749857482314,-0.5812548995018005,-0.1375539898872375,-1.088735732427239,-0.1073629409074783,0.0251576303358655,0.7480891615342349
1011,13.431538,-0.162349,-1.217383,0.678506,-0.579977,0.297048,-0.339145,-3.0481518908560274,-5.13208699387908,-0.8910147734999656,7.312973235613107,-5.338654691606759,-3.7669042640730734,-0.7892142534255981,0.1794170439243316,-3.1005821228027344,0.2070447391634544,-0.806399529057576,0.2043978007870733,-0.5148531721292273,1.514595866203308,0.9164345264434814,2.166268110275269,0.4492670315444469,-4.127546086703241,2.646085001903772,-0.6160989999771118,-0.1186781972646713,-1.137006426860392,0.0375548116862773,0.0344898305486771,0.6309365809895098
1012,13.409894,-0.161709,-1.196419,0.668834,-0.570639,0.312433,-0.359747,-5.766392612910271,-4.439963684390485,0.5178881478279829,8.229576039355992,-3.654532561129332,-3.8844337881714095,-0.754676342010498,0.3803153336048126,-1.5433881282806396,0.1311470899643783,-0.8224525575541708,0.1470469115720927,-0.5336190952233125,0.7247114181518555,0.2959929704666137,1.2903556823730469,1.2119319039851426,-5.330031824690103,3.674484631311893,-0.6497510075569153,0.1707395613193512,0.2963612380352802,0.1134321317076683,-0.0154101455867406,0.305674571434129
1013,13.365475,-0.16449,-1.157347,0.652924,-0.555172,0.338819,-0.38817,-6.062438336989283,-5.586590172511339,0.1246188978374004,8.44571645207107,-3.1407234993085265,-3.869897897818684,-0.9038179516792296,0.3366584777832031,-0.7595082521438599,0.1042269219974289,-0.8236504827973883,0.1375127854637682,-0.5402100087634697,0.9480105638504028,-0.0153434537351131,0.8481704592704773,-0.8889332910507917,-6.330168651688099,4.005535617798566,-0.6952694058418274,0.2814313769340515,0.6654002108011394,0.1531670987606048,-0.0419526566930348,0.3801020907077938
1014,13.342224,-0.166316,-1.150667,0.647289,-0.549584,0.347236,-0.397998,-6.49825902698338,-5.247482136297226,1.0210153643757105,8.52869284144342,-2.911358571100235,-3.867273102273047,-0.8310940861701965,0.3644923269748688,0.2684647440910339,0.0854520858551091,-0.8225008253586825,0.1437652505338793,-0.5436193389969478,0.428376168012619,-0.6411374807357788,0.1432813555002212,-1.2139344759792088,-5.869669447511434,2.842084543865919,-0.7212122678756714,0.4640897810459137,0.8346354452826082,0.1312979906797409,0.0296208705221535,-0.0096006898397114
1015,13.317688,-0.170592,-1.130597,0.642959,-0.544827,0.352967,-0.406426,-5.248032171395421,-5.396989976197481,0.6797527804762125,8.503546125227212,-3.0858155588179823,-3.7865284174755214,-0.3169608116149902,0.491277813911438,1.1957420110702517,0.0832703355693927,-0.8163614092988197,0.1631357329743138,-0.5477286977584975,0.3507042825222015,-0.6770973801612854,-0.7440335154533386,-1.4559680393636223,-6.129402918237448,3.1425393165588376,-0.9387500882148744,0.2507636845111847,1.9722147035948927,0.096197210252285,0.7443352888934314,-0.1802634272404946
1016,13.263817,-0.182007,-1.091874,0.640025,-0.538588,0.361372,-0.411948,-4.399730165940523,-4.76358832026869,-0.3506587732762098,8.363781096184253,-3.5287294219434258,-3.7102065175563097,-0.4138985276222229,0.1562864929437637,1.7224112749099731,0.0925288665029784,-0.8078223618514483,0.1912875349609181,-0.5497913769603154,0.8224592804908752,-1.118571639060974,-1.363328456878662,-1.644314436224103,-5.380339870169759,1.7552537682771685,-1.0824646949768066,0.4507670104503631,0.6765429515842348,0.2120359688997268,1.0356491621449588,0.1262829768584109
1017,13.234326,-0.184221,-1.070324,0.640652,-0.535031,0.36599,-0.411532,-3.154855777296424,-4.703133267045021,-0.7109080894574522,8.07269504033923,-4.140598460499942,-3.7225545424759385,-0.0995758324861526,0.1190827339887619,2.260304927825928,0.1096710731720821,-0.7991706220465963,0.2261056790684346,-0.5460538073354092,1.5894043445587158,-0.8538872003555298,-1.6716324090957642,-1.542369727009535,-5.236407784575223,1.4041355607956647,-1.3680797815322876,-0.0122923394665122,0.5381689750408754,0.3616684675216675,1.3993945037484168,0.0807509044757578
1018,13.203195,-0.182226,-1.048767,0.641872,-0.527761,0.371464,-0.414104,-1.6474825448662045,-4.116174505600333,-1.824477526628971,7.639720387426018,-4.900538584151864,-3.7134602586552496,-0.3800609707832336,0.1903960406780243,2.691250801086426,0.1331985186044041,-0.7857216283551879,0.2682821356168153,-0.54122490247174,2.2872817516326904,-1.3284322023391724,-1.8239483833312988,-2.819485758566856,-3.945060398569703,0.0023890140283852,-1.456578016281128,0.179588183760643,-0.3907346900116652,0.0758824571967125,1.1125671282611789,-0.3484914391744881
1019,13.143611,-0.171196,-1.009589,0.636844,-0.515177,0.384441,-0.425709,0.9625468087941408,-3.158888978335261,-1.716230502399802,6.652811290791631,-6.12298194527924,-3.797316937993467,-1.5393537282943726,1.1248455047607422,2.351210355758667,0.1533017285783736,-0.7450270550216955,0.3722149472982978,-0.5318735220276043,2.542085886001587,-1.228217840194702,-1.8904848098754885,-2.83117210470736,-1.834975539767742,-3.2731559935063124,-1.4930957555770874,0.3839142322540283,-0.7199237550839781,-0.4903188347816467,0.4243613210098818,-0.2050467900370247
1020,13.116158,-0.16887,-0.984384,0.632251,-0.514436,0.39293,-0.4257,-0.0839472802311182,-2.072214270091057,-0.3448801898747682,6.271910523986816,-6.463413339051604,-3.880436242967844,-1.7279037237167358,1.4538878202438354,2.352118015289306,0.1428822406110418,-0.7175866445281905,0.4276875036572997,-0.5307894052518005,2.1574692726135254,-1.3890570402145386,-1.839280724525452,-1.8542326134234663,-0.9319234147325156,-4.613116896033287,-1.5593317747116089,0.4858804941177368,-0.6649276248533278,-0.5390050411224365,0.5682759440129622,0.4632879946449771
1021,13.092112,-0.16898,-0.964836,0.62588,-0.517949,0.399562,-0.42468,0.3516945460647344,-0.5333972671270371,1.0099579637885092,5.396035451951622,-7.053827793908119,-4.158931989569962,-1.5131161212921145,1.0335181951522827,2.370226621627808,0.1225896147586648,-0.6522521024129777,0.5353631603668966,-0.5224225593290052,0.7868639826774597,-0.9768158793449402,-1.5017826557159424,-0.057158642026782,0.5138400414809584,-5.926024956461787,-1.5195930004119873,0.1416234970092773,-0.8205997595369815,-0.2055317610502243,0.939311771418154,1.2960152316860851
1022,13.040797,-0.165219,-0.931557,0.618094,-0.515901,0.394445,-0.442966,0.6188175425201654,-0.3972755630224943,1.7387965544730424,4.853728317660093,-7.3129510237813,-4.37406351750344,-1.2023175954818726,0.6582919359207153,2.4638378620147705,0.1205511768818134,-0.6199910421471236,0.5819160471234502,-0.5123008515969865,0.3896961510181427,-0.8209822177886963,-1.1367496252059937,-0.4125122951209545,0.3622887130543589,-6.259719735455513,-1.3230029344558716,-0.0337462686002254,-0.918547215808928,0.0128309121355414,1.1871136160057036,1.512686244146526
1023,13.011352,-0.161608,-0.904168,0.613927,-0.511919,0.400232,-0.448159,1.4161746658965944,0.2372936753809452,2.138828138205409,4.160969048355519,-7.601859151065349,-4.59004230991602,-0.7706044316291809,0.194659486413002,2.699793100357056,0.1295116765137584,-0.5869102681108268,0.624150120135771,-0.4991991490571936,0.0219050887972116,-0.6738766431808472,-0.8876105546951294,-0.0417038832634687,0.957227367337048,-6.460150537863373,-1.1456902027130127,-0.0215350333601236,-1.106240263327211,0.2093909531831741,0.7994969849493354,1.4338858252845703
1024,12.986507,-0.158861,-0.892116,0.605299,-0.511755,0.414891,-0.446751,3.541984040313959,-0.0512403578937053,1.469594998177886,3.307827493914961,-7.895565034019946,-4.784217851321399,-0.4640666842460632,-0.3335177302360534,2.708539724349976,0.1501506815153372,-0.5543173173907798,0.6608021902583868,-0.4832469633012738,-0.6886910200119019,-0.2594249248504638,-0.8713522553443909,-0.3103448830664158,1.6038579226732252,-6.803937087282538,-1.0271927118301392,0.110423743724823,-0.2375952521434053,0.3623135089874267,1.0054664975881575,1.170669919270277
1025,12.927584,-0.160321,-0.855687,0.592556,-0.500579,0.434535,-0.457686,6.143014094960689,-0.8840162929147481,0.5903296991825103,2.364632305192202,-8.122521439781785,-4.960196641778945,-0.2532517910003662,-0.724668025970459,2.478232145309448,0.1786566979350745,-0.5257539249822641,0.6902770868324324,-0.4638773133497255,-1.2116045951843262,0.2794402837753296,-0.6926449537277222,-2.2555156585216523,2.2181527270719408,-6.766579124268889,-0.9141846895217896,0.0709962323307991,1.0825609893150627,0.4438713788986206,1.4472991413481533,0.984460607503727
1026,12.895747,-0.164167,-0.84229,0.592624,-0.489904,0.435376,-0.46823,7.645788309162855,-0.1170084228336811,0.8804168071180581,1.4768687885731455,-8.261800731134414,-5.072663914051652,-0.16386179625988,-0.3450847268104553,2.1943092346191406,0.2063467095366569,-0.4992124341354081,0.7137372201228985,-0.4458556408952692,-1.1082878112792969,0.9344163537025452,-0.3131130635738373,-2.396179682230949,2.7933380486145616,-5.0883425446987145,-0.6430443525314331,0.4156988859176636,2.4092132051967083,0.3530562818050384,1.165780905119702,0.4686464164055883
1027,12.864876,-0.168471,-0.828887,0.590795,-0.484253,0.438054,-0.473887,10.35020275043845,-1.0281225660324096,0.1438064133882522,0.895960120947659,-8.321083525708318,-5.111474998483062,-0.1098842993378639,0.8791860938072205,1.4272511005401611,0.2186358671566918,-0.4710057560346808,0.7340069900915653,-0.4377048582271829,0.4708629250526428,1.7436860799789429,0.6045829057693481,-5.042231950908899,2.308487077991664,-3.978299528087675,-0.5905147194862366,-0.1732310950756073,1.0528539063807576,0.4791954755783081,0.7309473995320499,0.5669912744972855
1028,12.801253,-0.175792,-0.78598,0.580712,-0.489599,0.453392,-0.46637,7.901182873901725,3.801156954547763,0.8410422435849905,0.8840409889645874,-8.336973168757558,-5.087608385205269,-0.084816887974739,1.966047525405884,0.5226311087608337,0.2040281040736186,-0.4440135893207798,0.7498318203087952,-0.4460681300265824,1.828763723373413,1.2485408782958984,1.220449924468994,-1.2319997095018624,2.623526548615098,-0.8948904458895325,-0.4466734826564789,0.476067453622818,-1.8538880377694964,0.122306503355503,-0.9141046302516012,-0.1638477875557728
1029,12.769094,-0.177208,-0.768191,0.576908,-0.491623,0.459398,-0.463074,6.874324628716707,4.480988060957193,-0.0425263055622577,1.2610229748904704,-8.29390384235978,-5.078521407908201,-0.3341258764266968,1.7801446914672852,-0.4962623715400696,0.1733036827268157,-0.4265232949829999,0.7596120134448392,-0.4593836757867808,1.6270194053649902,2.315063238143921,0.9909341335296632,2.4654046096265314,3.1462215122029185,-0.7419841957226395,-0.4524917900562286,0.6527184247970581,0.8467666856463998,-0.0953664034605026,-0.166605872358568,-0.1335691335448995
1030,12.731739,-0.177152,-0.744298,0.57107,-0.492518,0.466444,-0.462315,6.881282777291536,1.439417302057147,-0.7558119378060102,1.9320726628206668,-8.176400914007425,-5.058057296550274,0.0356949716806411,1.1264585256576538,-1.6869124174118042,0.1383012660210934,-0.4302650466121736,0.7568098457890592,-0.4722113712258696,-0.2808379828929901,1.9611707925796509,0.9530882835388184,-3.105488227537274,3.1925238291725515,-1.167340774847567,-0.5159202814102173,0.4818164110183716,0.2877260413600132,-0.1316322386264801,-0.0174116136107535,0.0742121914559742
1031,12.662398,-0.169136,-0.711551,0.551961,-0.490138,0.489441,-0.464276,5.211095648664236,0.3524754673093557,-1.119889580103755,2.717751477232575,-8.064197845628858,-4.873694708628952,0.68833327293396,0.1186256408691406,-2.3495328426361084,0.1129570040622652,-0.4538579976574575,0.7365474789579859,-0.4886219148401675,-1.084644436836243,1.0295521020889282,1.1056067943572998,-3.539255492132902,1.6293863316833972,-0.4767996199838817,-0.5688886046409607,0.114082433283329,0.4450338509541005,-0.355937659740448,0.2590127369697205,-0.3287042772300541
1032,12.626541,-0.166555,-0.699097,0.547863,-0.481403,0.497862,-0.469288,4.541503612196445,0.1717564965873956,-1.1727879343375562,3.559426758024096,-7.866420772600174,-4.6497602810367935,0.8360853791236877,-0.3058584332466125,-3.160146951675415,0.0953071557128728,-0.4931408370997657,0.7027687460248758,-0.5038300091132261,-0.8515337109565735,0.95086270570755,1.3204169273376465,-1.1097048706978558,-0.1042377885878086,1.5281015476822852,-0.5230317711830139,-0.1375767290592193,0.119762269852776,-0.6643370389938354,0.318667196133919,-0.1930612234879285
1033,12.592766,-0.165238,-0.687495,0.544021,-0.469299,0.502563,-0.480865,2.534864222560823,-0.6597369974076748,-1.2368535792738198,4.571875077323615,-7.473666486394405,-4.405980458506941,1.0735881328582764,-0.341921329498291,-3.736008882522583,0.0738620666321312,-0.54200773193993,0.6564069673242,-0.5195208825611728,0.4134869873523712,1.0098172426223757,1.3343497514724731,0.4286106124848127,-1.9932573454931373,3.459822474455833,-0.3743923008441925,-0.2598442137241363,-0.4501037015642971,-0.6607386469841003,0.2379682684405706,0.7430280056871473
1034,12.53089,-0.165843,-0.676198,-0.538288,0.444326,-0.506699,0.506039,1.1835539507627486,-2.213843923962116,-1.9144553191959857,5.606701232647896,-6.8609285560488695,-4.202730214764178,0.9542457461357116,-0.5524020791053772,-4.029427528381348,0.0506101162570998,-0.5943534197740232,0.6008524099998329,-0.5321268615029695,-6.414054393768311,-0.1561055779457092,0.0023603169247508,-0.410913043230772,1.491816182336211,3.6334687303125857,-0.3465265333652496,-0.3484441936016083,-0.7714796086676419,-0.3941916823387146,0.1048051858127582,1.4535558636553585
1035,12.499912,-0.165046,-0.670705,-0.534764,0.430756,-0.510204,0.51785,-1.242032443216443,-3.281002030831575,-1.661425730022788,6.547284631437063,-6.026457507547736,-4.121320051795244,0.6440090537071228,-0.498636394739151,-3.804938554763794,0.0239932970263732,-0.6448402103214658,0.5425034110242637,-0.5378620344604148,-2.866936445236206,-0.9779006242752076,0.3639565408229828,-0.3480675877392292,-5.671912832748889,2.648615981686115,-0.3269304633140564,-0.3146839439868927,-1.114461636770889,0.0187386702746152,-0.085430559325125,1.5139606479965149
1036,12.46888,-0.163001,-0.664688,-0.527832,0.420183,-0.51631,0.527507,-3.651699383530021,-3.2538784615844487,-0.8698135800391436,7.219358547848462,-5.188674558019637,-4.1387060708820815,0.4172956645488739,-0.4377747774124145,-2.799344062805176,-0.0003486962881318,-0.6843967569189114,0.4925610319652612,-0.5375728063037678,4.285312175750732,0.4034600257873535,0.7325242757797241,3.862996447867155,-7.848251494181156,3.171633309096098,-0.3121317028999328,-0.2946061193943023,-1.468959769014269,0.1469016820192337,-0.2039669223784469,0.8708447497177868
1037,12.408825,-0.159181,-0.661526,-0.515863,0.41338,-0.524529,0.536537,-3.7773207364082335,-2.600894445568323,-0.5168570512145757,7.616122654217481,-4.552381272302568,-4.176226530981063,0.163336306810379,-0.2403162270784378,-1.9878348112106323,-0.0175569351583908,-0.7101652543435413,0.4567204963792861,-0.5355029428964059,3.1916868686676025,0.6710954904556274,0.6219998002052307,2.698540580806136,-2.367913518819958,-0.15321020154953,-0.2162117511034011,-0.121128462255001,-0.8409574879109859,0.0628715604543685,-0.3019581995258107,0.6449906791746616
1038,12.374532,-0.161433,-0.653091,-0.515683,0.41337,-0.522086,0.539094,-4.086941981375217,-3.321022198791802,-0.3496282611846923,7.893273708212376,-3.98174177749604,-4.244096244375408,-0.3800646960735321,-0.0800416097044944,-1.5610108375549316,-0.0367616663962818,-0.7275747448686976,0.4324623410520137,-0.5312813804441354,1.5313376188278198,-0.0076049463823437,0.1906081289052963,0.8154629811704158,-2.5267741473466154,-0.2359662261694669,-0.1396887153387069,0.1201985850930213,0.1873241046080365,0.1129342317581176,-0.301166702088248,0.8257436252314597
1039,12.342208,-0.161889,-0.656664,-0.518913,0.413639,-0.5144,0.543162,-5.229544328546524,-4.908910691177844,0.1332940794631838,8.067869227617978,-3.5234672636315225,-4.320302993482351,-0.5794104933738708,0.0819557979702949,-0.670685887336731,-0.0565270401306699,-0.7369955031172047,0.4208465001973441,-0.5258616046051027,1.9378653764724727,0.33128622174263,-0.1233042627573013,-0.2045657102555036,-4.268914751550555,0.8111977249413729,-0.1426303386688232,0.1390055865049362,1.0736191195771096,0.2776929140090942,-0.1144497330605052,0.7478734729569405
1040,12.267838,-0.175618,-0.639393,-0.530725,0.419609,-0.497199,0.543187,-5.692163593617082,-4.745148408214748,0.7777771013766527,8.108961700984835,-3.3957360789924858,-4.345587072342634,-0.5679846405982971,0.2804557383060455,0.5008452534675598,-0.0674382460621063,-0.7351631548055415,0.4255565956641478,-0.5233439520709938,0.4842977523803711,-0.357409119606018,-0.424244612455368,-2.6568822902500626,-2.2219386753514407,-1.075308095577359,-0.1804573833942413,0.2868615984916687,0.3516202752521261,0.2946151494979858,-0.2707991642175242,0.1279084957010112
1041,12.231726,-0.179309,-0.642634,-0.536131,0.424946,-0.491108,0.539257,-2.725624402564764,-4.274674045729637,1.1614961404725908,7.604557304108142,-4.594495489932596,-4.151105241467058,-0.7425872683525085,0.8598974347114563,2.6704585552215576,-0.065083023759714,-0.6638447836293537,0.5205358545652757,-0.5330259282532025,2.1044394969940186,-0.0742175802588462,-0.7956315875053406,0.2186971114605665,-2.85396261318624,-0.219691967716813,-0.1920069903135299,-0.4243982136249542,1.3264238139532505,0.1811343133449554,1.3620301109939812,1.1151811832170933
1042,12.190756,-0.181426,-0.637327,-0.542349,0.427966,-0.484213,0.53688,-1.6386749690324067,-4.297295042860508,-0.97213413682878,7.230781274616718,-5.262153051206469,-4.024415090313553,-0.6730890870094299,0.7323870658874512,2.492573499679565,-0.0541516199106918,-0.6263216857326122,0.5593828882720859,-0.5402587275450229,2.366011381149292,-0.2353677451610565,-1.0172467231750488,-1.3095955748796462,-2.5140365385875105,-0.4428659323304891,-0.2270176708698272,-0.5528270602226257,-0.535635072649084,0.1756510585546493,0.8827144165359437,0.7513423181112855
1043,12.109328,-0.170366,-0.640338,-0.54029,0.438375,-0.488921,0.526184,-1.3547504753798243,-3.6217274391144514,-0.849760095308721,6.773875711017847,-5.814419269454479,-4.05925113363415,-0.8981754183769226,0.4103128314018249,2.45415997505188,-0.0441152139107504,-0.5912563668871671,0.5978127757001667,-0.539527240657096,1.8149280548095703,-0.6844014525413513,-1.2094922065734863,-0.7748544919282198,-0.9484488714672624,-1.4147083927363155,-0.2339189648628235,-0.3539124131202698,0.3368936846328899,-0.0327049307525157,0.9308347427129744,-0.0051640516784478
1044,12.069017,-0.160673,-0.640209,-0.534785,0.442681,-0.499832,0.517887,-0.8060720524907111,-3.026123014399409,-0.1737418251857161,6.251236569270492,-6.3043818840026855,-4.165001372611522,-0.8059645295143127,0.3912167251110077,2.3900461196899414,-0.0327215131257224,-0.5566026125094076,0.6344678895359287,-0.5353255833616116,1.2277723550796509,-0.7893714308738708,-1.33424973487854,-0.9181950413703918,-0.7014581240668892,-1.7706114964067934,-0.235465332865715,-0.0706482157111167,-1.188849353757128,-0.2528395652770996,0.1323771016155835,-0.3451096512490883
1045,12.030947,-0.152427,-0.645749,-0.534899,0.444248,-0.504252,0.51211,0.2083966667205095,-0.9914467400640248,0.0095925887316465,4.921779525101185,-7.372847566339373,-4.193759849584103,-0.0187675915658473,0.1020087525248527,2.9623842239379883,0.0074570168370199,-0.4788367042623674,0.6960873906621863,-0.5349039888446359,0.452847421169281,-0.7400372624397278,-1.531796932220459,0.7123387067824601,1.09727618175745,-3.240095435425639,-0.2131936699151992,0.3145215809345245,-1.044072634031996,-0.192913606762886,0.3646761561801657,0.8350191108379512
1046,11.958244,-0.146897,-0.639609,-0.539308,0.449414,-0.498123,0.508968,2.430302316585183,-0.6457143172740936,-0.60399143704921,3.997828988943994,-7.885124304026365,-4.244116994902491,-0.171810582280159,-0.372059553861618,2.9087252616882324,0.0399883522031337,-0.438352424747637,0.7240420499279521,-0.5310471439645275,0.5057550668716431,-0.495767205953598,-1.4502239227294922,0.2923106292039156,1.1626795050382617,-3.48262905728668,-0.2419066876173019,0.2004138380289077,-1.3408252642713487,0.1181831806898117,0.4901069183897227,1.0831472647704183
1047,11.922486,-0.146163,-0.635489,-0.546987,0.450868,-0.488513,0.508801,3.4884850898385045,0.046212885120511,0.038290275427699,2.967778377458453,-8.266104565808176,-4.362817024084926,-0.0275304745882749,-0.6672274470329285,2.928588628768921,0.0773895612929794,-0.4016081966354299,0.7491012075861705,-0.5211228426142853,0.4404152631759643,-0.4683144390583038,-1.2789608240127563,-0.0111176063418388,1.8084692256361248,-3.9474098843052974,-0.2218824028968811,0.1512312889099121,-1.939609926457703,0.3178780078887939,0.3382209877138957,0.976435779545456
1048,11.888376,-0.14255,-0.629014,-0.553369,0.454207,-0.478714,0.508244,5.235103131717443,1.4322569089084862,-0.0480441922008991,1.8729823220789432,-8.562788003268837,-4.397839529888332,0.1555423140525818,-0.6451388597488403,2.8357479572296143,0.1182406859783183,-0.3643670075489635,0.7690670300174908,-0.5116559169728198,0.0808554887771606,-0.2289932072162628,-1.181613206863403,0.7510802331089973,2.6146795175537467,-4.175810059134662,-0.0925732925534248,0.1671821326017379,-0.3982197485374286,0.345154196023941,0.7190927841525524,0.7004777347274124
1049,11.825561,-0.132854,-0.618005,0.550664,-0.472055,0.476681,-0.496697,10.526869815421104,0.7071335393548012,-1.6735159807890652,0.1134107545347418,-8.82302708542943,-4.279216949856281,0.3936827480792999,-0.2902260720729828,1.455110788345337,0.1836252393215779,-0.3033271732623019,0.7913102887895,-0.4980987313807125,-0.5314976572990417,0.5274055004119873,-0.2281583100557327,-2.723202728375792,2.725412221118808,-4.634542253638804,0.0143503006547689,0.0290970411151647,2.072265415756404,0.4234637916088104,1.1436462302010506,0.6933980786647648
1050,11.787714,-0.132979,-0.611294,0.547809,-0.474905,0.480592,-0.493358,11.231208171099423,1.3221160337567328,-1.979261845627427,-0.1994756205748766,-8.875222552090882,-4.166654108254611,0.1995249986648559,0.4554243981838226,0.321329116821289,0.1939096867007441,-0.2874580639086033,0.7936044954887701,-0.4999587461102617,-0.976123869419098,0.4888360798358917,0.629361629486084,-4.188575140422582,2.6612054141461847,-4.0955484816789625,0.1279904246330261,0.1299218982458114,2.663388895665109,0.3849031925201416,0.8562418585434556,-0.0271227883624145
1051,11.751285,-0.135383,-0.60946,0.54808,-0.470353,0.482344,-0.495702,9.69670727776885,1.779379909273982,-1.8818512727111576,0.0345249726440059,-8.893748973384499,-4.131634232799708,0.0979065895080566,1.2483294010162354,-0.7528995275497437,0.1778319809646507,-0.2817825556052414,0.7945145128373388,-0.5076622757177475,-0.8988871574401855,0.7483782768249512,1.538779377937317,-3.0329496455490585,2.248893610033393,-2.7103897162929176,0.1486531645059585,-0.3355147540569305,0.3051964690609834,0.357179582118988,0.1197165675475262,0.1436983133712783
1052,11.665374,-0.146833,-0.596435,-0.551058,0.454181,-0.483247,0.506485,6.569767096880078,3.594489303576946,-1.690890893959999,0.6239110662668943,-8.917697419726847,-4.031849039706588,0.4085776209831238,1.0007057189941406,-1.35937237739563,0.1485546786052329,-0.2857891512443797,0.7898681200798967,-0.5218855103749619,-0.5860639810562134,0.5803415775299072,1.94525957107544,-0.9164420602232216,1.486922565075755,-0.3433487425237894,0.2101089358329773,-0.0989866778254509,-0.5504983683252707,0.092683307826519,-0.3724844918435439,-0.0095259189868927
1053,11.625697,-0.153889,-0.591187,-0.548931,0.451705,-0.487111,0.507307,5.577703101700544,3.627656829163432,-2.5252374392986296,1.266571110536903,-8.933058070465922,-3.8427413030847903,0.5227307677268982,-0.2797891497611999,-1.9283602237701416,0.1278545937183141,-0.3054246391382287,0.7762995999827428,-0.5364027839178243,-0.5506386160850525,1.0183823108673096,1.922243595123291,0.535460044875741,1.7225132359310984,-0.4336113433815539,0.2547097504138946,0.1357143819332122,-0.3802209313144907,0.046776995062828,-0.6921608650200068,0.0796064836809877
1054,11.586164,-0.159295,-0.585001,-0.544582,0.453473,-0.492663,0.505051,6.098205815941095,1.5257997004806994,-3.107638975830376,1.961574505506456,-8.84966024081111,-3.74247037230134,0.3321792185306549,-1.416739583015442,-2.7321834564208984,0.1192437763467065,-0.3496956906863434,0.7540065027153331,-0.5431094823569788,-1.0997155904769895,1.1167157888412476,1.9501451253890991,-2.2176678661644456,0.5525608172804117,0.8408318157047033,0.1816340386867523,0.0501358769834041,0.0439293681600596,0.0536202490329742,-0.90170940518938,0.1198797952852211
1055,11.494327,-0.159933,-0.560637,0.535945,-0.460295,0.501527,-0.499361,6.245822727528214,-1.5608166533261536,-3.0453444322198626,2.7687948512494565,-8.571892516222595,-3.876442204895616,-0.2075917422771453,-1.925790786743164,-3.363252639770508,0.1121370862137795,-0.413426974110326,0.7257559422896995,-0.5383137198431079,-1.6521010398864746,0.1651105284690857,1.6264777183532717,-4.248827072289586,-0.6995698261022567,2.3183757270604373,0.1313934624195099,0.2079305797815323,0.6230700853981077,-0.1094177290797233,-0.7267348233383149,-0.3208788808340206
1056,11.451385,-0.154004,-0.549308,0.523119,-0.46931,0.509669,-0.496319,5.728675753456354,-4.067145394015312,-1.804242255590856,3.6741017694741487,-8.020579653176664,-4.282714728844166,-0.8249485492706299,-1.4708820581436155,-3.793700218200684,0.0945852434702517,-0.4846645772021853,0.6953113931724663,-0.5222029106930552,-1.0891956090927124,-0.2151262313127517,1.198792815208435,-1.2918693640530108,-1.7501314568273725,4.5337925994277,0.1512332707643509,0.054377507418394,-0.1073830460772849,-0.4833115637302398,-0.3643959509992971,-0.4576353026455268
1057,11.402751,-0.148052,-0.535348,0.513268,-0.473284,0.51793,-0.494274,3.098802173902094,-4.350265001025796,-0.3005783990725875,4.672776122704148,-7.209239304894209,-4.7288902241140605,-1.122994303703308,-0.3187837898731231,-3.7398488521575928,0.0575739512157036,-0.5469691668559864,0.664778938902575,-0.5055480971740943,-0.5233928561210632,-0.3910756409168243,0.8844596743583679,1.4118366366922854,-1.6606782726563512,3.5918507717669006,0.1601542234420776,-0.0493262000381946,-0.7382025582920759,-0.5845339894294739,-0.3348006578763947,0.4873028572870418
1058,11.31706,-0.141141,-0.523604,-0.501669,0.451081,-0.528059,0.51576,0.971349123930931,-4.48116107943654,0.174055421179533,5.668072523933649,-6.221969558253884,-5.032939221906662,-1.3371121883392334,0.4589716494083404,-3.5001587867736816,0.0058974549007321,-0.5934211798102278,0.6359715224451082,-0.4933121653037216,-0.9339202046394348,-0.5998511910438538,0.6877366900444031,1.9995108529299497,-1.0204365415744483,1.6112258210927246,0.12734255194664,-0.1247197315096855,-1.5086875298991798,-0.4339823722839355,-0.3777782874027267,0.8357905336018652
1059,11.273629,-0.143212,-0.516259,-0.499395,0.435968,-0.528412,0.530394,-0.8166706033945084,-4.92081857111454,0.6866489697307347,6.551082270154357,-5.108641236361861,-5.211090972489118,-1.4113669395446775,0.5259565711021423,-3.2969236373901367,-0.0508878091113237,-0.6296379918918326,0.6076575503372387,-0.4813716606503023,-0.926578938961029,-0.7078914642333984,0.6143060922622681,1.7054197700500486,-2.009527512292564,0.7435509335827082,0.0893087983131408,-0.1498920768499374,-1.5031051997222005,-0.2652468085289001,-0.3946977118911221,0.9918481604717672
1060,11.23563,-0.142583,-0.513864,-0.496924,0.423819,-0.529351,0.541509,-2.433153614363074,-5.461994655549526,1.7053543035984038,7.206595512387156,-3.9371930261954655,-5.360404166600108,-1.358425855636597,0.2149574607610702,-3.059002637863159,-0.103557465842252,-0.6615409370640478,0.5793687360596789,-0.4647273212483904,-0.558976948261261,-0.6342228651046753,0.62567538022995,1.3053706506609917,-2.761210095208883,0.3938238881986588,0.0492775104939937,-0.2227516621351242,-1.874082684536278,-0.1522974669933319,-0.5959485985102132,0.9345197879012672
1061,11.159675,-0.13484,-0.504559,-0.485058,0.407779,-0.54278,0.551203,-4.088431927672028,-5.888888527244329,2.822533455699682,7.625116692534089,-2.828100442177057,-5.47994707634747,-0.9323768615722656,0.1392598301172256,-2.679426431655884,-0.147117435701246,-0.6899223348839497,0.5508236779567268,-0.4460458267849079,-0.1540590077638626,-0.5978904366493225,0.6658400893211365,1.9230419457554817,-3.0883406933814284,-0.0344751010537147,0.0422682799398899,-0.0811955779790878,-1.331221569623798,-0.1191951930522918,-0.7844877779964358,0.9087651689197868
1062,11.12326,-0.132072,-0.498842,-0.47895,0.407899,-0.549127,0.550168,-6.288080737543106,-6.6695683643251655,2.788487978234887,7.901322574633359,-1.9155895839229224,-5.483610859552026,-0.7643031477928162,0.3420150578022003,-2.0120017528533936,-0.1816004659897147,-0.7108211276151357,0.5237553470587671,-0.4329375115600732,0.2756742537021637,-0.1098463609814643,0.5839813947677612,2.425188334572315,-3.517776358513534,-0.2833025623619556,0.0365195423364639,0.0795563012361526,0.5865355675965547,-0.1993739902973175,-0.6532090569436549,0.407745738306269
1063,11.086186,-0.13246,-0.491232,-0.4754,0.412995,-0.550657,0.547912,-7.653118798181414,-8.351280511051415,2.277855500623584,8.132855786791444,-1.319947603676468,-5.318341386896371,-0.6241156458854675,1.054074764251709,-0.721014142036438,-0.210078804683758,-0.716975926259765,0.5070556738550248,-0.4297753820604081,0.6561355590820312,0.2470518946647644,0.5217269659042358,-0.1930757634699344,-4.060656031996012,-0.8211100471466779,-0.128721684217453,0.1563510596752166,2.016758778720349,-0.1060671508312225,-0.5427413609903305,0.8293200954787433
1064,11.003042,-0.14255,-0.470916,-0.485195,0.421069,-0.53344,0.550208,-8.11630154235363,-9.051215078812836,0.8341022151887416,8.408543782496452,-1.1156124142412096,-4.921602999490499,-1.4889366626739502,1.5150729417800903,0.7545970678329468,-0.2377375644529792,-0.7010126254131667,0.5094244033069599,-0.4388039427261441,0.2754372358322143,-0.0428279154002666,0.1410281807184219,-2.804365930846333,-4.001068993778526,-1.811018325597048,-0.2023356854915619,0.2348866164684295,1.3246334234051405,0.0821696743369102,-0.729424939205125,0.4200964666396379
1065,10.960071,-0.149832,-0.46308,-0.492267,0.424944,-0.521577,0.552316,-7.966632374411821,-8.349923251223563,1.6352525933682918,8.618905611810087,-1.3711344778172672,-4.472682589426636,-1.5701698064804075,1.5415799617767334,2.499588251113892,-0.2617846358179753,-0.6614996363388513,0.5389448686913652,-0.4510272972347379,-0.5379976630210876,0.1761746853590011,-0.5902073979377747,0.1696639082223177,-3.242324801912904,-1.6404846488028764,-0.3984622359275818,0.5056328177452087,3.743272628594935,-0.1871732324361801,0.2560521153321489,-0.5198803445585072
1066,10.920026,-0.155271,-0.45886,-0.497637,0.429971,-0.514815,0.549953,-0.6727993080765009,-7.00356475661397,-1.3231214114069938,7.776096358552575,-4.514490225325525,-3.914344942310452,0.6654045581817627,-0.9410874843597412,3.57543683052063,-0.2051324003213357,-0.5136081889985603,0.6601383798878385,-0.5082761980010899,2.1126396656036377,0.4905106127262115,-1.2137935161590576,-1.1365613134413957,-3.544884437930584,0.949584451368451,-0.9771446585655212,-0.0561355166137218,0.8006520732685923,0.3902769088745117,1.007984106432274,0.2169902162111364
1067,10.833302,-0.161128,-0.452778,-0.502219,0.439204,-0.514989,0.538202,1.945235657384992,-4.628202236962318,-1.4330343230217697,5.712020386731624,-6.820870686426758,-4.125404690760374,1.637668490409851,-1.1894426345825195,3.637716054916382,-0.0715178267283866,-0.4504561064569965,0.7123386858159672,-0.533430610375585,2.744662284851074,-0.1830615550279617,-1.6586204767227173,-1.2866723799318074,-1.1053265094831586,0.0609171177774667,-0.5169792175292969,-0.3123063743114471,-1.152582035524398,-0.6698681116104126,0.2700194302829913,-0.1110961117836646
1068,10.785792,-0.157134,-0.448634,-0.503144,0.438978,-0.518221,0.534407,3.132739514817297,-3.038956777009368,-2.267179208308458,4.490697846327722,-7.813809710875153,-3.86631682446152,1.1830278635025024,-0.4614651799201965,3.801817417144776,-0.00661271074543,-0.4073097966673759,0.7288525395347677,-0.5502990303444251,1.8830764293670648,-0.7505506277084351,-1.8889797925949097,-1.307124800851941,0.3975292455226182,-1.0852418989621102,-0.277599036693573,0.0177287720143795,-2.0638918474257,-0.9086597561836244,-0.0911692308412864,0.3107769543407485
1069,10.740398,-0.150349,-0.448098,-0.50439,0.431297,-0.523205,0.534631,4.827388884527981,-1.3230682199150323,-2.351834052287042,3.220869049169123,-8.506026836127042,-3.6665903709307313,0.1241342797875404,0.2241595983505249,3.822232961654663,0.0425308011661115,-0.3515724373433651,0.7505603970477591,-0.5578951553547608,1.201658844947815,-0.7983033657073975,-2.1337506771087646,-0.7614379609942435,1.061456680357456,-1.4173586149841546,-0.1437084376811981,0.4011517763137817,-2.137700741610676,-0.950731098651886,-0.3110698728727176,0.5428751799704506
1070,10.656656,-0.136153,-0.442822,-0.503867,0.421875,-0.528814,0.537119,7.938283647283911,0.1173638121426105,-0.226441441977024,0.97742413299568,-8.890466882973909,-4.021770421023667,-0.8985454440116882,0.343015968799591,2.7541561126708984,0.0970250025419187,-0.2393976685934288,0.80482419646723,-0.5343528630284867,0.6217980980873108,-0.7253770232200623,-2.0138182640075684,-0.292860079780221,2.766584189462661,-2.759231488612294,-0.1367896497249603,0.3662552833557129,-1.006782548622787,-0.1504305899143219,0.4468360780704766,1.3115782731294632
1071,10.621388,-0.130895,-0.435962,-0.500967,0.433229,-0.527488,0.532073,8.599335234421492,1.6680588844269513,1.124736435613036,-0.4744622265448793,-8.785423038700223,-4.331470284184813,0.2714442610740661,-0.4125205874443054,1.4638962745666504,0.135369731234438,-0.1729558274855039,0.8312218726817658,-0.5107167600627908,0.6165162324905396,-0.3157587349414825,-0.965905487537384,-0.5655190830528736,3.6223289121389386,-3.5204514229416843,0.0241699609905481,-0.1002514213323593,1.2885052944473925,0.2374571114778518,0.7881939390379935,0.471323928519152
1072,10.588127,-0.126653,-0.425595,-0.498476,0.45203,-0.520296,0.525817,9.724448686653377,1.876964085191488,-0.4250730860084295,-1.008806236470118,-8.86653772585392,-4.066599450570345,1.0347119569778442,-1.1597387790679932,0.8257565498352051,0.1621016450097902,-0.1596868550843425,0.8257354128003022,-0.5161242853371968,-0.0183451287448406,-0.005639640148729,-0.1981439590454101,-2.3923323591530323,3.8845845948189495,-4.342836896851659,0.1476546376943588,-0.3257439732551574,2.248704663332552,0.2501898407936096,0.9169201991289854,0.2675703931630589
1073,10.516119,-0.120832,-0.407593,-0.506837,0.473962,-0.501867,0.516339,12.01798515601158,3.7060809620589015,-3.422293538789451,-1.0842647244930266,-9.308661315384509,-2.8885233466967937,0.0263341795653104,0.4383960366249084,-2.017018318176269,0.2099689699232735,-0.1954522688703019,0.780430724444636,-0.5555531301740874,-2.9281580448150635,0.1300837844610214,1.8779592514038088,-2.25203190805912,3.472294418016076,-3.2560610663205383,0.3671237528324127,-0.3059507012367248,-1.938404203929752,-0.2101045548915863,-2.17975373057276,-0.621279110328108
1074,10.475165,-0.119768,-0.401711,-0.510477,0.477527,-0.499219,0.512017,9.833474878561496,2.0544155785501004,-3.688954762952029,0.0271945133081986,-9.303907983377576,-3.0995047692134974,-0.9962783455848694,1.1036967039108276,-3.3293159008026123,0.1638902704512196,-0.2296186688799219,0.7780141574252889,-0.5613458417538933,-0.8941203355789185,0.9332048296928406,2.3073220252990723,0.3039309243708848,0.5606850870251655,1.3883907330445944,0.4112802445888519,0.7897089123725891,-0.8776912546116858,-0.7866134643554688,-1.9178949382558463,-1.190910670201108
1075,10.437018,-0.120503,-0.397413,-0.511108,0.479443,-0.500639,0.508197,8.630527660542725,-2.8640625669181343,-3.54660877750516,1.5618885203413664,-9.012973318701984,-3.5351398735076187,-1.4546564817428589,0.7087224721908569,-4.279596328735352,0.0993770444447754,-0.2814537267373384,0.7752585216023148,-0.5566707221832332,0.848564088344574,0.9878879189491272,2.344374895095825,-1.6728700841009616,1.2629665101736782,0.2081703836839646,0.2905771732330322,0.6888879537582397,0.6311548999153077,-1.0731582641601562,-0.1688261422239244,-0.1607716497797519
1076,10.359441,-0.128492,-0.390051,-0.515537,0.471129,-0.504523,0.507657,5.003707282203435,-7.421297416731715,0.0291390007227659,4.73171609518975,-7.300050625675916,-4.526647988370061,-1.1738775968551636,-0.247137650847435,-5.199646472930908,-0.0261563573948983,-0.4282167974532228,0.7398818803086517,-0.5181902488511723,-1.4595850706100464,0.1245708763599395,1.626759052276611,-0.938745077446103,0.9185916394725442,0.5938807427275925,0.2957747280597687,-0.5652037858963013,-0.3923552769508212,-1.1158561706542969,-0.0328978052670136,0.2467239862229674
1077,10.306682,-0.134215,-0.380607,-0.517135,0.468336,-0.503516,0.509612,2.454588616579771,-8.527529058361052,0.7600584893345832,6.109919634610415,-5.989263795185089,-4.792492050930857,-0.497341901063919,-0.1568172127008438,-5.374913692474365,-0.0849979961304808,-0.5058185068401684,0.6989254125924658,-0.4984237452472888,-1.80735182762146,-0.0233907811343669,1.5669845342636108,-0.1194692599892616,-0.8972714958071708,1.123521287669614,0.3219161629676819,-0.6163184642791748,-0.8517865596350281,-0.8125681281089783,-0.4073502361826598,1.1170420817181468
1078,10.263076,-0.139913,-0.372538,-0.51515,0.468684,-0.504633,0.510197,-0.8279390163838863,-8.9025337528646,0.8371230243146419,7.17167559017539,-4.547492623478174,-4.904871060398221,-0.0904057025909423,-0.3428173065185547,-4.984145641326904,-0.136066325156405,-0.5775779125092545,0.6453546175132427,-0.4810479267328574,-1.3264161348342896,-0.0419553034007549,1.5250868797302246,0.1619879667669534,-1.9054329315677283,0.8134288449943066,0.351505309343338,-0.4655898511409759,-1.2950459482625123,-0.2505301237106323,-0.4934553520347923,1.292820381167531
1079,10.167788,-0.14319,-0.353588,-0.509529,0.472657,-0.513238,0.50355,-3.703693190139532,-7.98021081790924,1.6766875965625048,7.769495937374233,-3.177367468833923,-5.070468449833989,-0.041983276605606,-0.6208542585372925,-4.130792140960693,-0.1728073051731669,-0.6387061646183403,0.5920948966365808,-0.4600170395942587,-1.290840744972229,-0.0988404229283332,1.403466820716858,0.5252046083211899,-2.4549293928414584,0.5017641115009784,0.2845872044563293,-0.3653255701065063,-1.5732617088794707,0.1248552128672599,-0.4830400122107938,1.164028654624894
1080,10.122654,-0.1395,-0.34258,-0.502335,0.477831,-0.515704,0.503375,-6.519916147518158,-8.068171425434947,2.2968325882941483,8.06417563379705,-1.9454275266952807,-5.230177365753054,-0.5148060321807861,-0.2837189733982086,-3.167581081390381,-0.2047684876779487,-0.683868091203828,0.5467991179387658,-0.4374985686208492,-0.9905739426612854,-0.070494532585144,1.3065853118896484,1.204641162455082,-3.470941542102396,0.9919821621149778,0.2556522786617279,-0.1324663311243057,-1.3879237000547349,0.3008119165897369,-0.7685330338217318,0.4229681130858138
1081,10.07859,-0.135071,-0.33268,-0.499451,0.480378,-0.516259,0.503252,-8.108340938737989,-7.88724144231081,3.742218443366885,8.144701707407831,-1.159847934874147,-5.337503768005967,0.0262362957000732,-0.1687025278806686,-1.2451772689819336,-0.2257087040352453,-0.7079679383062447,0.5204981935986486,-0.4206168524911469,-0.2228796184062957,0.2396595478057861,1.3961400985717771,1.130428509774804,-4.709781619018316,1.2994383380025625,0.0092230224981904,0.1068707033991813,0.3803018875962123,0.1706908643245697,-0.8272074141737074,-0.222591013626568
1082,9.987808,-0.131545,-0.318626,-0.501896,0.466302,-0.517335,0.512861,-6.202401518952846,-9.489463288214802,2.1249322993218898,8.17851746776998,-1.0050707762688398,-5.317151884850859,-0.0048884823918342,0.2931488454341888,-0.1095934584736824,-0.2284545144720194,-0.7146396498142366,0.5102837100731427,-0.4203681159890939,-0.0223430674523115,0.144553005695343,1.369884014129639,-0.8071195157170296,-5.234426839891076,0.7981658094108104,-0.2181100398302078,0.2671298682689667,1.0865486707117409,0.3091379404067993,-0.7160856382258236,0.1685320546481758
1083,9.94323,-0.128638,-0.315587,-0.50391,0.456888,-0.518536,0.518121,-7.295232996261119,-8.682615575176477,2.89877907551229,8.302591591206193,-0.9821781225897372,-5.125685310143232,-0.8975273370742798,0.9583697319030762,0.6672752499580383,-0.2401481741632983,-0.7041952342569526,0.515214808550354,-0.4254309935222994,-0.7108631730079651,-0.1063737571239471,0.7232958078384399,-0.9252163183093072,-5.359708001029492,0.5356511835336685,-0.2527953386306762,0.7693367600440979,1.60154584633857,0.3972198069095611,-1.1152918770499527,-0.3980061057867482
1084,9.903361,-0.124814,-0.314081,-0.504234,0.445747,-0.522022,0.523975,-6.968807916009426,-10.18630748874545,2.8534353744417427,8.461444182556868,-1.2096430623956025,-4.807403788858652,-0.7625276446342468,1.142188549041748,1.687211513519287,-0.2530789166132212,-0.6781588257145329,0.5340505524814242,-0.4368543985615935,-0.2553326487541199,0.0571559928357601,-0.0588308684527874,-2.2683938447952268,-6.968920728734135,2.216751920363307,-0.3918024599552154,0.1996175944805145,1.1422009998288003,0.2869086563587188,-0.09178823038931,-0.3370192472413182
1085,9.830338,-0.116032,-0.308972,-0.493532,0.433486,-0.533627,0.53269,-6.860937908399105,-8.39241623903811,2.983167669770121,8.526103409472107,-1.8164597859986125,-4.491813990876079,-0.1516771465539932,0.824389636516571,2.466569423675537,-0.2526866869391881,-0.6437399087317794,0.5609079257725207,-0.4551160159965185,0.0114354025572538,-0.3371618688106537,-0.9592465758323668,-0.4318921183735132,-5.734212929317355,1.1617729115873574,-0.3518320918083191,-0.0714171603322029,1.118459693431109,0.282071053981781,1.1569979522705078,0.2482243625822477
1086,9.792619,-0.113421,-0.306748,-0.487871,0.433202,-0.538298,0.533435,-2.0581156021118163,-8.352695054024457,-1.049648169142008,7.879018388366699,-4.153866522873938,-4.103272061668336,0.8935614824295044,-0.1593148708343505,3.744321346282959,-0.1831939116779347,-0.5672280305758329,0.6224636705146105,-0.5071797515188539,1.4568463563919067,-0.3711061477661133,-2.163580179214477,-2.5564257737666365,-3.987696009725332,0.8280787171155214,-0.1092310845851898,-0.2165558487176895,-0.1588848131198436,-0.2690540552139282,0.4594663539975881,-0.1672410101906396
1087,9.752977,-0.116195,-0.303644,-0.487085,0.430909,-0.53814,0.536163,2.0920248859763144,-4.93487982969284,-1.3057681255459783,6.084173783457278,-6.5457660435676575,-4.038089395400881,1.2657417058944702,-0.92423015832901,3.5394833087921143,-0.0694530963827945,-0.4884748031566345,0.6835770837975542,-0.5378578218439205,1.674322247505188,-0.8386887311935425,-2.752896785736084,-1.467640356978774,-1.0337854140996932,-0.6174737266957759,-0.0452615395188331,0.2273656725883484,-1.825555238863081,-0.7070269584655762,-0.0785116833147592,0.2918697718349285
1088,9.665476,-0.125962,-0.296602,-0.494075,0.420855,-0.52549,0.550119,3.4979835705459115,-2.8086241728127,-1.4342761397764086,4.980781749168038,-7.544052858784794,-3.801244048309326,1.951688289642334,-1.0244650840759275,3.1685163974761963,-0.004085210661916,-0.4537904466833303,0.6984867503591026,-0.5533297134860318,1.6702486276626587,-0.700596809387207,-2.851529836654663,-0.1704296318978071,0.5200897495254874,-1.4459208387322724,-0.1698033362627029,0.3154477179050445,-1.5964689814656972,-0.3657318353652954,0.0566717535589821,0.8689893311094492
1089,9.622212,-0.132433,-0.294577,-0.495509,0.42024,-0.52166,0.552938,4.569783365741372,-1.4706220031380652,-2.613931329534948,3.8980584088981134,-8.365954348570108,-3.3145608938232063,2.183356761932373,-1.1795302629470823,2.68761944770813,0.0624483557263179,-0.423878865587775,0.6995157500018887,-0.5719305567897861,1.8230605125427248,-0.5307281613349915,-2.611268758773804,-0.2525613871395588,1.4536404731988906,-1.8886751273818312,-0.2830892503261566,0.2852076590061188,-0.9726178286924958,-0.0806291028857231,0.2759008712707087,0.7546649597279727
1090,9.579836,-0.137858,-0.293958,-0.494358,0.423527,-0.523835,0.549392,5.288015806737542,-1.291788700032234,-3.625160628433525,2.8738179449960586,-8.96422419310212,-2.7485031738489867,1.8802536725997925,-0.8538239598274231,2.543523073196411,0.1243509956981012,-0.396879281817402,0.6947096537437747,-0.5868579886987214,2.0966503620147705,-0.6039009690284729,-1.981413006782532,-1.2433376805961132,1.804012830749154,-2.5265783325135707,-0.317796379327774,0.197695717215538,-1.3168021452575922,0.1244549453258514,0.3234265925554558,1.1288639638718216
1091,9.484701,-0.137242,-0.290817,-0.491986,0.431587,-0.530475,0.538776,5.968916588205099,-0.0046802667707204,-3.8884021072804926,1.8810722511626776,-9.3663746686846,-2.214268871375918,1.289458990097046,-0.0311858281493186,2.623252391815185,0.1733788480373526,-0.3619326055052611,0.6941909555610822,-0.5975311941758381,1.7118847370147705,-0.7292141318321228,-1.3677427768707275,-0.6105179162085056,2.429568449352681,-3.6215368849784135,-0.2654996514320373,0.1376066356897354,-1.0969706960048526,0.3060591220855713,0.3412035837212577,1.074148477213457
1092,9.437839,-0.130953,-0.291367,-0.492307,0.430257,-0.536699,0.533355,8.693267317572236,1.0577408747047186,-5.261558592444658,0.0371893421482062,-9.676717213663458,-1.5906465589225292,0.3291932940483093,0.6625576019287109,2.284731864929199,0.2287149909144896,-0.2721185362326815,0.712075771048011,-0.6054660391519046,0.2216070145368576,-0.2177534401416778,-0.3728296756744385,-2.657331787583232,3.0104759479343888,-4.868242872963846,-0.0368342623114585,0.1374295502901077,2.0316785538241264,0.1156515628099441,1.0543044705152511,-0.1205746182821225
1093,9.391728,-0.122876,-0.290889,-0.49343,0.42882,-0.541325,0.528779,10.192397037792205,1.6695266188919544,-4.925149878317117,-0.7538549585193395,-9.657929511085152,-1.5252788914769888,0.0543098077178001,0.6970338225364685,1.9909497499465945,0.246563253674035,-0.2328207022930321,0.7235759147903574,-0.6011979279919406,-1.1100441217422483,-0.5490069389343262,-0.0146186668425798,-4.316173930853605,3.923964419049024,-6.079342710039019,0.0675351470708847,-0.1216427534818649,1.5773780581571162,0.1130524948239326,0.764650493299961,-0.14748172263382
1094,9.306526,-0.11326,-0.284631,-0.503681,0.435463,-0.53297,0.52213,12.229901229029894,3.4176585724651813,-3.78583254416585,-1.4281608717665075,-9.481423189622165,-2.057515590392053,-1.045012354850769,1.5096241235733032,-0.2268933206796646,0.2357906313930829,-0.1811158198110042,0.756373689125706,-0.5826652099136159,-1.7140415906906128,0.2344129085540771,0.8719317317008972,-4.060883995532989,4.5616544198215,-4.4230262858539815,-0.0431851036846637,-0.2826312780380249,0.4448892548516392,0.1249837577342987,-0.1316405857682693,-0.2282414771363139
1095,9.265114,-0.110787,-0.276568,-0.508538,0.443097,-0.524933,0.519133,10.209430005657673,4.244600979027152,-2.43608966781497,-1.034100836724415,-9.428496486076712,-2.490877489057183,-0.8256022334098816,0.6261874437332153,-1.347942352294922,0.2055699049153119,-0.1836446289965362,0.7702428554041545,-0.575101395359,0.1066101193428039,1.3911690711975098,1.6115161180496216,0.0448433503329753,3.5522751327037807,-1.150190318082273,-0.1386970728635788,0.0513432845473289,-0.7412293587673455,0.4642899632453918,-1.3029251572050151,0.1890954981947317
1096,9.226191,-0.107879,-0.267986,-0.516437,0.450272,-0.510541,0.519515,10.059707061702012,2.136528629091382,-2.6810624995216727,-0.2567977826002985,-9.414152903425691,-2.7346207789689303,-0.5688816905021667,-1.0383117198944092,-2.966399908065796,0.1813738797933377,-0.2206555920457297,0.768594797099549,-0.5724304397495695,1.198085069656372,2.1893868446350098,2.1106228828430176,-2.141105435487628,3.518494735915959,-1.579801924303174,-0.0101205315440893,0.2913116812705993,-0.0693675233372021,0.1011099144816398,-1.2085578975073992,-0.349523485635966
1097,9.147053,-0.098966,-0.253532,-0.520852,0.460933,-0.496891,0.518993,9.263461406698822,-2.746596463444829,-2.8507874902814625,0.9178816645722836,-9.291751097115874,-2.99854673294872,-0.7595303654670715,-2.32560133934021,-4.21938943862915,0.162941590746271,-0.2987181078284677,0.7507668307910231,-0.566186234808325,0.0655329897999763,1.5372048616409302,2.2954041957855225,-4.496356895002722,2.6433272276282307,-2.385952887248993,0.2342639416456222,0.2658625245094299,0.0332248498308705,-0.2530902028083801,-0.6192157480575144,-0.0442267345382832
1098,9.111834,-0.096812,-0.252544,-0.515977,0.464529,-0.505058,0.512735,7.752570521536469,-5.403410949155688,-1.6268074211061,2.217334104165434,-8.876655215242504,-3.5297041121944783,-1.3415247201919556,-2.46262264251709,-4.634385108947754,0.14285798072288,-0.3953879965875107,0.723625013737261,-0.5473817716001568,-1.0270565748214722,1.289269208908081,2.07960057258606,-2.4278186830759045,1.6991440507814286,-0.4761129528939724,0.3815517127513885,-0.0170147269964218,-0.2915823697282932,-0.5008946657180786,-0.1227708040189929,0.1228875987990759
1099,9.074691,-0.098753,-0.253483,-0.51299,0.461162,-0.513172,0.510711,-5.767082933261991,-7.916654583799839,3.38321386654973,7.6088225603371855,-2.6597309576794506,-5.58587880937159,-1.74920916557312,1.1822104454040527,-2.492342233657837,-0.1713126010720561,-0.6692035751128395,0.5804887148503303,-0.4311049208344063,-1.0896453857421875,0.2946081757545471,1.4058462381362915,0.8076198664546013,-4.9544724189132445,3.3234207843661308,0.173715740442276,-0.2339802533388137,-0.3801248870614916,0.3103115558624267,-0.6315170112259686,0.4852270373936742
1100,8.98233,-0.114013,-0.251326,-0.517522,0.439839,-0.518423,0.519568,-6.776379218271375,-9.629572016128895,3.171487763145566,8.031389216482639,-1.7271736289575694,-5.355747280704975,-1.1606138944625854,1.1188594102859497,-1.4045007228851318,-0.2205873883251896,-0.6762812366853332,0.5618814852034875,-0.4222250924446443,-0.6025236248970032,0.301365464925766,1.1379249095916748,-0.0402127679228782,-6.502516099905967,3.9050960524499416,0.1311818063259124,-0.0106544941663742,1.4371230536401272,0.43254154920578,-0.4452352918103337,0.2335482965738512
1101,8.936104,-0.119873,-0.248383,-0.515444,0.436189,-0.522041,0.521086,-7.427959212708473,-9.93597196096182,2.75519361139834,8.32294288983941,-1.211880392993614,-5.042853297677636,-1.0823400020599363,1.196764349937439,-0.4051928222179413,-0.2553524570539374,-0.671491759370396,0.5533649638797832,-0.4215224874181416,-0.3670527637004852,-0.0300334505736827,0.7129884958267212,-2.206820308935642,-7.258208795246482,3.605474807971716,-0.0419535227119922,0.0412279181182384,1.3638494353756307,0.6372787356376648,-0.6971399686068296,0.184174956394732
1102,8.89186,-0.124548,-0.243097,-0.510691,0.440095,-0.527331,0.517139,-9.168293059751392,-9.207288268578052,3.4318577782094475,8.541760412809252,-1.0850856854870914,-4.693751982976496,-0.7896289825439453,1.0287867784500122,0.8585616946220398,-0.2798815964866973,-0.6540051515583576,0.5582042781363521,-0.4270264260326135,-1.2759867906570437,-0.5115156173706055,-0.3045985102653503,-1.4237971235990523,-6.35595892650485,2.1885855640649794,-0.1132085397839546,0.7145587801933289,2.18628108651489,0.6720881462097168,-0.7313651865527033,-1.3317246968403458
1103,8.801899,-0.125186,-0.227106,-0.500679,0.45451,-0.535482,0.505965,-8.097619053715468,-9.272069660568237,2.8371283827632663,8.592322140789031,-1.5350573581695557,-4.470573342187702,0.334681749343872,0.3304547965526581,1.955272555351257,-0.2781819483622323,-0.630447607315282,0.5748666047627539,-0.4412246047665224,-0.1825034320354461,-0.3508995175361633,-1.246490240097046,-1.98071204443574,-7.62255882474482,4.21912926864028,-0.4140625298023224,0.4040489494800567,0.6996084776122122,0.6937100887298584,-0.4095491709990426,-0.8657629894740879
1104,8.755911,-0.119501,-0.213904,-0.490979,0.461081,-0.538531,0.506289,-6.475602374017238,-8.0738360270679,1.9334268539085984,8.391561668035388,-2.48309662592262,-4.425641144527495,1.1334466934204102,-0.2609061598777771,2.8379616737365723,-0.2466788304338824,-0.6067496103538288,0.5979128792010067,-0.4620656168570316,0.2861785590648651,-0.7786524891853333,-2.021099328994751,-1.4104483972042798,-6.05060001515746,2.3375638271331787,-0.5959755182266235,-0.1032591611146926,0.2130482736523263,0.9525360465049744,0.9495281911365688,0.7018325103372335
1105,8.708637,-0.1136,-0.205542,-0.488306,0.464077,-0.539251,0.505369,-3.8496050513744353,-6.482376982718706,0.5272618331119417,7.931867350500822,-3.7930873375996943,-4.343768624743819,1.6599665880203247,-0.3491303324699402,3.5768589973449707,-0.1955387989454293,-0.5759761828752529,0.6242771800454285,-0.4901978451881065,0.6376606822013855,-0.8649009466171265,-2.596119165420532,-0.4937818805754184,-4.46368621302247,1.4866940170168876,-0.383096307516098,-0.1185990273952484,1.1353902969006449,0.7707318067550659,1.1120962228137998,0.0435198603439843
1106,8.618887,-0.109795,-0.193733,-0.492826,0.451215,-0.537308,0.514615,1.9215403090208767,-5.755684171891212,-3.797910519972443,6.279349149554967,-6.412098162356019,-3.952868441972136,1.547921061515808,-0.980932593345642,3.2806475162506104,-0.0675483786193912,-0.5075438252103548,0.6662878219736923,-0.5421227429604342,1.603358030319214,-1.1905200481414795,-2.843050718307495,-5.272078232893348,-2.113578400006145,-0.7840115387868136,0.0683930367231369,-0.1069760397076606,-0.7257783993963152,-0.4279610812664032,0.0998796116446144,-0.2535340863629244
1107,8.578765,-0.110493,-0.188902,-0.493679,0.446029,-0.535711,0.519955,2.698382175374031,-3.4893875916361807,-2.544935826981068,5.24917023551464,-7.357692667305469,-3.8053848013758658,1.285388469696045,-0.829562246799469,3.1120707988739014,-0.006207360980868,-0.4761904084052366,0.6835666172208764,-0.5531191916706654,1.5646069049835205,-1.4576146602630615,-2.888999462127685,-4.420392430219054,-0.7257453008443117,-1.6845383100628852,0.1948707401752472,0.2390886396169662,-1.5838105754226446,-0.977355420589447,-0.2610918265324086,-0.3483694932952523
1108,8.539732,-0.109391,-0.185704,-0.496341,0.438071,-0.534545,0.525358,3.532267532941699,-1.1066671104371546,-1.87105778375715,4.253675973625481,-8.130910497942567,-3.459033662165701,1.5969148874282837,-0.2033433467149734,2.837740182876587,0.047044809515655,-0.4401828673310787,0.6946946632847183,-0.5669436749470217,1.548173904418945,-1.2915705442428589,-3.0059080123901367,-2.980072626364231,0.7799667203754186,-2.5365152046382424,0.0719899758696556,0.3734689354896545,-1.192621346576512,-0.9602283239364624,0.1396037923329509,0.5338343799026682
1109,8.458031,-0.099946,-0.178879,-0.494571,0.423881,-0.538423,0.534627,4.108629204787314,0.2309609652280807,-2.654374983604252,3.3499078092753884,-8.745341788202524,-2.9099001889854668,1.5501346588134766,0.1148636937141418,2.502785444259644,0.0916337814830791,-0.4007637500793417,0.6983924704996365,-0.5858666312124096,1.4494997262954712,-1.156691074371338,-3.006827116012573,-2.8023651124179363,2.1487419217154384,-3.5732635601967573,-0.0934468731284141,0.2723795771598816,-1.326903998685628,-0.4713520109653473,0.2555214059889316,0.7862857673291116
1110,8.421918,-0.095808,-0.173715,-0.488829,0.427401,-0.544287,0.531156,4.477041661418975,1.131422196987271,-3.1501272874698043,2.5370710849553344,-9.152295864674448,-2.443176118944585,0.9381505250930786,0.1162552312016487,2.146270751953125,0.1268084142257634,-0.3641571020518632,0.7013964088989882,-0.5994599295978896,1.164378046989441,-1.096048355102539,-2.789550542831421,-2.132509456577897,3.5762650801002978,-4.588944870068133,-0.2411401867866516,0.1684889197349548,-1.348661364724487,-0.0621577315032482,0.4212314620189368,0.6957175345882773
1111,8.384315,-0.095544,-0.168526,-0.483181,0.435494,-0.549054,0.524806,4.859803253659606,1.4011965847343206,-2.8208129155173896,1.7924866436064242,-9.387057391229272,-2.2001270949073133,0.3782776892185211,0.1099346652626991,1.957318902015686,0.1542662140300917,-0.3325560531122004,0.708224352819031,-0.6033463246060569,0.5487896203994751,-1.1572219133377075,-2.2721426486968994,-1.4274012855708598,4.884834234541654,-5.218464716127515,-0.240771934390068,0.0319935157895088,-1.248467590830475,0.3107303977012634,0.5341252891406416,0.8701049642011522
1112,8.301261,-0.101639,-0.155151,-0.48525,0.444428,-0.538913,0.525918,5.501995242026448,1.630284157305956,-2.067257816727459,1.0642526677515358,-9.525763266608118,-2.0730660646148027,0.3336377143859863,0.2964944839477539,2.0175793170928955,0.1773248387385489,-0.3013138706614448,0.7175701377146672,-0.6023778287092816,0.7629743814468384,-0.7455266118049622,-1.0851688385009766,-0.704645814192295,5.806000400677323,-4.823468203952908,-0.1164034828543663,0.0516310594975948,-0.1918789731671102,0.5030432343482971,0.5025362283846363,0.4886062680358067
1113,8.258387,-0.109293,-0.153796,-0.49001,0.443013,-0.53201,0.529712,7.79738464577496,1.3807821577370163,-3.119602969868481,0.3463428463058546,-9.609055882322789,-1.927823042552173,0.3410162627696991,0.0630791038274765,1.723281741142273,0.1988889846925942,-0.2690198158646786,0.7252033894303896,-0.6017903756038709,0.0732383131980896,-0.1150894835591316,-0.0785535722970962,-1.2997539798229931,6.736728760406375,-6.379729678192734,0.0011819737264886,0.0573049560189247,1.3143228956624864,0.5731675028800964,0.7712903697058558,0.2276103213596157
1114,8.213904,-0.116697,-0.152204,-0.492589,0.441965,-0.531766,0.52844,9.178599934232237,1.2488409541875125,-3.9773979030728337,-0.2052819322334602,-9.637973933771253,-1.7993617900729175,0.3284873366355896,-0.6110710501670837,1.0523594617843628,0.2214417857781695,-0.2511729504974084,0.727086009706062,-0.5993509968439094,-1.1796977519989014,0.1515181809663772,0.6248000264167786,-3.107264589560032,6.437211560824513,-6.98241558560133,0.1178854331374168,-0.2296852171421051,1.5620463412515817,0.5404495000839233,1.0143393937431275,0.0446937857944518
1115,8.125414,-0.121854,-0.149841,-0.492367,0.448857,-0.53619,0.51827,10.10588779811859,1.3028326566159725,-4.108362370544672,-0.5608043294906616,-9.639742112487554,-1.712091356768459,-0.0115223787724971,-0.6974688172340393,0.5288330912590027,0.2422623552734031,-0.2472861114055725,0.725356428542954,-0.5949929509476635,-1.7524409294128418,0.9821524620056152,1.265041470527649,-4.023499144512415,5.609506937718392,-5.439150955578684,0.2880428731441498,-0.5544034242630005,4.823499768134951,0.2945648729801178,1.658282609691471,-0.5651733748877421
1116,8.079329,-0.117988,-0.149214,-0.490172,0.45544,-0.539706,0.510903,9.698491238576173,1.1833622275829314,-3.29559637337327,-0.6933004635091871,-9.62456909327507,-1.7485373195037244,-0.1272066682577133,0.0052928552031517,0.049827717244625,0.2511488141640662,-0.2492325227846371,0.7259708963051755,-0.5897233787197576,-1.8651578426361084,1.0398813486099243,2.104008197784424,-6.433062624451518,4.098270015597343,-4.774320726685226,0.2782736420631408,-0.5935393571853638,1.379091720432043,0.4422226250171661,0.1962683672324754,0.3680585651600733
1117,8.033732,-0.111351,-0.149945,-0.487916,0.454065,-0.548167,0.505248,9.480619472023845,3.075803867891431,-3.0095912740543485,-0.4963775961570441,-9.614669046029448,-1.8660517921634017,-0.5223349928855896,0.7179170846939087,-1.0838303565979004,0.2381882758168116,-0.251521119374563,0.7293005493178936,-0.5900205388218849,-1.4222086668014526,1.095081090927124,2.6828536987304688,-3.446806925538182,2.5610890894025564,-1.8156325413942336,0.3418519794940948,-0.0941143855452537,-1.510867212025821,0.8112340569496155,-1.3695057075716557,0.9205258954707533
1118,7.9431,-0.101722,-0.147325,-0.503806,0.443501,-0.544806,0.502666,7.922005881699919,1.6238912413984536,-3.161938429033756,0.2381818381260149,-9.567104161778092,-2.141068318347633,-0.828704297542572,0.2439546734094619,-2.464975357055664,0.2048752860227944,-0.2740488927510166,0.7307949827814193,-0.5906454284743882,-1.3599202632904053,1.5015696287155151,2.8572094440460205,-2.250364851629734,2.729910701581836,-0.94768899301067,0.4432234168052673,0.3568505942821502,0.4224423356460407,0.4627280235290527,-1.0652846411477774,-0.6754058373130858
1119,7.904117,-0.101341,-0.139921,-0.510262,0.449558,-0.535173,0.501119,7.935480864822864,-2.867165209108591,-3.83817326451689,1.4004095260098577,-9.369451007390024,-2.534293729196489,-1.281718134880066,-0.996211051940918,-3.88911247253418,0.1667200061104273,-0.3275734669196241,0.7224324482461617,-0.5856547539395857,-1.6667741537094116,1.1291027069091797,2.889982223510742,-5.957646421650051,-0.0174751586750149,0.3538431754659861,0.4209762513637543,0.5872614979743958,0.2060838597334921,-0.0228906329721212,-0.7951225692573934,-0.7964677733212709
1120,7.867046,-0.099729,-0.128509,0.516474,-0.46346,0.519055,-0.49904,6.616663872611523,-5.927394491249323,-2.06061706353873,2.8399834799334407,-8.788715065982938,-3.2959605305105444,-2.048757076263428,-2.105310678482056,-4.847183704376221,0.1255750671083668,-0.4147905356654661,0.70426985261545,-0.5623021000376925,-1.5811405181884766,0.492385059595108,2.4064669609069824,-4.56223368101418,-1.145522326271236,2.232882386431098,0.3220014870166778,0.361950159072876,-0.0171389478489465,-0.5572559237480164,-0.2036547511567361,-0.8859751718975603
1121,7.795543,-0.088586,-0.107611,0.524071,-0.492168,0.491297,-0.491678,3.415006304390728,-5.599426273208857,1.416722070646286,4.096651766745746,-7.820074031966924,-4.270161244480311,-1.845362901687622,-2.073636054992676,-4.558718204498291,0.0852881847970199,-0.5084981915625503,0.6776040354364874,-0.5244123480191596,-2.2014663219451904,-0.0643489733338356,1.7994894981384275,-1.6252403179198502,-1.6016693265877664,2.722913974562287,0.1808172613382339,-0.0212953649461269,-0.8817674180094153,-0.8874076008796692,-0.0641564102259464,-0.2680894668674096
1122,7.764427,-0.084184,-0.103693,0.519759,-0.503345,0.49505,-0.481061,2.015759976941347,-4.889395843368768,2.829595649170876,5.028879132860899,-6.738643069595098,-5.046925077161193,-1.4598819017410278,-1.2377787828445437,-4.118590354919434,0.0468144890129558,-0.5844037513551746,0.6448207717081013,-0.4903945951711081,-1.549938440322876,-0.3101403713226318,1.6127487421035769,1.1255763935685157,-2.53023451693356,2.1519196749687195,0.0418067760765552,-0.3949571251869201,-0.8591222362853587,-0.6530733704566956,0.064702636798704,0.9040178282622248
1123,7.729504,-0.083859,-0.103535,0.513734,-0.507106,0.504437,-0.473776,0.7387666949808597,-6.3205404071211815,2.7399457733839747,5.876411907508969,-5.528662884199619,-5.574231041675806,-1.5720462799072266,-0.3330160975456238,-4.056454658508301,-0.0009986748053362,-0.6436685371094694,0.6081920026177375,-0.4645344869872921,-0.979402244091034,-0.0509976409375667,1.8584246635437007,1.0996405728012322,-3.199831814098358,1.4639467631578444,-0.0035005526151508,-0.7385064363479614,-1.0439218273844568,-0.1653548330068588,-0.1448447891258169,1.3204575990252196
1124,7.646739,-0.095905,-0.104021,0.51804,-0.486237,0.513914,-0.480729,-1.8205746739715336,-7.578369554406404,3.1693747165143487,6.639655456620455,-4.177161181482672,-5.885298978319764,-1.7516498565673828,0.3885663151741028,-3.6227991580963135,-0.0588258232784828,-0.6878542153236256,0.5717720756474741,-0.4432527420185442,-0.5237537622451782,-0.4590883553028106,2.364229679107666,-0.6869552592009306,-4.596908980815113,1.1332716242462395,0.082640916109085,-0.7440058588981628,-1.9825956662252544,0.1550521701574325,-0.5143071840686724,1.076547062787786
1125,7.603062,-0.103876,-0.102392,0.521497,-0.476115,0.515202,-0.485719,-4.22298945119977,-7.0552189560055725,4.412506060883403,7.27454968919456,-2.865754757788777,-5.919357315266132,-1.5226253271102903,1.0657124519348145,-2.9414141178131104,-0.1190131163179652,-0.7150601407456842,0.5389733077377393,-0.4289903724080779,-0.2045128643512725,-0.3597619235515594,2.5442190170288086,0.6051975979685783,-5.67804855902493,1.147566107058525,0.1525051444768905,-0.5307127833366394,-0.9970742245569824,0.2516777813434601,-0.416742041645199,0.6375427743215113
1126,7.560451,-0.109889,-0.09725,0.518122,-0.474065,0.518485,-0.487838,-4.383737647038698,-8.443563073429464,3.5474066498845813,7.849196081554889,-1.8247193725608288,-5.588464149689674,-0.8507791757583618,1.9087817668914795,-2.1677160263061523,-0.1729969006347656,-0.7258262668469073,0.5080439127555374,-0.4302787306400016,0.0965412408113479,-0.2679069936275482,2.4110777378082275,0.4107107986569404,-6.952224445477127,1.4841758967161178,0.1337926238775253,-0.2644482851028442,0.529658445924893,0.314604789018631,-0.2668395946704782,0.3617513182420283
1127,7.476204,-0.115772,-0.08423,0.504965,-0.481447,0.529844,-0.482165,-8.411338381651044,-8.636627730983495,0.8877630782276391,8.81595729317367,-0.7589678445536643,-4.227673809623718,-3.37050724029541,2.293525457382202,0.8025534152984619,-0.2743499711156076,-0.6854068165702466,0.4957508180077744,-0.4573626963090694,0.5801752805709839,-0.4550475478172302,0.327653706073761,-1.7021107916325329,-8.807870432829857,0.3327560733715072,-0.1061360388994216,0.4492914080619812,-0.0059512884994241,0.4973335266113281,-0.6977623382888734,-0.0813139817186165
1128,7.431519,-0.113941,-0.07507,0.496831,-0.48509,0.535889,-0.48028,-8.119794645166397,-8.857124000820518,2.866264753137529,9.13269275406003,-0.7259672730319201,-3.498184646075964,-2.5278029441833496,2.05339789390564,1.8350625038146973,-0.3283252199434775,-0.6316765824760858,0.5285285950589276,-0.4624336028656194,-0.4140554368495941,-0.0614865012466907,-1.4797042608261108,0.6833300544410944,-7.352181210407614,1.0600328580994158,-0.2443715631961822,0.4814939200878143,0.9697051561161876,0.2667421102523803,-0.0923039796254131,-0.8139952467054128
1129,7.385584,-0.109299,-0.066793,0.485719,-0.485499,0.542278,-0.484048,-6.674121205323934,-7.379706930714845,1.4970952917829154,9.207335030329228,-1.39070222485736,-3.0759216490522023,-0.1866421550512313,0.3012157082557678,2.5954465866088867,-0.33689500096561,-0.5859731415376482,0.5598784106353367,-0.4792424506824616,0.8099509477615356,0.1361836344003677,-2.298478126525879,-1.9634382535517207,-8.12855545924902,2.2754800036638976,-0.359109491109848,0.3446318209171295,1.7662100465774535,0.2721431255340576,1.134297679358348,0.4429807178165763
1130,7.296237,-0.104704,-0.05868,0.484222,-0.463814,0.549271,-0.498706,-4.024446069973707,-6.993005368676782,-0.5612964969217777,8.920738102596998,-2.434163814318925,-3.2658351490989324,1.330211162567139,-1.5271446704864502,2.728134155273437,-0.2961131638593333,-0.5659855726653765,0.588363478261824,-0.4957880680247984,1.8291493654251096,-0.2482875436544418,-2.618448495864868,-3.098208007401228,-6.605705840745568,0.6434598163455725,-0.4149214029312134,-0.0380500666797161,1.1719493646215646,0.7514299750328064,1.2812705208882689,1.078452165756747
1131,7.255734,-0.105525,-0.055244,-0.484852,0.451775,-0.548365,0.510014,0.1199175882786512,-5.064308758160472,-3.9986932045578953,7.431394447854161,-5.154143927386403,-3.792038120807707,2.916500806808472,-1.920298457145691,3.1941967010498047,-0.1314727445975223,-0.5519862039275012,0.6234190978012123,-0.5379356339688444,2.0565664768218994,-0.8514255881309509,-3.255039930343628,-3.774413909050822,-2.0588483003005384,-0.8184767760336399,-0.2904854416847229,-0.4018758237361908,-0.3179298583026975,0.0667346864938736,0.7136473782282322,-0.886251650751382
1132,7.217596,-0.105712,-0.051763,-0.482753,0.445319,-0.546775,0.519306,0.9542290623039008,-3.76692092294693,-5.1543759825766085,6.4495397119998925,-6.41008214635849,-3.672147420535981,1.8034634590148928,-1.1451791524887085,3.315704822540283,-0.0495471359792796,-0.5338966081228975,0.6341780678122175,-0.5570616358992971,2.3372106552124023,-0.9276044964790344,-3.147561550140381,-4.247728171136975,-1.4003671481728552,-1.406156837490201,-0.1103267073631286,-0.1568694561719894,-1.2417074490457771,-0.4474290907382965,0.0626428181920666,-0.37898897836674
1133,7.143873,-0.10193,-0.047916,-0.480539,0.423217,-0.556061,0.529873,2.396536240583658,-3.155399967175722,-4.473540959821642,5.405118922117352,-7.375645088103413,-3.5432936616078017,-0.043056096881628,0.3129726350307464,3.770708084106445,0.0050265830646632,-0.4935703146355784,0.6610945855604577,-0.5650814483317751,2.312868595123291,-1.0553791522979736,-2.991412878036499,-4.348006408444046,0.2023135474145412,-2.9443007634982465,-0.0586668290197849,0.0507721714675426,-1.456931331437826,-0.4597898423671722,0.1525984263267367,0.8003477565597742
1134,7.105183,-0.100085,-0.045233,-0.480853,0.415733,-0.559361,0.532036,3.7675311637997626,-2.036282540488243,-2.2355670954704285,4.335494717395306,-8.024751385903357,-3.6023940853521226,-1.3475834131240845,1.4384311437606812,3.990778684616089,0.029027033770104,-0.4300440144601727,0.7062104008037612,-0.5616818340312268,1.8488644361495967,-1.1967371702194214,-2.998307228088379,-3.263585616606474,1.790549245803058,-3.982886563616991,-0.0647398233413696,0.2064729183912277,-1.852563218906521,-0.0759163051843643,0.1152864944119006,1.2453534043326973
1135,7.065985,-0.099429,-0.040454,-0.479904,0.415297,-0.559253,0.533345,5.850168628227711,0.1557031874090433,1.5964210506707428,2.3387490913949907,-8.486326694878935,-4.322368693840503,-1.535058856010437,1.1707156896591189,3.22540545463562,0.040055965306232,-0.2868353706107024,0.7988147116159947,-0.5272721926759075,0.8772655129432678,-0.839665949344635,-2.613844633102417,-1.4724831208348272,4.251992842844128,-4.963599728220701,-0.2080011963844299,0.0294015649706125,-1.701117542811483,0.4877843558788299,0.3421299413185566,0.9536359917815774
1136,6.988699,-0.103738,-0.031023,-0.479813,0.418569,-0.549816,0.540631,6.942668681624531,0.4041904569774865,1.982701464687288,1.5033260028660296,-8.499283791607619,-4.655378120918572,-0.7431880831718445,0.2456711232662201,2.482341766357422,0.0515367217860385,-0.2338361115759407,0.8262438523038256,-0.5098878715795776,0.5769988894462585,-0.5086912512779236,-1.8831779956817627,-1.4337673134714364,4.691446920904517,-5.315876458087563,-0.1544871777296066,0.2621719539165497,0.4109052983157336,0.5519344806671143,0.5340859435109422,0.3711433063676581
1137,6.944338,-0.111105,-0.029199,-0.485255,0.41315,-0.543074,0.546722,8.680096870353818,-0.6842921774715185,1.2075687403395772,0.711009211744368,-8.538770583343505,-4.770141102913022,0.153155043721199,-0.92783522605896,1.80279552936554,0.0775380575319065,-0.2021513963496609,0.8380598530165172,-0.5007777199793375,0.1471247971057891,-0.2989474833011627,-0.8399142026901245,-3.877541690570116,4.800289572939277,-6.242375801944732,-0.0660010799765586,0.0378524586558342,1.5458349189020693,0.486553430557251,1.0589919707443565,-0.0327510491735069
1138,6.900715,-0.119838,-0.029379,-0.492258,0.409229,-0.538178,0.548251,9.933555547469854,0.5726479120194912,0.6319149245023727,-0.0324844729424803,-8.675673793214559,-4.571873323757946,1.0675230026245115,-1.5385925769805908,1.1198678016662598,0.1163559615529267,-0.189714902484076,0.8349304878561608,-0.5033494540794883,-1.547100305557251,-0.5974162220954895,-0.0815732702612876,-4.037847987860441,6.048872168451547,-7.158613864028453,0.0742196217179298,-0.1012253537774086,1.707833699323982,0.2836801409721374,1.2002259763613343,-0.2730066111339256
1139,6.807547,-0.124623,-0.025921,-0.498976,0.419861,-0.532031,0.540077,11.275620144277813,2.6935417496055365,-1.8511241260141127,-0.5876045850675553,-9.11508812378645,-3.569348724840581,1.2297110557556152,-0.1560921967029571,-0.8027145862579346,0.1671995422533385,-0.1936049543782185,0.8028096011268547,-0.5385704166624643,-2.656186819076538,0.7599717378616333,1.5852875709533691,-5.135213601467013,4.765891628775,-3.671200202813744,0.1083071008324623,-0.6026601195335388,0.6614883711196482,0.3705610632896423,0.0494945599725702,0.1979782398902811
1140,6.759693,-0.118553,-0.024093,-0.49485,0.429963,-0.535298,0.532645,8.852794447183609,4.185160948064923,-1.826054566687345,-0.1123120908441487,-9.265207958105206,-3.211495948407053,0.7172756195068359,0.5094971060752869,-1.573926329612732,0.1539060905331371,-0.2066941982376101,0.7880471017191029,-0.5590816130631473,-1.3817265033721924,0.8572143912315369,2.401484489440918,-3.566612285614013,2.964774519467354,-0.3524995788373052,0.108072280883789,0.1868341416120529,-1.0628933620970695,0.2908097207546234,-1.6180198651470243,-0.3172383323745802
1141,6.713767,-0.111811,-0.025659,-0.493589,0.43045,-0.542251,0.526352,8.668796308660507,2.0104940192371608,-2.7752620014369485,0.6950758756838739,-9.299341698375343,-3.034717239743471,0.2200218141078949,0.1389785259962082,-2.584946155548096,0.1263808185794597,-0.2324484763880166,0.7750453060540704,-0.5738470195059072,-0.5434845685958862,1.2080527544021606,2.973211765289306,-2.983344195380807,3.41133755275011,-0.4276141487933695,0.1315926909446716,0.3306743800640106,0.5512319432968273,0.0775680467486381,-0.4902029626427218,-0.2192022845037281
1142,6.61918,-0.101498,-0.028043,-0.499291,0.420944,-0.541229,0.529703,7.490991715204715,-1.3673480911463498,-2.8747154783576727,1.820207740355283,-9.136760441890358,-3.062155281767249,-0.2682467699050903,-0.7550418972969055,-3.619847059249878,0.0944328429113948,-0.2841225581737482,0.758551805616708,-0.5787536608384269,-1.157990574836731,0.6243516206741333,3.2088170051574707,-6.115476099693775,1.5566279694646596,0.3645382455468177,0.2328577488660812,0.0673228502273559,-0.4530975130854174,-0.0429110303521156,-0.1888802845414728,-0.0412955627574818
1143,6.577459,-0.098443,-0.02588,-0.503471,0.422998,-0.537427,0.52798,4.862112407384813,-1.9221897128403185,-0.9964248207375408,3.050724956214428,-8.704326471725105,-3.33139453972429,-0.5819166302680969,-1.3062609434127808,-3.981772184371948,0.0636378717250811,-0.3545861771295262,0.7376465883728966,-0.5710485922959355,-2.5481433868408203,-0.423440158367157,2.8856430053710938,-3.063531830817461,1.2794199245855211,1.6446622267484663,0.3747051954269409,0.0105370106175541,-1.4638414030872284,-0.1904354840517044,-0.3709385410431772,-0.0495623553786193
1144,6.538196,-0.095116,-0.020185,-0.511078,0.432528,-0.528551,0.521874,3.8603430107489225,-2.984818944108486,0.2154535994946956,4.241485769616067,-8.02446847730875,-3.7132331719011065,-0.5271615386009216,-1.2585190534591677,-4.286740303039551,0.0319553055458373,-0.4294266014267437,0.7105737136282455,-0.5564680700715786,-3.0140810012817383,-0.5521733164787292,2.640528917312622,-0.4504489348053932,0.1092880577147007,2.5394267081707715,0.3751786947250366,0.0027011563070118,-0.7865729137074202,-0.1741125285625457,-0.2357127263324335,0.3804726775858551
1145,6.459427,-0.081494,-0.002453,-0.52011,0.463757,-0.510121,0.504175,2.227710536751151,-6.109467214667797,-0.0022656068444252,5.374627922263741,-7.093806753075122,-4.11845531001389,-0.6201661825180054,-1.2975502014160156,-4.383674621582031,-0.0038779312018081,-0.5039959574739611,0.6752561377705439,-0.5385185517935661,-2.420195817947388,-0.378212034702301,2.47911024093628,-1.142077446514368,-1.6660364386886355,1.369589732593298,0.1992068588733673,-0.0932650491595268,-0.7949805304381996,0.1882919371128082,-0.3508236815143376,0.8037799229655415
1146,6.422314,-0.079228,0.002858,0.520058,-0.476391,0.508785,-0.493689,-2.78906022516489,-6.182925249588489,2.974110503089428,6.851274007996916,-4.880083240622282,-5.041355168074369,-0.8248826861381531,-0.7063256502151489,-3.161317825317383,-0.0745420806269373,-0.6241930893091021,0.6061522589696603,-0.4872433298228092,-1.2215453386306765,-0.9775870442390442,2.829660654067993,-1.0424036048412322,-4.594764954523742,0.1230109511841088,-0.0139154428616166,-0.3294769823551178,-1.050631115764752,0.257525086402893,-0.1967212986317463,0.3765145145446061
1147,6.379151,-0.080631,0.006536,0.518758,-0.481239,0.509077,-0.49004,-4.467013311618566,-6.2451511118769645,3.7937791192561385,7.232316813620924,-3.9706083890631794,-5.300779426720738,-0.5508858561515808,-0.2278404384851455,-2.197267770767212,-0.1040628314210262,-0.6592782459269213,0.5793243833898516,-0.4678743951080532,-0.4533181488513946,-0.6475721597671509,2.7206993103027344,0.1930026982337236,-5.995851941403746,0.2639904705833643,-0.0251250378787517,-0.4128619134426117,-0.046121457677125,0.2110439389944076,-0.3158894019836559,0.6138730718553066
1148,6.293125,-0.088284,0.003233,-0.521253,0.461331,-0.51273,0.502571,-4.896630470797419,-7.592388727408647,3.2289731529086825,7.505112010493874,-3.3760473359212275,-5.333475827664136,-0.3805676698684692,0.4409930408000946,-1.376717209815979,-0.1261940940270064,-0.6775379416198736,0.5593513323032849,-0.4605902849715574,0.6286807656288147,-0.5938279032707214,2.401262283325196,-1.2913912251472472,-8.020722276517748,-0.1185142242867499,-0.0585487522184848,-0.3414648771286011,0.7270406744170933,0.3411704301834106,-0.3552366756509989,0.8746258026264607
1149,6.242183,-0.095362,0.00523,-0.520128,0.451805,-0.518316,0.506644,-7.074890455681085,-8.388271394318341,3.260723797434568,7.79330059133172,-2.934357461632788,-5.179227515238523,-0.8316789865493774,1.0140817165374756,-0.6079479455947876,-0.1523144754363471,-0.680197135728619,0.5489981508812845,-0.4612300866893561,-0.3531236350536346,-0.7622518539428711,1.3175108432769775,-0.6542436606884002,-7.787702040672301,-1.887290248894692,-0.0950431227684021,-0.3987037241458893,1.072712233865261,0.4921307861804962,-0.0214543530878494,0.774443865300715
1150,6.199555,-0.100792,0.00725,-0.51411,0.452834,-0.525875,0.504071,-9.8847549839437,-8.083913184446097,3.472690139335393,8.009646171230077,-2.7901018431723115,-4.922529466685653,-0.7573667764663696,1.066381812095642,0.9591045379638672,-0.1753314290625764,-0.6660252097720736,0.5544272448374226,-0.467204228575618,-1.6809552907943726,-0.5213969349861145,-0.1770370006561279,1.259660454365611,-7.395502465739845,-1.5017350804127751,-0.0362594313919544,0.1129007264971733,2.6452546885594725,0.2676843702793121,0.4618348366945982,-0.107435415585339
1151,6.103799,-0.10292,0.01549,-0.506769,0.456098,-0.53377,0.500249,-7.606023285007477,-7.951521314519644,2.438191608530283,8.016780260893702,-3.1967797330513594,-4.656420031186938,-0.4426058232784271,1.0166455507278442,2.087550401687622,-0.179271726076976,-0.6359680949036662,0.5770233440183413,-0.4800525121531973,-0.550153911113739,0.1404506266117096,-1.1429378986358645,-0.6025491292864084,-8.761073025819659,0.2423155951961874,-0.3164900243282318,0.0090174246579408,0.6754588826745748,0.1357356160879135,0.4834536710456013,-0.305560900192894
1152,6.055351,-0.098436,0.021515,0.499999,-0.459812,0.538594,-0.498488,-5.848674590277671,-7.545639835715294,1.3767808131411672,7.818054508838057,-3.932012993209064,-4.425796042828262,-0.040341779589653,0.6394351720809937,2.8975887298583984,-0.1685700089817276,-0.5973528598235492,0.6073074703450644,-0.4959146108870556,0.8011752963066101,0.3126008808612823,-1.7992767095565796,-0.2137795288026332,-8.2526313362509,-0.3288759805351495,-0.4751439392566681,-0.1579635888338089,1.3553664153210818,-0.1113581135869026,1.520526436252892,-0.1116583122436888
1153,6.008852,-0.091895,0.027256,0.49299,-0.465053,0.542942,-0.495884,-2.1384593048930167,-6.677927611869573,0.8682248495429754,7.363955234831571,-4.947866737037897,-4.178658434303105,0.8632402420043945,0.6629218459129333,3.2312045097351074,-0.1399273802090773,-0.55355187146935,0.6376775209217874,-0.5170765187119818,1.904146671295166,0.5540164709091187,-2.426184892654419,-1.7253069583028553,-7.13610977127552,-0.6557710163861513,-0.4574771821498871,-0.2500450611114502,0.9423873794712124,-0.2860122919082641,1.0828001318331808,-0.29890847483268
1154,5.918909,-0.081606,0.035643,0.48922,-0.461371,0.548689,-0.49673,-0.2904121021062135,-3.5255467002540826,-1.436582370892167,6.786329534399509,-6.001280396193265,-3.7550934147700654,1.407582402229309,0.32154181599617,2.7784183025360107,-0.1019675655227093,-0.5112052615130463,0.6558396675748442,-0.546027518955335,2.331266164779663,0.2044231593608856,-3.047212600708008,-3.3031764532387253,-4.861672262401878,-1.0316201988898217,-0.3096867203712463,0.0781111195683479,-0.0047620433238829,-0.613257646560669,0.5780864863442257,-0.5219174764093011
1155,5.872193,-0.080788,0.037421,-0.487905,0.455424,-0.548618,0.503544,0.2980699233829975,-2.915239211925864,-3.35427798718363,6.146223704656959,-6.825570826941728,-3.435977780748904,0.8135729432106018,-0.175413429737091,2.348637819290161,-0.0624485956123212,-0.4796265282474253,0.6671915076435417,-0.5664929106794147,2.5806422233581543,0.1426265239715576,-3.546902894973755,-3.151308313947916,-3.0349370199739933,-0.9398078843720256,-0.2307715415954589,0.0583293512463569,-0.8057044612873345,-0.806161642074585,0.2415391674635931,-0.2688156257174909
1156,5.830441,-0.07784,0.037677,-0.486226,0.448119,-0.550587,0.509536,0.3798334298342466,-2.57792273530364,-2.8245430419564244,5.624525058630108,-7.287834118181466,-3.3797304083481428,0.0216970592737197,-0.0253886152058839,2.504688262939453,-0.0377396600581864,-0.4570819994178806,0.6807307428262828,-0.5711894781459759,2.9604198932647705,-0.1382270902395248,-3.665896892547608,-4.366933227232098,-1.819541239270568,-1.334961048413068,-0.1280343532562255,0.3257333934307098,-2.0913317891456185,-0.7822007536888123,-0.1314207964045926,0.4472673821598291
1157,5.754784,-0.068258,0.0374,-0.477155,0.437016,-0.561469,0.515842,1.3722878856360912,-1.1621142723709343,-1.5070362555608152,4.8366246226459735,-7.825119040396809,-3.3977839514330026,-0.5032493472099304,0.6469536423683167,2.951714515686035,-0.0130078851595898,-0.4154022595889828,0.7075872601630493,-0.5714822452403812,2.6418216228485107,-0.4631360471248626,-3.716179132461548,-3.920387729606032,0.3702183370098471,-2.8644974512040613,-0.0709709897637367,0.3385494947433471,-1.8401957586340605,-0.5666714906692505,0.1563229450088925,0.870880478618294
1158,5.710479,-0.066534,0.039713,-0.474732,0.435059,-0.562739,0.518342,2.7427903491601344,-0.13663023814857,-0.8172776293769478,3.991500954966247,-8.261631804308294,-3.4617595799982546,-0.9094430208206176,1.2116529941558838,3.10608172416687,0.0021715537569851,-0.3606318924412657,0.7392193537843428,-0.5687660356355594,2.4191489219665527,-0.6486613154411316,-3.563985824584961,-3.683153090935945,2.107016118881106,-3.573543546181917,-0.0403890721499919,0.4389240145683288,-1.8409749263130128,-0.3349834382534027,0.2000661520802416,0.8903434501096605
1159,5.670599,-0.067704,0.0427,-0.474337,0.434452,-0.560107,0.52205,4.363904527060687,0.2646241653770208,-0.4095321102663874,3.137577894759178,-8.55275117790103,-3.629934418706596,-1.1477727890014648,1.2573095560073853,2.9989683628082275,0.0107239556847788,-0.2998598684899909,0.7714656237125296,-0.5610791223851345,1.9315862655639648,-0.6806588768959045,-3.219802141189575,-3.5506495773285627,3.2824954842597243,-4.343628047229349,-0.0373074971139431,0.3645518124103546,-1.672970037344098,-0.1863849908113479,0.4688975416224449,0.8112199367731809
1160,5.591727,-0.078254,0.047221,-0.482479,0.431752,-0.545034,0.532674,5.947470480072498,0.9361860406130552,0.3652127838075161,2.329135313744843,-8.698038185235857,-3.884540171155333,-0.9203101992607116,0.8537286520004272,2.611462354660034,0.0191782669003198,-0.2441493353598674,0.7990291136752409,-0.5491591685002467,1.0872688293457031,-0.8055283427238464,-2.733759880065918,-3.2172394604951142,4.569595149692892,-5.352594954153895,-0.0139723177999258,0.2945244908332824,-0.7388993083845824,-0.0949473083019256,0.9446614618830382,0.486171369039081
1161,5.550037,-0.0853,0.047352,-0.484949,0.429673,-0.53898,0.538243,7.452686242207885,1.7722025649905204,0.2368944469302892,1.5891655265845357,-8.77075212379098,-4.088865058392286,-0.5410031676292419,0.1277691125869751,2.040349006652832,0.0335644919360011,-0.2012609619784451,0.8172931677672156,-0.5388870424820416,0.2393506020307541,-0.4395708441734314,-2.112312078475952,-2.240253791981935,5.66676494846642,-5.762433061629533,0.0072355400770902,0.2512863874435425,0.78207158370018,-0.1672658920288086,1.2678639268264174,-0.061537240703497
1162,5.507726,-0.091586,0.044666,-0.487147,0.428721,-0.538467,0.537531,9.075316669890285,0.91487846416831,0.0606271949201822,0.9697061790294944,-8.766514340090751,-4.286992260032892,-0.5538527369499207,-0.3867951333522796,1.3123149871826172,0.052684170999498,-0.1764125416831299,0.8291286952536562,-0.5278718420690843,-0.5780065655708313,-0.2188513576984405,-1.2179027795791626,-3.771821554470062,6.051859659829735,-6.508097699430585,0.0898223742842674,-0.0160477776080369,1.6738417056120931,-0.1858190447092056,1.80231815566048,0.1866589004312641
1163,5.419467,-0.094202,0.038662,-0.489894,0.433172,-0.539315,0.530571,9.760981889280677,0.3383002269625663,0.8380252338513732,0.6051630015792325,-8.696157193794846,-4.492323693963885,-0.6804289221763611,0.3396323323249817,0.6505245566368103,0.0629855060158105,-0.1619067549553793,0.8383501490621653,-0.5167087322294411,-1.6765533685684204,-0.0775453597307205,-0.1126164048910141,-3.1249691730767486,7.113049213683605,-5.999029986917972,0.1705293804407119,-0.3980569839477539,0.1865075823270715,-0.0742761343717575,1.0652836182344705,0.2992393872874789
1164,5.375219,-0.092151,0.035792,-0.487665,0.443019,-0.54064,0.523093,8.727432037502528,0.7815408378243446,1.7021528772085903,0.6517029632296413,-8.552818982440233,-4.753412378691136,-0.8114579319953918,1.1476534605026243,0.0048214513808488,0.0496560716218527,-0.1491930827165818,0.8485858878757092,-0.5051510814651791,-1.7906333208084106,1.2418222427368164,1.371687650680542,-2.976529839190841,7.659079167890548,-4.860401804074645,0.1862007677555084,-0.539264976978302,2.7919784506991503,-0.0261345207691192,1.2722998634472489,0.1503199782670475
1165,5.326002,-0.088229,0.033536,-0.488069,0.447305,-0.544155,0.515366,8.151331939202546,1.65299224819839,1.9902683928102247,0.9876351458866148,-8.45237649448216,-4.873635671918094,0.0228331629186868,0.942165195941925,-0.7458064556121826,0.0259795502801033,-0.1447865318136505,0.8529496648720568,-0.5008382199115985,-1.8477674722671509,1.000678300857544,2.174344778060913,-5.643597423368692,7.003896765047311,-5.481870737886428,0.188460111618042,0.003555217757821,0.6439226115517318,0.1215035393834114,0.1902576921082101,0.0222772251944988
1166,5.237491,-0.078213,0.031663,-0.494913,0.455716,-0.5372,0.508725,7.183092471724748,2.623705412313342,1.120898464885354,1.4908005755528806,-8.472289986220002,-4.708310377421975,0.622109591960907,0.1144007742404937,-1.632298707962036,0.0057986507318501,-0.1587100025570297,0.8454987583616109,-0.5098130146244388,-1.082004189491272,1.312424898147583,2.7940433025360107,-4.540598187789321,5.050813901293277,-1.0253583620160818,0.2205209136009216,0.1454076021909713,-0.1494605484261177,0.2321382910013198,-0.6328492096778005,0.2147168461853638
1167,5.187438,-0.077094,0.033614,-0.498709,0.460285,-0.530676,0.50775,6.5273740623086685,-2.051113029873371,0.0021028174981474,3.0420997512102126,-8.23482446140349,-4.37077178248167,0.7484472990036011,-1.3121142387390137,-3.616023778915405,-0.0225225408611868,-0.2602315520445333,0.8093990847381202,-0.5259707847088537,-2.604487180709839,0.4682161211967468,3.394623041152954,-7.481028539595007,1.3703098635613915,1.997438138309121,0.3603635728359222,0.0728458166122436,-0.3078748031584545,0.0766313225030899,-0.6626651598140597,-0.0073510015128034
1168,5.146014,-0.076056,0.035172,-0.507127,0.463385,-0.522428,0.50514,4.181830342337489,-2.925917257806659,0.9271388108044862,4.052877214688063,-7.808038141736388,-4.333488638269901,0.741459310054779,-1.4028927087783811,-4.0850749015808105,-0.0371081715931897,-0.3372680616951211,0.7792282665388491,-0.5269502690634492,-2.355311870574951,-0.4024640023708343,3.397711992263794,-5.418594489762187,-0.7164096094831824,2.654583950179815,0.380875825881958,-0.0879228487610817,-0.4146562848797068,-0.2320377230644226,0.0752834191503701,-0.3742913951350375
1169,5.061857,-0.069468,0.037503,-0.516157,0.472506,-0.508692,0.50155,2.594381702673436,-3.716701724794506,1.0841586337700486,5.073497442266345,-7.186192775827646,-4.334586370378733,0.7224881052970886,-1.037553071975708,-4.165517807006836,-0.0557413318529254,-0.4137928345188828,0.7414700904003285,-0.5252527917199856,-2.875983476638794,-0.7822684049606323,3.300893068313598,-3.1185388477683067,-1.812021072898805,1.081968137988448,0.2579549849033355,-0.232313260436058,-0.9805587777595968,-0.2832971811294555,-0.2298896462021395,0.1946892996137961
1170,5.023967,-0.066709,0.036768,0.511624,-0.479558,0.509644,-0.498525,1.039720064845681,-5.158780355015397,0.4751198502033948,6.061183368492126,-6.371695424818992,-4.339810534767806,0.5581123232841492,-0.6473100185394287,-4.131989479064941,-0.0817027910803951,-0.4830699336208617,0.6985071203980072,-0.521589836456149,-2.8588907718658447,-1.302405834197998,3.2652533054351807,-2.929030421391129,-3.686892277464272,0.1754179051717743,0.1118363961577415,-0.2298788279294967,-1.310493838893622,-0.1587021350860595,-0.3071779434680938,0.5436801396777853
1171,4.986125,-0.067015,0.032873,0.507504,-0.481311,0.514439,-0.496116,-1.7403052054703234,-5.6769806375324725,0.5659282483756541,6.915970644313097,-5.387971972483396,-4.394256702965498,0.0768233984708786,-0.4224621951580047,-3.9133107662200928,-0.1126057211415551,-0.5435473971687146,0.6546762264592869,-0.5131035127417811,-3.0270538330078125,-1.8365617990493768,3.2040603160858154,-1.4615917244642973,-5.362702506670355,-1.40923551428318,0.0471809729933738,-0.1941234171390533,-1.4703465471975503,0.0038304361514747,-0.3364955521607771,0.8859108744896947
1172,4.893897,-0.074684,0.02505,-0.509696,0.466656,-0.518782,0.503297,-5.157523048430681,-5.619422767055035,1.670055026680231,7.524342780664563,-4.285091102586686,-4.603551487569511,-0.1849552690982818,-0.9797850251197816,-3.445310115814209,-0.1437192642284175,-0.5968919694800541,0.6151713374443167,-0.4945999579695012,-2.426777601242065,-1.8155288696289065,2.7688896656036377,0.2215460711508989,-7.427676888635754,-2.2815093469560144,0.0271166451275348,-0.2466933578252792,-1.986607093823701,0.1701101660728454,-0.3331042292220518,0.9047456310801208
1173,4.849936,-0.080508,0.024128,-0.508838,0.464039,-0.518599,0.506761,-7.014181427696347,-4.968364750665426,3.454678097304701,7.736930469334125,-3.223246591955423,-5.091263400581479,0.171196699142456,-1.2697676420211792,-2.0599570274353027,-0.1582867415540665,-0.6532440452151239,0.5769353698975452,-0.4640722712072201,-1.2709118127822876,-1.3503738641738892,1.9953594207763672,1.188210252135992,-8.893901533597708,-3.1353947055011986,-0.0316412933170795,-0.1203893050551414,-0.6438072415437549,0.209076926112175,-0.4653813867276534,0.6196328044258058
1174,4.799148,-0.088082,0.029071,-0.503715,0.468319,-0.520225,0.506276,-6.189062729430198,-7.245114920395612,2.8426211349606514,7.735717001891135,-2.7951190868124365,-5.34007274171114,0.014154240489006,-0.3858773708343506,-0.909873366355896,-0.1600949540246196,-0.6784082327374157,0.5585966475078135,-0.4495571916152662,-0.7986239194869995,-0.4198228418827057,0.8407953381538391,1.1814894194483756,-9.122909026670456,-3.56048415812254,-0.1121800318360328,-0.049881100654602,1.3304849259123206,0.3088275492191314,0.0580931098653003,0.5117328035360202
1175,4.705143,-0.097333,0.034899,0.501493,-0.473496,0.5251,-0.498575,-6.183531398788094,-8.28430131675601,2.2528987540215253,7.862614366054534,-2.9234049827247857,-5.079702142125368,-0.0138594303280115,1.1577236652374268,1.634110450744629,-0.1713890719942034,-0.6592087760728235,0.5695932952722556,-0.4600358794551079,-0.2007751166820526,0.8450067043304443,-1.118418574333191,-0.0708487292051315,-8.09190769033134,-4.199583733431995,-0.2314813733100891,0.3225566744804382,4.338745828145743,0.4146571159362793,0.9505578264452516,-0.4312097255999222
1176,4.655551,-0.09414,0.039007,0.497094,-0.476462,0.527472,-0.497649,-0.9325187502771616,-4.427230751806498,-0.3587847965866327,6.575652647787332,-5.212723542127013,-5.075305952993035,1.2297533750534058,-1.7284005880355835,2.05033016204834,-0.0750113787664151,-0.5919565877428067,0.6390273677271414,-0.4853914430557645,3.256808996200561,1.414156794548035,-2.9998693466186523,-2.81392111017704,-5.920764259454607,-0.4977694889068603,-0.4330809712409973,-0.3687256574630737,0.1070282595565542,-0.1985642462968826,0.8393944033127277,-0.5628206742817535
1177,4.60658,-0.089291,0.042776,-0.489969,0.478198,-0.529322,0.501074,-0.2527332365751266,-3.00952259273231,-0.6494406443208456,5.997918810805678,-5.842438910758495,-5.105022461342811,1.6789498329162598,-1.13914155960083,2.2360732555389404,-0.0322080637061209,-0.5832227829949332,0.6481781272786593,-0.4885477630502611,4.147866249084473,1.1530036926269531,-3.6979572772979736,-4.744346151921153,-3.990392993724346,-0.7394909176021814,-0.2343547344207763,-0.1668560206890106,-0.2645731293095275,-0.7573446035385132,0.3346029068145901,-0.9039842182535678
1178,4.514018,-0.084374,0.041831,-0.489616,0.456408,-0.537631,0.512759,1.195011748844385,-2.490828973740339,-2.530418056806922,5.27531882224977,-6.688391138216852,-4.858687401372194,1.2506749629974363,-0.1930782198905944,2.460472345352173,0.0174930714796164,-0.5588221007130144,0.6598802744264415,-0.5019660837299308,4.424357891082764,0.5433330535888672,-4.118000984191895,-6.865136529132723,-1.38417004660964,-1.0852782854497431,-0.0868210420012474,0.1629232764244079,-1.5694056179732083,-1.121662974357605,-0.3946545303365215,-0.3774701713016256
1179,4.473684,-0.082848,0.040888,-0.488787,0.448432,-0.541283,0.516729,1.951360862267017,-0.7338485278010368,-2.491946287332475,4.64541231496036,-7.30019383353889,-4.614941481111943,0.2302357852458953,0.6655108332633972,2.33857536315918,0.0466148753959251,-0.5240089817177319,0.6787570440438981,-0.512377273567444,4.218160629272461,-0.3028516471385956,-4.048863410949707,-7.369405316931009,0.6588949936255812,-2.341403989817947,-0.0803122296929359,0.4656911790370941,-1.5370818497344851,-1.1835671663284302,-0.0556688966593705,0.0871475010445341
1180,4.435591,-0.079687,0.041196,-0.483828,0.445471,-0.544107,0.520973,1.2471917256757616,0.6614853023797274,-1.256898588436842,4.10175405832082,-7.699989270427823,-4.4784117807284,-0.3761691153049469,1.1865699291229248,2.527282476425171,0.05681242989385,-0.4809489146596687,0.7049990092946998,-0.5181089917999087,3.807573795318604,-0.6873230338096619,-3.672553539276123,-5.815096730324625,2.529614923730493,-3.298616597977281,-0.199555367231369,0.4707086682319641,-1.2901574455685914,-0.9035677313804626,0.2801525921647437,0.7323978175360709
1181,4.360542,-0.07219,0.040066,-0.471384,0.439899,-0.554702,0.52592,2.382551846633852,1.1029057120770216,-0.592365004402399,3.5041906084924936,-7.991770322799682,-4.47466207280606,-0.7684094905853271,1.185616970062256,2.6114721298217773,0.0608132419188096,-0.431473886826746,0.7361892096702408,-0.5178390965948797,3.1696934700012207,-0.9755523800849916,-3.2549734115600586,-4.326763129407167,4.3452913042664525,-4.280511081320047,-0.274268239736557,0.3787493109703064,-1.3275870125137268,-0.4321038722991943,0.3599084668543189,1.211369228601083
1182,4.322995,-0.068298,0.039719,-0.464865,0.438149,-0.560829,0.526685,7.479927884876727,0.8124784124016762,-0.0961141033649444,1.1115152811206876,-8.486343646013736,-4.787159749992192,0.3749620318412781,-0.3526829779148102,1.3816732168197632,0.1108648727382325,-0.296737480934111,0.8099531390495373,-0.4935906981674607,-0.7290083765983582,-0.369189441204071,-0.0935643538832664,-3.586587444411218,5.910093227836489,-6.892650559002161,0.118112713098526,-0.1136567443609237,1.3242857790112494,0.0740538612008094,1.2878497531481086,0.480725707386434
1183,4.289488,-0.067934,0.041056,-0.460358,0.437435,-0.564976,0.526805,9.711897832638025,1.7807400917112826,-2.1168658972442147,0.4553790116187184,-8.79320711670518,-4.317700117507576,0.6665767431259155,0.0896543338894844,0.0806508585810661,0.1419305743383247,-0.26965007854468,0.8046305204946278,-0.5096217331598303,-3.2708182334899902,0.1511951982975006,1.1575409173965454,-2.909217175157368,6.567591506406664,-5.8984127269148825,0.0350999757647514,-0.5051664710044861,-0.7065901531931013,0.2617383003234863,0.0162715733052231,0.029390153339086
1184,4.208565,-0.075581,0.043942,-0.460843,0.438134,-0.558656,0.532508,8.561778533965349,2.986314151102304,-2.2293007285520434,0.6756504597239196,-8.879643875664472,-4.1068049119696015,0.5688536167144775,0.2233109027147293,-0.9980238676071168,0.1360918450651276,-0.2738462218459673,0.7964904464624163,-0.5216228247004719,-3.387787103652954,0.2176738232374191,2.0536258220672607,-5.163696768629551,5.337840452614426,-4.444755302581191,0.1083618104457855,-0.1895597279071808,-0.9373155560996382,0.4176639914512634,-0.5641756325546652,0.7828016515403986
1185,4.163894,-0.08311,0.046418,-0.466015,0.436205,-0.550647,0.537906,6.911744551050663,3.5831980942338704,-2.1913380776435134,1.1641970699943602,-8.91358998440802,-3.919563261480629,0.4000920057296753,-0.1495467722415924,-1.706071138381958,0.1240021542055425,-0.2932819885548817,0.7834716223795298,-0.5336492008020014,-2.4744839668273926,0.7240259647369385,2.780775308609009,-2.969161940771341,4.301037736520171,-1.860554217660427,0.2184631824493408,0.333315908908844,0.0715857930417172,0.6402372717857361,-0.575165338200517,0.541588793421723
1186,4.119131,-0.088959,0.045823,-0.470512,0.436464,-0.54632,0.538193,7.160408346229791,1.246072658517957,-2.5443998204082248,1.888327336857468,-8.801575716599821,-3.8906159839376806,-0.1522198170423507,-0.3824589252471924,-2.663181781768799,0.1059025965746376,-0.3295684196006157,0.7679523841225042,-0.5389049358235748,-0.7988297939300537,1.3647644519805908,3.38439679145813,-3.502602462518215,2.5729437778472897,0.4350917911976575,0.3742393553256988,0.2095745056867599,1.0459713803254067,0.381642997264862,-0.0647226384071167,0.0930898967055603
1187,4.029432,-0.090669,0.045396,-0.471516,0.448717,-0.54849,0.524866,5.133439577531815,-4.063525449952483,-1.1658724558606743,4.008668655127287,-7.870969521945715,-4.260136401811242,-0.577934980392456,-0.1812455654144287,-3.8138389587402335,0.0386872856915774,-0.4382215080386186,0.7246850520136151,-0.5303740667289116,-0.3943712115287781,0.6901403069496155,4.061963081359863,-7.319736738398671,0.0866986247658729,-0.3261597803790122,0.4550681114196777,-0.0729358717799186,0.0284266306527308,-0.1732441335916519,-0.1452671975226607,-0.7090783898122608
1188,3.984321,-0.087459,0.044591,-0.469219,0.46087,-0.551044,0.513599,2.810808531114459,-4.449577023649216,-0.4276823917239904,5.167869670400023,-7.035558562245964,-4.4681618971318,-0.75543212890625,0.0258808005601167,-4.002819061279297,-0.0077781247376891,-0.4947344751495825,0.6950184615510986,-0.5216577442432966,-1.787546157836914,0.2623817920684814,3.736382961273194,-4.4712224537462,-1.1944514846131205,0.7243506316155195,0.3648536801338196,-0.1734294146299362,-0.7820335167121142,-0.4422875344753265,-0.1999173912593163,-0.2417106333066709
1189,3.937986,-0.08217,0.043118,-0.472749,0.464306,-0.552893,0.505211,-3.208828190502524,-5.515249275875092,1.6713906591981649,7.561188702502847,-3.825878723350167,-4.935735569739341,-0.64113450050354,0.0943013429641723,-2.887768030166626,-0.1444540548007765,-0.6269128619962804,0.5988595339450901,-0.4769493011373278,-2.320284605026245,-0.6560103893280029,2.601793050765991,-1.8421365174382924,-6.3418117432087655,0.6857178263604641,0.0448108911514282,-0.1197443082928657,-1.6995768892407417,0.2999481558799743,-0.5237971526760608,0.708659799074009
1190,3.847613,-0.075534,0.047285,-0.486178,0.469349,-0.540692,0.500994,-6.075809275215864,-7.620218983620405,2.226191364359856,8.205902318301796,-2.068516730747372,-4.95528315077424,-1.428128361701965,0.6973345279693604,-1.161569118499756,-0.2187709884209244,-0.6622006558019496,0.560481414022707,-0.4466433497295992,0.622383713722229,-0.2310274839401245,2.1895053386688232,-0.0896644888341426,-10.29201827249527,1.3884930243752895,-0.0602717772126197,0.0896921902894973,0.946332902226597,0.2048905938863754,-0.2068529809424653,0.172925960491877
1191,3.805358,-0.075969,0.051513,0.493687,-0.475632,0.529963,-0.499187,-7.6729446116358035,-7.069302426415682,3.928499139869213,8.584087980929016,-1.4664755509831011,-4.509242387799919,-0.4573019742965698,0.7843353152275085,0.7571154832839966,-0.2746721777841331,-0.6388796491769742,0.5672214522223711,-0.441189076921713,-0.8478915691375732,-0.3843694925308227,-0.5850322842597961,0.585460631841421,-9.291620748734474,-0.2172832991398871,-0.1262852698564529,0.5973730683326721,1.5993056661963465,0.1595601588487625,-0.2981449065816589,-0.6795844381719828
1192,3.762392,-0.079292,0.056448,0.502116,-0.481637,0.517434,-0.498165,-5.816423010492325,-7.169625087386369,2.501109252475202,8.592797357085347,-1.9078402849704024,-4.3236946817472575,0.9308884739875792,0.1714419275522232,1.404154658317566,-0.2663042430629087,-0.6231730715656164,0.5762832603431526,-0.4567656845963698,-0.0038769743405282,0.3497558832168579,-1.9478660821914675,0.3588093465059995,-10.054157610881328,1.6119512127578255,-0.3427301943302154,0.258571058511734,1.0671142677277323,0.1824456602334976,0.1808330438219942,-0.0338461075513507
1193,3.682063,-0.075346,0.063685,0.5164,-0.488278,0.495788,-0.499109,-4.873690909236669,-6.791182819649577,0.8509504741370677,8.399452129024267,-2.6484061383277178,-4.313415864317119,1.1866480112075806,-0.6295705437660217,1.8620221614837649,-0.2343753051181953,-0.6125306424824768,0.5871364491677536,-0.4744947882158416,1.2672913074493408,0.3624215722084045,-2.6073851585388184,-1.6405243962913751,-8.780739264798164,0.5784801983695477,-0.4051689803600311,0.0052859429270029,0.4002769002629444,0.351755678653717,0.900354337318614,0.7491616861365735
1194,3.646401,-0.071375,0.06493,0.514483,-0.492528,0.499187,-0.493494,-3.838959154197573,-5.802478656291961,0.5285135867387056,8.01684222021401,-3.5576530263498425,-4.386769854341448,1.186186671257019,-0.5878363251686096,2.4614813327789307,-0.1914104070382596,-0.5985370944000862,0.6044967916442152,-0.4895907636811071,1.835257053375244,-0.1083688363432884,-3.2726306915283203,-2.3591724323511123,-5.926594865304232,-0.159908749340102,-0.3158905208110809,0.0766677856445312,0.1545516610200517,0.4028299152851105,0.789807730910182,-0.1667336999893188
1195,3.609527,-0.068725,0.064383,0.508879,-0.496139,0.507853,-0.4868,-2.032592453798652,-5.487215606045723,-0.7011325453743338,7.48598470069766,-4.623049091982841,-4.33102955467999,1.1283468008041382,-0.3094965815544128,3.0426180362701416,-0.1446828985436827,-0.572600606863677,0.6268569255102591,-0.5081788446610508,2.1546630859375,-0.0367607548832893,-3.7554948329925537,-3.359988473784924,-4.115841328123212,0.007827332624793,-0.3650108277797699,0.0899370908737182,0.2551841551248915,0.0988673046231269,0.4715185743084177,-0.978844082796201
1196,3.527767,-0.073032,0.062984,0.507264,-0.484435,0.516353,-0.49131,0.1417547415554523,-5.749472457769513,-2.445589025305212,6.764620975938439,-5.723243207013606,-4.2017628310367465,1.0074381828308103,-0.3787525594234466,3.352943181991577,-0.095462043540403,-0.5373370318516154,0.6523029934937209,-0.525981795755136,1.5761975049972534,-0.6569461226463318,-3.861492395401001,-7.1830708444148295,-1.812170272111148,-1.3779963264107704,-0.3867371082305908,0.0720711573958396,0.2315045157865621,-0.3019308149814605,0.5367039805222302,-0.7728744970921426
1197,3.483663,-0.080099,0.063304,-0.509854,0.473843,-0.514871,0.50043,1.974360629582405,-4.1809290095835925,-2.599751705273986,5.86260900760591,-6.724060417491197,-4.072738099455833,0.869928777217865,-0.3208317160606384,3.324060201644897,-0.0447187788017727,-0.4984931468318029,0.6776108340358722,-0.5388397944989641,0.3582215905189514,-1.141557693481445,-3.830786466598511,-7.366588505944609,0.1573489087894558,-2.35874748493731,-0.3017375469207763,0.1509469300508499,-0.4878170538868754,-0.4915865063667297,0.3239281123368069,-0.1113995243101846
1198,3.440054,-0.088271,0.064818,-0.510287,0.467284,-0.515361,0.505625,2.752204950976372,-1.787971796530485,-2.2098162758812308,4.923754624566436,-7.557943436971306,-3.847662977395952,0.8168991804122925,0.2415372431278228,3.173681259155273,-0.000629965214188,-0.4546445479031012,0.6996245767767294,-0.5512017502315422,0.2693372666835785,-0.890255868434906,-3.750264406204224,-6.114035253235698,1.7133388726115226,-2.5860762311428784,-0.189384251832962,0.1119019985198974,-1.0227266983382404,-0.5449053049087524,0.2803207152732648,0.2714953480544499
1199,3.351482,-0.097699,0.074177,-0.507159,0.465429,-0.522078,0.503587,3.4813214818194504,0.1312397772818803,-2.429901919090748,4.039763758353889,-8.210473279479146,-3.5268726881608363,0.6931543946266174,0.5364117622375488,2.838670253753662,0.033271286817637,-0.40687657761496,0.717127543422677,-0.564865111639123,0.9113060235977172,-0.6573985815048218,-3.458078145980835,-4.816240590786934,3.4223522832393645,-2.484308047538996,-0.1259791404008865,0.0758620351552963,-1.3031437683917582,-0.388769656419754,0.4622462670397013,1.0059037199616432
1200,3.306717,-0.096054,0.0812,-0.49998,0.470584,-0.527583,0.500227,4.039301401539147,1.087477841320634,-2.29714647654891,3.198369924852252,-8.675750365582108,-3.266827959528565,0.4817605018615722,0.2378400862216949,2.498776197433472,0.0618722276461354,-0.3628578413833873,0.7313658882526052,-0.5741166436089872,1.5188183784484863,-0.5758183598518372,-3.079341650009156,-3.7358331262439486,4.800536241176724,-2.9521026694208383,-0.0758524686098098,-0.1249798759818077,-1.5046053751520811,-0.1253359615802765,0.7635029307000338,1.2632212155871092
1201,3.257094,-0.091461,0.088125,0.489648,-0.476913,0.534822,-0.496754,4.890426939982175,1.680864589986205,-2.0321134381100534,2.369690026973188,-8.990212036317587,-3.119460931049287,0.4488655030727386,-0.4627703130245209,2.138906955718994,0.0930428591151044,-0.3293586091135027,0.7420048233484303,-0.5764501324512417,1.8151179552078247,-0.4035998582839966,-2.44140100479126,-2.5595500432670115,6.428586940342187,-3.9332606551826,-0.0019988075364381,-0.1671778559684753,-1.6442590527750551,0.1277982294559478,0.6300631591558457,1.0627466471027582
1202,3.16406,-0.085244,0.098444,0.491644,-0.468941,0.537888,-0.499055,6.148883863776922,2.0703028835117814,-1.6920596454784274,1.5733140235885976,-9.205921071878077,-2.9909976327434182,0.5395286083221436,-0.7613756656646729,1.7910248041152954,0.1287344585043596,-0.3066751161782277,0.7472943310563854,-0.5752642283568801,2.179241180419922,-0.1929532438516616,-1.7573022842407229,-1.92265323869884,6.9422864043086765,-4.179246171063184,0.07175824791193,-0.0922314450144767,0.0659985994599526,0.1513538509607315,1.0189986907910555,0.3984411727357655
1203,3.116771,-0.086145,0.10612,-0.495625,0.459216,-0.532346,0.509984,7.585058822911978,1.6327870800375937,-2.127042715604603,0.9040320029180496,-9.345858534878491,-2.8298528388023376,0.497489869594574,-0.6310638189315796,1.371799349784851,0.1606334186615395,-0.2896051259766305,0.7486061773722742,-0.5743820137499942,2.006576538085937,0.2661806643009186,-0.9324473738670348,-1.8086854987353085,7.139023612895608,-4.996383222925663,0.0937200337648391,-0.2271346598863601,0.9648368194274604,0.134799912571907,1.2407710449784994,0.4779006400283426
1204,3.076045,-0.087767,0.111201,-0.496732,0.455171,-0.527647,0.517364,8.629086229562759,1.5684557699024675,-2.489437811642885,0.4172548865381628,-9.423532141667604,-2.6820374820336697,0.3507333695888519,-0.4743854403495788,0.8841834664344788,0.1843986458821334,-0.2775041014511414,0.7481559532082298,-0.5738042185675846,0.8009441494941711,0.4887294471263885,-0.0282163005322217,-2.9604969882786274,7.637802571105957,-6.014553719264269,0.164276897907257,-0.358405202627182,1.0634363098673525,0.1987396776676178,1.33701345089823,0.5482798154929652
1205,2.997313,-0.085321,0.117032,-0.498112,0.446158,-0.528083,0.523408,8.766438352245093,3.109344902965426,-1.9086942714512347,0.1684225663917139,-9.454278577587008,-2.599736215443909,0.0937928557395935,-0.0672889426350593,0.2379976063966751,0.1967984803771147,-0.2715658265038594,0.7475303706780414,-0.5733416595827664,-0.5992607474327087,0.6570343971252441,0.7950102090835571,-2.946360326376557,6.867886704623698,-5.468870971059799,0.4152784049510956,0.1383233219385147,2.6021634425908324,0.1083404347300529,0.9377717023693024,-0.283497482145857
1206,2.959754,-0.080783,0.120417,-0.497595,0.442929,-0.52936,0.525349,9.745497904422878,1.1294593724817037,-2.5618837469115854,0.2588234614753164,-9.448114209738373,-2.614679225292801,-0.1327133476734161,0.232376143336296,-0.731170654296875,0.192501588292515,-0.2735517878059,0.7473158323998219,-0.5741355602086968,-1.350060224533081,1.29272198677063,1.6686344146728516,-3.854685715639591,5.531304923141002,-4.783450081819296,0.3184084594249725,-0.5787397027015686,-1.6346267165549098,0.3144858479499817,-0.2913912493366748,0.5187856081243604
1207,2.922523,-0.077191,0.125679,-0.496494,0.445285,-0.529252,0.524507,7.504343364208936,2.6627386150628327,-1.814943682347238,0.6926546398863196,-9.425759170067307,-2.616424607655406,0.1275751590728759,0.098500981926918,-1.394888401031494,0.1768142030309304,-0.2875726342837721,0.7420933272131162,-0.5790822188286503,-1.889832019805908,0.9982701539993286,2.360642910003662,-4.167128447768092,4.474089533615112,-3.494954578113556,0.3526684641838074,-0.3016561269760132,-0.5742577218363061,0.290160059928894,-0.2147757367657497,0.7424611655846237
1208,2.840332,-0.075159,0.137567,-0.502368,0.452375,-0.520681,0.521416,6.867602626985311,2.356033549803495,-2.146811830435693,1.325803928489238,-9.360718834879991,-2.605678172713518,-0.0587389096617698,-0.5895971655845642,-2.164513111114502,0.1602210847709473,-0.3158645224697438,0.7301247970563156,-0.5843599377049216,-1.7269984483718872,1.2612289190292358,2.87507700920105,-3.439732457107305,3.0994156296253204,-1.6634072592288254,0.3321326375007629,0.2154997587203979,-1.1063440159626303,0.6070240139961243,-1.1160599388130008,0.3199738217530772
1209,2.797762,-0.079971,0.143304,-0.510244,0.451871,-0.51007,0.524684,6.543246169701218,0.0689233141005039,-2.368050443072617,2.189455040375888,-9.160606012380123,-2.73130069463551,-0.3435132503509521,-1.1687898635864258,-2.981230497360229,0.1415212697885263,-0.3638577410537764,0.7119446078155588,-0.5837073781708724,-1.4670454263687134,1.433421611785889,3.417271375656128,-3.976094419258833,1.4256728543430566,-0.4013927890829741,0.2197446674108505,0.478697121143341,0.6825738292463124,0.419499784708023,-0.4630272248169407,-0.5341988293008878
1210,2.754894,-0.084751,0.147486,-0.517072,0.451221,-0.500591,0.527678,4.4326469316363335,-5.1801335241675375,-0.5440349809974432,4.29002738994509,-7.92856830895543,-3.8605470088884233,-1.8968361616134644,-0.8498790860176086,-3.775964736938477,0.0767234541672213,-0.4956822444343173,0.6716637759989809,-0.5452341476210253,-0.8222890496253967,0.7797955870628357,3.4355764389038086,-5.572893071070313,-1.4848194553166627,1.0476899477463215,0.062995433807373,0.1894945502281189,0.1487044419623445,-0.1494693905115127,0.1904252489611506,-0.3749073716089129
1211,2.669033,-0.095625,0.148465,-0.521936,0.451524,-0.499084,0.524046,1.970935915830732,-5.008692084878683,1.335659405940771,5.353076600190997,-6.871785465627909,-4.504834508229792,-2.0218982696533203,0.2916553020477295,-3.7579872608184814,0.020054294161048,-0.5505494855351327,0.6531293133388201,-0.5195336719619452,-1.514961004257202,0.4499706923961639,2.8232128620147705,-2.725191271844506,-2.317757449031621,1.714400364363193,0.0779638290405273,-0.0983944311738014,-0.7049914127595722,-0.3589164614677429,0.2210586712264455,0.0168611549625173
1212,2.627044,-0.094297,0.146311,-0.521987,0.454022,-0.501844,0.519179,-1.400350781559944,-5.339785156941414,1.9638871663630009,6.454809761357307,-5.624909674033522,-4.781862520366907,-1.851781964302063,1.4110305309295654,-3.6895930767059326,-0.0515253525633634,-0.5891465500780755,0.6298519542357988,-0.5035255910692947,-1.7781236171722412,0.1787484139204025,2.25653076171875,-0.8523790456354617,-3.385892730370164,1.4650707987517118,0.0431349352002143,-0.2281700074672699,-1.1619489257413893,-0.3402791321277618,0.0423955781549448,0.5886083552826196
1213,2.582314,-0.092153,0.145014,-0.519849,0.459432,-0.507744,0.510759,-5.378987286517024,-5.750398924964666,1.8520394872933623,7.414209504297375,-4.407152132634819,-4.666573468671738,-1.276904821395874,1.5459800958633425,-2.751777172088623,-0.1229858570312879,-0.6113470003061252,0.6034764901923435,-0.4969361052741784,-1.288303017616272,0.1582126319408416,2.006885290145874,-0.5319599278002977,-4.818330841064453,1.4096791663974522,-0.0342229679226875,-0.3233165144920349,-1.7198033924505114,-0.1710420995950698,-0.1475419375216122,0.8753563819233328
1214,2.488986,-0.081852,0.142314,0.521396,-0.461483,0.51749,-0.497376,-5.963165477332472,-5.053127438932657,1.2997072180718183,7.973547852888703,-3.5656998469442125,-4.45855761796236,-0.8471734523773193,0.831384539604187,-1.668321132659912,-0.1706615432353509,-0.6219959785095478,0.5834759391488973,-0.4935094434453278,-0.4432953596115112,-0.1036368831992149,1.9574079513549805,-0.2098041954308748,-6.102276426380873,1.6208254240870474,-0.046586126089096,-0.2288151979446411,-1.8380030708953736,-0.0187502447515726,-0.3655599898099899,0.9129544373031704
1215,2.443369,-0.078286,0.142556,0.526631,-0.459448,0.51312,-0.498272,-5.358476997929811,-4.9956268516004085,1.6338731217086315,8.259202531334758,-2.9478856362476944,-4.3893002496019005,-0.8325394988059998,0.3601262867450714,-1.2659205198287964,-0.2018852425521182,-0.6299198664306773,0.571833013772381,-0.4852323152506591,-0.0811920017004013,-0.1285570859909057,1.7575432062149048,1.265757017675042,-6.655767802509665,1.7704320481866598,-0.0581190809607505,-0.1067647859454155,-0.5806272568682208,0.0186742097139358,-0.2177475191181525,0.4661472565336153
1216,2.400586,-0.078376,0.143341,-0.531121,0.457878,-0.507982,0.500212,-4.823175358486175,-6.584103080746531,1.6898188808143138,8.418817339229584,-2.479147303774953,-4.375813868302107,-0.4254272878170013,0.2034154087305069,-0.9048957824707032,-0.2230834080441351,-0.6369536470302712,0.5633777278660771,-0.476581009107862,0.0811809226870536,0.1376187652349472,1.410522222518921,1.112922079178691,-7.632389898407458,1.9800182169526808,-0.154793843626976,-0.0277197882533073,1.3860807025365531,0.0138525161892175,0.2887467261772602,0.3725455743810161
1217,2.313163,-0.080516,0.148881,-0.541764,0.457293,-0.491234,0.506028,-5.351178073093295,-7.622116341674327,1.543436187197268,8.506884914261102,-2.1749567055545747,-4.367246823225915,-0.2910814881324768,0.0537282079458236,-0.4696412682533264,-0.2357611289525712,-0.642192214880739,0.5570069839554356,-0.4709023428963189,0.1896187216043472,-0.1848432719707489,0.8170873522758484,-1.504175897693634,-8.56494547356367,1.7195032404601571,-0.2267911881208419,0.03816769272089,1.1446264003448188,0.1158111914992332,-0.2001099181567318,0.5426926995430141
1218,2.273305,-0.078387,0.15249,-0.546451,0.457909,-0.480389,0.51082,-6.419862366616726,-7.5810618622303005,2.507560036049783,8.52406459712088,-2.160046721192449,-4.341068425874412,0.4494094848632812,0.103784330189228,0.4852489233016968,-0.2369831408549856,-0.6420092803357859,0.5560188602379751,-0.4717054162444439,-0.5964593887329102,-0.3251471221446991,-0.4810438752174377,-0.8385936813890934,-8.014856599354744,0.7519546778559685,-0.2082342952489853,0.3201625645160675,3.667239774750173,0.0398462228477001,0.9805672533269972,-0.2899218891701661
1219,2.225775,-0.075486,0.155659,-0.545785,0.461273,-0.476529,0.512119,-5.3994712716192,-7.954909203392266,1.3005796169921755,8.418557811510562,-2.716795199421048,-4.232876931224763,1.303903341293335,-0.061103418469429,1.8002241849899292,-0.214225350983524,-0.6328777131560152,0.561500186885946,-0.4881502616218079,-0.6638863682746887,-0.2231112420558929,-1.927869200706482,-2.591331082931161,-7.682414450770616,1.5187363379657268,-0.2614989578723907,-0.0804719701409339,1.877692253335565,-0.0137509386986494,1.262703329192847,-0.0060802269500942
1220,2.148086,-0.072869,0.153416,-0.53584,0.465748,-0.487938,0.50781,-3.641384325742721,-5.804101289057732,0.8707698578506707,8.118392961674928,-3.690555183885992,-4.079448995271325,1.636013388633728,-0.049064889550209,2.536739110946656,-0.1728903940802467,-0.6143183316905374,0.5749843528616603,-0.5119716557625394,-0.3887735307216644,-0.5622153878211975,-3.033334970474243,-1.8547785568684336,-6.460887035444379,0.7830255964893847,-0.2775678932666778,-0.305681437253952,-1.3073704461760818,0.0263023842126131,1.0083286820862445,0.2025146960098296
1221,2.099259,-0.076277,0.151901,-0.533943,0.458295,-0.494698,0.510043,-2.650855869567394,-2.6590052737534045,-0.152160107974708,7.648302337810397,-4.844123161707818,-3.769392573757469,2.0650649070739746,-0.0939033254981041,2.8662683963775635,-0.121426274663949,-0.5883925977246174,0.5882003832655286,-0.541359508618389,0.2349281460046768,-0.2868485152721405,-3.599959135055542,-0.0769914697438478,-4.5963145220533015,0.2538933663956821,-0.2510411143302917,0.0532111264765262,1.2748562699317931,-0.1735317260026931,1.3123835981629788,-0.6837838626231998
1222,2.055003,-0.08208,0.148704,-0.534657,0.446641,-0.498863,0.515548,0.2732160526335239,-3.8270080196410414,-3.245084329754114,7.00261315497756,-5.950911560437083,-3.4235157740607858,1.6417555809020996,-0.486303299665451,2.7162814140319824,-0.0644625052998593,-0.5617405753974852,0.59916462439273,-0.5668279572323789,2.055875539779663,0.3549668788909912,-3.6216132640838623,-3.065862319591641,-4.052030242469907,0.440125547581166,-0.4307982623577118,0.1068554148077964,-0.7342851656526327,-0.181359589099884,0.38716114237383,-0.1926982901933603
1223,1.961498,-0.095892,0.147908,-0.53064,0.436636,-0.505229,0.522029,1.806170885565877,-4.17127153892219,-3.5109400827527044,6.247923499199747,-6.784445620349049,-3.332436742253601,0.4774138927459717,-0.5997737646102905,2.5838048458099365,-0.015317540573186,-0.5382071009186059,0.6166361172235906,-0.5743330029613987,3.276517629623413,-0.4141002595424652,-3.165168046951294,-7.088698616281151,-2.516428402160108,-1.0876074590496718,-0.3993174135684967,0.126690462231636,-0.759458842941001,-0.3307330310344696,0.6844744752358645,0.198346269485075
1224,1.915972,-0.100417,0.149647,-0.526434,0.438416,-0.509936,0.520215,1.736854188233614,-1.8863515067398544,-0.9965689053833484,5.476276863402128,-7.432928817814588,-3.3064103205934163,4.36422415077e-05,0.5865046977996826,2.7831475734710693,0.0182553863077102,-0.505634888272121,0.6425833548278745,-0.5754013739965578,2.741894245147705,-0.91036057472229,-3.1137306690216064,-5.3380216544002295,-0.2134101109683513,-2.180726082736254,-0.3465330600738525,0.2230293154716491,-0.9201150496475398,-0.4196938276290893,0.5079968318780884,0.140882132572541
1225,1.869333,-0.100799,0.15166,-0.522096,0.440428,-0.5162,0.516698,2.198233974637091,0.4820066871076822,-0.6224082604885101,4.767097205172479,-7.997106423130631,-3.08082257283628,-0.1500132232904434,1.6808152198791504,2.763143301010132,0.0339349945116023,-0.4547068204692726,0.6710588186885614,-0.584611176760005,1.8995773792266848,-0.901625633239746,-3.318618059158325,-2.941564324271679,1.668173158456385,-2.829995754404366,-0.3411317467689514,0.1667336076498031,-1.4142467665739356,-0.4651040136814117,0.2846868015282787,0.5051861949041485
1226,1.773853,-0.091691,0.15736,-0.510351,0.448513,-0.52494,0.512655,2.762757324650884,1.4272639229267834,-1.1275298657238482,4.115185494562983,-8.428657765242457,-2.862406908665597,-0.3290853202342987,1.514017939567566,2.403578758239746,0.0393292971214503,-0.3995809620469301,0.6973357853946701,-0.5937264607199272,1.7453300952911377,-0.8003287315368652,-3.174423217773437,-2.3016227451801297,2.584144970819354,-3.5053964771509167,-0.3877688944339752,0.2522933185100555,-1.6305260032378135,-0.3457903861999511,0.1755872155903838,0.8831001279179006
1227,1.727668,-0.084885,0.158537,-0.509626,0.446829,-0.527632,0.512084,3.612028467398882,1.2096037532985209,-1.2575731266975405,3.4921664086997506,-8.716323783510923,-2.828581503692269,-0.4281154870986938,0.5889194011688232,1.936745524406433,0.0471277410197483,-0.3564394207263957,0.7191442554790908,-0.594610390286557,1.815021276473999,-0.6927093267440796,-2.7045488357543945,-2.1074387282073497,3.5570179433166977,-4.081721031856537,-0.4391242861747741,0.1988921165466308,-1.42270538283959,-0.0792115405201911,0.6152394648376852,1.1049319572076202
1228,1.688566,-0.082475,0.159823,-0.507818,0.444535,-0.530308,0.513111,3.9738156606718897,1.353850896191597,-0.3546969427511096,2.9077181687712668,-8.890796553319692,-2.9443621382966634,-0.3426757752895355,0.0161302890628576,1.6030991077423096,0.0614407009842224,-0.3288824705936055,0.7361772930042485,-0.5883062483471438,1.302472472190857,-0.7843796610832214,-1.7969567775726318,-2.809343719258904,5.163002356624603,-5.587403826981783,-0.3906259834766388,0.1614445596933365,-1.394258748295158,0.1264591515064239,0.4727398962642997,0.9315488092664628
1229,1.609272,-0.080319,0.157073,-0.500202,0.438551,-0.538894,0.516783,4.560901555627584,1.6615011333465577,-0.067820905816555,2.3563960995055733,-9.029507104873655,-3.014265403345227,-0.0738796219229698,0.0378090813755989,1.5011755228042605,0.0780261367794886,-0.3060780107258978,0.7483321606099963,-0.583289979012254,0.1088335961103439,-1.1104025840759275,-0.9559359550476074,-1.628304966187477,6.587028028282523,-6.443230382722616,-0.2492601871490478,0.1681728512048721,1.159677765939012,-0.0279535241425037,1.2231825621221213,-0.1580530202045105
1230,1.571982,-0.080566,0.152921,-0.501189,0.424244,-0.543006,0.523422,6.296382117420435,0.7116326043397188,-0.8971776800438761,1.859166562694311,-9.14505714559257,-3.013601386478543,0.0738654658198356,0.0311002377420663,1.2269678115844729,0.0935713334062296,-0.2849888657566028,0.7565925328960197,-0.5810279076916184,-1.3532932996749878,-0.4299342036247253,-0.1869277209043502,-1.4386948330014944,7.023819609135389,-6.77127809574008,-0.1135606840252876,-0.1227733567357063,0.8025468740392476,-0.1804396659135818,1.406540283849835,0.2166431380728259
1231,1.532643,-0.076809,0.148943,-0.497833,0.413818,-0.547378,0.530372,6.757550599160791,1.8325427596628665,-0.9654723408520222,1.4883793397553264,-9.238257407337429,-2.934233250731229,0.3000704050064087,0.2416781932115554,0.865228533744812,0.1051484260708818,-0.2675058292772052,0.7602926370950062,-0.5825286325349317,-2.7560131549835205,-0.1566960513591766,0.3755368888378143,-3.143456431403756,6.723620857030153,-6.322055487859249,0.0382302515208721,-0.1920545399188995,-0.0432704841262195,-0.1127021834254264,0.6582160714507103,0.3802778491334989
1232,1.455738,-0.075421,0.142583,-0.481359,0.410867,-0.560658,0.533989,7.791928133934736,1.4418950903475285,-2.106231982766092,1.287033760590106,-9.309090938973426,-2.802629608573019,0.2518559396266937,0.5303249955177307,0.4039351642131805,0.1083928696021492,-0.2520539830547744,0.7611590764033135,-0.5876704375747553,-2.215071678161621,1.064985275268555,1.1977698802947998,-3.451708726105094,5.616472685077786,-3.61016968778968,-0.0663964226841926,-0.7600694894790649,1.037810066505894,0.0483682826161384,1.1107710386246443,0.6316293855592608
1233,1.414095,-0.079006,0.138642,-0.478893,0.40527,-0.562278,0.538759,7.556935136711597,2.891751368832588,-2.26007025308609,1.360119308936596,-9.340832815670966,-2.658817642226816,0.3513811528682709,0.8305450677871704,-0.3689445555210113,0.0994468156111315,-0.2432604440542012,0.759201113983623,-0.5954396753214496,-0.5031214356422424,0.9031339287757874,2.4539122581481934,-5.754353800070286,3.432396122869849,-2.55527280433923,-0.0191423688083887,-0.3036784529685974,0.5829890906287357,0.3058176338672638,0.3033195144742727,0.5668212516926229
1234,1.368863,-0.085053,0.133758,-0.482537,0.394446,-0.557036,0.548892,6.571997632411122,0.6970961294651031,-3.179150260597467,2.3779769399337467,-9.116904817819597,-2.719862770298123,-0.7259394526481628,-0.2946423292160034,-2.214372158050537,0.0551671679427527,-0.2718201817301056,0.7515239163023357,-0.598566765569635,0.227024957537651,1.5814831256866455,3.425220489501953,-4.228525458016992,1.4673331907257436,-1.066446305338293,-0.0856885761022567,0.4448009729385376,0.0536322214663028,0.3863810300827026,-0.5006796772651374,-0.1684519568829797
1235,1.278712,-0.100064,0.120485,-0.482317,0.384951,-0.551872,0.560911,5.478364775592088,-1.254002282473445,-1.898094843764603,3.2312922435060143,-8.717549525913595,-3.119852852976322,-1.1231807470321655,-0.8108392953872681,-2.917684555053711,0.0279074515105339,-0.3182179862089295,0.746863802244431,-0.5832263833424525,0.3934171199798584,1.5691566467285156,3.184401273727417,-4.4757115818589925,-0.0168909290462732,0.8085521788686514,-0.0720314979553222,0.3971964120864868,0.3714722825936973,0.1320016980171203,-0.1230266876093577,-0.2505402383091859
1236,1.233021,-0.102298,0.111978,-0.477268,0.389737,-0.558783,0.555051,3.912336232836544,-2.2309259916663167,0.0742354490339756,4.185751607434451,-8.085988237154483,-3.642344987468421,-1.1914918422698977,-0.6970061659812927,-3.390498161315918,-0.0045201176570419,-0.3747348484643271,0.7384319202873385,-0.5605994337283777,-0.0374349355697631,1.2006605863571167,2.56146240234375,-3.6413247045099735,-0.7834723904088139,1.3323410751730205,-0.0302776750177145,0.2059235125780105,-0.222812127297651,-0.1049902141094207,0.1456796142484527,-0.4070205658368766
1237,1.187767,-0.101303,0.10327,-0.470267,0.398112,-0.56678,0.546915,1.628098045438528,-2.6171470767110585,1.1794848016276955,5.213482251539826,-7.264470778250693,-4.02708810891509,-0.8429896831512451,-0.0378483533859252,-3.6237072944641113,-0.0460609659422974,-0.4300107242479034,0.7213980386844991,-0.5408825930076349,-0.3734062910079956,0.8797765970230103,2.000884771347046,-1.622415323626995,-1.5931315076060593,2.23657130407691,0.0214061737060546,0.0633450001478195,-0.7651583697568625,-0.3527811169624328,0.0127089032544288,-0.1534392610650509
1238,1.09486,-0.095661,0.086008,-0.462719,0.408307,-0.57637,0.5357,-0.5917080017983913,-3.242848533526063,0.9180199770644306,6.204466634789108,-6.338598626381159,-4.182963145759701,-0.6216559410095215,0.3034472167491913,-3.4078941345214844,-0.0926234860258067,-0.4774665698233625,0.6966329323811492,-0.5273985685487423,-0.506067156791687,0.811238706111908,1.647701621055603,-0.1422965933471918,-2.0770622946441173,2.0551158357739445,0.0404399596154689,0.0442837253212928,-0.9494262651320546,-0.3332709968090057,-0.078442965460103,0.3974718162469565
1239,1.050882,-0.094633,0.078783,-0.463577,0.406329,-0.576195,0.53665,-2.226923770287633,-4.47429703888595,0.4492188084885478,6.996920496293902,-5.405973493120074,-4.241334086185693,-0.646538257598877,0.2952557206153869,-2.828523874282837,-0.1358354988788384,-0.5156233162147088,0.6711039012964697,-0.5150735624123037,-0.7361003756523132,0.635709285736084,1.5667191743850708,-0.5001104990750551,-2.9192294506058096,2.124301015681028,-0.0287619587033987,-0.0181179530918598,-1.0763925298132002,-0.1356977671384811,-0.0988106672388501,0.6266579538222402
1240,1.006851,-0.092743,0.071708,-0.468261,0.403384,-0.572301,0.538967,-3.443908866009116,-4.60511800623387,0.766815854640305,7.530211964958906,-4.567816157321632,-4.312928080800176,-0.8152043223381042,0.2390537559986114,-2.101470708847046,-0.1717913079231726,-0.5433169414256505,0.651693819076141,-0.5005892879148398,-0.6026171445846558,0.4285634756088257,1.5524917840957642,-0.132805126902461,-4.259665861690044,2.697720496594905,-0.1815556138753891,-0.0694514811038971,-1.5584965398155153,0.0490479059517383,-0.3040905353793874,0.6210594762280583
1241,0.925486,-0.092989,0.064289,-0.480973,0.406851,-0.554763,0.543485,-4.134202914243937,-4.423973795837163,1.3899395699217916,7.898036977091431,-3.845449100738763,-4.359348471191526,-1.0829418897628784,0.532118558883667,-1.578578233718872,-0.2046732166866068,-0.5596392979261574,0.6395848412701004,-0.4856376945120957,-0.4263499081134796,0.1547686159610748,1.3745205402374268,1.0855588559567928,-5.014371299558878,3.0128339092373846,-0.299654096364975,0.035277359187603,-1.3020306925833225,0.1756637841463089,-0.4236966100234538,0.49959652167093
1242,0.885238,-0.091579,0.063229,-0.489798,0.410843,-0.541473,0.545998,-5.321408373251557,-5.215575424426794,1.8475000902980565,8.224677745920419,-3.2177012327879666,-4.262801237106323,-1.1850956678390503,1.0644187927246094,-1.0464094877243042,-0.2406067564082041,-0.563701773594333,0.6321255267449614,-0.4740950144705147,-0.1268372386693954,0.193482294678688,1.215267777442932,1.966279614457488,-5.832130282711982,3.4727497605681417,-0.4162721633911133,0.1489171087741851,0.5898652234759182,0.1251622438430786,-0.1047514919972978,0.2590429859775118
1243,0.845698,-0.089139,0.062239,-0.496371,0.417184,-0.530966,0.545572,-5.7759232423216105,-6.683388799884915,1.386812670072913,8.506960902106762,-2.796303328160941,-3.997839802598953,-1.034595608711243,1.2568774223327637,-0.3945333957672119,-0.2747494033189575,-0.5557065835539895,0.6285087858812715,-0.4697656581940859,0.5439975261688232,0.2178612500429153,0.9854112267494202,0.199374571353197,-7.320631641411781,4.291632194793224,-0.4856871366500854,0.1558848470449447,0.7778331424128264,0.1422058045864105,-0.1514068601883016,0.5599180116428062
1244,0.774968,-0.085812,0.057266,-0.49509,0.429395,-0.530213,0.537941,-6.824326964360475,-6.462873240825534,1.4647972425073383,8.67983208193779,-2.65484493920356,-3.712503104060888,-0.6065610647201538,0.8183774948120117,0.4182276725769043,-0.2983902217645827,-0.5406042457458737,0.6301047762560134,-0.4708271589430982,0.1287668347358703,-0.4818695187568664,0.2781632840633392,-1.9258780459642408,-6.965407752177119,3.151625124812126,-0.4199060201644897,0.5184547901153564,2.392452624531835,0.0953715369105339,0.3135973089911043,0.0506799383988138
1245,0.736366,-0.086496,0.049919,-0.490893,0.428435,-0.537084,0.535731,-5.68565728046298,-6.372455303275585,0.8503478320688008,8.649826819774509,-2.9224335073441265,-3.5791391742318868,0.1380588263273239,0.0895225331187248,1.2193857431411743,-0.2979681130178601,-0.5244547703341297,0.6383043964274412,-0.4782568371949779,-0.5329554677009583,-0.8129664659500122,-1.0717895030975342,-1.986503487318754,-6.882137932816147,3.0650363901615143,-0.5012273192405701,0.2660781741142273,0.9202448135070502,0.0822099298238754,0.4324580816932022,0.0780278179211076
1246,0.698707,-0.088574,0.040905,-0.486694,0.421271,-0.544303,0.537954,-4.350694624614715,-5.698215733262896,0.529449114023149,8.41485369629562,-3.508238130317628,-3.61288157709688,0.4595278799533844,-0.3901870250701904,1.9731357097625728,-0.2767673744197988,-0.5076919766630054,0.653034877973472,-0.4890748515148155,0.2049915641546249,-0.7628284692764282,-2.174945831298828,-1.3483978914827108,-6.311112653562426,2.580420981860161,-0.6368824243545532,0.1286702752113342,1.4970568594686686,0.0447209775447845,1.140831903432682,0.1347828841156791
1247,0.615438,-0.099065,0.022518,-0.477717,0.401904,-0.556129,0.548616,-2.4951883379936217,-5.41467293240428,-0.2156526291981339,8.0058929561764,-4.331224784991145,-3.649187108448148,0.5024888515472412,-0.3042248785495758,2.5278053283691406,-0.2441431888440803,-0.4839789506877204,0.6721764172338038,-0.5043187574117929,1.9847596883773804,-0.7480076551437378,-2.669344663619995,-3.2191151912391183,-5.877130284911393,1.815053864723444,-0.6767336130142212,-0.1111213564872741,-0.7100045647464692,0.1635312736034393,1.111683477294445,0.0648208243848523
1248,0.579652,-0.104783,0.014619,-0.470684,0.398205,-0.562654,0.550737,-0.8031985428810119,-3.410585273078084,-0.2134972047299146,7.4635671171844,-5.218265978685021,-3.638024493920803,0.5689382553100586,-0.1630319356918335,2.6846249103546143,-0.2090810156659465,-0.4527534178317763,0.693182494936844,-0.5203819580349525,2.579415798187256,-1.1826624870300293,-2.899831533432007,-2.9477310302078723,-2.990600450119376,-0.2322334693819284,-0.6722962260246277,-0.0715164691209793,-0.2033783819007687,-0.2303015291690826,0.9882426102604716,-0.9804692728452384
1249,0.537256,-0.108468,0.008008,-0.464075,0.395273,-0.570225,0.55067,1.0377958187848328,-2.4414316133648155,-1.734267094349861,6.875489580842852,-6.051998776039481,-3.503049037241936,0.6304676532745361,0.000315235753078,2.387558698654175,-0.175258306779015,-0.4197968279157396,0.7087851724803358,-0.5391463501131525,2.754603862762451,-1.1904597282409668,-2.7869722843170166,-3.329349589893221,-1.6558260103195903,-1.116371927371621,-0.7189285159111023,0.1356287598609924,-0.0978110617422498,-0.5648939609527588,0.548922278114967,-0.6957105203256011
1250,0.457361,-0.105612,-0.001597,-0.445844,0.396023,-0.585271,0.549406,1.4371592939972877,-2.094092924422025,-2.456415832006931,6.331276905190944,-6.653871028977632,-3.436762209124863,-0.0745366141200065,0.0244245771318674,1.9522466659545896,-0.1494024280125007,-0.3905604458187619,0.7229720950833166,-0.5499571558368411,2.838660717010498,-1.513354778289795,-2.287540912628174,-4.867335987251996,-1.0250316142797469,-2.19291102604866,-0.7096391916275024,0.3278354108333587,-1.2383185372598469,-0.6374201774597168,0.2549695807924494,0.1077884850730188
1251,0.415413,-0.101615,-0.006579,-0.438096,0.397959,-0.590797,0.548324,0.609015694952011,-0.5771826328396796,-1.1189759723901749,5.8209121386051175,-7.1014710040926925,-3.443324928641319,-0.348653644323349,0.5132462382316589,2.078129291534424,-0.1330882746606664,-0.3580939911575681,0.7398171393353536,-0.5538292489249719,1.7879252433776855,-1.8264597654342647,-2.055349588394165,-3.5857138764470813,0.3108712450280785,-4.1400870038464666,-0.7722068428993225,0.3994408547878265,-0.8449721303798258,-0.5271475911140442,0.3422811132922768,0.5163382880374789
1252,0.374009,-0.098854,-0.013299,-0.434706,0.389882,-0.594182,0.553146,1.1215367627888917,0.2088672068417072,-0.9260273424312472,5.2865433960974215,-7.506692557683587,-3.4456349591493605,-0.6851546168327332,0.7005032896995544,2.148897886276245,-0.1225078496884668,-0.3176430777823834,0.7581433717140951,-0.5561594208995843,0.7956050038337708,-1.7915257215499878,-2.080759286880493,-2.2915911805093288,1.4525968093648551,-5.100216522365808,-0.846630871295929,0.3872603476047516,-0.8903774254444986,-0.3113903999328613,0.489178916824609,0.8912110997896641
1253,0.308207,-0.09911,-0.031173,-0.42762,0.362982,-0.601143,0.569221,1.7545386057451366,0.2688987739562988,-0.1104302134871482,4.723871811430156,-7.818115883636474,-3.5682612218648195,-0.785272479057312,0.4271818995475769,2.0753023624420166,-0.1127646734048561,-0.2771143783210291,0.777906366716994,-0.5525879657388042,0.2631272971630096,-1.522413730621338,-2.1222293376922607,-1.8200035960853096,2.0817241489753124,-5.63843492603898,-0.8572189211845398,0.2608248889446258,-0.8906248973995446,-0.1013863384723663,0.6513176902391016,1.0451453778300437
1254,0.275134,-0.098126,-0.043001,-0.418352,0.349335,-0.609805,0.575399,2.3559788970068096,0.3545031737446785,0.8484130646139383,4.098041467538476,-8.099148162978887,-3.712177233107388,-0.3560652136802673,0.1223939880728721,2.120680570602417,-0.0970208429585669,-0.240173506896638,0.7947232521091162,-0.548925002774731,-0.0909367799758911,-1.2688486576080322,-2.052288770675659,-1.8869056334912773,2.6925246815174817,-6.168296420255303,-0.8312889337539673,0.1704838722944259,-0.9186919580418615,0.0290680322796106,0.7705618362355977,0.940949601753056
1255,0.251072,-0.095718,-0.054783,-0.407004,0.334477,-0.621661,0.579663,3.3089263950675725,0.9119178607970476,1.0113234069228172,3.3939407200083136,-8.409659634783864,-3.7321839560866352,0.1694124042987823,-0.0457420051097869,2.167121648788452,-0.0743495999858014,-0.2052197066399157,0.8050921036418534,-0.5515286045185218,-0.3898579478263855,-0.9103050231933594,-1.8920831680297847,-1.4856769489288328,3.269608530157804,-6.546089868694543,-0.7922402620315552,0.1355906128883361,-0.1003794783249963,0.0174946524202823,0.9954578754015266,0.4682506585536524
1256,0.188301,-0.092407,-0.076384,-0.385978,0.311647,-0.63611,0.590983,5.046711726671457,1.0251204616069791,0.207021286714077,2.6693516034618017,-8.708861777067185,-3.63327408452332,0.4766344428062439,-0.2296024709939956,1.9060972929000848,-0.0480387956005024,-0.173927958745738,0.8093172962409535,-0.5589694840719261,-0.606040358543396,-0.3326340615749359,-1.5412027835845947,-1.8990771328002207,3.9130128169238567,-6.529088465011119,-0.7623645067214966,0.0933562666177749,0.3752428141083568,0.0346803590655326,1.0616502301681787,0.8568751149456948
1257,0.171194,-0.091925,-0.088151,-0.379626,0.305665,-0.638058,0.5961,6.309271994131803,1.1198591849654913,-0.5427212680503726,2.031377963442355,-8.950244767588377,-3.454996369473636,0.6642942428588867,-0.3261114954948425,1.4695926904678345,-0.0222929426254113,-0.1504471196570689,0.8084067388513803,-0.5686362648804536,-0.8618193864822388,0.1038719415664672,-0.8571982979774475,-2.904800820019841,4.3919636235922574,-6.527750494405627,-0.704892098903656,-0.0133992936462163,0.8117256943382323,0.2264502644538879,1.4660704773135482,0.9785526986341924
1258,0.138181,-0.095196,-0.09833,-0.377643,0.299674,-0.636379,0.602165,8.078077317899465,1.2437246340870856,-1.943200352165103,1.2904331937700508,-9.227487591519951,-3.059183864741027,0.2488050907850265,0.7182313799858093,0.4814797043800354,0.0022627577087301,-0.1152670111909951,0.8016785409100968,-0.5865319936960967,-0.338555634021759,1.5999290943145752,1.1487324237823486,-2.7197259921759365,3.9479017594754695,-4.3397570510149,-0.5907162427902222,-0.3156697452068329,-0.2159145863362588,0.3736650645732879,0.4174465731853619,0.4197075769199058
1259,0.086876,-0.103658,-0.121104,-0.37912,0.288082,-0.630223,0.613267,6.940524655333161,2.732055896916985,-2.138665056598186,1.3853117639906705,-9.243685862126943,-2.967418604235351,-0.0979366153478622,1.4772698879241943,-0.2566966116428375,-0.014134257790271,-0.1004726078352135,0.8007505859309086,-0.5903422639685669,0.1682143658399582,1.7172771692276,1.9062771797180176,-1.7193126863241197,3.236184983983636,-1.447112240473926,-0.6084266901016235,-0.057081114500761,-0.9809819716077296,0.2732602059841156,-0.0358713868508581,0.4890205113925039
1260,0.054499,-0.108047,-0.13566,-0.37695,0.285252,-0.632619,0.613461,4.908205757778883,3.177919842019677,-2.398473638387024,1.8066323655977845,-9.15788857011497,-3.006587416063249,-0.6299306154251099,1.6179152727127075,-0.9970089197158812,-0.0477729345138149,-0.0915832050906718,0.8030602768277173,-0.5868769458361974,0.6529991626739502,2.1933915615081787,2.244037389755249,-1.0139157615035772,3.1051351763159034,-0.1986971104830503,-0.6501043438911438,0.4665252864360809,-0.4166831875974312,0.2811417579650879,-0.4362577297044918,0.4218999723976477
1261,0.020145,-0.111133,-0.15153,-0.374024,0.284498,-0.637228,0.610825,3.8101910326138135,1.2208785960286854,-2.680401989786327,2.459923547866941,-8.958488279798626,-3.1407994871541858,-0.6903067827224731,1.2110304832458496,-1.6093027591705322,-0.0877117645403746,-0.0948105684580255,0.8069368985739409,-0.5763421932170191,-0.1772777885198593,2.291520118713379,2.8594906330108643,-3.636490123960376,2.2027239795327187,-0.6549567773938179,-0.7375525832176208,0.5174453854560852,0.4608488578645512,0.1714074909687042,-0.2022900386747904,0.1196749112297315
1262,-0.036373,-0.110657,-0.185796,-0.368135,0.289336,-0.647229,0.601544,2.441977849070728,-0.1278787764161825,-2.9797327268853784,3.1918782247453925,-8.682784502002596,-3.254469120953977,-0.5487011671066284,0.4430310726165771,-1.9123976230621336,-0.1226785538084778,-0.1125786497985017,0.8082436508143122,-0.5648170311508381,0.1950816661119461,1.7233219146728516,3.065435647964477,-5.658123961371183,-0.2769929408237337,1.8771762666374443,-0.7879083156585693,0.335684061050415,0.836358177421987,-0.1420114487409591,0.3096569373348727,-0.2854937522633001
1263,-0.072014,-0.107713,-0.204698,-0.366314,0.286071,-0.653855,0.597036,2.78254251383394,-1.3592495403647422,-2.5090774548754093,3.928703430269658,-8.294170384341477,-3.455776706196368,-0.715309739112854,0.0595038197934627,-2.36742639541626,-0.1502914480976516,-0.1432332747736513,0.8097405798671125,-0.548832239721765,-0.1054158508777618,1.4130388498306274,2.860663652420044,-4.157497865113616,-0.4475833162412047,1.915190647733212,-0.7530705332756042,-0.065184973180294,0.4749121988020837,-0.5766392946243286,0.7294508773639797,-0.6072941318564117
1264,-0.092701,-0.102818,-0.22515,-0.36431,0.278855,-0.658927,0.596098,1.3335115802571176,-1.4979524931341408,-1.7713365958109497,4.79669271749109,-7.756685555639862,-3.604993746456504,-0.4906651079654693,0.4619148075580597,-2.7610104084014893,-0.1842743429863056,-0.1804265088704542,0.8070004943368776,-0.5312622180579568,0.0653620213270187,0.9523962140083312,2.4201807975769043,-2.1829121946036816,-1.9447475816071031,2.639015209648013,-0.6954793930053711,-0.2814888954162597,-0.3999744467176497,-0.9497347474098206,0.4971558870531618,0.0446998547756345
1265,-0.153894,-0.102182,-0.263095,-0.363544,0.262752,-0.659867,0.602804,-0.2049859814941882,-2.01763746125102,-2.289434294736385,5.693842925006151,-7.096040795737505,-3.660156246230006,-0.5569000840187073,0.3269274532794952,-2.8371949195861816,-0.2227213779454099,-0.2186426233343108,0.7992568044952929,-0.5135943533186034,0.4318931400775909,0.7912041544914246,1.9493263959884644,-0.2232107894927263,-2.765456646737456,2.841084426912665,-0.6807204484939575,-0.2809677124023437,-1.0064354887507856,-0.74659264087677,0.1949415938744321,1.1473217038433998
1266,-0.164476,-0.105698,-0.279094,-0.361761,0.252183,-0.657509,0.610913,-0.9144593619734048,-2.889802572852373,-1.9699433976620435,6.498784512162208,-6.297347163060307,-3.778833479058742,-0.7309749126434326,0.1433234959840774,-2.9292960166931152,-0.2581182451233548,-0.2592935818760911,0.7908436769413723,-0.4906200315303528,0.415971964597702,0.62174391746521,1.5719151496887207,0.164293905621767,-3.2806767443999645,2.5823797147125003,-0.6606615781784058,-0.2040927857160568,-1.298025986986607,-0.3592513501644134,0.008536401630289,1.1304900307036936
1267,-0.190595,-0.106901,-0.298104,-0.361527,0.237233,-0.65372,0.621022,-2.241331065824628,-3.4688930851399897,-1.3364011642187834,7.031380984300375,-5.623387579032778,-3.88685049392432,-0.8660006523132324,0.2255180180072784,-2.772254943847656,-0.2840871596864089,-0.2886692893896158,0.7841200529085216,-0.4702343959627783,0.5319494009017944,0.3245895504951477,1.3145623207092283,0.5894131688594818,-4.0955744929030535,2.549606156879664,-0.6524205207824707,-0.0766843631863594,-1.897577980283648,-0.1763358563184738,-0.1863715165909379,0.7670179530836642
1268,-0.223831,-0.100513,-0.338926,-0.340646,0.213671,-0.663713,0.630706,-4.154781007370352,-3.325672362685203,-0.3143494425326585,7.598841264548898,-4.748922958317399,-3.9844399305388327,-0.9403069019317628,0.3702971339225769,-2.183439016342163,-0.3173076709253755,-0.3192438713927497,0.7753923209624863,-0.4429063920583913,1.0540748834609983,0.252071350812912,1.07011878490448,2.0228034657120704,-4.814333295860886,2.687501884919405,-0.6215564012527466,-0.010510204359889,-0.4288816845111549,-0.2522656619548797,0.0783638540755957,0.4428683800159022
1269,-0.24164,-0.098248,-0.360649,-0.319342,0.207656,-0.67587,0.630951,-4.647784889310598,-4.213732378032804,-0.0464648140549659,7.985152365964651,-4.01708430903405,-4.033703727662563,-0.9984052777290344,0.351359874010086,-1.5499134063720703,-0.3454321837731666,-0.3382919718273054,0.7689084451119746,-0.4183478960579623,1.6114017963409424,0.39410600066185,0.8757888078689575,1.3759972615480422,-5.426183921977877,2.737799993526936,-0.6316444277763367,0.0580883137881755,0.3111022773049771,-0.1888947933912277,0.0244330743544036,0.6879465352606028
1270,-0.261559,-0.09844,-0.383757,-0.301536,0.197997,-0.686088,0.631788,-5.301203789612651,-4.610888406328857,0.8683084361732005,8.222878003022075,-3.463556692548096,-4.0692064181983465,-0.8448097109794617,0.3460988700389862,-0.8693007230758667,-0.3672086871194511,-0.347442504615401,0.7659996660962238,-0.3970969739719834,1.3908518552780151,-0.0389076359570026,0.552628219127655,-0.4986193837344646,-5.3919677641212935,2.350233923614025,-0.6354729533195496,0.1100184842944145,0.8174449487678707,-0.1500662267208099,-0.0151085208752192,0.3258560481920838
1271,-0.28982,-0.104007,-0.432289,-0.285713,0.168741,-0.694005,0.638945,-6.011442893767357,-4.174649198661744,1.254175300952792,8.336360589817167,-3.228072404676676,-4.031747917419672,-0.3126767575740814,0.2942976057529449,0.0314065553247928,-0.3798391165943116,-0.3470595279644789,0.7649258873707985,-0.3875050778424724,0.4027986526489258,-0.5380179286003113,-0.1859658509492874,-0.9919693026334048,-4.755808626177907,1.423847392481565,-0.6823445558547974,0.2297579944133758,0.0120588601141702,-0.3003880977630615,-0.4045026281991973,-0.4098367923013866
1272,-0.313978,-0.1093,-0.457146,-0.278994,0.158277,-0.69591,0.642511,-4.294239746943116,-4.549623205766082,-0.4825669513389468,8.181225557684899,-3.725635265095532,-3.918873525650799,-0.5272523164749146,0.2099322527647018,1.4743072986602783,-0.3759480738833152,-0.3159300941728729,0.7745935161909104,-0.3985675474050995,1.67043936252594,-0.5600718259811401,-1.355299711227417,-1.8441349977791308,-5.731705914932489,2.043749807628989,-0.8714437484741211,0.5141663551330566,1.056913483969867,-0.1053218767046928,0.5671172024318948,0.6055032663842663
1273,-0.323994,-0.113639,-0.47776,-0.269771,0.152689,-0.699906,0.64346,-2.292588374853134,-5.223662869292498,0.7612441919878125,7.595894105181098,-4.793975567486882,-3.935805663490296,-1.3089804649353027,0.9982711672782898,2.94748592376709,-0.3693151701220774,-0.2206872380975558,0.8074449768216354,-0.4036533614065357,2.3941445350646973,-1.1422641277313232,-1.7114063501358032,-2.72617268409729,-2.69892519620955,-0.8308405830442905,-0.8547148108482361,0.0691631510853767,0.1607578952490352,-0.1614492982625961,1.0764289893660697,0.2731591896134429
1274,-0.371126,-0.117633,-0.526622,-0.246419,0.144342,-0.710577,0.643058,-0.7497662279009819,-3.671289050140977,0.7357064306274056,7.116848021444678,-5.560903358069062,-3.8206370233044025,-0.6637094020843506,1.1121474504470823,3.247946262359619,-0.3654740171572915,-0.1530276117283528,0.8193783148787115,-0.4142833227479979,2.0836191177368164,-1.0792551040649414,-1.773584246635437,-1.651697532212734,-1.8851522139526904,-1.1410784986048936,-0.7721186280250549,0.0787606611847877,0.7421038035143166,-0.4314999878406524,0.9812905991654842,-0.1023435449395794
1275,-0.391926,-0.114902,-0.552106,-0.226807,0.143847,-0.717292,0.64293,1.177234684613347,-3.0459301231533287,-0.8748737860381602,6.542569293352961,-6.322730610641837,-3.658996554800868,-0.3132296204566955,0.7185274362564087,2.7347850799560547,-0.3569014298819128,-0.0919957870769169,0.8234644379845149,-0.431351931625251,1.812119960784912,-1.3853700160980225,-1.6190321445465088,-3.360485317391157,-1.9087867720402776,-2.226329457656294,-0.6604697108268738,0.1237539649009704,-0.8886752977017313,-0.6120195388793945,0.453810629790835,0.4524168373448774
1276,-0.416429,-0.111541,-0.578547,-0.207548,0.141098,-0.722852,0.643817,0.6216220785468817,-0.9482815520763396,-0.7425535200431943,5.946870760613679,-6.9168205391407005,-3.600378946137428,-0.0554223842918872,0.2275268882513046,2.345229387283325,-0.3424196705187809,-0.0460199667379455,0.8255000907130186,-0.4462965679711549,0.6877731084823608,-1.5890413522720337,-1.737550139427185,-1.7553122204661369,-0.4963683899372816,-3.663843410310149,-0.6056476831436157,0.196340873837471,-0.6753091720055788,-0.5236109495162964,0.4597688075428828,1.060165982959792
1277,-0.460985,-0.108032,-0.633202,-0.189563,0.120337,-0.726955,0.648938,0.9294874197572468,-0.1268096858799457,-0.9828957693397998,5.314291819244623,-7.431535317629575,-3.563843113161623,-0.3097986876964569,0.4748876392841339,2.3914315700531006,-0.3261300541722284,-0.0036609277443324,0.8256464289981276,-0.4603626836152205,-0.0270994715392589,-1.3681749105453491,-2.0082008838653564,-0.8214490698426962,0.3097480862170457,-4.149197946541011,-0.5710212588310242,0.1863106936216354,-0.6508341445058584,-0.326110303401947,0.4781090220820158,1.1141720061745497
1278,-0.48004,-0.107367,-0.659933,-0.180853,0.104075,-0.726071,0.655196,1.7907737022086976,-0.3750596395611763,-0.7679457354530692,4.67177512896806,-7.816102205726504,-3.640527124391496,-1.0240874290466309,0.8649659752845764,2.476874589920044,-0.3144550199370775,0.0468800786557038,0.8266906853621492,-0.4642227765854707,-0.0581838861107826,-1.1311895847320557,-2.024411678314209,-0.9959025504291056,0.6068409812614322,-4.42767323487699,-0.5470178127288818,0.075845181941986,-0.8147863240178674,-0.2337723970413208,0.6329848187562078,1.018700073170662
1279,-0.495313,-0.106671,-0.686646,-0.168665,0.086407,-0.726728,0.660267,2.284653782461584,-0.2778022113800049,0.5631915168881416,4.001023108810186,-8.09502026939392,-3.8252909865900873,-1.1232428550720217,1.103835105895996,2.712744235992432,-0.3055454390689018,0.1058116924209999,0.8269458519474708,-0.4600070170684978,0.0341580286622047,-1.0018731355667114,-1.858871936798096,-0.9112503367990256,1.3338178697273135,-5.136112011611461,-0.5198737382888794,0.0082546900957822,-1.168313273141533,-0.1882493644952774,0.5919929927522316,1.1673621829617769
1280,-0.517072,-0.104386,-0.740555,-0.139527,0.048803,-0.732988,0.663987,3.2003181363105773,0.9354302538096904,1.3703496110498905,3.2569930864736434,-8.34802881577909,-3.984069928182661,-0.7837351560592651,1.0077825784683228,2.7844579219818115,-0.2953626679631199,0.1673604850573375,0.8216577811284856,-0.4578535890420776,-0.1654634624719619,-0.7741276621818542,-1.7143033742904663,-0.1702595360279083,2.463704527710378,-5.6102761685252185,-0.3837246596813202,0.0596927814185619,-1.2808067027688026,-0.088982380926609,0.432304498566687,1.0976538559634237
1281,-0.525745,-0.10289,-0.768167,-0.126291,0.032263,-0.733584,0.666982,5.041145909237861,1.641350910243392,0.9359250515893102,2.5073227201625703,-8.548023564857244,-4.100609856721759,-0.4339260160923004,0.4103240966796875,2.2934460639953613,-0.2816551250684166,0.2198080004711401,0.8128698295929399,-0.4599972319623134,-0.3251460790634155,-0.1764557510614395,-1.3592300415039062,-0.6045259823173285,3.412114382341504,-5.5383390595614905,-0.2415772229433059,0.1388918161392212,0.1618044634262099,-0.1794154345989227,0.8733145738974213,0.6354570540886372
1282,-0.537532,-0.103095,-0.795115,-0.11691,0.020739,-0.733422,0.669324,6.63822746964395,0.8551338973015546,0.1453910522311925,1.8384435081392525,-8.67250217744112,-4.192639613382518,-0.0840808153152465,-0.456971675157547,1.5741313695907593,-0.2619622741869608,0.2519156435218775,0.806414057798817,-0.4664876179477526,-0.2939399480819702,0.2453506141901016,-0.5356745719909668,-2.127022549599409,4.221898148831725,-5.675919730302691,-0.2358845323324203,0.0699398815631866,1.1327732462700455,-0.0053879907354712,1.202724003722146,1.041364836378023
1283,-0.561597,-0.10559,-0.850018,-0.115209,0.007041,-0.727183,0.67667,7.302368254968523,0.7385474992722273,0.206398186379671,1.270519994293153,-8.765556893235445,-4.209653292025625,0.1772304028272628,-0.6655176281929016,1.1065059900283811,-0.2395978451942971,0.2668567273413657,0.8021346999263435,-0.4774519041075389,-0.3834197521209717,0.5136262774467468,0.1390925943851471,-1.9973376005440948,4.398797269004583,-5.273291115814447,-0.0787613689899444,0.1434473693370819,0.7454235225215554,0.086571104824543,0.5023051595751196,0.0554164745345711
1284,-0.574311,-0.108404,-0.879758,-0.116545,-0.000244,-0.723349,0.680576,8.33381499698758,0.7784452098965644,-0.113024906155467,0.8838618330053984,-8.840770831912755,-4.150899197500944,0.2084404379129409,0.0630977377295494,0.6860257387161255,-0.2258336642177611,0.2768734343964535,0.7968551045443114,-0.4871984084277753,0.3166179656982422,1.7853964567184448,1.0390278100967407,-1.8348118736386296,3.741711662888527,-3.3129356307089326,-0.1213108003139495,-0.2710177004337311,1.2679177028402686,-0.1894488483667373,0.4616049369288608,-0.4919155752468854
1285,-0.58724,-0.113353,-0.910943,-0.1161,-0.003282,-0.722741,0.681289,5.453909548771381,0.8068494666039944,-0.9937748907506464,2.546016023433208,-8.584563781747221,-3.9991821571186175,-0.0877298042178154,0.2992171049118042,-2.683182954788208,-0.3129138651970365,0.2673796745434864,0.7952418835556049,-0.4451779119924816,-2.1139228343963623,1.2752225399017334,1.9549481868743896,-2.671096693563461,0.8588657773062587,1.2697187609128653,-0.0835083350539207,0.1743998527526855,0.2911541526451707,-0.2950234711170196,-0.2098816993801854,-0.0114247417704726
1286,-0.607995,-0.119636,-0.97762,-0.110127,-0.000326,-0.725705,0.679135,2.7464070783525703,-1.8187106336653232,-0.629603724950552,4.622795994004607,-7.67938662738204,-3.9783363529667257,0.42979297041893,-0.5163264274597168,-3.889194011688232,-0.3609554620933465,0.1515881507543482,0.8245360741816123,-0.4085002286725061,0.610510528087616,1.024946928024292,2.363865852355957,-0.7653969277530908,-1.8049993575684724,2.3332091390550134,-0.0380781702697277,-0.1639739722013473,-0.8900309500943869,-0.4515332579612732,-0.1012507812668103,0.4275488650048151
1287,-0.619869,-0.120595,-1.013933,-0.107179,0.000798,-0.726709,0.678532,0.5410726240605116,-2.8059119912445545,-0.8155573814556002,5.707793124425411,-6.9328019521266215,-3.940523339661956,0.4075486063957214,-0.370952695608139,-3.9258627891540527,-0.3860678937204545,0.0793732034247933,0.8334330678606011,-0.3873509471770687,0.983936607837677,1.0889958143234253,2.179652452468872,0.0180669870883226,-2.402682488253713,2.6962159372508525,-0.0501088015735149,-0.156200960278511,-0.7246320058401674,-0.2798890173435211,-0.1670920484403148,0.7706408928211778
1288,-0.630708,-0.118046,-1.051999,-0.10233,0.002028,-0.730674,0.675012,-1.5708020407676695,-3.7836557846486567,-1.0846432024165988,6.623763475483655,-6.060702306976914,-3.945125572760403,0.175051599740982,-0.3874433636665344,-3.460966110229492,-0.4086396310340052,0.0121661470220651,0.837255878409786,-0.3631366053126557,0.2225146293640136,0.7727810740470886,1.924829244613648,-0.5988923603445291,-2.7173671540901063,2.3231904338657854,-0.0852363929152488,-0.1254525631666183,-0.8265081798631697,-0.0675664544105529,-0.2677485444752499,0.898543488504365
1289,-0.645456,-0.102546,-1.126807,-0.083827,0.001435,-0.737033,0.670636,-2.8536002096146342,-3.6648417736977335,-0.574196310505271,7.252047350007295,-5.199689288508892,-4.067113245311379,-0.1613478362560272,-0.4941963255405426,-2.7751967906951904,-0.4229043800358724,-0.0430889418863431,0.8399454757640878,-0.3373229257680986,-0.0680072233080864,0.47532719373703,1.671400547027588,-0.240949275279045,-4.041631890313327,2.701736161977053,-0.0943260416388511,-0.1276865899562835,-0.8731925549529492,0.0337522327899932,-0.3053991702925414,0.7456799084354192
1290,-0.65426,-0.096885,-1.160546,-0.080593,0.000327,-0.738025,0.669943,-3.536258063882589,-3.383177333931625,0.3233522486776113,7.658625578904151,-4.403814512644708,-4.257025284053385,-0.4609378576278686,-0.3504416942596435,-2.2325246334075928,-0.4321491865328157,-0.0851038612771245,0.8424993909438467,-0.3101600081958942,0.3105084002017975,0.2060977518558502,1.3459327220916748,0.5901198558241129,-5.094440277051925,3.457014431297779,-0.100163385272026,-0.0636932328343391,-1.0424801772087813,0.0693156644701957,-0.6083794063424691,0.713009957107529
1291,-0.675978,-0.095153,-1.224048,-0.08289,0.003469,-0.733151,0.674986,-4.4057624318420885,-3.448173537716269,1.0289128396272658,7.9361641709119075,-3.6875954572975633,-4.42598601244241,-0.7210980653762817,-0.1177384331822395,-1.6816308498382568,-0.4410648693048151,-0.1143726879997962,0.8441453543047218,-0.2824878684534336,-0.0092938439920544,-0.0428402200341224,0.7834500074386597,1.609677422606945,-4.894025841256976,2.967388501358032,-0.1062150374054908,0.087269440293312,0.006036660090537,0.1132157370448112,-0.6075720354823395,0.4939916874011978
1292,-0.68838,-0.093765,-1.255045,-0.091422,0.004167,-0.728383,0.679031,-4.615765364715457,-4.957772044980525,1.1432254475057124,8.134942529937625,-3.121761024685204,-4.49974682970196,-0.7020351886749268,0.2950970828533172,-1.0111451148986816,-0.4514887261862637,-0.1304085235084833,0.8440479036864843,-0.2583307072232304,0.2474466115236282,0.0988601371645927,0.3290233910083771,0.7438666484683751,-5.822365844544768,3.4234640438735484,-0.0956045463681221,0.1490987241268158,1.8844108940660955,0.0944466739892959,-0.1004276374488137,0.1362161683218088
1293,-0.696069,-0.093274,-1.285293,-0.097207,0.004866,-0.724286,0.682596,-5.244329225224257,-6.245213071197271,0.8510475047707557,8.272696803680061,-2.813997682544589,-4.451329712535441,-0.7330324053764343,0.4239385724067688,-0.002775973174721,-0.46292783401128,-0.1311550045606293,0.8424684039056882,-0.2423702202051718,0.1612310260534286,-0.2259983718395233,-0.1924497187137603,-2.410812603217363,-5.8121408031284805,2.632422387254238,-0.0369018800556659,0.1668564230203628,0.833491682074964,0.1239373981952667,-0.4531820860963314,-0.031931458152621
1294,-0.710803,-0.093349,-1.346133,-0.09072,0.004066,-0.724577,0.683185,-4.96041233035624,-5.413846418452263,1.594550580623746,8.278924884414673,-2.904657027634978,-4.380952692495287,-0.4217113256454468,0.4897280037403106,1.1102031469345093,-0.4687073814062205,-0.1132041897867764,0.8429420099767745,-0.2386355521416786,-0.3632085025310516,-0.7553722262382507,-1.0280089378356934,-2.15829622426331,-5.282638205352425,1.8000117784142493,-0.0802773907780647,0.1082747653126716,2.527218968504667,-0.0260870736092329,0.2728040560328401,-0.6062102090772241
1295,-0.713944,-0.096001,-1.379138,-0.086486,-0.002177,-0.726948,0.681221,-4.010473074200749,-5.111650939571857,1.0968231772929429,8.206310314580797,-3.308457023990154,-4.228588001859188,-0.2471452206373214,0.575847864151001,1.6108365058898926,-0.4721929228056843,-0.0845825627668757,0.8416910230895381,-0.2478625116296632,0.2429831475019455,-0.8380756974220276,-1.774071216583252,-1.8301076414704325,-4.900456751087308,2.293227257278561,-0.1493106186389923,0.0147202629595994,1.136747848989442,0.1661080420017242,0.5529493782065809,0.0986269903681706
1296,-0.720362,-0.100244,-1.413942,-0.086487,-0.011764,-0.728793,0.679148,-3.663240768241882,-4.041144399057329,1.415713185864687,8.038793939781188,-3.866903684438765,-4.073725649188459,-0.0369444154202938,0.5193495154380798,2.015242576599121,-0.472512461980063,-0.0496978618674998,0.8397811151700681,-0.2627352231308014,0.7972971796989441,-0.8412189483642578,-2.2309718132019043,-1.1391519144564866,-4.038456767408549,1.2709183459609743,-0.2548539936542511,-0.0945782288908958,0.6813211257714777,0.3646579682826996,0.5589330191934481,0.2554395181254483
1297,-0.733357,-0.110145,-1.485611,-0.083297,-0.022218,-0.729678,0.678335,-2.1736071906417607,-4.738162494850158,0.4579910207480192,7.745062337863445,-4.5766281170696015,-3.903695245741308,0.2842665612697601,0.3667848110198974,2.2929608821868896,-0.4681335711262936,-0.012351373736077,0.8359907399066338,-0.2860380823526175,1.216307282447815,-0.9174950122833252,-2.4784343242645264,-2.7863293388962744,-2.810049237179756,0.1666273170053958,-0.3903619647026062,-0.1063433066010475,-0.1088439672090113,0.5342441201210022,0.434906205497682,-0.0864770818365272
1298,-0.743766,-0.114732,-1.521037,-0.076422,-0.018221,-0.730609,0.678262,-1.328302028915286,-4.446918618094921,0.1111252100139856,7.310663205105066,-5.344018848988413,-3.7637782410070297,0.4713228344917297,0.1131053268909454,2.4823598861694336,-0.4579097920797547,0.025416540885788,0.8314164365516398,-0.313718422564147,1.0620654821395874,-1.2581876516342163,-2.546443223953247,-2.681443900054693,-1.376124687319994,-0.993380338475108,-0.4046686291694641,0.0482623651623725,0.5226512705765665,0.3326428234577179,0.601723090258427,-0.6246128578606993
1299,-0.754603,-0.117996,-1.558019,-0.069513,-0.014378,-0.733279,0.676213,-0.2898135516911745,-3.775986857455969,-0.4582853275194763,6.724979285901784,-6.15845424067676,-3.608117139174044,0.7750976085662842,-0.1060845106840133,2.615483045578003,-0.4418619434449998,0.0619304256993245,0.8246983684004285,-0.3475562666503656,1.3825215101242063,-1.0316330194473269,-2.353442430496216,-2.652967162632942,-0.9140158559896052,-1.3405642752476037,-0.3636998832225799,0.0777390450239181,-0.6836098942957818,-0.0474808700382709,-0.0976939838343765,-0.7031340213898569
1300,-0.774632,-0.114696,-1.639677,-0.05225,-0.009486,-0.738163,0.672529,0.5346195023983716,-2.321145191773772,-0.47898938511312,6.0214510775625705,-6.942468775138258,-3.4226606185361743,0.9686599373817444,-0.1004198119044303,2.600159883499145,-0.4217734516881398,0.0963009124410714,0.8156183289907231,-0.3841873342604644,1.511378288269043,-1.198926568031311,-2.118935823440552,-2.340598080262541,-0.0636857057079672,-2.530662971478701,-0.3288713693618774,0.2985104322433471,-0.8258163982067257,-0.2626804411411285,0.0041355146315967,0.240385376052279
1301,-0.787141,-0.108438,-1.679185,-0.041857,-0.002821,-0.739346,0.672018,1.023725792378187,-0.9308528628915548,-1.0298138801202177,5.261352840739488,-7.670315432175993,-3.107216951026022,1.118695855140686,0.074955977499485,2.615272045135498,-0.4032766685453693,0.1295056821209564,0.8010319899433453,-0.4230176023037251,1.518702268600464,-1.0863187313079834,-2.048825025558472,-1.527784736818075,0.7650543979257345,-3.196551769514382,-0.3272393941879272,0.3142292201519012,-1.0172284662481397,-0.0408778972923755,0.167789090793766,1.090107751432806
1302,-0.796167,-0.103239,-1.717385,-0.032434,-0.000113,-0.741602,0.670055,1.8770432879075407,0.0831359638482332,-1.809583616618812,4.437513953150809,-8.291655771172046,-2.77980110617131,0.829270601272583,-0.0101804798468947,2.5767619609832764,-0.3840839020155583,0.1633083969771574,0.7842581049614219,-0.4590742106062882,1.3093661069869995,-0.9971715807914734,-2.016911745071411,-1.1180705479830504,1.674350093525648,-4.074521768002212,-0.349707543849945,0.1862139552831649,-1.1047306624818594,0.2722420692443847,0.3561027544284239,1.2288437296889725
1303,-0.812618,-0.100141,-1.792024,-0.024518,-0.016517,-0.742923,0.668724,3.157627580097317,0.5956932720422744,-1.9607763408660888,3.5712758935108777,-8.765457524514197,-2.5657608806058763,0.6006192564964294,-0.2638999819755554,2.400826930999756,-0.360836576315491,0.1957025279882139,0.7697518558696292,-0.4888553596453764,0.8867977857589722,-0.872958242893219,-1.9544930458068848,-0.8568167358219623,2.483728786346316,-4.7352229342669245,-0.3628334105014801,0.0255869626998901,-1.570430723237246,0.4567916989326477,0.5141962710401043,1.0669378151822837
1304,-0.815692,-0.099292,-1.826081,-0.022891,-0.031849,-0.742395,0.668814,4.008919415017962,1.820683395043016,-1.7589119985237716,2.735547246164084,-9.110729344055056,-2.3836560084834693,0.6961901187896729,-0.3911738991737366,2.110867977142334,-0.3357151461762626,0.2220633014355228,0.7564525931248101,-0.5155219493709681,0.1759527176618576,-0.6870060563087463,-1.7946171760559082,-0.584019200861454,3.371158687096834,-5.290413515529036,-0.2425922453403473,-0.0564301051199436,-1.5333806571289896,0.4419753849506378,0.4576958006611094,0.8655454742658882
1305,-0.818519,-0.096753,-1.861644,-0.018117,-0.047229,-0.743097,0.667269,5.2480146357387305,2.386484802168608,-2.7018706020116805,1.9787331455782056,-9.357502210921048,-2.1661406541533768,0.6743202209472656,-0.5253521800041199,1.727069854736328,-0.3117346476842851,0.241752859520112,0.7429656731027884,-0.540720921831557,-0.2565925717353821,-0.3086960911750793,-1.415835976600647,-2.174300433602929,3.629631344106793,-5.466605948737263,-0.157041922211647,-0.1030623093247413,0.3250179899327456,0.1948579549789428,1.0285570119269192,0.104589378504455
1306,-0.823801,-0.088257,-1.929609,0.00014,-0.060306,-0.742651,0.666958,6.384578871789574,1.9407576351881024,-3.668726798437536,1.3656008090876042,-9.506433127716184,-1.9832346947811543,0.4247423112392425,-0.4721891283988952,1.3454171419143677,-0.2902936144496441,0.2548359315108792,0.7322400427317369,-0.5609034220102558,-0.8962239623069763,-0.5969240069389343,-1.0440287590026855,-3.669052669391036,4.072283925947547,-5.583440768569708,-0.0922297611832618,-0.2385106831789016,1.387733145918697,0.1686197370290756,1.376112558490783,0.7090010867923497
1307,-0.829438,-0.086611,-1.963434,0.005989,-0.059704,-0.740337,0.669553,7.52656688645482,1.5453765076100825,-3.740555186329782,0.8760335505325346,-9.570290390598773,-1.9525569401837883,-0.2342741042375564,-0.035517081618309,1.0908838510513306,-0.2727451316179227,0.2686526222319744,0.7262082807178607,-0.571014307888769,-2.2554752826690674,-0.4079726040363312,-0.4294508695602417,-2.453219081792235,5.216907549813389,-5.729856487673521,-0.0185345020145177,-0.3466010689735412,0.629822409202531,0.2671999633312225,0.9197590027514844,0.5026847334772349
1308,-0.835746,-0.089438,-1.999203,0.003687,-0.060354,-0.737099,0.673074,8.513837802138925,1.7679022374480962,-2.98277896271348,0.56721949376259,-9.552797988528011,-2.1430565695554016,-0.7664375901222229,0.7945780158042908,0.62167888879776,-0.2651739907118064,0.288647458426118,0.7252228070561151,-0.566054108536296,-2.143433094024658,0.4678775668144226,0.4972103834152221,-1.9104016598910087,4.485538563868404,-3.313339243073761,0.0088658714666962,-0.5229711532592773,3.836743523974716,0.0789099112153053,1.543941506370902,-0.3712520274391397
1309,-0.847912,-0.102074,-2.07772,-0.018042,-0.070076,-0.730133,0.679463,8.378456687268613,2.1948335185438395,-2.074729175521433,0.6099750780360773,-9.47934287621677,-2.437293636777252,-0.7818213105201721,1.3258209228515625,-0.2642079591751098,-0.2747817030989178,0.3081036286015276,0.727557245120225,-0.5479303996106007,-1.3094820976257324,0.6722077131271362,1.80716872215271,-3.606802841705084,3.670104224270582,-2.215965738421678,0.0802561789751052,0.0546879582107067,0.8418837359104305,0.0113049894571304,-0.1268047539765015,-0.4352716047439724
1310,-0.851817,-0.109549,-2.117728,-0.023195,-0.068738,-0.729498,0.680125,7.380729259499907,2.82811388618052,-2.247338197284937,0.9739867789581418,-9.396157228007912,-2.6332427637264133,-0.5024198889732361,0.8490042686462402,-1.0770485401153564,-0.2949572995231439,0.3146675723036403,0.7316025770965223,-0.5279603913976577,-0.0607618317008018,1.2774229049682615,2.9340462684631348,-2.3170769194215537,2.1146920603364703,0.18553075491786,0.0116694029420614,0.1916334480047226,0.1152844759847503,0.1330204159021377,-0.900728942784667,0.0498480541519355
1311,-0.853021,-0.114564,-2.157023,-0.023287,-0.064206,-0.73172,0.678175,7.072068383997678,1.9012305114418264,-2.4999346557378765,1.6024232136949896,-9.258612213101982,-2.8072625290706754,-0.5550394058227539,-0.0625275373458862,-2.0844619274139404,-0.3136241097600967,0.2984533876593437,0.7443494683046388,-0.5084381722456619,0.9125116467475892,1.8235968351364136,3.689162015914917,-2.381865910196304,1.5207131909966467,0.0374760364353656,0.0259546041488647,0.214957520365715,0.8273054677207022,0.1870374977588653,-0.7370357064697891,0.0638707890844438
1312,-0.855262,-0.116634,-2.242223,-0.018359,-0.054008,-0.738601,0.671725,6.67715019775629,-0.8516770348459481,-2.526030343241989,2.4769305045083163,-8.97397810987532,-3.0826874899253247,-0.8362752199172974,-0.581634521484375,-2.898942232131958,-0.3294695142306491,0.2614178772290425,0.7673552115692007,-0.4840213839723805,1.43307626247406,2.045782804489136,4.003316402435303,-4.261049425002932,0.1478326001644134,0.7404734988987446,0.1232607513666153,0.0868125781416893,0.8196694198843091,0.0918500870466232,-0.6468875257719308,-0.0447980453199474
1313,-0.858234,-0.111551,-2.289728,-0.011701,-0.04852,-0.743782,0.666556,5.567350049990416,-2.852701799470186,-1.36035428673625,3.49829424393028,-8.461696696013211,-3.5116958695560694,-1.133899450302124,-0.6046649813652039,-3.408282995223999,-0.3442335461230348,0.2126681375992578,0.796127455246549,-0.449951784977064,1.174762725830078,1.5173887014389038,3.619531631469727,-4.095256220734119,-0.8418744566254317,1.2105833389203997,0.2203840911388397,-0.0772804319858551,0.0611965831728186,-0.1348688453435897,-0.4605685796184465,-0.0462458603749284
1314,-0.857881,-0.105644,-2.333477,-0.002557,-0.045375,-0.747836,0.662327,3.770732005667686,-3.376498294559121,0.0055827685683965,4.604633437587321,-7.713741901448368,-3.932671164856851,-1.0773611068725586,-0.0892921313643455,-3.746304035186768,-0.3649328945895567,0.1595439007007885,0.8216180178494072,-0.4078154965153827,0.155021071434021,1.0681812763214111,2.846637487411499,-1.8091876030385488,-1.0954589032024145,1.6777227848291396,0.2530881762504577,-0.1901689618825912,-0.6032405456166714,-0.2764792442321777,-0.4047057495558634,0.2257109174790792
1315,-0.863197,-0.094832,-2.422112,-0.00232,-0.044743,-0.749631,0.660338,-0.9450982458651064,-4.705564878106117,0.3693070673838257,6.744602270260453,-5.685569017657637,-4.284274817767739,-0.6681467294692993,0.2980318963527679,-3.6559884548187256,-0.4249137691250544,0.0493070413302213,0.846171401072288,-0.3178222567404699,-1.689067840576172,0.4589127600193023,1.415937900543213,0.3585685234874486,-3.308300664384663,1.775931814646721,0.2425561249256134,-0.2713138461112976,-1.284128979059309,-0.1550420224666595,-0.3910538389634341,1.0866702512647957
1316,-0.86666,-0.093245,-2.459493,-0.007348,-0.042258,-0.747944,0.662375,-2.7027579062402247,-5.140817997345328,0.4639885075971484,7.474251008284091,-4.601935869066417,-4.373569596506655,-0.616627037525177,-0.0288672018796205,-3.1831259727478027,-0.4473999278297262,-0.002393063662264,0.8502848173154858,-0.277206040247788,-1.811756491661072,0.1599646657705307,1.0480356216430664,0.2144879693329334,-4.609880398330092,1.8594436260700224,0.246671050786972,-0.2842940390110016,-1.4354225333325563,-0.0080845514312386,-0.5021447448490187,1.1182385249610989
1317,-0.873305,-0.091357,-2.500113,-0.01799,-0.040799,-0.745698,0.664791,-4.426701759496331,-4.830643794670701,1.1435820058584212,7.904728583684563,-3.613855098304152,-4.541552127513289,-0.6715871691703796,-0.3689140677452087,-2.4818575382232666,-0.4589194311470971,-0.0460742781289065,0.8540678381877375,-0.2404957789987429,-1.1641243696212769,-0.0417529046535491,0.8569102883338928,0.8727069633930921,-5.819693410465121,2.5321587629944085,0.3131856918334961,-0.2854650914669037,-1.591915263684094,0.008587279357016,-0.7440727654997259,0.9724266900345684
1318,-0.880518,-0.084298,-2.573383,-0.032477,-0.034464,-0.741136,0.669682,-4.707456975463033,-5.448395753785968,1.4624328514635565,8.0915131380558,-2.802622009788453,-4.779451952093839,-0.8183110356330872,-0.4612738788127899,-1.744542956352234,-0.4616162557637668,-0.0772928425173098,0.8589004859362208,-0.2079095242415466,-0.5934832692146301,0.023976307362318,0.689298689365387,1.867247577819228,-6.13904168419838,2.5819839933931825,0.3495000898838043,-0.1373229771852493,0.1161920375500339,-0.084473893046379,-0.6551891248449683,0.322683263374865
1319,-0.881648,-0.081773,-2.608662,-0.031231,-0.029906,-0.740532,0.670628,-4.671493681678176,-7.052686807179451,1.82776195512712,8.177054994001985,-2.1652894441515205,-4.961622290667891,-0.948495388031006,-0.0619634576141834,-1.108107328414917,-0.4637116364547398,-0.0946678491017963,0.8625603439401287,-0.1788832782722658,0.0331833064556121,0.269513726234436,0.4301950335502624,0.2546522219389677,-6.493764638173579,2.697268661174178,0.1692245602607727,-0.1048550978302955,1.5520217908434568,-0.1363391429185867,-0.4225345439741387,-0.0249259450384182
1320,-0.884936,-0.082322,-2.652277,-0.029165,-0.028905,-0.740877,0.670384,-5.982037935584783,-7.388285373967886,2.608979552346468,8.262963929694891,-1.7626529386177658,-4.978641230008006,-0.7645999789237976,0.3781210780143738,-0.2274421453475952,-0.4704845039878125,-0.0977761846544347,0.8627165641372636,-0.1574937498427594,-0.3218695819377899,-0.2166701704263687,-0.076947882771492,-1.9008499876916407,-5.977598491832613,1.429866214379668,0.0230807084590196,0.0883811935782432,1.2742254246823488,-0.0218088179826736,-0.4557378715263679,-0.0321059950189082
1321,-0.882867,-0.09184,-2.732137,-0.030141,-0.044788,-0.741526,0.668749,-6.313963951340317,-7.764580692803859,2.1342358419790863,8.376418459439277,-2.121826296130568,-4.637223747807741,-0.1493865400552749,0.4894081056118011,1.8811118602752688,-0.4876151938574404,-0.0601198642755045,0.8560480214270743,-0.1606199524266303,0.5597419142723083,-0.6785493493080139,-1.684752345085144,-2.6955221097677944,-5.749208253875374,2.4774410843789574,-0.225260853767395,-0.1886346191167831,0.7352818485397845,0.0585381314158439,0.4806616291742772,-0.0141529212004155
1322,-0.885456,-0.10135,-2.783628,-0.029082,-0.057415,-0.741477,0.667884,-4.764935935485362,-5.598597421169281,2.833984824040532,8.195677861407399,-2.9428672235637903,-4.510076500536501,0.7061116695404053,0.1539970338344574,2.726065397262573,-0.4846252687777576,-0.0209958494888026,0.8541130359541798,-0.1875859348983853,0.7564504146575928,-0.777962327003479,-2.591390371322632,-0.322414675566554,-3.8355741879344,1.416205353295803,-0.0661818906664848,-0.2376148253679275,-0.2345674652874469,0.1302008628845214,0.4690505767596885,-0.1446882468572352
1323,-0.88445,-0.109497,-2.826244,-0.022008,-0.065735,-0.741991,0.666816,-2.153098071098328,-5.28180935331285,0.8555182204440236,7.813289486393332,-4.0522850940138095,-4.324565911623836,1.4927701950073242,-0.0166734736412763,2.8082048892974854,-0.4738377415954809,0.0160478635144905,0.8486659899055261,-0.2344914872235267,1.3308911323547363,-0.7582383155822754,-3.0740180015563965,-2.534291098847985,-3.088076781748235,0.6795137110233307,0.011545774526894,-0.2143678218126297,-0.5854579649602994,-0.1460097134113311,0.0016634676704794,-0.7575815047618001
1324,-0.88406,-0.116359,-2.919908,-0.001803,-0.069528,-0.745964,0.662344,-1.2788187438219785,-5.451734542819858,-1.4473881348058582,7.26596832333207,-5.140512292397022,-4.117185728469491,1.4515082836151123,-0.4961124956607818,2.81274151802063,-0.4564884704000831,0.0474094839095479,0.8412314719422319,-0.2858325248454574,1.5973243713378906,-1.0247629880905151,-3.123730182647705,-4.344524996069073,-1.49798683379516,-0.7393241827331483,0.067884586751461,0.042816374450922,-0.2257017843245528,-0.3941316604614258,-0.1568906984268687,-0.6460043131966143
1325,-0.887724,-0.113633,-2.966557,0.006325,-0.066871,-0.744141,0.664638,-0.2455114686280488,-4.593741164433956,-1.9105518820166587,6.4921332375794645,-6.158767544409632,-4.01150621664077,1.0733020305633545,-0.723465085029602,3.0882246494293213,-0.4287023721553898,0.0812159024335745,0.8354243641107233,-0.334192217271564,1.27229642868042,-1.390736699104309,-3.1304914951324463,-4.3684804566740985,-0.0511240380376577,-1.5862112068235874,0.024604607373476,0.3170959651470184,-0.8566896753761917,-0.4699032008647918,-0.3962151672493666,-0.3925550738392397
1326,-0.89302,-0.108647,-3.012659,0.008217,-0.062984,-0.740044,0.669553,1.196231646028161,-3.3495559270977973,-1.132533957621455,5.552274061411619,-7.074947154304385,-3.909954306136072,0.8603452444076538,-0.3466019332408905,3.3125219345092773,-0.3981867857448106,0.1228134267409658,0.8272055653905174,-0.3769549671984048,0.8367399573326111,-1.2987834215164185,-3.1389105319976807,-3.0955987016856668,0.9066919428423048,-2.164517436865717,-0.078366182744503,0.17606121301651,-0.7184140811733901,-0.3598114550113678,0.0068654744558501,0.2621106664524413
1327,-0.904219,-0.10093,-3.10643,-0.001347,-0.072258,-0.738459,0.670414,2.484764266873896,-1.836370793518424,-1.3634788484975695,4.525457317280769,-7.899499450859427,-3.6453400776311753,1.05882728099823,0.0372625738382339,3.4143829345703125,-0.3724219152114935,0.1698384559192908,0.8105649368111681,-0.4188570267921402,0.5694366097450256,-1.12375807762146,-3.104537010192871,-2.000547794762254,2.0119600001364946,-2.751086468340456,-0.1930000931024551,0.0882956981658935,-1.3129508766569196,-0.0983118340373039,-0.0630617422904586,0.7488957286767661
1328,-0.906388,-0.099903,-3.145703,-0.002231,-0.075717,-0.737032,0.671599,4.258781187810004,-0.2137286753982305,-2.2790862114623187,3.430795994196832,-8.572992586418986,-3.30209713356942,1.0202373266220093,-0.2065648734569549,3.095872402191162,-0.3466883316147189,0.2143974961276049,0.7889193954466285,-0.4598338656452542,0.7282454371452332,-0.8614301085472107,-2.7835376262664795,-1.071813239198923,2.9121465066075323,-3.4181311584129928,-0.280917763710022,0.0220495834946632,-1.3846810648716985,0.1947111040353775,0.1473487256376072,0.9799692143686116
1329,-0.9091,-0.098052,-3.185258,0.000783,-0.079381,-0.736995,0.671221,5.601502494961023,0.8913076189666986,-2.366919685477018,2.4166791571632027,-9.01722805353701,-3.0032746382534503,0.9537441730499268,-0.4258161187171936,2.4305882453918457,-0.3194640371530505,0.2476606104565898,0.7692779853405591,-0.4947912704178573,0.962792158126831,-0.6065003275871277,-2.2224342823028564,-0.9673603465557098,3.835883984535932,-4.086028373661637,-0.3015972077846527,-0.0927769690752029,-1.9264196054950355,0.4421304166316986,0.1906498514972627,1.2379473658598958
1330,-0.907145,-0.089949,-3.260084,0.012278,-0.089704,-0.739174,0.667401,6.239118261453509,1.632147028568387,-2.8876068163737654,1.5806431974329054,-9.302569428250193,-2.6709815427511927,0.9826844334602356,-0.2918038964271545,1.955328345298767,-0.2968675739458723,0.2707104098170279,0.7502653086286702,-0.5250594805929699,0.880450963973999,-0.4011488854885101,-1.4722576141357422,-0.7828536739885806,4.821727497765422,-4.624823408178985,-0.1517493724822998,-0.0558590553700923,0.1208699662331957,0.3578188717365265,0.72323068767488,0.3585348769461736
1331,-0.699175,-0.113618,-3.311521,0.025789,-0.09553,-0.736831,0.668796,7.681561633333564,1.1241109971910714,-3.979702088361978,0.9035965341102332,-9.47493616569042,-2.362090219493956,0.6870365142822266,-0.1503897756338119,1.5288043022155762,-0.2797179363715993,0.2893788506155241,0.7325933150238599,-0.5489305389602336,0.5946993231773376,0.1543333530426025,-0.4578852951526642,-2.0549428172945974,4.55289126765132,-4.974807350933552,-0.0249162800610065,-0.1652440279722213,1.064902290766686,0.2740524709224701,1.0643819201543927,0.3599899711253121
1332,-0.679024,-0.11484,-3.351117,0.032071,-0.092344,-0.734405,0.671635,8.49993261090517,1.6731342879951,-3.9457998187601566,0.4142789029346779,-9.556192891663311,-2.162856079524756,0.4070393741130829,-0.0230328012257814,0.9976087808609008,-0.2674654793837545,0.3038104629024662,0.7197042287444102,-0.5640809394036144,-0.4232012629508972,0.0686864182353019,0.4507003426551819,-4.002627036875486,4.980920865377784,-5.622360574072599,0.0915909260511398,-0.3870649039745331,1.2470523172050714,0.3128213882446289,1.110019635735452,0.3825180292757227
1333,-0.680668,-0.119281,-3.447013,0.024495,-0.095071,-0.730261,0.676077,8.968957651364803,2.1548539748549462,-4.266123367266356,0.1590858521172776,-9.60261562014222,-1.983640060711652,0.0617365650832653,0.2025370001792907,-0.3615748882293701,-0.2667208135587275,0.3157539183538174,0.7081221380984644,-0.5724704634524775,-1.0127357244491575,1.1032698154449463,1.6746108531951904,-4.426204915890097,4.155282527151703,-4.266526102848351,0.2418807595968246,-0.2350654453039169,-0.1178842558201402,0.3847009241580963,-0.3600164938060566,0.2860694515257142
1334,-0.67946,-0.126542,-3.492721,0.016631,-0.100071,-0.727815,0.678229,7.794074498313665,3.354332639980316,-4.334066145896911,0.4083110075062141,-9.594818682655692,-1.9857284112930296,-0.1652102321386337,-0.1168197616934776,-0.9178685545921326,-0.2748310711386902,0.3074852652049532,0.7118263719571732,-0.5685278499926829,-1.471927285194397,1.1038042306900024,2.196615219116211,-3.7983354673862455,4.566777754184604,-2.714169527092576,0.0305272173136472,-0.2727982103824615,-0.0775625293637625,0.613664448261261,-0.9128751615218818,0.3757266155699267
1335,-0.677145,-0.133742,-3.537205,0.012234,-0.097881,-0.727332,0.67916,8.227767528629302,2.54196528673768,-4.159769901698827,0.8862102958276867,-9.51403015871644,-2.206412312656641,-0.9837896227836608,-0.5041714310646057,-1.8238518238067627,-0.2814987349437914,0.2876424152630524,0.7278444635346283,-0.5552141671858026,-1.3139601945877075,1.5035881996154783,2.860693454742432,-3.835205939143896,2.6911428717702623,-1.6716244679540395,0.0221366193145513,-0.079377993941307,1.0946839002419262,0.6172518134117126,-0.9423759082291274,-0.1472048784538172
1336,-0.687143,-0.137284,-3.627291,0.01225,-0.080432,-0.727283,0.681498,8.067164878740906,-0.9151280550152064,-3.273225551611185,1.709258179169148,-9.261126826271417,-2.735023806811869,-1.6459661722183228,-0.4357328414916992,-2.761128664016724,-0.2917228137662787,0.2551896231339572,0.7578427705983878,-0.524833687009088,-0.1933033615350723,1.4829620122909546,3.3053598403930664,-5.006341722360253,0.4158317949324846,0.7870084555804729,0.1340298801660537,0.0624766610562801,0.7119392591360956,0.3551552891731262,-0.7593889925751834,-0.3381767101807519
1337,-0.683456,-0.13375,-3.673517,0.020291,-0.06742,-0.7287,0.681205,6.376957875391841,-3.041359746497869,-1.6071479041293262,2.787298476189375,-8.752778075683116,-3.4336943459868428,-2.0970299243927,0.0515963435173034,-3.302525520324707,-0.3103957138294943,0.2171992975208751,0.7923977284853406,-0.4781055369435579,0.4485815763473511,1.34239399433136,3.140876293182373,-3.613910043361783,-0.2853685549810528,1.0374841224871576,0.215794637799263,-0.0538314543664455,-0.1239147590228822,0.0235190894454717,-0.6785171742666513,-0.294220390081685
1338,-0.698232,-0.131188,-3.716565,0.028463,-0.064573,-0.733918,0.675562,4.563607015193998,-3.759308694377541,0.0925748233228921,4.00494203581959,-7.9613570643574,-4.092388264082372,-2.0114169120788574,0.5918874144554138,-3.705270767211914,-0.3385882687142803,0.1771174936090156,0.8229721264669057,-0.4203621621858422,-0.1351745426654815,1.1107929944992063,2.649090528488159,-1.648085186934471,-0.6178682789713144,1.2786895644843577,0.210653617978096,-0.1341544836759567,-1.0758423485845328,-0.1696011573076248,-0.680616265437752,0.0258135894769686
1339,-0.692875,-0.124774,-3.80689,0.018781,-0.072677,-0.737478,0.671186,2.3898972409605976,-4.822873160669207,0.5600163939833641,5.288906033575534,-6.929215325811505,-4.492642258393764,-1.6164685487747192,0.8404998183250427,-4.013851642608643,-0.3756891915751124,0.1313097872255232,0.8436935172529519,-0.3602729895039694,-0.8915807604789734,0.8933761119842529,2.256075143814087,-0.3456429909408092,-1.7345985182613133,1.79917123593688,0.1825723797082901,-0.1541045755147934,-1.320648007030785,-0.1804669052362442,-0.5805914183698594,0.4509287907442078
1340,-0.695681,-0.12364,-3.852453,0.009422,-0.075067,-0.736694,0.671981,0.0812578950166702,-6.11686609274745,0.4342711224645376,6.460747919234633,-5.702409093299508,-4.680984855861961,-1.3873064517974854,0.6963469386100769,-4.057465553283691,-0.4128674452210364,0.0793456212819655,0.8557850702753451,-0.3014573809652218,-0.8988037705421448,0.784813404083252,2.0747647285461426,-0.4248410308182239,-3.3128914993062613,1.996218241125345,0.1229604482650756,-0.1712958067655563,-1.3534265332996844,-0.1033252626657486,-0.6156627317510545,0.6933703869402408
1341,-0.697489,-0.121045,-3.89246,-0.001556,-0.071436,-0.734804,0.674505,-2.413008651956916,-7.07618809427619,0.7490729849398136,7.335788294011354,-4.379918088750541,-4.813830022513866,-1.2343138456344604,0.2703649401664734,-3.619489192962648,-0.4409804235199133,0.0266535057953401,0.8629754446938344,-0.2451518167992719,-0.559199869632721,0.5255974531173706,1.9550094604492188,-0.3674403967291116,-4.8403620556086295,2.713070041418076,0.0899327099323272,-0.1121860370039939,-1.6953459736727177,-0.021174969151616,-0.9076424485001712,0.7233120823480188
1342,-0.701513,-0.110397,-3.971076,-0.014248,-0.061148,-0.727971,0.682727,-4.268152535006403,-7.575223657596111,1.3563900592803957,7.886838706728816,-3.147806735567748,-4.905046416965127,-1.1646432876586914,0.431329995393753,-2.9963390827178955,-0.4601784500526495,-0.0187422644342904,0.865873252569711,-0.1953152674124678,-0.4950544238090515,0.1859548240900039,1.6293169260025024,1.0426087720245123,-5.267031470897794,3.1415771935284136,0.0654801875352859,0.1132615506649017,-1.038405182854831,-0.1475764811038971,-1.009374537877366,0.0593553437868831
1343,-0.699325,-0.107432,-4.008987,-0.012879,-0.057608,-0.727352,0.683721,-7.498978622305393,-8.034882319295406,1.5168942172303794,8.308667111727594,-2.0445567400977014,-4.791262801396846,-1.6955839395523071,1.1439228057861328,-2.002959489822388,-0.4836997253422743,-0.0471244088666917,0.8614323601190433,-0.1474723408206147,-0.9559200406074524,0.2713864147663116,1.18022620677948,2.0969109044522045,-5.540376702868938,2.790659477055073,-0.0318187251687049,0.2094952017068863,0.6972869027968496,-0.1001928001642227,-0.4377891039902344,0.5170577248858288
1344,-0.695729,-0.107671,-4.050299,-0.008649,-0.059015,-0.728537,0.682404,-8.872325077083707,-9.396279393082857,1.805402239280939,8.645324832180142,-1.3017621047750114,-4.4423160927355285,-1.86266839504242,1.5468952655792236,-0.3788807392120361,-0.5121965417173137,-0.045956905047167,0.8511069539118926,-0.1056393253695835,-0.4778948724269867,0.3535226881504059,0.8029892444610596,-1.3511825537651776,-7.467959214663505,2.917795326149464,-0.1889168322086334,8.05410090833e-05,2.142411257389188,0.1141900271177291,-0.1339896605119109,0.5282746999489143
1345,-0.685769,-0.115777,-4.134591,-0.003364,-0.076386,-0.7328,0.676135,-8.415139527499676,-9.1794124196589,2.316146068312228,8.887098283323645,-1.1379507219731808,-3.986850791072845,-1.3090360164642334,1.3816227912902832,0.9534932971000672,-0.5384806913938762,-0.0203175918339231,0.8383674676936187,-0.0822550638678251,-0.7396894693374634,-0.2686908841133117,-0.1235805675387382,-3.8632799409836527,-7.485871887972951,2.359557047754526,-0.16907998919487,0.3628606796264648,2.844230615983903,0.2973492741584778,0.0515541045845719,0.2100416391822509
1346,-0.683593,-0.120687,-4.178813,0.002545,-0.082567,-0.73438,0.673693,-5.144382411828637,-6.634023003691435,1.3304869717389345,8.721769773957133,-2.4646917851820587,-3.745188983610272,0.9908785820007324,-0.8558493256568909,2.675858974456787,-0.5428341013742882,0.0481801510802384,0.8298374341265415,-0.119915624952786,-0.9956349730491638,-0.9486675262451172,-2.370214462280273,-1.2029939797699452,-5.992686755371094,2.924043865150213,-0.1671562790870666,-0.1551377773284912,0.1675305859880521,0.1301895678043365,0.8826149016842245,-0.2805532819201238
1347,-0.682176,-0.124913,-4.222881,0.011067,-0.080568,-0.734911,0.673269,-2.7338784361690283,-4.805533611072599,0.4049024046391248,8.222137998309732,-3.64719535010904,-3.907021175293624,1.8339669704437256,-1.0823051929473877,2.890639543533325,-0.519580170624183,0.0764857301807282,0.832677956294271,-0.175595797465326,0.6913512945175171,-0.5709548592567444,-3.2027032375335693,0.238247030583024,-5.307354713457823,1.9267256027042865,-0.0789660736918449,-0.1320096552371978,-0.2074708936451003,0.0188451986759901,0.6107970619434491,-0.5328649868812412
1348,-0.685359,-0.128847,-4.313955,0.030974,-0.070482,-0.731826,0.677129,-0.6237134978681802,-4.870009005853533,-1.6996163444682957,7.576923447251319,-4.8458109686642885,-3.908796952794492,1.924225926399231,-1.0090570449829102,2.7848145961761475,-0.4939104820110863,0.0997409516993672,0.8302679795468129,-0.2382417618607228,2.053041219711304,-0.5999922752380371,-3.343648195266724,-3.126331693601608,-3.4290944509759544,0.2404781506359577,-0.1006916612386703,0.1554331928491592,-0.8402339959420263,-0.0367431156337261,-0.1399702327588573,-0.4258954352419823
1349,-0.687981,-0.125714,-4.361922,0.033577,-0.069567,-0.731117,0.677865,0.0129144266307353,-5.037819979685545,-2.6621985168367623,6.804574800664186,-5.934356731477379,-3.8277328267842528,1.4562444686889648,-0.9455539584159852,3.0423061847686768,-0.4659459242489976,0.1253699645578317,0.8242829795261695,-0.2961996830504416,1.9739000797271729,-1.2462013959884644,-3.379408121109009,-5.475019556817412,-1.047092639440298,-1.1060346577525138,-0.1189448237419128,0.2096704244613647,-0.4902310927586629,-0.0996845662593841,0.0587462674112524,-0.2223417515732348
1350,-0.69078,-0.119323,-4.408938,0.030323,-0.068353,-0.730286,0.679037,1.3356933082103728,-3.1611469863951203,-2.1124030726164578,5.857835801854729,-6.940439315137267,-3.699522041934729,1.1860188245773315,-0.5728160738945007,3.3432836532592773,-0.4360762586437106,0.1616315668485298,0.8139400275240375,-0.3481586109264957,1.2002193927764893,-1.487823486328125,-3.474097728729248,-4.923843471893668,0.2468266428798437,-1.4411065703183412,-0.112651988863945,0.2967317700386047,-1.2070152711752802,-0.1767934709787368,-0.1521339506201446,-0.0126942765074549
1351,-0.698963,-0.107913,-4.49533,0.027363,-0.063372,-0.72736,0.682775,2.910043689109385,-0.7258721420943737,-2.209656701405346,4.820535073110461,-7.831305035555363,-3.406391620780528,1.3646187782287598,-0.2499361038208007,3.257300615310669,-0.4097502928684711,0.2015803466829781,0.7956399975701408,-0.3980290513619542,-0.2101241499185562,-1.464011311531067,-3.58218765258789,-3.1021494385033845,2.1459140048131347,-2.916236990791559,-0.1685250550508499,0.093557097017765,-1.2605122488893568,-0.1301490664482116,0.0502911811098223,0.6611633769489824
1352,-0.700562,-0.105171,-4.532612,0.030864,-0.058473,-0.726762,0.6837,4.395912361218035,1.240383506965637,-3.267811709868908,3.7841765936523672,-8.524592420387268,-3.0301351726502177,1.057081699371338,-0.2339616119861602,2.85624361038208,-0.3857916299368585,0.2376627198545128,0.7733112729100574,-0.4434759557946449,-0.3503028154373169,-1.071722388267517,-3.432193756103516,-1.929557611259818,3.021504122427105,-3.110604547637701,-0.2108575403690338,0.0480498261749744,-1.7810168628260492,0.0817658901214599,-0.1268788969249464,1.0149575987067072
1353,-0.699883,-0.103228,-4.570859,0.031844,-0.060609,-0.728295,0.681835,5.620724497303367,2.039239636728168,-3.3581714874908326,2.860285970988869,-8.944415330782531,-2.826050816170872,0.2429291605949401,-0.0685202926397323,2.334194660186768,-0.3625533420459119,0.2704187158013902,0.7556204123632024,-0.4737789824667704,0.5034607648849487,-0.6737655401229858,-2.7071521282196045,-1.3503583779007196,3.770989779821038,-3.272126358197629,-0.2245881110429763,0.0633638650178909,-1.5329019337013363,0.2671287059783935,0.0320478967396775,0.9504379263926296
1354,-0.696782,-0.096928,-4.648404,0.033668,-0.075176,-0.729119,0.679412,6.419822619128227,2.253136069908738,-2.4862054055929184,2.1014400723144413,-9.146341924706102,-2.845830452395975,-0.3619193434715271,0.3892588913440704,1.990062952041626,-0.3436983375821543,0.3047102693325988,0.7431343280609944,-0.4865947204167691,1.4040952920913696,-0.2834207117557525,-1.9815516471862795,-0.8393985680311917,4.919070850664377,-3.522628182458877,-0.2099882960319519,0.0828214138746261,-0.8652318052068352,0.3463898599147796,0.1513620346658863,0.4969517062505706
1355,-0.695,-0.09656,-4.68713,0.036653,-0.076762,-0.729283,0.678904,7.479371420037746,2.3236504525929687,-1.834057840400934,1.4940961099669336,-9.222692173936965,-2.9799338024154305,-0.4942529201507568,0.535092294216156,1.600933313369751,-0.3305285415886417,0.3395798723337597,0.7325434164207467,-0.4886885755449463,1.7070341110229492,0.1763215810060501,-0.9037810564041138,-1.4605693956792354,5.375668955749273,-4.1656262265115975,-0.1621754020452499,0.0439174100756645,1.103258690233156,0.0972997173666954,0.8684998670920729,-0.2820562338289805
1356,-0.693838,-0.098737,-4.725652,0.039113,-0.077028,-0.730076,0.677884,8.906683273759484,1.994701991343498,-1.7868872161641716,1.0695066427569837,-9.240155934435128,-3.105813806229829,-0.2525334656238556,0.2263474762439727,0.9243857264518738,-0.3209602670860387,0.364621418254968,0.7248473290408062,-0.4884999027794999,1.213099241256714,0.3067466616630554,0.2074086666107177,-3.2400007428795097,5.187655151844024,-4.8597167444199325,-0.1170182824134826,-0.1814766973257064,1.189650952463597,-0.0774135440587997,1.1030926860164851,0.0423658817030023
1357,-0.690539,-0.110422,-4.808312,0.029602,-0.089302,-0.728455,0.678603,9.007483489114046,3.1676854482531547,-1.4361097849443554,0.8907448705174028,-9.246863907641172,-3.1420529943466184,-0.0077829728834331,0.0282278452068567,0.100521370768547,-0.316554144349925,0.3737852234330002,0.7214462735292857,-0.4894828567710445,-0.047744296491146,-0.002763373311609,0.8633734583854675,-3.661424658730626,5.653724265107512,-5.870364444038271,-0.0722332149744033,-0.3546661734580993,0.0516321610897313,-0.0636979416012764,0.4551277768040075,0.227921287004929
1358,-0.68685,-0.118027,-4.850969,0.024958,-0.094421,-0.72728,0.679357,9.36837314902544,2.3652444457411765,-2.1411936982929705,0.9983705479778348,-9.238249224030971,-3.135028210276365,0.0196681134402751,-0.0635143145918846,-0.7060595750808716,-0.3195140651111173,0.3694187776798106,0.7234443474741449,-0.4879229845954739,-1.1796668767929075,0.9490091800689696,1.2519396543502808,-1.6210124710917473,5.263514987209439,-4.5542610946998,-0.098795473575592,-0.952939748764038,1.7956838322125377,-0.0951610952615737,1.1244513350613414,0.3956059127772227
1359,-0.682025,-0.123192,-4.893723,0.026039,-0.090325,-0.727822,0.679292,8.993032938957214,1.7732225556880234,-2.626172679209709,1.4200987074725329,-9.172353148797152,-3.165699827393889,-0.1708826273679733,-0.2348775863647461,-1.660483479499817,-0.3284567303297372,0.3509459056905868,0.7336502907592544,-0.4803232819036507,-1.5517048835754397,0.9086593389511108,1.7642511129379272,-5.03027438661158,4.827286300936341,-4.520273192641139,-0.0371185690164566,-0.4513218104839325,-0.1986461657471023,0.1873203068971634,-0.5682576046386734,0.6566149198643862
1360,-0.676202,-0.117694,-4.980908,0.043866,-0.0682,-0.730428,0.678159,7.546135510277748,1.4276514609396458,-2.123416049540043,2.144096433997154,-8.969536328035593,-3.334765185201168,-0.7319607734680176,-0.2634528279304504,-2.531693935394287,-0.3416020507141619,0.3204343915241774,0.7532247428628679,-0.4618250395036877,-0.9984062910079956,1.296858787536621,2.508812665939331,-3.128055448654294,2.915961096459627,-1.0232833093076945,-0.0449912212789058,0.2444081604480743,0.1816401772201061,0.4142656028270721,-1.1841986053418367,0.4539909913264214
1361,-0.671513,-0.113544,-5.025951,0.052488,-0.056669,-0.7329,0.675937,7.113743625688552,-2.100405176308751,-1.838117344924808,3.161123020997643,-8.50890209930241,-3.711643564622104,-1.2556066513061523,-0.095424011349678,-3.443468809127808,-0.3589577124773329,0.2799167093592293,0.7815931159089213,-0.4265070922948595,0.0580670833587646,1.7393333911895752,3.2545621395111084,-4.067883645161986,1.821727351137996,-0.3359383201368153,-0.0567769147455692,0.2031520307064056,1.305389793752879,0.4046178758144378,-0.3882888312295079,0.4301480877177789
1362,-0.665996,-0.109214,-5.071556,0.055789,-0.054955,-0.736982,0.67136,5.477804219099879,-5.686694222295284,-1.1386901421636342,4.39902698610723,-7.725923922151327,-4.138729159496724,-1.3928886651992798,0.2466508746147155,-4.008446216583252,-0.3835349523122133,0.2304468876859821,0.8111169410859626,-0.376675721758337,0.6356686353683472,1.5478936433792114,3.492950916290283,-5.364979219430685,0.6604018910571933,0.2237567329376935,-0.0096905101090669,0.0636719912290573,0.4339074037186801,0.3884098529815674,-0.6913203225426375,0.2045533987632021
1363,-0.655688,-0.102741,-5.161388,0.047166,-0.064784,-0.739499,0.668371,2.0652678119540213,-5.696500161516666,0.3520259699761867,5.611141260921955,-6.698581108319759,-4.451348124974966,-1.1858766078948977,0.3833601772785187,-3.9186646938323975,-0.411610139692824,0.177573621334895,0.8339203788180002,-0.3219030286662747,0.1070170477032661,1.161718487739563,3.096306800842285,-3.562506603860855,0.2494084760665893,1.1908553598172962,0.0633683875203132,0.0163600407540798,-0.2964747266134247,0.1242682486772537,-0.7977759333103894,-0.2451459597839042
1364,-0.655065,-0.108672,-5.213205,0.040449,-0.066081,-0.740819,0.667222,-0.3940811508953571,-4.650281966823339,1.5475287172079086,6.605538082963228,-5.611116711002588,-4.588314463210105,-0.6492186784744263,0.3706313371658325,-3.609733819961548,-0.4375023854909313,0.1245738961043752,0.8475967623717341,-0.273226574310241,-1.914656400680542,0.7406560182571411,2.4644932746887207,-1.0243559069752692,0.2603423964045941,1.9279700498074293,0.0977869182825088,-0.0308015532791614,-1.374294110891968,-0.1213863715529441,-1.0087520220648496,-0.0026125285774644
1365,-0.656983,-0.110155,-5.256526,0.028331,-0.065401,-0.739276,0.66962,-2.081037043493986,-4.194820172291994,1.8585881782844664,7.363543146899342,-4.57139927650541,-4.588126831683517,-0.1197664588689804,0.1525644361972808,-3.3559410572052,-0.4590885935661719,0.070315183711612,0.8538062673189095,-0.235177008526123,-2.539527177810669,0.4400201439857483,1.9784893989562988,0.0592599982202053,-1.846690381350368,1.3152192599803207,0.1187128499150276,0.0423565357923507,-1.6249419194951653,-0.1770824939012527,-0.981438848529756,0.3971973101545125
1366,-0.663705,-0.101663,-5.33288,0.00348,-0.058275,-0.733188,0.677516,-3.452150624653697,-4.667063882537186,1.5783710147172212,7.873045159175992,-3.613282851374149,-4.596712289199233,0.1956189125776291,-0.2923994362354278,-2.9685349464416504,-0.4721565189236293,0.0151877628425388,0.8568176198905281,-0.206642749880182,-2.323333501815796,0.2733705341815948,1.7311031818389893,-0.1187660801559686,-3.605508417980373,1.5233581525474786,0.0627616420388221,-0.0193790253251791,-1.6911822781220078,-0.095022328197956,-0.9730928988583384,0.6349644482661039
1367,-0.665372,-0.098192,-5.369269,0.0023,-0.049443,-0.731867,0.679648,-4.632953815403581,-4.5662502231791615,1.7278841153144835,8.110234789660572,-2.80040959443599,-4.748918866664171,0.149757832288742,-0.8052762150764465,-2.3347935676574707,-0.4729900241377966,-0.0344524619498963,0.8607790092541475,-0.1848056450261643,-1.823054313659668,-0.0109661761671304,1.6177726984024048,-0.08038169670403,-4.838973231598734,1.6268237877190113,-0.0250438954681158,0.0049560507759451,-2.128096462441236,0.0208669491112232,-1.2471293279640376,0.6678988226838409
1368,-0.665131,-0.097782,-5.406391,0.005957,-0.043442,-0.732015,0.679876,-4.331564392209053,-5.032841022229194,2.2902052791088816,8.135951999241113,-2.148567149670422,-5.0359068395406,-0.0578084960579872,-0.8684458136558533,-1.770997166633606,-0.4645994899186203,-0.0729891051216266,0.8668519978265873,-0.1654920764281251,-1.3052918910980225,-0.0197693072259426,1.5560476779937744,1.2685820119678974,-5.715097309958934,1.7850906881362198,-0.1319925189018249,0.1817854046821594,-0.5526212787633762,0.0600129440426826,-0.9446694990590214,0.3810448879832401
1369,-0.664645,-0.104991,-5.489958,0.009303,-0.053074,-0.734922,0.676008,-4.420987473502755,-6.436159421423077,2.251763027989864,8.112696795859932,-1.6117999677188692,-5.268457119786739,-0.3980785012245178,-0.4718794822692871,-1.230457067489624,-0.4580478567694769,-0.0998996360692201,0.8709974885595205,-0.1468864633378704,-0.2847544550895691,0.3833446204662323,1.556841492652893,0.6666641663223505,-7.191528291636705,2.334481643208861,-0.2422221899032592,0.2280473560094833,1.8988557451345025,0.0545701198279857,-0.2543535312533379,0.5063062484426424
1370,-0.664298,-0.112545,-5.532489,0.011529,-0.062059,-0.735035,0.675085,-4.9918894186377525,-8.37713917492926,2.4954963810294863,8.109440424412488,-1.219868542203307,-5.377666851568222,-0.9209445714950562,0.071099616587162,-0.2140700966119766,-0.4577603434665733,-0.1074761397020204,0.8732889474294723,-0.1275572073795848,0.6566916108131409,0.1590541303157806,1.2567405700683594,-2.4668653298288583,-8.45899620488286,2.5600690987050534,-0.293976366519928,0.1971726268529892,1.2727950996182855,0.1849762797355651,-0.391605225768499,0.6719119307827204
1371,-0.664393,-0.119372,-5.580057,0.018102,-0.06734,-0.734484,0.675034,-5.409855887511372,-7.594381362530589,3.7224598499298094,8.1753084425956,-1.1495423025023193,-5.29275686378479,-0.652927577495575,0.645941436290741,0.9478554129600524,-0.4654055894758155,-0.0922403532526039,0.8725521282420646,-0.1163707234171887,0.3378268480300903,-0.2595475912094116,0.3459707498550415,-1.957068133997917,-7.91674460017085,1.825163755327463,-0.2914933860301971,0.3055641651153564,3.912493176963925,0.1154130548238754,0.9033256082143634,0.0819891227675136
1372,-0.668669,-0.126743,-5.671398,0.029033,-0.068608,-0.736888,0.671897,-4.819401685166358,-7.543375397914647,3.3287615608721968,8.25298555651605,-1.583919588755071,-5.054681098115444,0.1610273867845535,0.7557650804519653,1.965126633644104,-0.4754808487464657,-0.0625719577030433,0.8682175786516569,-0.1272828295567154,0.0504291430115699,-0.2763731479644775,-1.3126329183578491,-1.9719944849729536,-7.427680980288982,2.698854469060897,-0.3111571669578552,0.1430061310529709,1.4702913098789752,0.0655240938067436,0.6199220696959644,0.0792644105113577
1373,-0.675041,-0.123036,-5.717811,0.034559,-0.064443,-0.734977,0.674137,-2.420826047709584,-5.32032057801485,1.1772937213242054,7.899059890398383,-3.5630662835702296,-4.591276235625148,1.153602957725525,0.3117420971393585,2.9957869052886963,-0.4739644877413763,0.0161280573001374,0.8566386815217676,-0.2031448086182757,0.7224889993667603,-0.463596373796463,-3.5470340251922607,-2.3232944787621497,-4.803457681581378,1.55573189740777,-0.1977644711732864,-0.1991680711507797,0.7945655929617583,0.2048234194517135,0.6343748118098825,0.3024700945707038
1374,-0.682998,-0.114072,-5.770636,0.036031,-0.053855,-0.731839,0.67839,-1.5398416698366402,-6.440288484051823,-0.9422025244235992,7.427481073802709,-4.748114272283018,-4.296309538954496,1.224554419517517,0.2463684231042862,3.4719724655151367,-0.4657730508418365,0.0603333621064527,0.8458195472440083,-0.2529910790537092,1.860388994216919,-0.6036980152130127,-3.821630954742432,-4.901168114227056,-3.179147045727074,0.5295750784903764,-0.1180242598056793,-0.0848999172449112,0.615712123850733,0.1596776396036148,0.5700204495927319,-0.0548439764428185
1375,-0.697189,-0.103459,-5.857994,0.030122,-0.047785,-0.73062,0.680444,3.46010830565989,-2.512825116971135,-2.3898101471990345,5.499591688016057,-7.235166357833147,-3.684728085167706,1.4575339555740356,-0.4457986652851105,3.6915926933288574,-0.4182669150509739,0.16159522973594,0.8134837607841718,-0.3703833960000308,2.3106813430786133,-1.3069709539413452,-3.503579616546631,-3.598395078843832,0.9118453800827264,-1.46927482631281,0.0014444203115999,-0.0235178284347057,-1.7380213323168456,-0.2396577894687652,-0.3767214352935552,-0.2595942814510315
1376,-0.701373,-0.102725,-5.906095,0.025597,-0.051321,-0.729299,0.681787,4.254740095725655,-0.0141775784343481,-1.851070057739317,4.434566501522064,-8.096929902407526,-3.308285759076476,1.5771297216415403,-0.260735809803009,2.948606014251709,-0.3912634180952113,0.1994100717028347,0.79303925556245,-0.4221816915029809,1.7655482292175293,-1.260952115058899,-3.1255412101745605,-1.8432891946047545,2.470479136411845,-2.687402808459103,-0.0399447157979011,0.0863999500870704,-2.004169346260279,-0.2123329490423202,-0.342740730160661,0.3131016344286501
1377,-0.702421,-0.100684,-5.947225,0.022037,-0.060915,-0.730047,0.68032,4.4472938811481,0.973568553546071,-2.257257533752918,3.5201606233015656,-8.725544616320729,-2.764730086028576,1.6322503089904783,0.1154486835002899,2.48415207862854,-0.373390558089433,0.2283993671538707,0.7673302620065706,-0.4686336698127635,1.4944301843643188,-1.143111228942871,-2.5094151496887207,-1.441962894886732,3.125881611746549,-3.586012567132711,-0.0967146754264831,0.1355171501636505,-2.279256015071273,0.0063972878269851,-0.2296298444884829,0.8018397486831993
1378,-0.701279,-0.091162,-6.032415,0.027687,-0.081422,-0.735307,0.672256,4.91735060274303,1.3259154260396957,-2.804434612168372,2.721649653714895,-9.157948775869608,-2.2124647445634005,1.3044029474258425,0.2532651126384735,2.1183857917785645,-0.361224742149959,0.2540239027884607,0.7404567250454226,-0.5066679819687819,1.0812697410583496,-1.0717897415161133,-1.894336223602295,-0.9821206933140754,3.8551784675925966,-4.334200585931539,-0.1370676755905151,0.1594971418380737,-2.2586412431962786,0.2109482437372207,-0.2269708909449167,0.796688941791281
1379,-0.704156,-0.088327,-6.071249,0.032851,-0.080217,-0.735563,0.671888,5.186960739839077,1.738420706897974,-2.6290532030820843,1.999685040453076,-9.440717085224389,-1.7448542470768094,1.12155020236969,0.3057646751403808,1.929535865783692,-0.35073236852657,0.277602719780304,0.7154715497150207,-0.5366787055417587,0.6213746070861816,-0.7769140005111694,-1.368633270263672,-0.520621956706047,4.274389968091249,-4.726796758966148,-0.0854159370064735,0.2857265174388885,-1.6005049589835103,0.2027404308319091,0.0469715580007061,0.2780300105202011
1380,-0.708187,-0.090284,-6.115009,0.032137,-0.077009,-0.735109,0.672794,6.315179756870865,1.3965508047550916,-3.22726225733757,1.3024212993361055,-9.630210314032436,-1.3164837269581853,1.0138334035873413,0.0968967154622078,1.775174856185913,-0.339807116721497,0.2990096797718901,0.6911694422360981,-0.5633907515946195,0.3178019821643829,-0.2146753072738647,-0.7593033313751221,-1.2508791820168494,4.374420368117094,-5.236683678907156,-0.0724905431270599,0.2041190862655639,1.1001739490255713,0.014789467677474,0.9594750001333652,0.0552669921944383
1381,-0.719396,-0.104324,-6.203839,0.00685,-0.084844,-0.729877,0.678258,7.93511495411992,0.6306026728600264,-3.984483477419616,0.6802698631528764,-9.733058109566567,-0.9875257672280072,0.6873064637184143,-0.3528266847133636,1.4065715074539185,-0.3249011927339622,0.3133238016211008,0.6724418179898469,-0.5865913764826758,-0.0528815314173698,0.0726077556610107,-0.1245680674910545,-3.600962883505225,4.201888210982084,-5.7232315165758125,-0.0650656372308731,0.0569705553352832,1.6308403298839926,0.0098390467464923,1.1610562146853656,0.3067372870285064
1382,-0.723723,-0.112538,-6.251494,-0.005241,-0.088889,-0.727002,0.680837,8.73063112580478,1.6837451138585804,-3.63243412656784,0.2082705378565005,-9.770459911721945,-0.8155432798650115,0.2080440521240234,-0.3261411190032959,0.9293732047080994,-0.3088006832631627,0.3216103064427055,0.6619274483759173,-0.602545386438973,-0.7567220330238342,0.2842589616775512,0.2188825756311416,-3.239755243685841,5.113990196174383,-5.457073565760255,-0.0304632782936096,0.083051785826683,1.5274376769460736,0.0031268887687474,1.0379900992479174,0.0608376501999329
1383,-0.725711,-0.119536,-6.297141,-0.007975,-0.086794,-0.726568,0.681544,10.435260037738084,0.9518418749064208,-3.800902687525749,-0.0091100659117102,-9.76863912603557,-0.8625535259082913,-0.4564168155193329,-0.0947845205664634,0.0127464598044753,-0.2986021412484786,0.3267467193371503,0.661222030672192,-0.6056887080311396,-0.8402895927429199,1.2975096702575684,1.0793148279190063,-3.441581299844384,4.562838661170005,-4.673664303715527,-0.1164841502904892,-0.3388857245445251,2.5178023208618163,0.105947621166706,1.142015779455006,0.1965446451568976
1384,-0.723742,-0.121347,-6.388603,0.005792,-0.072249,-0.730115,0.67947,9.881095876914262,1.491452609720826,-2.60371651725173,0.2314137870294973,-9.742170805826785,-1.0986168557766824,-0.6693786382675171,0.2916581034660339,-1.2031608819961548,-0.3031848998748651,0.323421935444951,0.6718721020381941,-0.5933507756806132,-0.9502997398376464,1.4074203968048096,2.1641292572021484,-4.8502322922378776,3.288979585582018,-3.639174540738761,-0.1555082499980926,-0.1357844620943069,0.2086420380500145,0.1688223183155059,-0.4260256740255281,0.2590049920546822
1385,-0.72086,-0.116883,-6.436181,0.016579,-0.065638,-0.733784,0.676001,7.79109869737327,2.021644943326712,-2.277062304419279,0.9136199154745788,-9.667527945035696,-1.369157478655875,-0.7842179536819458,0.1546331793069839,-2.235173463821411,-0.3226385895268049,0.3078397742292364,0.6892331076215049,-0.5710488392018329,-0.8801989555358887,1.464643478393555,2.6005568504333496,-2.2069687774956224,2.495296474543214,-1.757242311745882,-0.1033098176121711,0.654257595539093,-0.531399992362596,0.0705190375447273,-1.4428091364525255,-0.2185204397194087
1386,-0.718234,-0.111004,-6.483987,0.025564,-0.06867,-0.738282,0.6705,7.296075876826047,-0.5637701935589313,-2.9599720876216886,1.9627505635485047,-9.449828612440824,-1.7374520079962907,-1.1490638256072998,-0.5610962510108948,-3.322896718978882,-0.3454102365730338,0.2730459911939888,0.7169597516867571,-0.5404686939259016,-0.4525146782398224,1.9479559659957888,2.94879412651062,-2.280723749536276,1.4715037544086575,-0.991907343313098,-0.0817967429757118,0.6405035257339478,0.9219250947441904,-0.2073337584733963,-0.5694864888465032,-0.4502796061204746
1387,-0.719159,-0.100312,-6.57883,0.016721,-0.078367,-0.737816,0.670229,6.056952599054575,-4.033298069471121,-2.767050637930632,3.257988234990835,-8.933997397142647,-2.3957461131192743,-1.931641936302185,-1.1833420991897583,-4.006167888641357,-0.3631079584056925,0.2196876272600357,0.7575529055619498,-0.4959874886531955,-0.4082297682762146,1.673620104789734,3.070639133453369,-4.690556109544635,0.4506453341603278,-1.121995758602768,-0.0790775120258331,0.277043730020523,0.515397353925556,-0.3064063489437103,-0.0811587911569047,-0.0090164271032845
1388,-0.723734,-0.097084,-6.618679,0.014137,-0.071506,-0.734342,0.674854,2.087187382817268,-4.235630906108021,1.3991232855916025,5.550914463496208,-6.9024944921463725,-4.208718641524016,-2.2953543663024902,-0.5161266922950745,-3.955418348312378,-0.3854995427364714,0.1085724767804775,0.8383298575132307,-0.3698718804800374,-1.4455243349075315,1.039318323135376,2.3189151287078857,-0.6889607538044452,-1.3818662997119129,1.465650644466281,0.0315716974437236,-0.2749832272529602,-1.2253445624615995,-0.3624164462089538,-0.1529955906844697,0.4833000513864681
1389,-0.731008,-0.092683,-6.659089,0.010432,-0.060049,-0.729693,0.681053,0.4774906709879636,-5.14935552406609,2.17448397347629,6.514325780165195,-5.551827486687898,-4.786557400184869,-1.9339823722839355,0.1241941079497337,-4.027102470397949,-0.4055884782142672,0.0561273855571923,0.8607532894040494,-0.3024092985591879,-1.120016098022461,1.0444806814193726,2.04907751083374,0.0741670599728822,-2.917703556212783,2.0775544620752333,0.1096758916974067,-0.3828481435775757,-1.7588997235640882,-0.2061316668987274,-0.2927134743837639,0.9644511080455036
1390,-0.741817,-0.082099,-6.73827,-0.002025,-0.050442,-0.720028,0.692107,-1.7128057886481285,-6.068023443645239,2.4975106434613465,7.339927293512225,-4.143246344660223,-5.012918762663007,-1.3200654983520508,0.4575139284133911,-3.750468015670776,-0.4315469400915709,0.0036680769693286,0.8692377561956962,-0.2412042366268481,-0.8322716355323792,0.9329771995544434,1.896500945091248,-0.2084282309025525,-3.557230709284544,2.040706202149391,0.1800293773412704,-0.3559763431549072,-2.135603330940008,0.046140681952238,-0.5291630636233836,1.150933756860718
1391,-0.742785,-0.079426,-6.779449,-0.002227,-0.049113,-0.718911,0.693361,-3.9702480313181874,-6.256966637355089,2.754121598252654,7.893445557647943,-2.9066908715501425,-5.041331787198781,-0.6676893830299377,0.2305387258529663,-2.996596336364746,-0.4531264612278826,-0.0449728383728875,0.8689153154418127,-0.1940101229448557,-0.5356618165969849,0.6983082294464111,1.6703741550445557,-0.1202799918502569,-4.428988993650675,2.726436887991428,0.2627125978469848,-0.3142162263393402,-2.0206568090721966,0.1402094215154647,-0.4890895945733413,0.7591700160622596
1392,-0.742011,-0.080538,-6.819481,0.002363,-0.048822,-0.719812,0.692446,-4.763351881164312,-6.347991893148422,2.895918425384164,8.16671012559831,-1.9959505300998688,-5.048905437323451,-0.0882572531700134,-0.0103579722344875,-2.2836694717407227,-0.4644475947765146,-0.0865072403373234,0.8659902058000847,-0.1639085879806514,-0.9495660066604614,0.4909656345844269,1.293007731437683,0.7352204006761313,-4.645680318246781,3.2253321660578247,0.2706834077835083,-0.1239949762821197,-0.6624002252675593,0.0599910505115985,-0.457271474301815,0.3179233189640567
1393,-0.740677,-0.092348,-6.905575,0.002558,-0.061601,-0.725655,0.685291,-5.695899857535958,-8.265741577714682,2.194686219027638,8.284332296416164,-1.3819934332229196,-5.062640532687306,0.0892503783106803,-0.0510182343423366,-1.4131559133529663,-0.4693433490829956,-0.1198871757023041,0.8624093578861002,-0.1469491253676164,-0.716913104057312,0.5187115669250488,1.009257197380066,0.237651987299323,-6.005522856068611,3.9258781437158574,0.1925249546766281,0.0281359031796455,1.3270081897124648,0.0742928832769393,-0.1053446812506299,0.4312536012742668
1394,-0.742611,-0.10036,-6.950878,0.00136,-0.067147,-0.727292,0.683034,-6.758250271862745,-8.380660334792733,2.356148700615764,8.33183872847855,-1.1108526524934916,-5.051420050492882,-0.2477723509073257,0.1507318913936615,-0.1153710857033729,-0.4724491817948983,-0.1326757833799229,0.8602022321064442,-0.1387119017092442,-0.2732381224632263,0.1442996263504028,0.624370276927948,-2.2465046690702435,-6.898079598313569,4.194900836312771,0.0464217476546764,0.0800712928175926,1.4232092407085,0.1469312459230423,-0.4855505702596157,0.3707233639225363
1395,-0.746738,-0.107967,-6.995849,0.003677,-0.066979,-0.72674,0.68363,-4.90994529492259,-8.506744629007578,2.83007203451097,8.385728724098206,-1.585114497628063,-4.830877018904686,0.171964943408966,0.620979368686676,1.802847385406494,-0.4808875979054293,-0.0992704972936679,0.858167550021314,-0.1498032634292073,-0.2566551566123962,-0.4159999489784241,-1.352853536605835,-3.352803530716896,-7.142524899014831,4.645181428813934,-0.1387418359518051,0.0434651300311088,1.6462668854661284,0.0765382051467895,0.2949408863759599,-0.0786288982199504
1396,-0.75807,-0.1163,-7.0905,0.011116,-0.058478,-0.729135,0.681777,-4.445298907938599,-7.31753718252778,2.6445886258661746,8.316125026518106,-2.392147650235892,-4.614119351074099,0.7248010039329529,0.4951116442680359,2.5743837356567383,-0.4824392306808493,-0.064230226157006,0.8550608696559001,-0.1788793890587733,0.2090318351984024,-1.117656707763672,-2.294135570526123,-2.5867940240234133,-5.226850267156959,2.7728116856753826,-0.0829673483967781,-0.1581780761480331,-0.1820682664390653,0.0624874010682106,0.8774446594394743,0.3296713686965405
1397,-0.764539,-0.113322,-7.139628,0.01819,-0.053338,-0.728674,0.682538,-3.043897156020998,-5.4119116509974,1.4897490206733346,8.065733969154953,-3.533125026553869,-4.316403063434362,1.4169132709503174,0.5495540499687195,3.109661817550659,-0.478514510830568,-0.0236652815881096,0.8482424526710794,-0.2257178119263453,0.9531834721565248,-1.0075531005859375,-3.139129638671875,-0.7693120553702115,-3.5911502222821112,1.9595967756927013,-0.012396028265357,-0.3532712459564209,0.4912122127505019,0.0308197066187858,1.020342871941626,0.0354576184181962
1398,-0.772502,-0.106818,-7.189916,0.021774,-0.049294,-0.725401,0.686214,-1.1536486418426035,-4.975624512535333,-1.4113742798775433,7.616943907472491,-4.754410157556832,-3.94310751093626,1.329049825668335,0.2283872961997985,3.114623069763184,-0.4698534612469622,0.0177232655479241,0.8370952298340983,-0.2796337994223744,2.0544896125793457,-0.9262258410453796,-3.3179707527160645,-3.314299320277572,-2.4488304914444683,0.8241437157541512,0.0014909357996657,-0.1031013280153274,-0.1087362142519094,-0.2042473703622818,0.3828864241966977,-0.6292796806279569
1399,-0.784645,-0.096482,-7.283635,0.0165,-0.054303,-0.723785,0.687688,0.1718482665240764,-5.021726338496804,-2.9588343157634136,6.95523999390602,-5.828795000809431,-3.7175466511860487,0.8271083235740662,-0.2467884272336959,3.164464235305786,-0.4514490013378402,0.0591207178050581,0.8282794635551173,-0.3265755760605349,2.620845556259156,-1.350350022315979,-2.981906175613404,-5.258256043767929,-1.0082572973504662,-1.1277543951947242,-0.0062107127159833,0.0539425909519195,-0.5581213374843821,-0.4453000724315643,0.2820703719521872,-0.4678066411131992
1400,-0.788693,-0.095024,-7.326854,0.017174,-0.058277,-0.721728,0.689506,1.2769050191551443,-3.55330155314207,-2.0639371478721498,6.102472241213917,-6.7553820229500525,-3.646233519339561,0.3049277067184448,-0.1005995571613311,3.2903378009796143,-0.4258152439798349,0.1059840335060703,0.8213851432771683,-0.3643832735625872,2.1405458450317383,-1.6432238817214966,-2.623198270797729,-3.654863985040784,0.6408715534180403,-2.345262126550823,0.0010632080957293,0.1442332118749618,-1.025428139316663,-0.5730026364326477,0.1976408611620776,-0.0847033684285823
1401,-0.789996,-0.093396,-7.367763,0.021166,-0.063377,-0.72183,0.688837,2.103911138603092,-1.491267316281795,-0.9873708689272404,5.200947764137387,-7.527240840193628,-3.530039920020103,0.1935063302516937,0.578510046005249,3.26872992515564,-0.4056349399644662,0.1597261960327556,0.8089928846993779,-0.3943075039940025,1.3471989631652832,-1.6237728595733645,-2.372218370437622,-1.9232716628581283,1.783100391101837,-3.0706738115265964,-0.0211422909051179,0.1734751313924789,-1.8148900524638591,-0.5693048238754272,-0.0021069856415444,0.356191163364239
1402,-0.789922,-0.085736,-7.449109,0.035376,-0.079089,-0.727728,0.680371,3.1925589004859325,0.2781330507695674,-0.8979211918875575,4.310718880318105,-8.16149034512341,-3.313329013940692,0.4163328409194946,0.6964712142944336,2.964362144470215,-0.3918559392908013,0.2128199259625814,0.789709085157227,-0.4213266249942481,0.8647433519363403,-1.5131256580352783,-2.110424995422364,-0.7467056712865829,2.459898121164739,-4.091768670879304,-0.0494202896952629,0.1514655351638794,-2.046916747227311,-0.350490391254425,0.0575997505575185,1.060925349959731
1403,-0.793353,-0.081042,-7.489469,0.042325,-0.077533,-0.726302,0.681676,5.254609211698174,0.9085890086352824,-1.8554305910363795,2.5503385628074406,-8.996203385686874,-2.9554180775791403,0.3375624418258667,-0.2449821233749389,2.405277729034424,-0.3569400535043506,0.2933355966249754,0.7514243934031868,-0.4710726581851076,0.1167096272110939,-1.031758427619934,-1.4886356592178345,-0.745437258785963,3.628095220580697,-5.402316139656305,-0.0383581407368183,0.1429682075977325,-1.339566934773326,0.1452302634716034,0.3333525414273142,0.7757828588195145
1404,-0.798268,-0.078521,-7.529466,0.049212,-0.070119,-0.723686,0.684792,7.223624388599395,0.933693054753542,-2.088216141343117,1.6787657180108129,-9.231397458440064,-2.8519194169208406,0.3244349956512451,-0.3422530591487884,2.146082639694214,-0.3324110044254429,0.321968808793771,0.7360322792329397,-0.4940602681924392,-0.420224130153656,-0.549157977104187,-1.0058495998382568,-1.5711451551169155,4.002754462647438,-5.745178559967875,-0.0191762689501047,0.1098263338208198,0.8616056505989282,0.0448652654886245,0.897689867349714,0.2081413402525708
1405,-0.804591,-0.088389,-7.618126,0.041727,-0.071104,-0.72201,0.686953,8.980873714607954,0.719455845311284,-2.308347961781919,0.9330665934182704,-9.354592460954189,-2.791301866611838,0.1021369993686676,-0.2454299330711364,1.6656583547592163,-0.3099266299826558,0.3452397613953668,0.7232747005309992,-0.5114965167186173,-1.1373308897018433,-0.3418635427951813,-0.3403632640838623,-3.184585145127773,4.60574490596056,-6.183820737123489,0.0029493873007595,0.0564381889998912,1.4910390604838728,0.0583236142992973,1.099999542306736,0.2498745409420691
1406,-0.806674,-0.097932,-7.665709,0.028828,-0.079069,-0.7208,0.688014,9.417539623254536,2.229213927051425,-1.6009139781758188,0.4087123913813382,-9.396704340496658,-2.775835709671676,-0.0153130693361163,0.2889065742492676,1.1206704378128052,-0.2955888608391426,0.3647880228210951,0.7130623606706893,-0.5206715853429604,-1.4723412990570068,0.1589799225330352,0.3731102347373962,-2.110810250467062,4.839871057221293,-4.947753339791298,0.1192534938454628,0.0749555304646492,0.544964772660844,-0.005570254754275,0.745311805775389,0.0195845200783805
1407,-0.807862,-0.107662,-7.712862,0.021122,-0.082499,-0.71979,0.688949,10.219742140835525,2.4018881230056284,-1.9039219424828888,0.1841116819001734,-9.388616311109065,-2.826720678256452,-0.3248544335365295,0.896687924861908,0.3431823551654815,-0.295130252778909,0.3833012029804903,0.7051261149232448,-0.5184355386865546,-0.7603457570075989,1.145241618156433,1.209099054336548,-3.361865373572707,4.266467942920327,-3.507280391201377,0.1103109791874885,-0.3288637697696686,1.5966424383364617,-0.0783411115407943,0.7389186706721782,0.0053679510657151
1408,-0.808232,-0.112891,-7.807574,0.026103,-0.072641,-0.721759,0.687827,9.529010285705327,2.6893431288719176,-1.6452563932493327,0.3651778586246073,-9.349265128451584,-2.937395514154434,-0.2032471150159835,0.9773860573768616,-0.613139271736145,-0.3084314803305849,0.3929339708994469,0.7038241105729854,-0.5050788123176145,-0.8289424180984497,1.2359715700149536,1.9525426626205444,-3.847708862364292,4.664257885205745,-3.49697030185014,0.1630454063415527,-0.0939745679497718,1.2058485654834656,0.136651262640953,0.1813966325215064,0.8422164749961346
1409,-0.807555,-0.110433,-7.85599,0.037355,-0.059298,-0.724756,0.685432,8.813072093126177,2.548296827846765,-2.049990163323283,0.8381050210893154,-9.30488588849902,-2.981125642548501,-0.2193164527416229,0.3010283708572387,-1.5538750886917114,-0.3272252579599121,0.3858183739091286,0.7093231175073332,-0.490844888045778,-0.827734649181366,1.567183256149292,2.593581438064575,-3.8228918164938688,3.269707314357161,-2.072985838985443,0.1359646171331405,0.1640134304761886,-0.1606456305135972,0.3891188204288482,-0.8885163077477365,0.4118999353762715
1410,-0.806098,-0.106623,-7.90557,0.044007,-0.053995,-0.730112,0.679767,8.091032661062478,1.1523434044629337,-1.8956877826228733,1.6150611614719033,-9.15256942091882,-3.1292922969728707,-0.5767236351966858,-0.404078871011734,-2.687429428100586,-0.3439487120830111,0.3574453303436073,0.7292340819328788,-0.4713278051356965,-0.5188146233558655,1.6054342985153198,2.949260234832764,-3.964170757231116,2.012459181830287,-0.7457976165309548,0.1476877778768539,0.3413149714469909,1.069218400400132,0.0859484001994133,-0.6765945356409996,-0.5570790253572165
1411,-0.807612,-0.101748,-8.003343,0.02839,-0.067792,-0.732937,0.676315,7.632767499548196,-2.8959470669567584,-1.4879007624581455,2.678311447247862,-8.7759368329525,-3.4612145133361216,-0.9338808655738832,-0.8916517496109009,-3.699101448059082,-0.3580961536917232,0.3087298415727115,0.7623376629750956,-0.4419213332509148,-0.2163958847522735,1.650112509727478,3.1736228466033936,-4.45027669635117,0.5891679619267582,-0.1681355296112597,0.1342446953058242,0.1398990452289581,0.4037790266323834,-0.2351721376180648,-0.249845059119258,-0.3647667570730671
1412,-0.812175,-0.101227,-8.048005,0.020345,-0.068523,-0.731542,0.678039,5.048040929448605,-4.1073505631536245,0.2474789693087339,3.8928050184145566,-8.106069486674667,-3.912551336891949,-0.9849044680595398,-0.7360469698905945,-4.154448509216309,-0.3724499633268326,0.2465631362972797,0.7991815949011734,-0.4022390987740904,-0.2700404822826385,1.2047210931777954,2.8836212158203125,-3.403607250759005,-0.3565221123516559,0.7861421210747211,0.1410302966833114,-0.0944564864039421,-0.4533012920292094,-0.4322377443313598,-0.1975043753008358,0.0958865051541477
1413,-0.816665,-0.099101,-8.0889,0.013965,-0.063398,-0.731117,0.679157,2.569889066451788,-4.224260201787948,1.2498743888884782,5.106370953342318,-7.209699323621391,-4.256244070547819,-0.7809513807296753,-0.0705010890960693,-4.18628454208374,-0.3936431951550571,0.1821260535790907,0.8269450715617509,-0.3578226613291964,-0.8170015811920166,1.0282988548278809,2.474832057952881,-0.7916811235666275,-1.007471553800255,1.6367933930695056,0.1571880429983139,-0.1987271755933761,-1.4118265536896883,-0.471076637506485,-0.3762040603559464,0.5298303318930789
1414,-0.828628,-0.089355,-8.173227,0.003031,-0.048246,-0.725117,0.686927,0.253340554818511,-4.627203873574733,1.2992428154304625,6.2451207167387,-6.158374745699763,-4.386715786066652,-0.5639881491661072,0.4371831119060516,-4.013540267944336,-0.4228172768279231,0.120513626982473,0.8421025623078497,-0.3123544557259224,-1.0095950365066528,1.0015287399291992,2.250575065612793,0.030317396852374,-2.413735212665796,2.1796388720214366,0.1420132964849472,-0.2147900015115738,-1.8205732126668093,-0.3423332571983337,-0.5207053241405636,0.9560437105104328
1415,-0.83178,-0.086392,-8.215194,0.003204,-0.044134,-0.723645,0.688752,-1.8362638260126112,-4.878698508265615,1.1474620621621607,7.176380991387367,-5.051103239628672,-4.376791481162607,-0.2877616286277771,0.2053935378789901,-3.672834634780884,-0.4510195877372491,0.0614254742368552,0.8481634159178313,-0.2709743105343808,-0.5592824220657349,0.8930636644363403,2.1731674671173096,-0.23760171841681,-3.773823541942239,2.467511226516962,0.1385315656661987,-0.1214254945516586,-2.1348004901245234,-0.0782007575035095,-0.7205382337205112,1.2512230270184577
1416,-0.83219,-0.087419,-8.257932,0.008391,-0.044162,-0.724876,0.687411,-3.0694015996336934,-5.353617282938957,1.3286223469108345,7.777151420563459,-3.980028543837368,-4.454851749181747,-0.1300174295902252,-0.4498248696327209,-3.2495012283325195,-0.4661333856583834,0.0040429203456828,0.8527120713899047,-0.2357659191127015,-0.3078709542751312,0.6662403345108032,1.9665642976760864,0.0451361957997083,-4.772817044124007,3.3661984343409537,0.1497494429349899,-0.032657116651535,-1.8491202388457952,0.0278876088559627,-0.6269851399499923,0.8403436668615788
1417,-0.830914,-0.098866,-8.347189,0.01622,-0.058808,-0.731944,0.678628,-3.833998316919804,-6.182679750394821,1.6086378504261374,8.103905586639046,-2.9841189791455864,-4.646728658255935,-0.1001169681549072,-0.5956180691719055,-2.952049493789673,-0.4700722392933525,-0.0504506681143408,0.8569550485725033,-0.2052186859915033,-0.5048040151596069,0.574461042881012,1.5884875059127808,0.4973141463547945,-5.3995396606802935,3.92680753352046,0.0677615627646446,0.0580803640186786,0.2304201180833391,0.0373671986162662,-0.2763313533761538,0.5124744887487963
1418,-0.833133,-0.105888,-8.393628,0.018647,-0.065874,-0.733736,0.675976,-5.59169772478342,-8.873327532124518,1.1181874523609876,8.26647047651112,-2.054707108842581,-4.859427406084537,-0.6476631760597229,-0.5007544159889221,-2.177873134613037,-0.471188618555538,-0.0947739506639674,0.8595229709298345,-0.1738374883998459,0.1324427872896194,0.4291503727436065,1.2966936826705933,-1.259223816514015,-7.260733345288038,4.781718727982044,-0.0539405830204486,0.0157577972859144,1.7450452396042644,0.1673450469970703,-0.0778341767788399,0.4804036723578348
1419,-0.837392,-0.113992,-8.441152,0.020544,-0.069877,-0.733034,0.676281,-8.108459596681595,-8.895378035891056,2.931525745338201,8.310318970587849,-1.4152514135718344,-5.010589442932606,-1.2446080446243286,0.1096676364541053,-0.4219785928726196,-0.4731816571635186,-0.1092466402515561,0.8622842553065245,-0.1436315731199178,-0.0269777663052082,-0.2854771912097931,0.4988293349742889,-2.1646803723424672,-7.1728528172612185,4.398548262679577,-0.1130839139223098,0.3165179491043091,0.8135038099266588,0.237721711397171,-0.615336787732318,0.2139054932698607
1420,-0.847247,-0.122537,-8.54027,0.028566,-0.073333,-0.733444,0.675178,-7.534175023370981,-8.922211682280897,4.452097774298489,8.401025077429413,-1.365373722333461,-4.871231825646758,-0.7166204452514648,1.0085225105285645,1.3213670253753662,-0.4842687914418073,-0.0887482495657467,0.8605158073762913,-0.1308432614729953,-0.5184465646743774,-0.4093125760555267,-0.7768275737762451,-0.8680360489726066,-6.943775766083598,4.726742106169462,-0.2266029268503189,0.0897384360432624,3.1311227272704243,0.1228010207414627,0.6221520207051188,-0.4483007437955588
1421,-0.854331,-0.119997,-8.591146,0.036179,-0.068686,-0.732369,0.676468,-6.268384103426337,-8.349917406004666,3.910100144347548,8.496938105264306,-1.950237995716929,-4.490993614403903,0.2553575336933136,1.091658115386963,2.327954769134521,-0.4994190558287392,-0.0517174466566043,0.8522336889602591,-0.1469821518225404,0.194714680314064,-0.9492138624191284,-1.7769711017608645,-2.3796242687493563,-6.750375008442997,3.851137667769193,-0.1983825117349624,-0.0380661524832248,1.0460331204500048,0.0433357767760753,0.8555919432673603,-0.0904057904544286
1422,-0.862718,-0.115653,-8.641493,0.0392,-0.060591,-0.729954,0.679676,-4.596147056531906,-6.983472401177883,2.3448133598700163,8.369709901711344,-2.9672791957646605,-4.160966418007016,1.2810792922973633,0.3783521652221679,2.826892137527466,-0.5029240300607939,-0.0126935288351995,0.8437944784710869,-0.1868618753060954,0.7800319194793701,-1.203755497932434,-2.5537705421447754,-1.7192366984784602,-5.223398665398359,2.3401392305791378,-0.1021198704838752,-0.2065866589546203,0.9655996935587376,0.1734815388917923,1.0697590100828558,0.1789991611920297
1423,-0.878657,-0.111757,-8.738604,0.031597,-0.066089,-0.729309,0.680251,-2.1758821498364207,-7.101052486419677,-0.9704849083170294,7.97403943579793,-4.167855885259807,-3.900518953792752,1.499669075012207,-0.1345923542976379,2.974282741546631,-0.4928418810640356,0.0219758451054016,0.8356962294687175,-0.2413208147801834,1.6892266273498535,-1.2277615070343018,-2.8917860984802246,-3.999581677830219,-4.274266341711581,1.718479742631316,-0.0096716405823826,-0.2960037887096405,0.4602952791023999,0.0502861179411411,0.7907550216976553,-0.5807306807100773
1424,-0.88269,-0.110561,-8.782084,0.02718,-0.070515,-0.729125,0.680195,0.593830985301733,-4.868324998289347,-2.083449365332722,6.536850915706157,-6.302272344502806,-3.704237672279775,0.7307494282722473,-0.1050746068358421,3.4606235027313232,-0.445897442879954,0.101512698905468,0.8237467616109639,-0.3351299380062055,1.1012389659881592,-2.0154433250427246,-3.371978044509888,-5.670200768133998,-0.4993975285001099,-2.326160389587283,0.0655982717871666,0.1496037095785141,-1.3053947621889412,-0.6127269268035889,-0.1383819132546428,-0.6130164550259709
1425,-0.886281,-0.107522,-8.822598,0.028146,-0.074135,-0.729865,0.678976,2.011633836922049,-1.7471008569598196,-1.9837650022655724,5.641879513534903,-7.219482466489076,-3.495513965561986,0.4487758874893188,0.4940620064735412,3.324740171432495,-0.42659602648133,0.1537532890703628,0.8090621319536032,-0.3738904840381655,0.6180834770202637,-1.893404960632324,-3.525348901748657,-3.888592076894641,0.9994283864676952,-3.151200177398324,-0.0002700900658965,0.358128011226654,-1.6335552879311144,-0.6126076579093933,-0.0168641323708929,0.2552479776087217
1426,-0.891641,-0.095081,-8.90148,0.043072,-0.074396,-0.732237,0.675603,3.2370524144679305,0.4831213703513145,-1.923233668935299,4.768708732022345,-7.922354841268062,-3.265899738767743,0.3111727237701416,0.6246756911277771,2.887122869491577,-0.4126823639654037,0.2053399850874714,0.7901582383570666,-0.4039538929667369,0.3463409543037414,-1.5764933824539185,-3.4516913890838623,-2.924882069540024,2.327371518942713,-3.8526056944951415,-0.0587968192994594,0.3172338604927063,-1.675307978772372,-0.266200840473175,0.2874904790384694,1.242402591703087
1427,-0.896052,-0.091856,-8.939695,0.0486,-0.069398,-0.731833,0.676197,3.6317063968151806,0.9298580066353084,-1.921200409542024,3.9989132770493625,-8.40515355553627,-3.0874700480267405,0.1945109069347381,0.3756418228149414,2.3199641704559326,-0.4010571232709598,0.2479751623656218,0.7719620990721148,-0.42630507451512,0.1194793134927749,-1.2937108278274536,-3.1165034770965576,-2.142095031046867,3.880893923607468,-4.648405651557446,-0.0697341188788414,0.2456256449222564,-1.6388848123908042,0.1652737706899643,0.4163841315856203,1.4725234528452158
1428,-0.901716,-0.091962,-8.980853,0.048288,-0.065173,-0.731198,0.677326,4.040962320488691,0.3556184415102005,-1.5331623382031916,3.2526734697088595,-8.75058787216246,-3.002951982170343,0.3034267127513885,-0.232516810297966,2.188395500183105,-0.3841770325206124,0.2806830036298205,0.7578423270108035,-0.4464303799690919,0.1884549260139465,-0.9839367270469666,-2.536508798599243,-1.4970523294240234,5.096141820272803,-4.765625963576138,-0.0883533731102943,0.2006655931472778,-1.905412765562534,0.4265418946743011,0.4218234000300988,0.9783994808338582
1429,-0.914745,-0.102489,-9.070684,0.024627,-0.068081,-0.727248,0.682546,5.324053919324278,1.1972189034998415,-1.377209852208197,2.4048786831237376,-9.065763828647135,-2.8633707852616905,0.7401911616325378,-0.5651015639305115,2.239357709884644,-0.3602194800839426,0.3063150603932084,0.7430762813362867,-0.4735511956789108,0.3448096513748169,-0.6721816062927246,-1.7624181509017944,-0.980472926107049,5.724788682889938,-4.782533551496267,-0.1133287400007247,0.2895183265209198,-1.2691224024549126,0.4827738106250763,0.5518296169290319,0.4760649490337819
1430,-0.920206,-0.110507,-9.117597,0.011049,-0.070986,-0.723755,0.686307,7.110404252132773,1.798977174669504,-2.157837666840851,1.570821622250974,-9.32096140950918,-2.6120105906054376,0.8611634373664856,-0.711492657661438,1.8808016777038568,-0.3357968924847805,0.3249890221184646,0.7263316124967513,-0.5040486688598708,0.2357100546360016,-0.1210433021187782,-0.8521087169647217,-1.236634968087077,6.226076409050822,-5.102494404169917,-0.1430048048496246,0.2475441694259643,0.3541123112635687,0.4838169813156128,1.0419660171415657,0.3347936070811003
1431,-0.923067,-0.118393,-9.164681,0.004347,-0.070538,-0.722363,0.687893,8.31783533756733,1.8471943853497503,-2.959572274649143,0.8711107802428305,-9.49068318539858,-2.3105140537746247,0.9589177370071412,-0.9198094010353088,1.4357450008392334,-0.3131116221548783,0.3344770205582104,0.7112865478869538,-0.5330644118247716,-0.166168138384819,0.1000892370939254,-0.1266107857227325,-2.535954648146033,6.067416709923744,-5.452806555965543,-0.1329799592494964,0.08953757584095,0.9838736013960092,0.6205767393112183,1.3540472955465317,0.6481801959309726
1432,-0.925449,-0.126482,-9.255638,0.001685,-0.059129,-0.726065,0.685078,9.221952753746509,3.0191824014812707,-3.258439485889673,0.3448284231549128,-9.60189022847712,-1.9634638263843955,0.9258764386177064,-0.8866674900054932,0.8622941970825195,-0.2935933385299078,0.3348024458678156,0.6985815056381582,-0.5600840776620015,-1.071313738822937,0.2239728271961212,0.6718248724937439,-3.032805268642306,6.285901055416464,-5.523118109554052,0.0454661324620246,0.2612106800079345,0.4793041136180981,0.7162744402885437,0.8894261160690337,0.2585334472864866
1433,-0.9261,-0.127416,-9.305955,0.003751,-0.050956,-0.727247,0.684472,10.652959370332956,2.1303753671586514,-4.526490751981735,0.1130176909633912,-9.65834335258305,-1.695291028615087,0.4255878031253814,-0.6629670262336731,-0.022500567138195,-0.2825886237557165,0.3284345549966685,0.6917850320123098,-0.5776745431307893,-1.3594568967819214,1.1272118091583252,1.534830927848816,-3.475450251698493,5.175440397915244,-4.588451533593237,-0.0594769306480884,-0.2554037272930145,1.5841552972070871,0.7753628492355347,0.7848704206384718,-0.145531903740298
1434,-0.927893,-0.125732,-9.356241,0.005264,-0.049344,-0.731364,0.68018,8.735710036504267,2.107167510050535,-3.984830683422088,0.8322680585641413,-9.600719431132076,-1.817666677570343,-0.9093836545944214,-0.0572244860231876,-1.8483998775482176,-0.2940157535295958,0.2943195536677362,0.71137276610956,-0.5664623254607588,-1.1944758892059326,1.579445719718933,3.21565318107605,-4.604620285844803,2.5938456961005927,-1.0158084433823824,-0.1219556108117103,0.8176993131637573,0.874952038906142,0.5105887651443481,-1.0758069850102066,-0.7750114360556006
1435,-0.929559,-0.120081,-9.454705,-0.003684,-0.060046,-0.735228,0.675145,8.664540404781699,-0.8457815470665693,-3.57357511036396,1.7074404622226953,-9.36922888907194,-2.339355825116485,-1.7317922115325928,-0.2786514461040497,-2.8490357398986816,-0.3101761943256233,0.2672133860471685,0.7401830589569093,-0.5334011457206597,-1.0992205142974854,1.5000320672988892,3.790947914123535,-6.264371945175528,1.8215455648303032,-0.8869836182877421,-0.2497995793819427,0.9193831086158752,0.6135036540210247,0.0033962067682296,-0.8266440081372857,-0.9449286614518612
1436,-0.935131,-0.115259,-9.499145,-0.007678,-0.058591,-0.733001,0.677656,7.677610849881172,-3.930176717692613,-2.0585443489179016,2.860018259963393,-8.847377682831883,-3.116821522456408,-2.228762626647949,-0.7794719338417053,-3.7713236808776855,-0.3260678130219852,0.2240849919106004,0.7801920175067641,-0.4845266406467511,-1.375348448753357,1.0197526216506958,3.7234253883361816,-5.941873682978749,-0.2432835634455084,0.5228471584748476,-0.2158801257610321,0.6745546460151672,0.9681226361650972,-0.4172936379909515,-0.1698223319207318,-0.522027658785507
1437,-0.94171,-0.109738,-9.539075,-0.008494,-0.051148,-0.728567,0.683009,6.068389938870072,-6.301325419041514,0.1969131496757268,4.124623477254808,-7.935195033618807,-4.0237443514451385,-2.376739740371704,-0.7483277320861816,-4.422685623168945,-0.3407330009085978,0.1659986664282258,0.8231635958367088,-0.422784879506986,-1.3253077268600464,0.5695461630821228,3.208672046661377,-4.204940584290028,-1.2882578955575823,1.982240569177269,-0.1680730432271957,0.0866327807307243,0.054928732116823,-0.6957714557647705,0.4364110205700621,-0.1068647212916053
1438,-0.952095,-0.097066,-9.614717,-0.009323,-0.034678,-0.720139,0.6929,2.988620089957118,-6.594085545578599,2.197844390797615,5.40141071524918,-6.681463384780288,-4.7279167029067874,-1.99939227104187,0.1995476633310318,-4.604822158813477,-0.3647734753031003,0.1025443429717929,0.8547170990046196,-0.3548008574480288,-1.560333490371704,0.1457087099552154,2.731410264968872,-1.8305226520121096,-2.315554386029393,2.1104735658586025,-0.1197519898414611,-0.3213500380516052,-1.189828354857117,-0.6929774284362793,0.0688935126172844,0.7399914144702255
1439,-0.952701,-0.093046,-9.653834,-0.005898,-0.032645,-0.719333,0.693873,-0.3404109355062246,-7.263423899546265,2.562437581402063,6.60663523055017,-5.258699695882201,-4.986866037517785,-1.4801790714263916,1.0286118984222412,-4.33841609954834,-0.4025488933098027,0.0426530509289095,0.8674330725501178,-0.2893008705253208,-1.1486551761627195,0.0767545700073242,2.3834805488586426,-0.2982546323001384,-3.653038815440237,1.5821709915220736,-0.0575331300497055,-0.4291240274906158,-1.5325784008353949,-0.3852171599864959,-0.0463161673984723,1.3386286310099065
1440,-0.950544,-0.09245,-9.694486,-0.001341,-0.035489,-0.720689,0.692349,-2.924942859816551,-7.926147219288349,2.256549677744508,7.570443437582254,-3.880409647221863,-4.878650285209715,-0.81202632188797,1.1358531713485718,-3.813668966293335,-0.4427384806019036,-0.0124396501271006,0.8652093339576947,-0.2350336834400747,-0.6853298544883728,-0.0879478231072425,2.1994309425354004,-0.5413742373555899,-4.812041970053315,1.5548679740548133,0.0328776910901069,-0.4698285758495331,-1.9406376620702444,-0.1239005252718925,-0.1070689294936601,1.2232211405668407
1441,-0.946827,-0.099464,-9.77647,0.004482,-0.048615,-0.726965,0.684937,-7.0757719146907325,-7.144137594908475,2.379836450195312,8.26524239602089,-2.620913735768198,-4.58115553136617,-0.4767611622810364,1.2196550369262695,-3.3371894359588623,-0.4790530086872016,-0.0637038366177292,0.8541169391341388,-0.1921831925032626,-0.6478815674781799,-0.2943997383117676,1.9741294384002688,0.4534340880960226,-5.495144645479321,1.3505097690701484,0.114679105579853,-0.385489672422409,-2.1422521213047205,-0.0530683659017086,-0.2859984321161173,0.7690825574632734
1442,-0.946337,-0.10575,-9.819878,0.006586,-0.052819,-0.728976,0.682466,-9.926203431141376,-7.388903798127174,2.071077375015616,8.648598739284276,-1.715945986369997,-4.292747170297801,-0.0045460471883416,0.5951377153396606,-1.596136212348938,-0.5041565734307225,-0.1006317234661804,0.8418684316055947,-0.1641860419971246,-0.7758959531784058,-0.3105975985527038,1.635988473892212,1.5334849942862987,-6.299642580521106,1.437328220823407,0.1784765124320984,-0.2627201378345489,-0.4943310754233971,-0.1621450185775756,-0.0437985402880469,0.3849488366192206
1443,-0.947597,-0.111878,-9.863175,0.009667,-0.053583,-0.728962,0.682386,-8.358675297477841,-7.099682951632142,1.1332087881430983,8.779304848080873,-1.4090103272251784,-4.136284981215,-0.1288616806268692,0.3179812729358673,-0.3938260674476623,-0.5143461348407696,-0.1148132036358286,0.8352902310327958,-0.1567039281365886,-0.4903483390808105,-0.1609636098146438,1.2692161798477173,0.7103139229565858,-7.832682169127464,1.3692150540620087,0.1414758861064911,0.0626476183533668,0.5502927262179553,-0.1172888949513435,-0.5999482260730117,0.59289005118981
1444,-0.954636,-0.12285,-9.954296,0.013729,-0.044323,-0.729908,0.681969,-7.359881701782346,-8.811341908332706,1.1628010855913162,8.808673565906286,-1.3450110255233942,-4.094949639002978,-0.7498023509979248,0.1155207753181457,0.5459885597229004,-0.5185488117261757,-0.1083101478083038,0.8348971388692406,-0.1494083189255281,-0.6163020730018616,-0.3254536986351013,0.4673758745193481,-1.2308189752846956,-8.377135083276032,0.3700192707737907,0.0666582062840461,0.2195397615432739,1.126668572719395,0.0702710002660751,-0.2878613216448575,0.6213887081824243
1445,-0.959962,-0.122868,-10.003186,0.017713,-0.03851,-0.729732,0.682419,-7.007440721264481,-7.40577017725408,2.802272173437476,8.778402346283197,-1.6154320406109093,-4.062072036273777,-0.2988779246807098,0.2323018461465835,1.53261399269104,-0.5198374577218775,-0.0838533238655521,0.8367058320610348,-0.1505358322679291,-1.7940365076065063,-0.5619753003120422,-0.8769996762275696,-0.0771247407346963,-6.961891853010654,-0.9154817638237028,0.0431356504559516,0.214229330420494,-0.1154341227216646,0.0102124763652682,-0.01659514727036,-0.1322536304995417
1446,-0.965691,-0.1209,-10.051583,0.030462,-0.029778,-0.727866,0.684395,-4.870547935035824,-6.96050127543509,2.0131033249527213,8.644708746108412,-2.3453118109114466,-3.9923613711878656,0.8695045709609985,0.1156530603766441,2.317305088043213,-0.5152913854941709,-0.053592440104905,0.8370672825686627,-0.1758441084956802,-0.903494119644165,0.4728509783744812,-1.9230303764343264,0.6287678586483001,-7.427453016752004,1.5786416483521462,-0.3286681473255157,-0.1549471169710159,2.342005316711962,-0.1015392839908599,0.9461827531661836,-0.5013075633725151
1447,-0.971035,-0.118668,-10.147748,0.050224,-0.028973,-0.727956,0.683168,-3.31486104581356,-6.325443376731872,-0.2959668136239051,8.387126900458336,-3.306729469545185,-3.8590202377125618,0.7426367402076721,-0.0784994289278984,2.486802577972412,-0.506628193265125,-0.0226506998036866,0.8344112994020596,-0.2158069535312688,1.8463342189788816,0.4330116510391235,-2.1437196731567383,-1.978568018144369,-8.331293369555473,1.801840162885189,-0.4254486262798309,0.0995534658432006,1.079782245316729,-0.0048364028334617,0.6296726254682987,0.1595251568499952
1448,-0.969983,-0.119858,-10.193969,0.052765,-0.042982,-0.730119,0.679922,-1.8564105419844388,-7.031320194023847,-1.3485828926607966,7.960576727634668,-4.251204907336831,-3.8375563016623255,0.2671952843666076,-0.1952220052480697,2.9039347171783447,-0.4915337301232041,0.0160410648732816,0.833908629640819,-0.2504667782079449,3.577094554901123,0.5734513998031616,-2.5156853199005127,-2.950620321908593,-6.3341018994838,0.5762338807474822,-0.5139335989952087,0.0109578482806682,2.336375201870501,0.2211520820856094,0.9716279408723116,0.1481238290627952
1449,-0.968514,-0.120056,-10.237827,0.051443,-0.057985,-0.729585,0.679483,0.4297118517249822,-8.169407109597325,-2.134543592754006,7.333635499891638,-5.239468341189623,-3.8647272171825167,-0.1114980205893516,-0.0745088458061218,3.4687275886535645,-0.4723670353079535,0.06782019505309,0.8321338099336479,-0.2825297035288028,3.851176261901856,-0.345595508813858,-2.866337776184082,-6.472433680853247,-3.4515617188498378,-0.8222598017036914,-0.5450130701065063,-0.1426323056221008,1.5011806614004075,0.1927258074283599,1.095744661341235,-0.3527555628923699
1450,-0.96508,-0.114184,-10.320187,0.053034,-0.081921,-0.725816,0.680931,2.251785239821672,-5.830708140954375,-1.4576578921467065,6.505156385281682,-6.23906039378643,-3.8636037661105394,0.1575702577829361,0.1657044887542724,3.7225210666656494,-0.4512512803121655,0.1286590220548635,0.8248853430146349,-0.3152510961081046,2.747099161148072,-1.099402666091919,-3.1359975337982178,-6.060338149839639,-0.8913280772328376,-1.980464791676402,-0.5161320567131042,-0.3250585198402405,0.8880389725595712,-0.0398795381188392,1.0947940826181322,-0.5636558099316433
1451,-0.962904,-0.109127,-10.360621,0.058633,-0.090531,-0.72582,0.679376,3.4707208850890394,-1.485444893738627,-1.4336942482352255,5.591631673809886,-7.158371287444234,-3.6961817915961146,0.6935622692108154,0.1910338699817657,3.2174060344696045,-0.4324763334945854,0.1837426078015392,0.809130075404644,-0.3528617397515976,1.7839709520339966,-1.4077808856964111,-3.279283285140991,-4.23309641919434,0.4256994012132287,-2.218160618117452,-0.4232349693775177,-0.2403095960617065,-1.3908145991906522,-0.2512498497962951,0.3557417025636881,-0.2190486100456677
1452,-0.960192,-0.106622,-10.399097,0.062384,-0.097457,-0.72632,0.677547,3.499790035445988,0.943251156693697,-2.108462518297136,4.769931844076514,-7.8512699652194975,-3.431569608917832,0.6849384307861328,0.1648938506841659,2.458991527557373,-0.4174681435064422,0.2236209462274639,0.7905409732891989,-0.3882768427974174,1.4204180240631104,-1.3225998878479004,-3.2971432209014893,-2.904992543199658,1.0419321879372,-2.462490768006444,-0.3290800154209137,-0.0251362323760986,-2.129136619143933,-0.2619288265705108,0.1338276200843043,0.4150809765651821
1453,-0.958396,-0.111768,-10.48395,0.054341,-0.107112,-0.725799,0.67734,2.97138370847404,1.133274546855688,-2.3269071163013577,4.065175555247068,-8.299420559954642,-3.2809123067215085,0.0011829908471554,0.2091894596815109,2.170573472976685,-0.4040174025019772,0.2573671330231067,0.7752690710188702,-0.4116917489010314,1.3057210445404053,-1.098326563835144,-3.148071765899658,-2.356067452073097,2.1207722570329905,-3.3155510739043352,-0.2755363583564758,0.1111166551709175,-2.2327824331879613,-0.0543474555015563,0.3869342748153954,0.878777807739377
1454,-0.957854,-0.118282,-10.523884,0.045042,-0.113366,-0.722738,0.680272,3.2884079231739043,0.7751146041691303,-1.1922010753378272,3.341135889276862,-8.587094177007675,-3.356931716562807,-0.5033569931983948,0.1611890643835067,2.3004252910614014,-0.3866351963242297,0.2953745058091807,0.7641399019758625,-0.4235059346417242,1.451088547706604,-0.9710255861282348,-2.771403551101685,-2.1761586286902426,3.046872372439504,-4.148094369213283,-0.2825590968132019,0.0796090066432952,-1.9826772070288656,0.1712095886468887,0.6665259999606757,0.9201259363677352
1455,-0.956426,-0.126183,-10.566538,0.03468,-0.117046,-0.720015,0.683137,4.466662306223809,0.6143371822357178,0.1900301121637225,2.5266511054888365,-8.814478452792763,-3.4772686992973085,-0.2503165006637573,0.3365145027637481,2.578346014022827,-0.3665925266372346,0.3372942407229453,0.7506823298927691,-0.4339569237930726,1.3786300420761108,-0.8971409797668457,-2.259730577468872,-1.9184557870090009,4.073158370694518,-5.01011539568007,-0.3128581345081329,0.0160895027220249,-1.6099378271088003,0.3956291973590851,0.7889145083975047,0.8013463391430675
1456,-0.947041,-0.137921,-10.654252,0.030535,-0.112801,-0.722647,0.681267,5.8867596985220905,1.2791846545249224,0.2391252747222781,1.641209163685143,-9.028169134268165,-3.459625490579009,0.104248821735382,0.4631634950637817,2.6763458251953125,-0.3493490133037041,0.3808314647000147,0.7289438959392066,-0.4489583077210302,0.7621682286262512,-0.7816269993782043,-1.701871633529663,-1.5867074659079312,4.916189742270112,-5.713374723950028,-0.2457827627658844,0.0603792965412139,-0.5026526943711563,0.4327060580253601,0.9264097658775746,0.3717187316354364
1457,-0.940133,-0.139763,-10.700154,0.034124,-0.110336,-0.725805,0.678136,7.960480281522869,1.529375805401802,-0.4887292733609676,0.7653375257160514,-9.182291774487496,-3.3571073653906582,0.4015380144119262,0.0154382055625319,2.2899153232574463,-0.3323800180470616,0.417762405100496,0.7047264799867942,-0.4672886876717449,0.0452921688556671,-0.406901478767395,-0.989803433418274,-1.8987948087275024,5.28868976047635,-6.049704527622461,-0.2205221503973007,-0.0878800153732299,1.1440578797418623,0.3858073055744171,1.3427367969810962,0.1616598490574397
1458,-0.932249,-0.138717,-10.748145,0.041915,-0.106497,-0.72871,0.675191,9.802347334370015,1.6194687487810848,-1.111946512144804,0.0072953326526767,-9.286301015016436,-3.1519770069897173,0.6848692297935486,-0.6389791965484619,1.5586755275726318,-0.3143064229433864,0.4380629809240754,0.6846947658299121,-0.4904135102869441,-0.8823262453079224,-0.1744013875722885,-0.136100560426712,-3.3426047927856444,5.412802462357282,-6.508104129171371,-0.1793618351221084,-0.3211869597434997,1.3433623815335332,0.4518629610538482,1.3548641648873685,0.3779964601980522
1459,-0.915413,-0.127599,-10.84018,0.05793,-0.10616,-0.737779,0.664121,10.65679149584174,3.1033786880373952,-0.9944953139796852,-0.488167986216396,-9.36272082235217,-2.8760306526094674,0.7279038429260254,-0.8583058714866638,0.5393701195716858,-0.2990561431242175,0.4401872075761519,0.6729576316621866,-0.5137399503623713,-1.7138543128967283,0.2396703660488128,0.672442615032196,-2.630878080421686,5.521290309605002,-5.816955509933829,-0.0438089594244957,-0.1433191001415252,3.272307267722488,0.3152730762958526,0.9661368691753596,0.0094387858386005
1460,-0.908648,-0.12281,-10.884686,0.059596,-0.108549,-0.739838,0.661291,12.020700844711063,2.439121582856774,-1.7448276513308285,-0.4674807336270808,-9.43841874515414,-2.620698631712794,0.5321962237358093,-0.1298506259918213,-1.025977611541748,-0.2993327822647437,0.4273854470440628,0.6715356432718773,-0.5261000752830668,-1.8453409671783447,0.8527188897132874,1.5076172351837158,-4.452224907809495,4.897939215308427,-4.946087452405691,-0.0779050290584564,-0.2778258323669433,0.1199012490652035,0.4386530816555023,-0.1299869550760369,-0.103598522569891
1461,-0.903953,-0.121189,-10.92333,0.056096,-0.107725,-0.740136,0.661398,8.288824931660294,0.1511667130231857,-3.1631670940458774,1.2112178374316542,-9.36719709098339,-2.637984405295551,-0.8024225234985352,0.3446498811244964,-3.080941677093506,-0.3532997394611496,0.3787616354011866,0.7007420305021519,-0.4905910123417052,0.0795169845223426,1.7096010446548462,3.061574935913086,-4.579406934133171,2.479513798999786,-0.4327509271599352,-0.0017745040822774,0.3280932605266571,0.5463845397982746,0.2131738364696502,-0.6589006196487694,-0.0051767324926855
1462,-0.903136,-0.11519,-11.001216,0.034587,-0.102759,-0.737345,0.666759,7.570933851447701,-3.867059459522366,-2.662634862427413,2.526611065739393,-8.976036211448907,-3.0360131247729063,-1.3279181718826294,-0.1288517564535141,-3.980503797531128,-0.3802031327959916,0.3368874559172789,0.7357312213411935,-0.4479418825623054,0.0805766582489013,1.757796049118042,3.622147560119629,-5.495643242651224,1.8838941767156123,-1.1921638120673597,0.1418796479701995,0.2626961171627044,1.2539907381661235,0.0630990043282508,-0.1431170246182941,-0.0051285927768214
1463,-0.902447,-0.108088,-11.034516,0.024929,-0.093759,-0.734931,0.671166,5.509819067519903,-6.13695143392086,-1.0246022829517722,3.947276905575394,-8.236637063783407,-3.570319031177461,-1.4714666604995728,-0.4717460870742798,-4.436919689178467,-0.4023556660038483,0.2813573747406471,0.7764493803720487,-0.3950622978688893,-0.6597304940223694,1.1417746543884275,3.3960139751434326,-6.084628541487455,1.238621465729177,0.405543625152111,0.336940050125122,0.1283104717731475,0.5215629638832062,-0.1900595277547836,-0.1127095291965175,-0.2677199577015824
1464,-0.902212,-0.101657,-11.068403,0.022805,-0.07809,-0.732591,0.67579,3.009500380900502,-6.049876961579918,1.1234630546763538,5.277878443604707,-7.201579730051756,-4.056061105421185,-1.0586897134780884,-0.3056716620922088,-4.572024345397949,-0.4220796569951872,0.2172746993292193,0.8121534774210039,-0.3391860591836266,-2.115576982498169,0.4060558676719665,2.824828863143921,-3.328822935670614,0.3853057237654924,2.140752968788147,0.4495185315608978,-0.1035489663481712,-0.6217052267856895,-0.5060800909996033,-0.1332112600179389,-0.4558998936876654
1465,-0.897984,-0.098451,-11.134043,0.026777,-0.055866,-0.730858,0.679712,-3.1750135991841555,-6.476073498660326,1.1959972527503966,8.02432000874877,-3.619975627011061,-4.321626935562491,0.2268652468919754,-0.5049437284469604,-3.704867362976074,-0.4841919047833491,0.0084697003341075,0.8486871747890566,-0.2126418677605461,-1.951011300086975,-0.5067394375801086,1.99891996383667,-1.0803203707814215,-4.100375755704939,0.2671194893240928,0.217783123254776,-0.3379705548286438,-1.5504808450117706,0.034525666385889,-0.417494102121517,0.4521492724498733
1466,-0.89266,-0.100926,-11.17083,0.027787,-0.057972,-0.733013,0.67717,-4.477733443075418,-6.303641879290342,1.7889543778270482,8.302469426131248,-2.5885724318727847,-4.531961000086367,0.4421971440315246,-0.9710862636566162,-2.932947397232056,-0.4842468784465765,-0.0544578423479719,0.8532877866475702,-0.1855780671028584,-1.4563807249069214,-0.5645965933799744,1.947827100753784,-0.026559505623579,-5.269748913162946,0.3237490659754723,0.0473476201295852,-0.25993812084198,-1.844213031451404,0.2127097845077514,-0.5276800219913944,0.2168050689025782
1467,-0.886433,-0.104785,-11.211597,0.03019,-0.064131,-0.73546,0.673851,-4.682841589644551,-5.9969631175160405,2.044902484795451,8.333549039527773,-1.8224997968152163,-4.837439446160197,0.302150696516037,-1.001259446144104,-2.192835569381714,-0.4749375462198261,-0.1053978971308613,0.8576316514395171,-0.1667138161352277,-0.7042713165283203,-0.2364344596862793,1.8903435468673704,0.8071972571283579,-6.406570338845253,0.6554897882919758,-0.1559446603059768,-0.2713444232940674,-0.7610868825342506,0.3809289932250976,-0.2119881153412163,0.2810485728900879
1468,-0.875323,-0.115701,-11.287991,0.043152,-0.074746,-0.735642,0.671849,-4.779088379478455,-6.773181299012899,2.120747707113624,8.283901503783463,-1.212379063230753,-5.106616452535986,-0.2176041156053543,-0.6069406270980835,-1.5303558111190796,-0.4665823978924016,-0.1406879153321628,0.8605648616798557,-0.1481081079855792,-0.2015162706375122,-0.0163750033825635,1.6899135112762451,0.2106418152987957,-7.238164955127239,0.2589273419748991,-0.3685181140899658,-0.1193640306591987,0.4856798226624726,0.6280850768089294,-0.0336748152382089,0.4485492021312937
1469,-0.871368,-0.121844,-11.330279,0.048972,-0.079431,-0.735266,0.671325,-5.187728217080236,-7.433333306962251,2.73352070877254,8.268765893971919,-0.7388252202350646,-5.220347461134195,-0.7247198224067688,0.0718352645635604,-0.6828075051307678,-0.4662353079498693,-0.1562083981312587,0.8612563991978716,-0.1283003213152712,0.4831126630306244,-0.073958620429039,1.1342897415161133,-0.9156593854129312,-8.665743935352562,0.2043522136352956,-0.5821297764778137,-0.0531982369720935,0.5860089133739471,0.906990647315979,-0.2449339062021114,0.4561427990654483
1470,-0.867991,-0.126541,-11.374883,0.053451,-0.08603,-0.735128,0.670319,-6.232036194238066,-6.515179766646027,3.7058722877442833,8.36871270736754,-0.5071633036633953,-5.087029124012589,-0.7606214880943298,0.8140252828598022,0.2737696170806885,-0.4770671690960272,-0.1512249205644755,0.8581942289921506,-0.1141962658134252,0.0698390528559684,-0.1796525567770004,-0.0477946624159812,0.7679629788488149,-7.883142774820327,-0.2993054565273225,-0.6033336520195007,0.1753200441598892,0.0451616544679505,0.9161134958267212,-0.1092602015933953,0.03531798618522
1471,-0.864754,-0.125305,-11.468333,0.076849,-0.084181,-0.730167,0.673694,-6.335401876166462,-7.005012032812833,3.401116895247996,8.523551971423625,-0.7001273869197815,-4.798881167446076,-0.0213500224053859,0.879492461681366,1.4121332168579102,-0.4915426379147903,-0.1305796026216405,0.8530086857761804,-0.1170937721517611,0.1683251559734344,0.4130414128303528,-0.9862478375434875,1.4519997202545405,-7.833433864277601,1.2444167080044746,-0.6189587116241455,0.0387922264635562,1.4207415354207158,0.8290585875511169,0.4706042724750935,0.1065749354316387
1472,-0.863118,-0.124066,-11.516143,0.086613,-0.079619,-0.729172,0.674141,-5.114242709630728,-7.366236623767018,1.7820958902344106,8.574610543009639,-1.4128518050841987,-4.544255248992145,0.6293891668319702,0.4556763768196106,2.3211441040039062,-0.4977108181516729,-0.1001894805706813,0.8495025648824877,-0.1434966640205422,0.9899422526359558,0.4226898550987243,-1.9022057056427,-1.173564471668005,-7.675689526429772,1.5639070205569263,-0.579746425151825,0.1003810614347457,1.2508680761009454,0.7146953344345093,0.9579285013437272,0.1590212989810854
1473,-0.860236,-0.122604,-11.562982,0.088875,-0.085508,-0.729227,0.673066,-3.403268812584877,-8.10387928315401,-0.0337315892100334,8.4120889077574,-2.45260504154712,-4.403621912682056,0.7161051630973816,0.1514459401369094,3.067516326904297,-0.4920740583799496,-0.0609180041174036,0.8490060242516566,-0.1825949702915694,1.5060805082321167,0.2625048458576202,-2.5168819427490234,-3.1543782229125497,-6.681918727332353,0.7030506539553404,-0.5144321918487549,-0.0396249070763587,1.9155378537356853,0.7460821866989136,1.315626817867905,0.7247025137931108
1474,-0.853597,-0.120752,-11.648414,0.079302,-0.110168,-0.727089,0.67299,-2.1660200965136287,-7.982284701573848,-1.1997837855517863,8.011912362596393,-3.6951349128916857,-4.280843089753389,0.353871613740921,0.2650949954986572,3.9980697631835938,-0.4804163620308029,-0.0059789089041825,0.8474824496521266,-0.2256941304983767,1.708425521850586,-0.5740949511528015,-3.1964569091796875,-4.73189232853949,-4.276492785589396,-0.0643938539773225,-0.3631874620914459,-0.1210266128182411,0.5869070312574506,0.2740097045898437,1.3379181446529924,-0.4859737641077488
1475,-0.849181,-0.11821,-11.684667,0.085224,-0.116379,-0.724367,0.674155,0.1943885996341705,-6.5016112600207325,-2.3511314569756387,7.290633393511175,-5.124631417176127,-4.093311224146187,0.4475350081920624,0.4375583231449127,4.807819366455078,-0.4650172321067669,0.0674991699741018,0.8391332731610806,-0.2739674666133636,1.916642665863037,-0.5503925681114197,-3.657237529754639,-3.744187697613239,-2.4880472340673205,-0.7123913868177681,-0.3244952857494354,-0.1490366458892822,0.3653047364072874,-0.3264480531215668,0.9968338399298488,-0.6942753729559481
1476,-0.841964,-0.114438,-11.718595,0.097017,-0.122009,-0.726353,0.669412,3.844649474793672,-4.430946557459235,-3.593853343760967,6.271899418070912,-6.462371721044183,-3.8821915622025727,0.142193466424942,0.5826875567436218,4.406890869140625,-0.4456043279487101,0.1454818131128167,0.8226613632033619,-0.3217143045548075,2.560717821121216,-0.596652626991272,-3.664914846420288,-5.67634935389161,-1.4820201799869537,-1.336538965254277,-0.3049289882183075,0.0173422563821077,-0.642938422819972,-0.5497884750366211,0.4257950801400467,-0.2523104445857927
1477,-0.830502,-0.111331,-11.788847,0.113362,-0.141368,-0.730115,0.65886,4.556468541616201,-1.3666402351379394,-2.55239081916213,5.326646273905038,-7.330297295379638,-3.750195121334493,-0.299227625131607,0.8331595063209534,3.321614980697632,-0.4311475993455251,0.2134969474133718,0.8035084287153147,-0.3505780833587318,2.832207202911377,-0.8464229106903076,-3.556368350982666,-5.899415766477585,-0.0877808670446276,-2.4794927562117577,-0.2614593803882599,0.1883051246404647,-1.7713140917181969,-0.6400478482246399,0.2482523831003345,0.054426294453442
1478,-0.827794,-0.112442,-11.826565,0.11195,-0.147302,-0.729124,0.658898,3.485653373543918,0.1547404798567295,-1.6924509828835723,4.539710883560776,-7.869757223546505,-3.6916596379965534,-0.6440437436103821,1.0704131126403809,2.8985486030578613,-0.4224324537913915,0.2725763121967702,0.7835332873755539,-0.3651419511844578,2.404827356338501,-0.8926814198493958,-3.5486929416656494,-4.369286512359976,1.9585501892492168,-3.7560371253609657,-0.2484420537948608,0.3003734946250915,-1.7618679257199168,-0.4887061417102813,0.1225130207324866,0.5258971936952322
1479,-0.825873,-0.117159,-11.864506,0.107531,-0.15095,-0.72637,0.661845,3.785015674825012,0.0244990659624338,-0.9718737323269248,3.7933801830664273,-8.189025417780876,-3.836730372232199,-1.2745318412780762,0.8872392177581787,2.715513229370117,-0.4117873350734124,0.3315504476316693,0.7653058970943055,-0.3671679703168513,1.933678388595581,-0.7520793080329895,-3.409691333770752,-3.1360967162907123,3.276744957908988,-4.367233963744342,-0.2757927179336548,0.3930879235267639,-1.628292106705904,-0.3080920577049255,0.2586145314323715,0.5787770989568903
1480,-0.817092,-0.127395,-11.943688,0.095563,-0.163437,-0.721424,0.666111,4.777630289624631,-0.5144914911270141,0.4934557173609733,3.018488573998213,-8.337320959281922,-4.189055617415905,-1.2196670770645142,0.2862900793552398,2.530430316925049,-0.3921098644486611,0.3862338849111506,0.751269450070854,-0.3642354423569836,1.7312198877334597,-0.6092633008956909,-2.857598066329956,-2.870324549922347,3.910026494589448,-4.898823304666578,-0.328767865896225,0.3775410950183868,-1.172357360900566,-0.2721860408782959,0.5186584380807355,0.4366837000316008
1481,-0.808412,-0.132562,-11.982503,0.095949,-0.169226,-0.720745,0.665345,5.6077802600562565,-0.2091027691632509,1.8513450752884149,2.227394748800248,-8.429028352120518,-4.490056041292846,-0.5820713639259338,-0.1035375967621803,2.2713816165924072,-0.3680913739939883,0.4293161457066954,0.7379815716943494,-0.3682114614008966,1.4562593698501587,-0.6148486733436584,-2.10449481010437,-2.2945091137826443,4.805602876916527,-5.483405692368746,-0.3775575459003448,0.1933914422988891,-0.7111519812159239,-0.2787786722183227,0.7792801263507455,0.4584330654270946
1482,-0.797026,-0.138145,-12.01907,0.103147,-0.166393,-0.721227,0.664459,5.525307144030928,1.5250059197545052,2.6766554967343805,1.4587287362486123,-8.548246852219105,-4.57929821306169,0.1094216182827949,-0.191130056977272,2.119015693664551,-0.3474174535451523,0.4615665402476364,0.7214121998561774,-0.3818663307271104,0.8975551128387451,-0.5573590397834778,-1.3538542985916138,-1.3668091619640588,5.539976889896392,-5.933524956828356,-0.3552944958209991,0.1768731772899627,-0.6994165352366865,-0.4271075129508972,0.4790400558544322,0.3326050840608775
1483,-0.774567,-0.141202,-12.097116,0.122664,-0.14943,-0.722535,0.663753,6.873633723843097,1.6236539255112408,2.011600811435282,0.7174820610202849,-8.708096053391694,-4.452489111703634,0.645432710647583,-0.2440751940011978,1.923905849456787,-0.3321970120066257,0.4862499795753722,0.7004103983422821,-0.4032757745485195,0.0950013995170593,-0.1031237989664077,-0.5494685769081116,-1.0798919162362812,5.742665700364112,-6.009168519094586,-0.2077123075723648,-0.0467036888003349,1.2392206006661055,-0.5623207688331604,1.2551780482545494,0.5507505164554343
1484,-0.76339,-0.138965,-12.138707,0.129447,-0.138778,-0.725191,0.661878,8.834173333343863,1.402991651457548,1.0854735157608986,0.0797384120981209,-8.87843742248416,-4.163818884828687,1.004523754119873,-0.3634371757507324,1.3698627948760986,-0.3225088323074397,0.5013792809954036,0.6789068364211401,-0.4285935447134578,-0.853135883808136,0.1059088855981826,0.3624910116195678,-3.0013194125324487,5.362680879360437,-6.344416372749209,-0.0096792979165911,-0.3501148521900177,0.7985466984871774,-0.5328335165977478,1.2142397425360978,0.8136114350195973
1485,-0.752556,-0.134385,-12.180713,0.134186,-0.133651,-0.728369,0.658491,10.08403252466321,2.278762094074488,0.3642828094810247,-0.3122482690023258,-9.05106193407774,-3.7618051873683926,1.19189715385437,-0.3067157566547394,0.4065337777137756,-0.3206943777032977,0.5035900098868634,0.6619635871874325,-0.4531627443662349,-1.6986773014068604,0.439881682395935,1.173432469367981,-3.0811078195184467,5.144294733545184,-5.758309844219684,0.2399387657642364,-0.2474556863307953,3.0342151354402302,-0.4543356895446777,1.3061739298678934,1.2619598173491655
1486,-0.734123,-0.124521,-12.256992,0.133284,-0.119707,-0.730183,0.659347,8.302863393884897,2.259113390752673,-1.4107900502488016,0.4459983120720833,-9.345949135771392,-2.9367808893874288,1.0416733026504517,0.6294558644294739,-2.0548739433288574,-0.3633969096499679,0.4640483620787513,0.6590851745570468,-0.4671278838519765,-2.3847079277038574,0.8226780295372009,2.777686357498169,-4.128665738382935,3.24682562046349,-2.636507610741257,0.2034205794334411,0.3408407866954803,-1.121024575483054,-0.4174188673496246,-0.8867603309258818,-0.1724056629448197
1487,-0.729974,-0.121751,-12.291604,0.132235,-0.106169,-0.727381,0.66495,7.136440026143193,0.592678308135271,-3.901645035213232,1.381380854282528,-9.349470295634866,-2.617168119499087,0.4618293046951294,0.0605856962502002,-2.7410144805908203,-0.3985878405066494,0.4307750557598284,0.6692318604993515,-0.4557294046704976,-1.2318930625915527,1.3409727811813354,3.411745548248291,-3.8806735588550567,1.7713327964186667,-0.6243696236893534,0.2152950018644333,0.5399172306060791,0.8940381399091333,-0.4544714391231537,-0.2680877498343587,-0.1392100711744744
1488,-0.726612,-0.118432,-12.326173,0.125149,-0.095184,-0.722427,0.673333,6.045688862240314,-1.7783803768426178,-4.061535445179045,2.501163028489053,-9.098778209498525,-2.669613469268381,-0.5339588522911072,-0.8206776976585388,-3.480179786682129,-0.4204594882265783,0.3844428527783592,0.6987961816949176,-0.4325523578940126,-0.5155789256095886,1.2965964078903198,3.644419670104981,-5.295658430445194,1.1616232739835977,-0.1347903093703091,0.1697747856378555,0.4239619374275207,0.5924867676185444,-0.5020380020141602,0.0186548128966591,-0.183139768128097
1489,-0.715124,-0.110588,-12.394938,0.112611,-0.082727,-0.716216,0.683747,5.107793679621816,-3.7111405835360287,-2.090893543858826,3.668151628898084,-8.55495131829381,-3.0867160147890447,-1.1084625720977783,-0.8104168176651001,-3.7549898624420166,-0.4310398972256233,0.3325766666319533,0.7394399754429323,-0.3960123054792017,-0.4543514549732208,1.0841150283813477,3.323258876800537,-4.702082296687364,0.1447185597971081,1.2383559466607867,0.0464954599738121,0.1546300202608108,0.2640388397697359,-0.5041269063949585,0.2967761572454124,-0.2323313585321418
1490,-0.704663,-0.109709,-12.424357,0.118699,-0.079623,-0.716358,0.682937,3.2182734797179697,-3.8648119728565216,-0.0362587696000933,4.924405781951546,-7.723871665796637,-3.501772149173916,-0.9173377156257628,0.1355153918266296,-4.240018844604492,-0.448494606780163,0.2785201849463604,0.7752207445366357,-0.3468599873539574,-2.2154014110565186,0.5704209208488464,2.661336898803711,-3.259771611276269,-0.016870763041079,1.6442963160455226,-0.085505411028862,-0.217330202460289,-0.6965238825350999,-0.5248484015464783,0.2926755717924796,-0.1437597429686226
1491,-0.69186,-0.111553,-12.454911,0.12868,-0.081708,-0.718134,0.679006,-0.0457476056963205,-5.076350493609905,-0.4805269699439406,6.224582955622672,-6.68725950383842,-3.564477027150988,-0.2752774357795715,0.6165884137153625,-4.222270965576172,-0.4803678807503292,0.2196342227846724,0.7959262297408648,-0.2958190263983227,-1.958296298980713,0.0392582193017005,2.719939947128296,-2.522555068346858,-3.14719912506342,1.526962314519286,-0.1593183875083923,-0.2765054702758789,-1.1616172826342284,-0.3907952606678009,0.0017674651886045,0.4443187980199232
1492,-0.664347,-0.119972,-12.522762,0.141801,-0.099214,-0.723092,0.66872,-2.2385598475456234,-6.332616044840217,-1.5492656240031122,7.27236825350225,-5.561328305482864,-3.514918630994856,-0.2992817759513855,0.0653542429208755,-3.865088701248169,-0.5079235576294965,0.159295097847508,0.8086012923552259,-0.2506044880766824,-1.2214151620864868,0.2469772100448608,2.735252857208252,-1.458176947584748,-3.689005908617377,1.2729554047465323,-0.1978027671575546,-0.2912193238735199,-1.4151225264951586,-0.2053409367799759,-0.0448506111908238,0.4918224536033347
1493,-0.65039,-0.125136,-12.55468,0.147321,-0.109505,-0.722797,0.666235,-3.4811914256989955,-6.449287198543548,-0.9858391293153166,7.8248706185936925,-4.680907114450633,-3.60983066509366,-0.4872155487537384,-0.3046980500221252,-3.5521016120910645,-0.5182473666794399,0.1166439862514567,0.8188066441408263,-0.2176452799742613,-0.5097795724868774,0.0391290038824081,2.720730781555176,-2.134616073468328,-5.284112954080104,1.508597805789113,-0.2490011751651764,-0.2250270843505859,-1.4195977722130717,-0.0881813243031501,0.0380971023596008,0.5879553712666035
1494,-0.638158,-0.131675,-12.590495,0.153455,-0.11918,-0.720377,0.665811,-5.636621739137173,-6.352963251820206,0.1673524164095521,8.317378825971483,-3.5428704677596685,-3.7999545930206775,-0.8081579208374023,-0.1581336110830307,-2.807556390762329,-0.5253729598871062,0.0690859904398804,0.8300427003980534,-0.1738949153640562,0.2549377977848053,0.029520209878683,2.503272533416748,-0.7527741775453091,-6.466743360257149,1.914229109224677,-0.3641300499439239,-0.1270269900560379,-1.3886496762417255,0.0094111273065209,-0.1807463153866119,0.4920099755320697
1495,-0.608727,-0.142123,-12.66157,0.171653,-0.137694,-0.720349,0.657779,-6.622441871491074,-5.877271154686809,0.9783084415495396,8.594815711170435,-2.62768133020699,-3.923625688613951,-1.1557502746582031,0.1939160674810409,-1.7578517198562622,-0.5311070196639551,0.0418896659352977,0.8356401732304838,-0.1337017639690935,0.6648685932159424,0.0625760555267334,2.044090032577514,0.3587093932628631,-7.353161453616619,2.086584156227112,-0.5339553952217102,0.0648682191967964,-0.1888392218787223,0.072804071009159,-0.0688480340743204,0.2414234321294352
1496,-0.594332,-0.141958,-12.699568,0.187318,-0.141796,-0.720607,0.652327,-6.900725144386291,-6.97435853587389,1.0156979687452317,8.793491194343567,-1.9678345888145268,-3.8694372945696114,-1.2221415042877195,0.6563338041305542,-0.918246328830719,-0.5412651686095947,0.0331845065049913,0.8343771202738112,-0.0987203788145408,1.124948024749756,0.0539778284728527,1.4401336908340454,-0.3190653651386499,-8.79984436276257,2.8480665408849712,-0.6738008260726929,0.1476692259311676,0.907904752698168,0.0441621467471122,0.0933899938969872,0.156309957663156
1497,-0.581873,-0.137886,-12.733537,0.206357,-0.143873,-0.716162,0.651021,-7.143789804384112,-7.373202955648303,0.98393972543478,8.922083087465166,-1.630940283127129,-3.729192373055219,-1.2641761302947998,0.5745612382888794,0.0922226384282112,-0.5518479565972343,0.0409344957645213,0.8297350536641064,-0.072993415575386,0.8411170840263367,-0.3589656949043274,0.4898034334182739,-0.9347188906699418,-8.835513642036915,2.5962884130775925,-0.7020721435546875,0.123682402074337,0.6677462624706327,-0.0504313930869102,0.2030888791685924,0.0886386985835153
1498,-0.551899,-0.134473,-12.807507,0.224843,-0.164088,-0.712985,0.643563,-6.887026289379596,-5.583745888996124,2.227100003637373,8.958761836043,-1.6660465216912328,-3.62426718672514,-0.6552689075469971,0.3623254001140594,0.919425368309021,-0.5580987174540554,0.0617811182723,0.8252086352963176,-0.0611539538832174,0.0724353715777397,-0.6047369241714478,-0.7663652896881104,0.3292845613360405,-7.875478523802757,2.0739152287900446,-0.6484981775283813,0.5259618163108826,1.047817592713982,-0.2070858031511306,-0.0220743116170982,-0.0733733705782331
1499,-0.534941,-0.134916,-12.838746,0.22585,-0.188138,-0.7131,0.636463,-4.308526046448946,-6.198138016289472,0.2580135150656104,8.692759368050098,-2.761862713898718,-3.6025638889610767,0.3194138407707214,-0.3635371029376983,2.116785764694214,-0.5538777991486042,0.1097167266735078,0.8195376001938756,-0.0976723302289685,1.8218648433685305,-0.6772211790084839,-2.128183603286743,-2.335329199948907,-7.020914535343646,1.4459861590534449,-0.8606365919113159,0.282739907503128,1.9799438365422188,-0.0042973891831934,1.1778673564936966,0.377175024279952
1500,-0.517327,-0.135257,-12.86799,0.231787,-0.210031,-0.710806,0.630014,-2.5730074907332656,-7.299714525589346,-0.7098381221383809,8.31654646680057,-3.63580126491338,-3.7129999476671216,0.0531604588031768,-0.425324410200119,2.806025266647339,-0.5420577363027381,0.1461926566844684,0.8172747525577565,-0.1298576877068598,2.7521684169769287,-1.056673288345337,-2.494690656661988,-4.608232046601176,-5.921448734587431,0.6462865642040968,-0.9394196271896362,0.1717113107442855,-0.2017401497070677,0.2788814306259155,0.8859281909506768,0.4511858707778156
1501,-0.478643,-0.131918,-12.915878,0.26362,-0.246887,-0.702357,0.613389,-1.3675070811003445,-6.385421167832613,0.2289914187207818,7.751196895095705,-4.633891973036527,-3.8231358543828127,-0.0917895138263702,-0.030847992748022,3.5291285514831543,-0.5278141269079696,0.1979357462500368,0.8097821466124302,-0.1627468053076842,2.8525071144104004,-1.5097849369049072,-2.81794810295105,-4.132510138851404,-3.737750358042121,-0.9909955622304232,-1.0575393438339231,-0.0117964399978518,0.4394254364877939,-0.0542095266282558,1.1992371845196932,-0.9341587725691496
1502,-0.458029,-0.129885,-12.93957,0.278929,-0.266838,-0.697928,0.603236,0.7462941678762436,-5.235787022328377,-0.0936117651551961,6.993861108723283,-5.776642788767815,-3.726488082532585,0.3340472877025604,0.414551317691803,3.97527813911438,-0.5182441070981614,0.2582560421381126,0.7894946674838385,-0.2035316553727444,3.0330190658569336,-1.5628374814987185,-2.824413299560547,-4.740867077633738,-2.610371883487701,-2.005439658457041,-1.200862169265747,-0.0343212373554706,0.5960968113418668,-0.4850327372550964,0.9462495347920804,-0.9718930215492844
1503,-0.437915,-0.129533,-12.965622,0.288247,-0.286408,-0.693424,0.59502,3.024154344674945,-3.824143862381577,-0.9832228093370796,6.095658469545841,-6.83933105674684,-3.4981235635384915,0.4412220418453216,0.5311713218688965,3.608231544494629,-0.5108386779084062,0.3157821314520554,0.760681482967116,-0.246351596022761,2.608237743377685,-2.0088083744049072,-2.6361799240112305,-5.389257336118817,-1.5983964423969388,-3.628423137360811,-1.2257139682769775,0.0093334605917334,-1.3404457634344695,-0.5946954488754272,0.4409530479138717,0.1333686516698915
1504,-0.399468,-0.134683,-13.013289,0.29679,-0.314447,-0.685744,0.585487,3.167531718996167,-0.9572790975242852,-0.9651204586744307,5.221152347776293,-7.650324783548712,-3.2221888995960355,0.4598341286182403,0.7217459678649902,3.026854991912842,-0.5057430168882652,0.3634167987881037,0.7295300859218631,-0.2827333562076374,1.7850210666656494,-2.0812911987304688,-2.5823450088500977,-3.535301786071062,-0.2584495683953166,-4.995795778426528,-1.1702799797058103,0.0722203776240348,-1.3046341530799863,-0.4805799424648285,0.5439744829818606,0.775035839844495
1505,-0.379533,-0.140595,-13.040125,0.296609,-0.326173,-0.682931,0.582444,3.3398575399041173,0.202218854868412,-1.5666802846625447,4.442495540955663,-8.211273489946127,-3.00160612051934,-0.1481727510690689,0.9088682532310486,2.528570890426636,-0.5024759439087481,0.4056489538868496,0.6989193411120685,-0.3073739615457835,1.1645647287368774,-1.8368173837661743,-2.551769495010376,-2.620148596614599,0.768546623955667,-5.685294876891375,-1.099318504333496,0.0561695471405983,-1.474983851609379,-0.2669252753257751,0.6812734872374683,1.0722344602856784
1506,-0.360027,-0.146921,-13.064858,0.295555,-0.33568,-0.68104,0.579785,3.2889296089604496,-0.0007020107895135,-1.2823308435961602,3.761395729784667,-8.536122699183226,-3.0260350438550114,-0.939396321773529,1.106174111366272,2.355116128921509,-0.4964986767529511,0.4503217786259917,0.6719338862639411,-0.314966958418413,0.759043276309967,-1.6347870826721191,-2.358261108398437,-2.650486451733112,1.2620447191536426,-6.713596306622028,-0.9865564107894896,0.0895381793379783,-1.578050404460728,-0.0424443855881691,0.731613243029639,1.237707565754652
1507,-0.312218,-0.156689,-13.119192,0.299847,-0.345343,-0.679445,0.573746,3.4747385962978004,-0.1143716445893049,-0.1001660091042518,3.066519906717539,-8.719633930972218,-3.276406811995804,-1.384759545326233,1.2631322145462036,2.572997093200684,-0.4853471106889779,0.5015246738040118,0.6446109328726585,-0.3120705034095063,0.1977621465921402,-1.4264953136444092,-2.087486505508423,-2.2956313958108425,2.1313450889736414,-7.415704711291194,-0.8549399971961975,0.1248871013522148,-1.0467808700773864,0.0959707200527191,0.895432297681272,0.9379123529490084
1508,-0.286653,-0.15582,-13.145581,0.305595,-0.343926,-0.680247,0.570606,4.344740100124478,0.0536819058269262,1.1752046400904654,2.302760809299349,-8.806134987339377,-3.649611763601005,-1.4841995239257812,1.325693964958191,2.8001012802124023,-0.4696002934727188,0.5573488146385454,0.6127321742689704,-0.3056094821995026,-0.7034134864807129,-1.112847924232483,-1.9597305059432983,-2.302429385387897,2.77192204335928,-7.649096118536591,-0.7666143178939819,0.0741944313049316,-0.0939775571271311,0.1008567959070205,1.2270688289709388,0.6312421398073434
1509,-0.259298,-0.153084,-13.172889,0.31384,-0.337193,-0.680765,0.56953,5.820368533247709,-0.1199427227199077,2.0522955176562068,1.4957130436442791,-8.815667954838275,-4.027062974473834,-1.1415565013885498,1.179973602294922,2.872821092605591,-0.4518419421605298,0.6113395358264246,0.5758359457417959,-0.3008584926117773,-1.3426456451416016,-0.3759253323078155,-1.4031639099121094,-2.727278599512577,4.502122034400701,-8.137930021315812,-0.7058905959129333,0.1334620416164398,0.6651790423311292,0.1247423216700553,1.2748979171164334,0.507012095157057
1510,-0.201176,-0.14254,-13.228115,0.336409,-0.319076,-0.681643,0.566023,8.101428967392444,0.0134492641597986,2.075673178373277,0.6882832929342985,-8.798970502537488,-4.274896164047718,-0.5053172707557678,0.7018042206764221,2.512540817260742,-0.4355556893979187,0.6550002223645441,0.5375255867112159,-0.3038619487736435,-1.374136209487915,0.4510621726512909,-0.649409294128418,-2.429455344367028,4.907332482075691,-7.409728559491038,-0.6675369143486023,0.0121659031137824,1.255264849755168,0.2114646881818771,1.6186759909681976,0.5355177298797295
1511,-0.171855,-0.137742,-13.254663,0.342723,-0.318597,-0.681496,0.562673,9.603630350142716,1.7699276057958602,1.9616873182311647,0.0620608809851109,-8.789127738437056,-4.3494542691648,-0.0176756959408521,0.502404510974884,1.503412127494812,-0.4253586580468951,0.6815171911710276,0.5072423253455817,-0.3119447214779162,-0.1737011522054672,1.4075325727462769,0.2556430399417877,-1.931744307649136,4.903049690189957,-5.479278967827558,-0.546486496925354,-0.0313969328999519,-0.0311379993701237,0.1945192068815231,1.113161294762045,0.1829212482728995
1512,-0.144,-0.135844,-13.279143,0.343387,-0.322764,-0.681326,0.560093,9.680119715583324,2.4341566539257764,1.428066763742268,-0.1341382569360546,-8.79704625647664,-4.331784172439575,0.0837920829653739,1.1348528861999512,0.436769038438797,-0.428089016581591,0.6954426069060865,0.4870514419917764,-0.3096452797631763,0.8925227522850037,2.2088632583618164,0.8291001319885254,-2.028039028277993,4.5712312264621255,-3.807622351169586,-0.5446733236312866,-0.3983624279499054,1.675235936449468,0.1589926481246948,1.6599460128590464,0.011906361549755
1513,-0.090687,-0.13257,-13.325186,0.341372,-0.343411,-0.680026,0.550544,8.572992001897097,3.1856267631351947,0.6928449017614126,0.0899775642381515,-8.834298421028256,-4.25646560434401,0.4617327153682709,1.55343496799469,-0.2709513902664184,-0.4442079562621189,0.702306266000661,0.473059458474418,-0.2926774346584854,1.0339667797088623,1.9143239259719849,1.4988975524902344,-3.309320362821221,5.151917483508586,-3.337971287766099,-0.4613490104675293,0.05441465228796,-0.4145564777670428,0.1086806207895279,0.0114261174518731,0.2875857195738703
1514,-0.065284,-0.130354,-13.345238,0.340201,-0.351324,-0.678155,0.548581,8.617107037955522,2.6388094579428434,-1.6969684603080153,0.557323866963759,-8.927478809028864,-4.019935899072885,0.620427668094635,1.1875263452529907,-1.0694046020507812,-0.4700499163374992,0.6989557569383027,0.4652102067911902,-0.272200933403993,0.007657176349312,2.505380630493164,2.2032060623168945,-2.2240753951191903,4.463960938310623,-2.275641039444506,-0.5633519291877747,0.3529693484306335,0.4675618360392749,0.450802743434906,-0.3008131576765328,0.6476750959530473
1515,-0.040319,-0.126426,-13.366434,0.340707,-0.355607,-0.673148,0.551665,8.99772197355628,0.27529344342947,-2.891241665744781,1.307520522171259,-8.922700927102566,-3.853074188789725,0.1144005805253982,0.8207734823226929,-2.319130182266236,-0.492873204273222,0.6846009567209747,0.4772563723207822,-0.2462191756049652,-0.6990416646003723,2.4645535945892334,2.7601242065429688,-6.770041247421503,2.869989034357667,-1.1912401213511823,-0.6477993130683899,0.4662285447120666,0.3330111075785011,0.4737359285354614,-0.3640595586517826,0.218959981914144
1516,0.014136,-0.124261,-13.402275,0.349434,-0.366819,-0.660267,0.554426,7.04015524238646,-1.2118348733514546,-2.529102882555127,2.4304082611776887,-8.718414033788441,-3.775278416925668,0.1142452955245971,0.6201232075691223,-3.3328516483306885,-0.5141377546126114,0.6594607909978408,0.5075402399934555,-0.2077898592751597,-0.7875046730041504,1.882668256759644,3.0207018852233887,-5.711252909490466,0.4601335857346653,1.0997966401457786,-0.6202881932258606,0.3369777798652649,0.5654344004441052,0.2281365543603897,0.0187822375269664,-0.184509083719924
1517,0.044548,-0.126622,-13.417961,0.356683,-0.377933,-0.655834,0.547563,4.893254272362589,-2.5417466755509377,-2.568595811770856,3.7557986404299735,-8.283784599405527,-3.6665038616910577,0.3323767781257629,-0.0434975884854793,-4.185863018035889,-0.5340178716069031,0.6183102143038599,0.5519349108509868,-0.1669884640302769,0.3488869369029999,1.7365388870239258,2.8243749141693115,-3.065404054430127,-0.9847601019069552,3.083522479444742,-0.571614146232605,-0.0016138671198859,0.1605247075476683,-0.1227776706218719,0.3502309763181954,-0.1916849484323523
1518,0.076192,-0.130494,-13.432325,0.36378,-0.389926,-0.653186,0.537559,2.134277635294199,-3.6899019806742666,-2.05017457997948,5.113569924935698,-7.56748575682044,-3.5714120871111747,0.600803792476654,-0.4199919998645782,-4.530688762664795,-0.549190171465866,0.5618311573517549,0.6053404710336995,-0.127667390856683,0.8501399159431458,1.5090330839157104,2.512718915939331,-1.0738824466884136,-1.8146733409732576,3.3813036490142343,-0.5315749049186707,-0.1825848817825317,-0.6585189268548041,-0.3194855749607086,0.1864508471711538,0.1671874899051152
1519,0.138577,-0.141097,-13.467383,0.378338,-0.405684,-0.643629,0.527279,0.0561918428212404,-4.796714052540064,-2.2516204046487807,6.330939636060595,-6.636646337932348,-3.4705215631246564,0.8819984197616577,-0.5630603432655334,-4.478816032409668,-0.5608520488476139,0.4953456594932119,0.6569475096783025,-0.0921826588978156,0.2213228642940521,1.2373839616775513,2.222119808197021,-1.0401964501857757,-1.960241357206553,2.5963638164013623,-0.5349633693695068,-0.3032820522785187,-0.7753635374289005,-0.2808094024658203,0.21085750387609,0.602447422477603
1520,0.170098,-0.146546,-13.486099,0.386688,-0.408707,-0.638665,0.524918,-2.0617764627069235,-5.471487875559926,-2.4530232669591903,7.302085346373915,-5.578351336476207,-3.4251904292747377,0.8201612234115601,-0.7449256777763367,-4.097375869750977,-0.5670986409389047,0.4255357627258557,0.7025349948536799,-0.0613435975702931,-0.4061287939548492,0.6749610304832458,1.975266456604004,-1.606518081793189,-3.406929380919039,2.9547148977458475,-0.4930058717727661,-0.3535555899143219,-1.1244270043376832,-0.1336888819932937,0.1736831720673479,0.9312004342202096
1521,0.203603,-0.149958,-13.504262,0.394513,-0.411317,-0.635761,0.520563,-3.855189573508501,-4.971495449906588,-1.3799533056974411,7.951518976432085,-4.510590879799425,-3.549408052834868,0.3058215081691742,-0.6843456029891968,-3.474557876586914,-0.5638430008505649,0.3640829768754077,0.7405491445670103,-0.0333407984282584,0.0216528866440057,0.3351244926452636,1.6876040697097778,-0.4627648110210895,-5.241647438794375,3.4823265672087667,-0.4198004007339477,-0.479544073343277,-1.3674825311809775,-0.037843931466341,0.2557125446468591,0.784231757408753
1522,0.272548,-0.149215,-13.549718,0.417956,-0.413859,-0.617878,0.521786,-6.282986044752597,-4.439914000029861,-0.2084250160321593,8.42055862993896,-3.476962409827113,-3.6297795204058287,-0.1188137456774711,0.0425413325428962,-2.853675842285156,-0.5611881013159467,0.3148162812831011,0.7654789120368772,-0.0007898242772886,0.867304801940918,0.2203673869371414,1.283955216407776,1.2077958270937204,-6.0871934235394,3.915003698480129,-0.4065242707729339,-0.4715275168418884,-1.0754252191510052,-0.0689684823155403,0.0773366116533987,0.4899800406070426
1523,0.307776,-0.145954,-13.568405,0.427958,-0.413016,-0.610288,0.523277,-8.231680902680754,-5.471009152132273,-0.2273477431669831,8.704088571316003,-2.688280468076467,-3.630758886831999,-0.3476530015468597,0.0253535192459821,-1.4019466638565063,-0.5604273232294191,0.2839121911642345,0.7775030908584107,0.0283574372136841,1.7609736919403076,0.4468633830547333,0.8576563000679016,1.2373375633984804,-6.639369040894508,4.153749326235055,-0.4476061463356018,-0.3946267068386078,0.0662765715845394,-0.0376377776265144,0.1216903792379889,0.5773665745718405
1524,0.343153,-0.142411,-13.586119,0.435534,-0.416734,-0.607643,0.517121,-6.8661126806885,-6.076098029029369,-0.3635539106845855,8.761423154431581,-2.373039775792509,-3.711676882369816,-0.7816200256347656,-0.1937813311815261,-0.1171720847487449,-0.5557536744056201,0.2789557320388929,0.7819376945222266,0.043532005080354,1.8961416482925413,0.0479686707258224,0.3874841630458832,-1.0228320584088564,-6.480733891686797,3.715205933278799,-0.4388698637485504,-0.2336974740028381,0.6001590923447162,0.0234713274985551,0.058543018190423,0.7406627378605306
1525,0.41021,-0.138048,-13.614141,0.443365,-0.44343,-0.596567,0.500904,-4.088915327274799,-6.040184419605136,1.2256582315206528,8.364510579502582,-3.506545354925096,-3.72954425523281,-0.5863829255104065,0.3652081787586212,2.4998483657836914,-0.5540876063434963,0.3929751583145142,0.7319319347341918,0.0532270971795143,1.5644817352294922,-1.390325903892517,-2.005727529525757,-3.3546582186728715,-4.162691342103481,0.7188929507315158,-0.551497220993042,-0.2560581564903259,1.9102641511164604,-0.0541061051189899,1.7780853394187983,0.6040088265754282
1526,0.442011,-0.136827,-13.622103,-0.453724,0.457419,0.588728,-0.488162,-1.6562901207000016,-5.927848664757609,-0.3793582135379314,7.944211868289113,-4.421088011267781,-3.676120415820181,0.2243121117353439,0.0249237865209579,3.113243579864502,-0.5585284526716956,0.4349497657613621,0.7058673300551866,0.0248192062067509,1.6660501956939695,-1.6364775896072388,-2.44974684715271,-4.346286160522699,-2.645220494028926,-0.3878981148788705,-0.5299062728881836,-0.4934471845626831,0.4630535283019766,-0.0763792842626571,1.292977179164439,0.0813035242566838
1527,0.474503,-0.133821,-13.625675,-0.468377,0.470922,0.581489,-0.469815,0.5700462050884961,-4.591002094858885,-1.4764625458598135,7.314059861806035,-5.413767507997155,-3.655957333235442,0.1835531890392303,-0.1229849308729171,3.103789567947388,-0.5598149184559752,0.4757043865993321,0.6783120817770442,-0.0143281046967744,1.4313939809799194,-1.7089245319366455,-2.506282329559326,-3.350773486194014,-1.5695630004920065,-1.4373194529950617,-0.4795605540275574,-0.3094630241394043,0.6213872468777001,-0.3283848166465759,1.0508828255034983,-0.1222162754087708
1528,0.538993,-0.126873,-13.636587,-0.490719,0.493388,0.564594,-0.443842,1.707209576076269,-3.358153659573197,-1.5660226975366471,6.61937371609211,-6.2379550628930325,-3.6663548086091873,-0.2021815925836563,0.0926574766635894,2.770965576171875,-0.5574682879012264,0.5146692962927736,0.6496518917211832,-0.0479262715182639,1.5608315467834473,-1.7760517597198486,-2.187082529067993,-3.436879990285634,-1.2695210463836788,-2.118729060767591,-0.441554456949234,-0.1742454022169113,-0.8783778486363589,-0.4947717487812042,0.4408071001045405,-0.1541058900139294
1529,0.570736,-0.128784,-13.646512,-0.495493,0.498296,0.55684,-0.442851,1.052356843578815,-1.3021259696513414,-0.3273816503241658,5.994976327612996,-6.840404238936305,-3.6659967889517535,-0.4567892849445343,0.7440974712371826,2.526256799697876,-0.5553890252798235,0.5522528825516767,0.6180053122884561,-0.0680388514680288,1.6589919328689575,-1.8181694746017456,-1.827209949493408,-1.803790712431073,-0.5912172956719994,-3.2453260295555,-0.4049671590328216,0.0740363150835037,-1.7035753112271428,-0.6281077265739441,0.2218124852684326,0.1872464545282535
1530,0.603955,-0.131655,-13.657513,-0.492935,0.502277,0.553835,-0.444972,0.6699146925508975,-0.2273188093334436,-0.3538599074050784,5.412403818428516,-7.351974874180555,-3.581159574143588,-0.6741783022880554,1.2044583559036257,2.648318290710449,-0.5578845481998245,0.5905067554442738,0.5778322359104634,-0.0785899229148331,1.344533085823059,-1.6221380233764648,-1.7012701034545898,-0.9613497079640626,0.636241263268888,-4.629323642207682,-0.419339120388031,0.1806008219718933,-1.861130556243658,-0.4790810644626617,0.107526893261075,0.7440972423538565
1531,0.676754,-0.141468,-13.677873,-0.478055,0.516407,0.55567,-0.44274,1.4954484013587237,-0.2053033768802881,-0.4265478347361087,4.769279225386679,-7.756464606365561,-3.641649406419694,-1.2022418975830078,0.924199104309082,2.6308236122131348,-0.5542895037021105,0.6322341404090456,0.5347452037197968,-0.0842062735141567,0.9116328358650208,-1.553916096687317,-1.61549973487854,-1.0775561667650937,0.9629057052344084,-5.252133761495352,-0.4332529902458191,0.2298285365104675,-1.5353908279076218,-0.2617746591567993,0.3601617109630257,0.8961820200700312
1532,0.714716,-0.147243,-13.684116,-0.476968,0.516273,0.557265,-0.442063,2.494337274122238,-0.7476794847548007,0.795807263585925,4.061436660979688,-8.028417507195472,-3.901236746673286,-1.0772360563278198,0.5810827016830444,2.5994277000427246,-0.5412048839294301,0.6735297706438373,0.49524273188133,-0.0904965851303096,0.3251683115959167,-1.4318809509277344,-1.5052919387817385,-1.3327806356340646,1.4179226786077022,-5.855594160407781,-0.4268235266208648,0.0672445222735405,-1.132845142462477,-0.0567638576030731,0.7706109360743314,0.8851436164442449
1533,0.753189,-0.150589,-13.688791,-0.481189,0.511651,0.556977,-0.443224,3.050789545883238,-0.1315022276103496,1.4472086865857243,3.2559859552577137,-8.312547168031335,-4.058385164454579,-0.3982529938220978,0.5656669735908508,2.91949200630188,-0.5310578942577041,0.7083986746515386,0.4528701461426418,-0.1051543150145422,-0.5025038123130798,-1.37018883228302,-1.5281544923782349,-1.1224924560785292,2.342994327749312,-6.7091732294827695,-0.3550158441066742,0.0434150174260139,-1.71756818074435,-0.0406062416732311,0.5866573308127001,0.4976451684074476
1534,0.834324,-0.150183,-13.698157,-0.492501,0.498646,0.552506,-0.451145,4.693260107806324,0.669656333875656,0.5151794733911752,2.3151669941470026,-8.613767664399743,-4.075956476980448,-0.2564876079559326,0.6226810216903687,3.184521436691284,-0.5254898752346084,0.738687304201628,0.4026872412401268,-0.1266671349181599,-0.863525390625,-0.6291521787643433,-1.419968843460083,-0.5193249026328325,3.056068070808053,-6.706537620282173,-0.2678841948509216,-0.0171663016080856,0.3263088699935004,-0.1018960252404213,1.1263402175478636,0.3561021333739161
1535,0.878158,-0.144431,-13.706161,-0.500627,0.491883,0.549522,-0.453266,7.288664139264822,-0.2207709951251745,-0.3053413756906986,1.314151484618336,-8.762273633781074,-4.20308998798728,-0.752508819103241,0.6140656471252441,3.118149757385254,-0.5139697301014348,0.769275819653687,0.3500180822900726,-0.1467557080719323,-0.7352737188339233,0.0092951003462076,-0.8389285206794739,-2.1832237447708844,3.281756064069271,-6.905252850943803,-0.1622668206691742,-0.042601890861988,1.030869672783464,0.0288930516690015,1.374200587389618,0.7932586020164192
1536,0.920093,-0.136917,-13.711272,-0.508606,0.48771,0.545052,-0.454286,8.982289426624774,0.1778437075465917,0.9068626232340932,0.3960979340778663,-8.700602482765913,-4.50699285530746,-1.0691111087799072,0.9585033059120178,2.842027187347412,-0.4947953682077545,0.8004122300238051,0.2985514188094633,-0.1593260074746356,-0.564271867275238,0.6280931234359741,-0.0862182155251503,-1.797036561995745,4.215380729761719,-6.20942571850121,-0.0270036663860082,-0.0578364320099353,0.6760511494792998,0.1043590232729911,0.8968903875350952,0.3910024010371417
1537,0.996633,-0.128071,-13.724126,-0.507204,0.489322,0.543811,-0.455608,11.131441974967718,1.495401639607549,2.8261843794226644,-0.0760657240679021,-8.286704870766401,-5.243580452683568,-0.8382721543312073,2.7451744079589844,0.2440086454153061,-0.4668298318320495,0.8498028540319904,0.2125636444441692,-0.121333227499848,0.0462921857833862,1.8277071714401243,1.4290722608566284,-4.14454661360383,4.006506508657336,-3.9810166780918834,0.1722268462181091,0.1380363702774047,0.6803923204887657,-0.1182141974568367,-0.3146478044247254,0.1924969041360542
1538,1.031431,-0.127326,-13.732091,-0.500708,0.492184,0.545663,-0.45749,8.982103548663854,1.825982670494914,2.393048398467898,0.6367513316828757,-8.177950481536984,-5.374578237903118,-0.1059568524360656,2.6219141483306885,-0.939725399017334,-0.4704402228710553,0.8582381242254687,0.1935317759218839,-0.0682559371088136,-0.0019136918708682,2.079831838607788,1.8367739915847776,-2.961109567219019,3.081774758994579,-2.6907915741145607,0.1237962022423744,0.3230752646923065,-0.6677599256698041,0.1021904274821281,-1.080132300863415,0.6337670551750808
1539,1.065755,-0.125842,-13.739074,-0.490281,0.495298,0.550795,-0.459271,7.192754618561268,1.1193202557832005,1.0610305638998747,1.5387493445552884,-8.176829368552566,-5.190580099380016,0.6850916743278503,1.3464893102645874,-1.905654072761536,-0.484684840191215,0.8516118210083491,0.198502465103117,-0.0208507573069665,-0.5147905945777893,2.262665271759033,2.026411771774292,-2.932991726237536,3.004923282243311,-1.9435592486053703,0.0188253540545701,0.2667160034179687,0.9017259179327636,0.1104309782385826,-0.4653643990602344,0.0924258159067947
1540,1.132577,-0.118614,-13.756233,-0.478489,0.49693,0.553671,-0.466431,7.097014609205722,-1.1999246553272007,-0.3572738075017929,2.446273646568507,-8.155268694129585,-4.865976973858476,0.9582082033157348,-0.1411514729261398,-3.0062358379364014,-0.501822600438912,0.8327104746365777,0.2338568801693376,0.0088513089508187,-0.3451855480670929,2.2556188106536865,2.2818760871887207,-4.489343801370263,0.8591723590373992,-0.1425702957220375,0.0043507227674126,0.0934646725654602,0.9091106944218278,-0.1270288378000259,-0.2947710645006969,-0.5734271527636796
1541,1.164131,-0.116261,-13.759912,-0.482236,0.493019,0.549772,-0.471308,5.785350995880365,-2.7789883284837007,0.2281280798897147,3.487391157121956,-7.923391198578477,-4.607421899262071,1.1426496505737305,-0.7137385606765747,-4.009634494781494,-0.5139399377279649,0.80392312828446,0.2976923560811413,0.0308629848174395,-0.2747319042682647,1.8646525144577024,2.284716844558716,-4.271550360751152,-0.0525866579361259,0.7377899589031934,0.046476736664772,-0.0889510810375213,-0.221018960270565,-0.4834076464176178,-0.3557155452091247,-0.6230627058092504
1542,1.197161,-0.116864,-13.765952,-0.487456,0.49111,0.546089,-0.472213,3.077487583194673,-3.200264944818616,0.3932210269346833,4.686159920412302,-7.481015680113434,-4.271378511315584,1.6289247274398804,-0.4651846587657928,-4.381870746612549,-0.5282641315076612,0.761528312656428,0.3712873954398735,0.0561894363166389,-0.4888250231742859,1.6704849004745483,2.1082022190093994,-1.8939859471410512,-0.7631658077001571,2.0439058749735355,0.1094859763979911,-0.2286602407693863,-0.9528912378288804,-0.6446149945259094,-0.328646007704176,0.0407689450674923
1543,1.270736,-0.127822,-13.773787,-0.489504,0.497366,0.549432,-0.459496,1.0138917961061,-3.758121530419588,-0.7425999895334243,5.892183477136492,-6.819611041754484,-3.865938931059837,1.7407749891281128,-0.339331179857254,-4.486965656280518,-0.5439133033319844,0.7076630215207349,0.4430813449718723,0.0839663829663931,-0.5347893238067627,1.481253981590271,1.909346580505371,-0.6071446403831243,-1.8747198133960363,3.2350644555211066,0.1596278101205825,-0.2279436439275741,-1.8042459088526663,-0.56065833568573,-0.5537433415958658,0.6304051775265485
1544,1.308294,-0.134114,-13.781371,-0.490979,0.500752,0.548211,-0.455689,-1.2852601750463246,-4.674667051017284,-1.8970877125486727,6.986302656167745,-5.918776300507783,-3.51141413000524,1.4811639785766602,-0.2844629883766174,-4.330543041229248,-0.5551049053709153,0.6475946384066593,0.509562041380694,0.1132528239085264,-0.315739244222641,1.3014706373214722,1.764235019683838,-0.082914430052042,-2.9500270321905613,3.6023978847444056,0.174865111708641,-0.2108356356620788,-1.701239123364538,-0.3713017106056213,-0.5346905948732048,0.8744453314930201
1545,1.34554,-0.141036,-13.788897,-0.496262,0.499145,0.543655,-0.457185,-4.134990265229344,-4.517290377438068,-1.7389853550434111,7.796174100941419,-4.873965926785767,-3.4109421236917377,0.5569620132446289,-0.5807241201400757,-3.617498159408569,-0.5532559621006499,0.5939994781459171,0.5666341589698426,0.141415149520328,-0.1932277232408523,0.98499196767807,1.582383155822754,0.0229278711229562,-3.752608319956064,4.513515535074472,0.1666476279497146,-0.1674032062292099,-2.119656258615106,-0.1812475323677063,-0.8774808267313986,0.8034685919940471
1546,1.423674,-0.150018,-13.805825,-0.508498,0.490088,0.536179,-0.462337,-4.94806664352417,-4.098959166905284,-0.258959856005013,8.275858482581377,-3.897973945485055,-3.5336052112862464,0.089977853000164,-0.3576926589012146,-2.7331807613372803,-0.5403875294528382,0.5558250786599408,0.6092800776040634,0.1667863050640764,-0.9503745436668396,0.4039051532745361,1.2285324335098269,0.7921633541256189,-3.8256051671057936,4.775541500651836,0.1417488008737564,0.0256967023015022,-1.4822516506552694,-0.1628455966711044,-0.9563471504364162,0.393638192900829
1547,1.465453,-0.147325,-13.816066,-0.512936,0.488545,0.530435,-0.465681,-5.405730916535854,-4.660907697995007,-0.1842538668498397,8.574007316419483,-3.087028149478137,-3.6231253232136367,-0.2898128628730774,-0.1965016722679138,-2.037653684616089,-0.528219347309307,0.5277269623111845,0.637363502064291,0.1904109042158538,-0.6765549778938293,0.3157678544521332,0.9456414580345154,1.3033067038685082,-5.523946961593627,5.717540611457824,0.0630598813295364,0.164139837026596,0.1165036973150912,-0.1146688610315322,-0.6726864222865552,0.3148980893913656
1548,1.506803,-0.141076,-13.825777,-0.516497,0.486704,0.525403,-0.469363,-5.71350156520009,-7.140280919480324,0.0428892936557531,8.726153688129783,-2.450890784975141,-3.744025492788851,-0.6590571999549866,-0.1116858795285224,-1.1469351053237915,-0.5139463049481959,0.5129862817739129,0.65401624107729,0.2120539817360417,0.2899732887744903,0.220090851187706,0.7136271595954895,-1.2672872959822417,-6.748978585648536,6.009578268939256,-0.0147888101637363,0.1508909910917282,1.8264777605354785,-0.0502961985766887,-0.1998516508130356,0.3337922114862129
1549,1.582777,-0.130445,-13.846208,0.524466,-0.482328,-0.521187,0.469743,-6.579649608469009,-7.264585344541072,0.7066969015032053,8.784560868912935,-2.1398389226831496,-3.797761174629629,-0.7333021759986877,0.130177691578865,-0.0255954656749963,-0.5046340940910076,0.5121544709605506,0.6567569773767229,0.2274040354001071,-0.0858147218823432,-0.68174147605896,-0.0572242513298988,-3.5677573639959097,-6.0246016505479805,4.338785575634241,0.0327393822371959,0.4156406223773956,2.006153944206237,-0.0325516313314437,-0.3759018625389784,-0.0173083324744366
1550,1.617698,-0.13008,-13.853312,0.524233,-0.485865,-0.519602,0.468112,-6.2583005163073535,-7.822993134284019,0.8959495995536446,8.759941391441226,-2.2242744248226285,-3.8061011329516767,-0.7726315259933472,0.201025515794754,1.1722155809402466,-0.5015728215131438,0.5263147882566288,0.6457940089831671,0.2331684077626367,-0.3813613951206207,-1.1173334121704102,-1.1895723342895508,-3.772835699948668,-5.950416470396519,4.591765480446815,-0.1055952236056327,0.1128869652748107,2.8004876281082627,-0.0670743808150291,0.1834468430495821,-0.2530705422380939
1551,1.653643,-0.130342,-13.860176,0.520816,-0.495481,-0.520795,0.46046,-6.417309759524464,-6.667050244024396,1.9784780017733568,8.611296305850148,-2.7499431435242294,-3.801812495847046,-0.5991818904876709,0.2119475752115249,2.5142946243286133,-0.5047203751087437,0.5563225252071662,0.6199546246789658,0.2267573012361176,-0.2713369131088257,-1.6804404258728027,-2.201185941696167,-2.6994027505934235,-4.95951742734313,3.152828070861101,-0.1057711541652679,0.0388605445623397,0.2296341370711103,-0.0191743727773427,0.3549493466095998,0.3188299489475786
1552,1.724482,-0.123041,-13.866196,0.522411,-0.511478,-0.519503,0.442261,-3.481877654397488,-5.181591906282305,2.2413819192290303,8.25561648954153,-3.744890000663698,-3.740451725955307,0.7805463671684265,0.0717013999819755,3.187897205352783,-0.5195839642072934,0.5906279478949994,0.5846952994607005,0.1982991186877135,0.1278536319732666,-1.5580224990844729,-2.7727479934692383,-1.6321365071743723,-4.136203148150444,1.89003516368866,-0.1918090134859085,-0.0498010702431201,0.3768682598857208,0.1384706795215606,0.6298705591931939,0.2487497198969125
1553,1.756271,-0.118193,-13.870281,0.53068,-0.509241,-0.510744,0.445189,-0.3712847971975803,-4.669890045873821,-1.3822320642843842,7.741237226617335,-4.864420099805296,-3.5469808256879447,1.4020556211471558,-0.3934566080570221,2.536959886550904,-0.544148987224274,0.6106425763280898,0.5549426386894578,0.1518429726342047,0.901006519794464,-1.483710765838623,-3.103865623474121,-3.96183266967237,-2.974655862012505,0.8208090183734893,-0.2509981393814087,-0.0284672882407903,-0.4235669557617977,0.1322002857923507,0.1949171718192286,-0.4550344359647482
1554,1.789252,-0.115759,-13.879486,0.536542,-0.503967,-0.5032,0.452691,-0.6651210285335779,-4.568656992059946,-2.6158058912351727,7.132159572345018,-5.684512202081084,-3.604030746643245,0.576690137386322,-1.2453986406326294,2.2402145862579346,-0.5524857908630079,0.6269630119928334,0.5391398841003787,0.1049054329854509,1.1463476419448853,-1.829512357711792,-3.0361549854278564,-4.633631276273727,-1.454255097965896,-1.195485796096921,-0.2302627712488174,0.0705881044268608,0.3729836735373362,-0.2728278040885925,0.3973876816274598,-0.9017643502470104
1555,1.864644,-0.122647,-13.895375,0.526002,-0.510026,-0.506022,0.455124,-0.2041448544949293,-3.7791064507812258,-0.7416466343313455,6.362032108938694,-6.414656614667177,-3.814070212134719,0.3349150717258453,-0.8151064515113831,2.779345750808716,-0.54960215864484,0.6508873010714802,0.5203933014561332,0.0589412024531743,1.3479305505752563,-1.7526676654815674,-2.7331631183624268,-4.092050118169189,-0.4422878401815891,-1.9933635823465885,-0.1890394836664199,0.2158373594284057,-0.8703673414643853,-0.529141366481781,-0.1992672567875124,-0.5058844428339972
1556,1.906645,-0.130964,-13.90157,-0.513922,0.518809,0.513948,-0.450088,1.168791850438714,-1.9075252276718613,0.0684749858111143,5.500706371259689,-7.190142390236258,-3.770211196663976,0.6877321004867554,0.0866320729255676,3.1021173000335693,-0.5545163718165298,0.6758649197075586,0.4852152919461923,0.016864546322013,1.4427478313446045,-1.7230231761932373,-2.4824838638305664,-3.2996126232773064,0.5400260376170277,-3.1901492089957,-0.1883223056793213,0.1765722632408142,-1.0021441482324152,-0.5052441358566284,0.0543405112995533,0.3796670237587765
1557,1.947842,-0.140178,-13.905152,-0.507356,0.521967,0.518551,-0.448604,2.631640296965837,0.2895259669214486,-1.015117246247828,4.633266242353618,-7.921793115732073,-3.456653781291842,0.9462712407112122,0.2902267575263977,2.7914249897003174,-0.5686103757156722,0.6940156376495092,0.4411151604381762,-0.0210252118150335,1.1268795728683472,-1.5762314796447754,-2.4063799381256104,-2.3246190053641795,2.0213988596111534,-4.440853326706588,-0.1922138780355453,0.0630655512213707,-1.5013300067432225,-0.2025246918201446,0.1167450774560682,1.1383277385920283
1558,2.028736,-0.143504,-13.914391,-0.510193,0.511958,0.519747,-0.455483,3.1403318696424365,1.0801116964668034,-1.828970454134047,3.8236531562551854,-8.46233440939486,-3.152615304893255,0.7582316398620605,-0.1070874705910682,2.2832581996917725,-0.5797894264199376,0.7053290183414841,0.4040416058830014,-0.0557285911676742,0.6747912764549255,-1.4117088317871094,-2.29571533203125,-1.653974829494953,2.949303394091129,-5.072290989086032,-0.1725398004055023,0.0314154922962188,-1.6832880177408456,0.1112297177314758,0.1664968407598324,1.25484136364609
1559,2.070795,-0.139883,-13.916776,0.516125,-0.502614,-0.515857,0.463558,3.613303017379344,1.0091828877627849,-1.7268281765207647,3.051705199423432,-8.833882241442799,-2.9698472926869988,0.540398895740509,-0.3640838265419006,2.069665908813477,-0.583612945380459,0.7142270270986903,0.375898692468098,-0.0893072920205308,0.2166881561279297,-1.257504105567932,-2.21627140045166,-0.8134025415092706,3.890392988836765,-5.427343613407015,-0.1723683029413223,-0.0099765481427311,-2.0829797019943594,0.2900005280971527,0.2671166763124987,0.989135467446968
1560,2.114296,-0.133624,-13.92103,0.524227,-0.492354,-0.515098,0.466314,4.522705388224125,1.6531740345060824,-1.5319807272031902,2.2816161683313547,-9.113208301389216,-2.813196595294773,0.5237271189689636,-0.2140289396047592,2.02632999420166,-0.5846821672917951,0.7223281057442962,0.3488197530499515,-0.1213003300200771,-0.358440101146698,-0.7479802966117859,-1.8776450157165527,-0.0638455724447965,4.8078158767908805,-6.081995854896307,-0.0963612720370292,0.1538401544094085,-0.8080373612143099,0.2783306539058685,0.5868028036979958,0.3452353965206071
1561,2.19749,-0.125554,-13.925591,0.527352,-0.487131,-0.520508,0.462251,6.505411236825585,0.6456120259433984,-2.5967756120726464,1.5621506784088908,-9.307084859848022,-2.66612854976207,0.3578065931797027,-0.3205543160438537,1.7094738483428955,-0.5845014926057992,0.7290899123611262,0.3230520523250103,-0.1497440643725404,-0.4729512333869934,0.1273716241121292,-1.038477063179016,-1.3887790017098187,5.234914331147074,-6.245117209607362,-0.0683705508708953,0.0635039433836937,1.2307486865274608,0.2591587007045746,0.969527169200778,0.1557091970247216
1562,2.237672,-0.125111,-13.93279,-0.520527,0.488796,0.526609,-0.461316,7.773409895947575,0.1318067635148763,-2.6573472774133085,0.9386412517454474,-9.41921427846849,-2.56276082200706,0.3329505920410156,-0.3509517014026642,1.4486751556396484,-0.5818342335084747,0.7338155286869755,0.3036102877126879,-0.1755120597834888,-0.51152104139328,0.2418172359466552,0.2116952389478683,-4.297728758102656,4.758258357417583,-6.104607499676942,0.0199478920549154,-0.0923679694533348,1.690183914734423,0.3065667152404785,1.2453767852082849,0.2138472054776735
1563,2.274266,-0.123925,-13.939505,-0.51182,0.491206,0.533816,-0.460214,8.464148765340447,2.332669625350833,-2.16211110637635,0.4439273144843056,-9.484747365608811,-2.4521143354207275,0.1991439759731292,0.1931524127721786,1.0686769485473633,-0.5808805080154381,0.7374329205256874,0.2849837152541877,-0.1937904946610678,-0.6146389245986938,0.674458920955658,1.102000117301941,-2.3396681059360502,4.954298815912008,-4.828568741962314,0.3032094538211822,0.1417286396026611,3.464746486854553,0.1326233744621276,0.9351366046253592,-0.7142751547377556
1564,2.34394,-0.112453,-13.955305,-0.495006,0.490149,0.541144,-0.471049,10.14702995584607,2.0070494317412377,-2.7011145229473708,0.2481452877303585,-9.489529339188335,-2.4612337536826727,-0.2146809697151184,0.6995384693145752,0.0719875171780586,-0.5802951753746243,0.743116599275041,0.2706764078087822,-0.1943440969816707,-0.1787475794553756,1.4723384380340576,1.8147214651107788,-3.9020308196604248,3.8808044917583455,-3.1655297315239905,0.2506631910800934,-0.0627239048480987,-0.354203240950033,0.2846581935882568,-0.5500407242182642,0.1146537038005422
1565,2.377258,-0.107202,-13.960788,-0.494216,0.48565,0.538593,-0.479387,8.432091246822475,3.478360001665353,-2.348984215813875,0.471346067285724,-9.46999870928824,-2.50346370664686,-0.0874352902173996,0.9540896415710448,-0.7278569936752319,-0.5842539349120184,0.7462341827313557,0.2660369735414885,-0.1760857245800409,-0.5725042223930359,1.1660196781158447,2.3307108879089355,-3.767451084300876,3.961649129799008,-3.3490777881920337,0.1925830245018005,-0.223327949643135,0.2036027835074812,0.6137818098068237,-0.6642142158869654,1.0061884551871567
1566,2.410735,-0.105637,-13.962544,-0.498287,0.484357,0.534407,-0.481164,8.412877427786588,2.5366940683364865,-3.144946669961512,0.985711045956239,-9.40984965327382,-2.579440154129266,-0.4593367576599121,0.2276909947395324,-1.755415678024292,-0.5878239577965987,0.7446873060460051,0.2774088505129297,-0.1514867929953717,-1.5973639488220217,1.7551369667053225,2.807415246963501,-4.075190753304958,3.2852783929765224,-2.5562930872976777,0.1641809791326522,-0.0331149064004421,1.2515959519840776,0.738168478012085,-0.7440664088241755,0.1202186535844579
1567,2.488768,-0.112661,-13.967957,-0.509348,0.492316,0.532702,-0.463054,8.071189311951398,-0.6166957280606031,-2.939585425414145,1.8423022293940183,-9.1995322476238,-2.853933387091756,-0.9931766986846924,-0.3492112755775451,-2.8529164791107178,-0.5828947638024421,0.7391083586309217,0.3150062599494353,-0.1213411065465264,-2.136439800262451,1.2749403715133667,3.3579347133636475,-6.758740685728192,1.079937216682732,-0.3845926070600748,0.1841024309396743,0.0641253590583801,0.842425953028351,0.4344200193881988,-0.7463462633896618,-0.503635787124373
1568,2.526936,-0.119778,-13.970134,-0.513365,0.497193,0.532874,-0.453102,6.5858572309374805,-3.509329140424728,-1.48347242462188,2.937828060352802,-8.738210621148347,-3.344136824658513,-1.5170977115631104,-0.2542001008987427,-3.445775032043457,-0.5681854349119373,0.7311607255054187,0.3686563626718306,-0.081620395499006,-1.2716585397720337,1.2077068090438845,3.609716892242432,-4.5189889980494975,-1.1882543835386634,1.7622388048589228,0.1642717123031616,-0.01765095628798,0.0522054446327732,0.0428495965898036,-0.6128450439818203,-0.552576526306197
1569,2.572333,-0.128973,-13.979321,-0.51652,0.500706,0.530166,-0.448804,4.352889504310489,-4.292846831279993,0.5602659848302602,4.167025571915507,-7.998385357025265,-3.8512458043187854,-1.5085679292678833,0.5991714000701904,-3.744758129119873,-0.5503802423314912,0.7203773995247548,0.421206941797541,-0.0268814718010397,-0.7930488586425781,0.812945544719696,3.224048137664795,-2.392633387926221,-1.6484316622845827,2.026494136923552,0.1390438377857208,-0.1469994783401489,-0.8896240497939288,-0.2442678660154342,-0.4225377953771501,-0.1462209454503841
1570,2.653791,-0.141503,-13.994571,-0.522281,0.501023,0.52531,-0.447491,-0.291041632181406,-4.499533771473169,0.6343979734897613,6.686253541666269,-6.008168402141332,-3.9199905469819902,-0.4998120665550232,1.0253924131393433,-3.9644179344177246,-0.5378197632854175,0.6674294223578187,0.5043826481214695,0.104336258290031,-1.2502872943878174,0.4556183815002441,2.377795696258545,-0.6304471900373697,-3.7174370533317327,1.138627013799548,0.159844309091568,-0.1792616695165634,-1.9117928219884632,-0.2851310968399048,-0.9471266829527912,0.7091426872201263
1571,2.701694,-0.139444,-14.007008,0.527902,-0.497275,-0.522015,0.448929,-2.617329447540641,-5.450726242560148,0.4075497042775154,7.637222140869498,-4.828628655456006,-3.811505914604664,-0.2824302613735199,0.2541424334049225,-3.806821823120117,-0.5296318934183332,0.6286322645403024,0.5469498999838686,0.1586107699547661,-1.0592200756072998,0.3482738435268402,2.0326571464538574,-0.4651642733782529,-5.416287966385483,1.7981892391622063,0.149943009018898,-0.1636160016059875,-1.9175708208680151,-0.1639880239963531,-0.8751968805126845,0.829986450432986
1572,2.745537,-0.133382,-14.019059,0.534254,-0.493472,-0.513272,0.455642,-4.456934985196591,-6.213564718002081,1.1087974004641177,8.227053827401996,-3.6535379971340296,-3.89071009196192,-0.3116862773895263,-0.311270534992218,-3.2919249534606934,-0.5123376845346107,0.5915294271172656,0.5903083487936921,0.1978359558656508,-0.5912232995033264,0.1867331117391586,1.6477771997451782,0.297908595341444,-6.424329282897711,2.347310145121813,0.1671538352966308,-0.0627093613147735,-1.5339423826649785,-0.1230580285191536,-0.6909104265674948,0.5018417798470706
1573,2.833445,-0.123516,-14.040454,0.538385,-0.487515,-0.508993,0.461949,-6.315366803875565,-7.006485027974843,2.0927982084363697,8.555739838322996,-2.620749777378142,-4.0126477878913285,-0.2780451774597168,-0.115958072245121,-2.534450054168701,-0.4932748657272571,0.560144657539322,0.6251608255512942,0.2282360438451947,0.0459979102015495,0.3302682638168335,1.1878918409347534,1.534497386199236,-7.35039958768785,2.924144402915239,0.125838041305542,0.0184371918439865,0.7630242072723805,-0.0957585796713829,-0.1854919755437411,0.4474398891825228
1574,2.875365,-0.122996,-14.048662,0.534135,-0.49478,-0.511494,0.456362,-7.650688940685987,-8.88173763307333,1.9685718170478936,8.71476135649979,-1.9125204056106504,-4.070082324250042,-0.2546459436416626,-0.1023492366075515,-1.213677167892456,-0.4800313129384645,0.538468906257241,0.6461947771995098,0.2491052857080059,0.8310671448707581,0.4971550107002258,0.7315395474433899,-0.3949064958035945,-8.134261561936139,3.4611703819334503,0.0258320234715938,-0.0166584216058254,1.843864071883261,0.0207001101225614,-0.1842341209697537,0.393633699388802
1575,2.912749,-0.122679,-14.053547,0.529267,-0.503278,-0.513259,0.450725,-8.378490589538217,-8.103817323833704,2.974491611361504,8.76575270806849,-1.715252451147884,-4.048441278067231,-0.2856311202049255,0.4248406589031219,0.3011594116687774,-0.4763116642276799,0.53508101483325,0.6481522690939236,0.2582908377114483,-0.1175476163625717,-0.4215846955776214,-0.184030994772911,-2.04593065879941,-7.350410693603753,2.3326444909095763,0.0339431837201118,0.3983457684516907,1.0452351750053466,0.0371672660112381,-0.5302774911386892,-0.2036049754645675
1576,2.989677,-0.112614,-14.060033,0.539296,-0.512226,-0.508045,0.434367,-7.272479897183179,-7.897910720363259,2.337531093907356,8.783670057553053,-2.040719500022381,-3.853959154930711,0.1756085604429245,0.6457087397575378,1.5830155611038208,-0.4876883347720324,0.5453046694955823,0.631775311910585,0.2562477275360829,-0.8210341334342957,-0.3135850429534912,-1.4796874523162842,-1.1896283022403715,-7.069987486070394,3.189251967895031,-0.1369623243808746,0.0750373601913452,1.7129302918106315,-0.0871386006474495,0.0925765860217157,-0.6107272481102496
1577,3.023252,-0.106934,-14.062822,0.54721,-0.511189,-0.502682,0.431923,-5.682663943865895,-6.612907734948396,1.1844772030875086,8.675417188104987,-2.7660785780280825,-3.640928690929712,0.3950876891613006,0.3043340146541595,2.2769603729248047,-0.5072356729708439,0.5637081371601533,0.6065219182060771,0.2389066469738673,0.0414905101060867,-0.5572502017021179,-2.4110324382781982,-2.324765720358491,-6.81251260792613,2.7470331012964246,-0.1881740987300872,-0.0107000190764665,0.8620088976375758,-0.137561559677124,0.7268024817470461,0.050314479787019
1578,3.057606,-0.104608,-14.068543,0.549262,-0.509454,-0.499845,0.434652,-3.69452028812468,-5.681401376584172,0.7349290165141225,8.370694821095466,-3.701773912514746,-3.5211811985209582,0.7423587441444397,0.0341402031481266,2.692267417907715,-0.5265264831455899,0.58701982549516,0.5787382844999311,0.2079412145111889,0.8186221718788147,-0.6956919431686401,-3.131308078765869,-2.462278586560488,-4.939097155126929,1.6721891160994766,-0.1723848432302475,-0.0207434892654418,0.5508787094123662,0.1707861125469207,0.7136627219278365,0.703552027606219
1579,3.146375,-0.113983,-14.089778,0.530998,-0.516666,-0.508797,0.438432,-1.542865401571989,-6.229515151327848,-1.1900219777330756,7.906955027562379,-4.695527175955474,-3.4062478283956645,0.6730437278747559,-0.1999379694461822,2.765470027923584,-0.5455123047306268,0.6096596197958517,0.549532030007344,0.1695470926961682,1.920888304710388,-0.561812698841095,-3.498999834060669,-4.334573510897159,-3.735986270979047,1.2898738063216209,-0.1303029209375381,-0.1399820297956466,-0.0721978696586098,0.1903810203075409,0.2107579707580618,-0.4294482323527336
1580,3.188177,-0.122985,-14.096529,-0.516844,0.525277,0.517013,-0.435494,-0.3833101660341024,-6.307917072391509,-1.4128700713932514,7.24120154634416,-5.664288329219818,-3.4133912704095244,0.7038112878799438,-0.6453584432601929,3.14745831489563,-0.5570074612732187,0.6354517643517543,0.5198418799951192,0.1253324423110882,2.3226749897003174,-1.0920313596725464,-3.589426040649414,-5.929785770300031,-1.5116194916978478,-0.6256243729908019,-0.0700584650039672,-0.1134618893265724,0.6699688338909298,-0.2393961697816848,0.6596197277035564,-0.9844539585672318
1581,3.231631,-0.13326,-14.103186,-0.507855,0.531181,0.52206,-0.432878,1.7240514052838083,-4.490136997574568,-1.0818903965771198,6.329893341878056,-6.701409025222063,-3.345736661070585,1.2580569982528689,-0.5412869453430176,3.4444704055786133,-0.5697264060023141,0.6589993321814845,0.4861120980466476,0.0694747950663862,2.400944232940674,-1.40028977394104,-3.3969552516937256,-5.510094377329946,-0.0110530166730284,-1.5471834109015763,-0.0677216649055481,-0.0173896439373493,-1.2103836516298352,-0.4723837077617645,-0.0290563890567864,-0.3365704805605113
1582,3.315,-0.140945,-14.105494,-0.514362,0.522696,0.523239,-0.434098,3.533662202170491,-1.1730787339776754,-1.5332418331801891,5.341792989632487,-7.651499672546982,-3.014993133097887,1.4950857162475586,-0.0597470849752426,3.080361604690552,-0.588275664288737,0.6741469497258028,0.446371764634809,0.014486448652283,1.8004859685897827,-1.5842633247375488,-3.1545779705047607,-3.668565762656927,1.6986682499632235,-2.8423738822013136,-0.1031207740306854,0.0937715172767639,-1.7527416393257675,-0.3343287408351898,-0.0493634215733036,0.8654339767154305
1583,3.357269,-0.138834,-14.106433,0.521794,-0.516026,-0.51857,0.438785,4.064669943812489,1.353031981024146,-2.748467225752771,4.476194689200819,-8.347092411711811,-2.541671272227168,1.3790632486343384,-0.0777194872498512,2.325361728668213,-0.60798983530568,0.6815738778335905,0.4062588042500069,-0.0275521225486956,1.238590121269226,-1.4835867881774902,-2.874288558959961,-2.198112101823092,2.822270420849323,-3.839611480626464,-0.1245480254292488,0.1173604503273963,-2.044427268499136,0.0674304366111755,0.0680211502295453,1.4145869583137332
1584,3.400633,-0.13448,-14.107004,0.528867,-0.511722,-0.515855,0.438559,3.86085212931484,1.875632544326782,-3.111114250725508,3.7452269775331017,-8.793079106411337,-2.196680753845721,0.7403260469436646,-0.1309844255447387,1.960144281387329,-0.6208032273333339,0.6922057317769655,0.3644869973314533,-0.0510271266006756,1.018144607543945,-1.342403531074524,-2.555413007736206,-1.5664309860765933,3.4102819062173366,-4.381396344609558,-0.134213387966156,0.0662593618035316,-1.886592183627933,0.4021448194980621,0.2747055057399906,1.262679217664897
1585,3.496135,-0.119371,-14.111581,0.532877,-0.514768,-0.518411,0.426972,4.453700533320009,1.7279525043755768,-2.5638299125432966,3.044190586009621,-9.095658616173267,-2.042613789336383,0.1939405053853988,0.1449941098690033,1.9834693670272827,-0.6256399752684368,0.7068470435254974,0.3232824977558635,-0.0665602723445626,0.786611020565033,-1.179961085319519,-2.042842149734497,-1.1564666218727826,4.04973014883399,-4.992109783390164,-0.1162397563457489,0.0720843747258186,-1.7465074211113154,0.4640135765075683,0.2518628652150743,0.6363422394253313
1586,3.534875,-0.114227,-14.115471,0.528758,-0.516951,-0.520167,0.42732,5.620843155246972,2.293134902819991,-2.250519019278139,2.352147356019914,-9.314429961913824,-1.969560535824299,0.0994701236486435,0.3257791399955749,1.861008644104004,-0.6274571779669743,0.7227268621035685,0.2794378747965442,-0.0766668069575877,0.4258232712745666,-0.925385057926178,-1.4439345598220823,-0.7785305500924586,4.599847664615512,-5.665248114162683,-0.0758597776293754,0.1599784195423126,-0.6776628955248742,0.2930687367916107,0.4378311895662918,0.166916746672336
1587,3.576197,-0.107859,-14.122417,0.523753,-0.516664,-0.520124,0.433834,6.909446210980415,2.194691479724645,-2.814085068567097,1.7274872249513864,-9.460645774531365,-1.918952922876179,0.0692427158355712,0.0319131575524807,1.535547971725464,-0.6280980829681174,0.734191892072201,0.2424904853340042,-0.0874845836299458,-0.0407766699790954,-0.3658290207386017,-0.6610966920852661,-1.4093506650954484,4.965473120877147,-6.071634035357833,-0.0482571609318256,0.0412181839346885,1.3591979563079777,0.1796361654996872,1.1830673362895845,0.3170774061918258
1588,3.647725,-0.09738,-14.137238,-0.506745,0.5164,0.524434,-0.448898,9.053940119862556,2.2921213418632744,-3.280248874376714,0.83949983644858,-9.57288742135465,-1.9558704486459493,-0.3068840205669403,0.2059954851865768,0.7357929944992065,-0.6217354040138999,0.7455896158514362,0.2093269281325198,-0.117146728489084,-1.2290033102035522,0.5221483707427979,0.9878407120704652,-2.7671155198603867,5.028924725568294,-5.7606409175157545,0.0994277372956276,-0.1555898040533065,4.029666727231443,0.060308426618576,1.639862425251305,-0.1550056883978657
1589,3.690587,-0.09404,-14.143896,-0.501453,0.515742,0.526559,-0.453089,10.246073682922123,1.6076105532050131,-3.118683809196949,0.7545340998899192,-9.531220362970233,-2.181030910901725,-0.9481154680252076,1.0401945114135742,-0.1115334033966064,-0.6137828428264406,0.7562936771650823,0.1980441992592588,-0.1098589105874363,-1.2363206148147583,1.4489319324493408,1.8404109477996824,-4.480668327483534,4.363568719235063,-4.813032150134444,0.0106742940843105,-0.0918160378932952,1.0918241999618707,0.1051827818155288,-0.2147355143532157,-0.1569563292752951
1590,3.728716,-0.093409,-14.14819,-0.501447,0.514316,0.525915,-0.455461,9.313344504764675,2.003060654366016,-2.1256237887173888,1.1330060321126132,-9.399346963959932,-2.5571347988188267,-1.267168402671814,1.5056272745132446,-1.2239813804626465,-0.6030906048206949,0.7699275662229192,0.1938791604722369,-0.0768377064334562,-0.8425399661064148,1.456969141960144,2.6495115756988525,-5.105788185018301,3.825250946840644,-2.3668913361653683,-0.0628977343440055,0.37618088722229,-0.0609847898859297,0.083788625895977,-1.5710883103631437,-0.1469952177585102
1591,3.811357,-0.100557,-14.155945,-0.506625,0.513071,0.527097,-0.449732,8.211797221559285,0.1946060417771339,-1.572026321865618,1.9478484702318903,-9.136502083215117,-2.983391541653871,-1.3998345136642456,0.986625611782074,-2.421578884124756,-0.5890747290351407,0.7803140598445679,0.207895640873849,-0.0296719411163493,-0.3216245770454407,1.877651929855347,3.159956455230713,-3.830338625368476,2.439312136992812,-1.5795055717051028,-0.1070667952299118,0.4507694244384765,0.9667745094917712,0.0220205970108509,-0.9738860950626432,-0.0343825136997038
1592,3.854393,-0.10725,-14.161677,-0.50585,0.513696,0.53084,-0.445467,6.8835127283006905,-2.6033383315891028,-0.5720131212472915,3.0863918974012137,-8.671705474105476,-3.3832077290698885,-1.0792347192764282,0.2286834418773651,-3.497209072113037,-0.5719321573244751,0.7816996572408262,0.2478734294904205,0.0199506445991376,-0.8195313215255737,1.8619253635406487,3.185180902481079,-4.995910929238796,2.155885071468353,-1.30597037011981,-0.0545114465057849,0.2255668193101883,0.7220815907049923,-0.0478834807872772,-0.3992102574121207,0.030798353336309
1593,3.894533,-0.114408,-14.169636,-0.50501,0.513623,0.530649,-0.446731,4.294013829232752,-3.947126683449745,0.5715583632171154,4.34875488872379,-7.992158445334434,-3.658431906655432,-0.5208116769790649,-0.2163870185613632,-4.019955158233643,-0.5559019369843309,0.7697823378677054,0.3065342967671918,0.0666705210971921,-0.9342845678329468,1.4085030555725098,2.9822964668273926,-4.364607999154925,0.397902755010128,-0.2903456127412617,0.0165957827121019,-0.0773064494132995,-0.7213960195936262,-0.2432495802640915,-0.4808498452227562,-0.1262370736237615
1594,3.985168,-0.120971,-14.189597,-0.508842,0.503254,0.525178,-0.460438,1.4845868156045674,-3.806500069141388,1.2078200847521423,5.530124188923836,-7.149964693626761,-3.803433375047147,-0.1072846129536628,-0.3155076801776886,-4.026170253753662,-0.5424868885483077,0.7461252810689004,0.3704297559080409,0.1085670056123514,-0.9989945888519288,1.1388150453567505,2.7044334411621094,-2.090229819253087,-0.8457860771112143,1.144732929459214,0.128869742155075,-0.2103593349456787,-1.3578658309213816,-0.4428872764110565,-0.4544754503751173,0.2602378765841945
1595,4.028921,-0.118923,-14.19941,-0.51335,0.49669,0.521182,-0.467055,-0.2555786891341209,-3.943338397082686,1.3550234471023082,6.546942101609707,-6.185031866478919,-3.879859319862723,0.0539944060146808,-0.2940144538879394,-3.961460590362549,-0.5297088606275795,0.7151020573685943,0.4317948815044461,0.1469378709928561,-1.0561672449111938,1.019728183746338,2.4190514087677,-0.723143009391427,-1.9969412947028875,1.8462790240705007,0.2290675640106201,-0.2187609523534774,-1.7837071248233318,-0.398880273103714,-0.6089606768291443,0.7553290496598929
1596,4.081213,-0.114504,-14.211041,0.516207,-0.494478,-0.515973,0.47201,-1.9448522110253568,-4.947584997487068,1.3214452948883175,7.371459326851368,-5.120331674155593,-3.951475526309013,0.1651898026466369,-0.4180769622325897,-3.752669095993042,-0.5152857376478902,0.6793576248357616,0.4898391571299852,0.1816903300878552,-1.2957655191421509,0.8321161866188049,2.21549129486084,-0.8111790202409028,-2.882150596794486,1.6962883690893649,0.2555069625377655,-0.2084802836179733,-1.9132588028877973,-0.2533226907253265,-0.6744951522089541,0.8974325315877795
1597,4.169471,-0.103385,-14.23025,-0.515236,0.492978,0.516294,-0.474284,-3.785280755501985,-5.650512317323685,1.640555960473418,7.927398096132278,-4.095982489182055,-4.068126514007151,0.2120132744312286,-0.5336805582046509,-3.0876693725585938,-0.499325912487792,0.6437184433216756,0.5413347368792474,0.2079828078616852,-1.3605810403823853,0.5093514323234558,2.035983800888061,-0.6898077260226011,-4.272037267485261,2.218847431337833,0.2613079845905304,-0.1739788800477981,-1.8961923711441453,-0.118909440934658,-0.7050147936351597,0.8253398667361587
1598,4.208426,-0.100627,-14.237467,-0.513093,0.497283,0.5173,-0.471006,-4.986782450887561,-4.744183362574876,2.2754481472209096,8.251126192384957,-3.265019448801875,-4.174797667221725,0.1078577116131782,-0.1913531720638275,-2.249772310256958,-0.4854122101729359,0.6139567967128152,0.5795795808776247,0.2269791080785201,-1.2297828197479248,0.2293826788663864,1.7733213901519775,0.5703145006358623,-5.423948125749826,3.1771675623476505,0.2841035723686218,0.0348706655204296,-1.3061151854179798,-0.0810094326734542,-0.763406265392527,0.4147206188201904
1599,4.258666,-0.098215,-14.241805,-0.512247,0.503444,0.517642,-0.464966,-5.231117276951671,-6.8148840132325885,1.9502882645994424,8.490075818279385,-2.655680513244868,-4.127515983825922,-0.3669654428958893,0.6269722580909729,-1.279503345489502,-0.4779111462805005,0.5931814224769976,0.5988159567127253,0.2472980114202408,-0.5351813435554504,0.5328479409217834,1.5041648149490356,1.1160323201537132,-6.737586254018545,3.808745802241563,0.1917942762374878,0.128590703010559,0.90736056281887,-0.1756653189659118,-0.2767755352133885,-0.0013433819995494
1600,4.33479,-0.090713,-14.244289,0.52172,-0.516832,-0.512194,0.445366,-6.808032832163572,-7.314210083931684,2.0510504860311745,8.746138491538167,-2.26304459272176,-3.814978266890346,-1.0467827320098877,1.5065597295761108,-0.3459600508213043,-0.4784795275947366,0.5845838917134203,0.5939456427822821,0.276672221254602,0.0404867604374885,0.3300589621067047,1.071803092956543,-1.810878040343523,-7.69971454513967,3.7786464320540425,0.0541835352778434,0.1747322529554367,1.4396804830379784,-0.1238159462809562,-0.4405720492396503,0.3174159539638087
1601,4.377872,-0.084991,-14.246322,0.525816,-0.521801,-0.507004,0.440668,-8.27450706797242,-7.44415105357468,2.0402581661209465,8.96388867753744,-2.183382734724879,-3.3244483738482,-1.0073566436767578,1.61166250705719,0.829246997833252,-0.4861673216981551,0.5880464646538421,0.5689473168994433,0.3068253047187226,-0.918957531452179,-0.4640495479106903,-0.0065210592001676,-2.2799895900428293,-6.846596079313755,2.469033321517706,0.0454760454595088,0.4894147217273712,3.01949190582186,-0.0587355196475982,0.2275942835402674,-0.1550335810517892
1602,4.415342,-0.083512,-14.24938,0.527382,-0.52583,-0.501742,0.44003,-6.6666942701935765,-8.33025292059183,0.7216036709949374,8.984282061746717,-2.588803318019211,-2.9582366421312094,-0.4914028644561767,0.7436190843582153,1.7877193689346311,-0.4996589160136701,0.6027191624794543,0.5362440777712951,0.3154566761197135,-0.8514948487281799,-0.5123710632324219,-1.227314591407776,-2.8396096781849858,-7.94818837070465,3.665522741699218,-0.159660518169403,0.0754862800240516,1.7453979985646904,0.0897124037146568,0.5095787673072889,0.1262215381279122
1603,4.566841,-0.118408,-14.30537,-0.520748,0.535453,0.503322,-0.434486,-5.542251264569163,-7.075579022467136,0.8863993886590004,8.771430753704905,-3.288620981402695,-2.901270307806134,-0.0392419435083866,-0.1297633498907089,2.4143216609954834,-0.5113101445451229,0.6259249907750077,0.5061042630216076,0.3010620637778342,-0.29081791639328,-0.7842047214508057,-2.249591112136841,-2.100318082547188,-6.520604714304208,2.477597736245394,-0.1340720653533935,-0.1228622272610664,1.1422959115706384,0.1613165289163589,1.421599029032886,0.3377678371189161
1604,4.616209,-0.129115,-14.312531,-0.512506,0.543258,0.508577,-0.428436,-3.392486721807718,-5.60212442625165,0.0812216546595096,8.334867136389017,-4.266474957183003,-2.9150580101400614,0.8306403160095215,-0.2857714295387268,2.946695327758789,-0.5298154258669302,0.6495096942908768,0.4761971832656123,0.2658364415146749,0.8700619339942932,-0.6897281408309937,-2.99739933013916,-1.974327311834693,-5.194813206905126,1.804961509776116,-0.1134034395217895,-0.2524003982543945,0.3292576367964968,0.2214589267969131,1.0209828503455969,-0.1138328798037953
1605,4.659943,-0.137038,-14.314355,-0.505885,0.547939,0.512822,-0.425272,-0.8396271160900592,-4.795436287689209,-2.5740336189106103,7.707096472084522,-5.315277907672524,-2.918713610038161,0.6564099192619324,-0.7625899314880371,2.932420492172241,-0.5505667470697637,0.6701671060518354,0.4468657806565692,0.2192335798149085,1.637997269630432,-0.7787274122238159,-3.229137420654297,-2.7513246610105035,-3.969563848446309,1.0231471157073977,-0.0958566516637802,-0.0230078045278787,-0.8575592247523367,-0.0470586270093917,0.426191641709581,-0.9686381844718008
1606,4.730588,-0.133526,-14.274289,-0.507482,0.534172,0.517851,-0.434686,0.943316038623452,-4.277946783789992,-2.3696511562675235,6.944829074528813,-6.230951321610808,-3.0190976458072663,0.3040009438991546,-0.3284764885902405,2.987837314605713,-0.5621373035294038,0.6934667785993086,0.4159747192956937,0.1734082171830802,2.01236343383789,-0.941391944885254,-3.1992416381835938,-3.252206728979945,-2.0268097787439823,-0.3445481814414262,-0.1652404814958572,0.0891288891434669,-0.7519513168551027,-0.3611636757850647,0.2791448216279968,-0.6574825695443898
1607,4.774918,-0.131858,-14.274826,-0.514981,0.524247,0.514086,-0.442351,1.4528122056812047,-2.90905613937676,-2.382068739292025,6.157309162294864,-7.042145539420843,-2.9438331459864973,-0.1640927642583847,0.6577479243278503,3.148056745529175,-0.5745577716254648,0.7157854754319488,0.371139973265045,0.1406763020328188,1.290077805519104,-1.4618611335754397,-3.100667715072632,-3.908806597405672,-0.182311792871356,-1.3812579585552214,-0.2263823747634887,0.3049070239067077,-1.4333359363168476,-0.4539842009544372,-0.0599960711095249,-0.0874660472081042
1608,4.819039,-0.129233,-14.272182,0.523648,-0.515759,-0.513037,0.443371,1.8436977754056447,-0.8010136000573634,-1.818388269843161,5.308531356021762,-7.740151769468188,-2.842524104326963,-0.5654698610305786,1.1779837608337402,3.341559171676636,-0.583713850151586,0.7400707107819329,0.3118072151558741,0.1197906827517331,0.3519804775714874,-1.526172399520874,-3.0305755138397217,-2.3239386218845843,1.2455799065649509,-2.484856913593412,-0.3029303848743438,0.2394147962331771,-1.4425021163299678,-0.381309449672699,0.184040498093795,0.5182053970836102
1609,4.908887,-0.118371,-14.271755,0.527031,-0.515941,-0.516517,0.435032,3.148392718762159,0.3477981231480836,-1.5606977031216025,4.370746940301358,-8.307320957815646,-2.838198057821393,-0.7658177614212036,0.9951472282409668,3.2523086071014404,-0.5873151238932047,0.7639774147706982,0.2470755861304478,0.1017501871079656,0.187446117401123,-1.284827709197998,-2.886672258377075,-1.729311517769098,2.050790666051209,-2.797132180200517,-0.3368412554264068,0.0845221802592277,-1.629830276058614,-0.1440930962562561,0.3488685653911903,1.153398174212873
1610,4.94892,-0.113188,-14.271427,0.525582,-0.518038,-0.517554,0.433056,4.822236908592283,0.9994593661278486,-1.1933794714674353,3.40184550178349,-8.697564722505211,-2.9916844459638,-0.781588077545166,0.3873715102672577,2.920276165008545,-0.5840068384301165,0.7852774815729611,0.1894009722611991,0.0800155196540983,0.4741745591163635,-1.083298921585083,-2.502462148666382,-1.7060826178729531,2.9208816017270087,-3.6961037579238414,-0.3153223097324371,0.0353226363658905,-1.4045679608635604,0.0791540145874023,0.5466102383129299,1.1420955666929482
1611,4.984965,-0.110104,-14.273458,0.525168,-0.515405,-0.518841,0.435156,6.455351613149047,0.9914093306630848,-0.6023460079297424,2.450180152487755,-8.91801130798161,-3.261296336625516,-0.780616819858551,-0.2637887001037597,2.5023059844970703,-0.5753675541838942,0.803286648914583,0.1449496577804976,0.0516939912302863,0.6289545297622681,-0.7825102806091309,-2.010378837585449,-1.7416577891230582,3.90871775007844,-4.275198361864685,-0.2846501767635345,-0.0132306106388568,-1.3214325815372168,0.1975139826536178,0.7277596363414078,0.8560955088753253
1612,5.058066,-0.100575,-14.285144,-0.511309,0.512944,0.524069,-0.448111,7.616484473267197,1.6160405278980732,0.571713846039772,1.584731781920791,-9.0043972135365,-3.546808683991432,-0.6636099219322205,-0.1603346019983291,2.1224215030670166,-0.5645024223971636,0.8176635482540355,0.1107394942870792,0.0223638751359274,0.6457598805427551,-0.4638367295265198,-1.4151461124420166,-1.867875354328752,4.53521064953208,-4.64271796130985,-0.1591976732015609,0.1186009123921394,-0.0051608350955881,0.0641233399510383,0.9630078504346312,0.1915715694520622
1613,5.09525,-0.096145,-14.289592,-0.505668,0.51145,0.525549,-0.454442,9.060374536824224,1.0964040750980375,0.6492895454123616,0.94798709917441,-8.994728052437305,-3.790333947238326,-0.8854891657829285,0.8813468217849731,1.6647554636001587,-0.5537866681748106,0.8292339386015692,0.0749954637826512,0.0082032390154844,0.7031221985816956,0.1300414949655532,-0.6093962788581848,-2.999341974979639,4.582006302976608,-4.84493126322031,-0.0804647654294967,0.0329370237886905,1.1828943908754737,0.0052920766174793,1.3982770440258083,0.2033173724285326
1614,5.131806,-0.09485,-14.291647,-0.507696,0.508823,0.523306,-0.457705,9.177107065325975,1.4149100527882574,1.661363770702481,0.6733870448365807,-8.872699171093105,-4.122155041314661,-1.0665528774261477,1.4910635948181152,0.9700497388839722,-0.5381340872101136,0.8417882027194065,0.039547879785383,0.0155040443370651,0.102257452905178,-0.0194937773048877,0.1968839317560196,-4.081297253486514,5.360336362060904,-5.779571827957033,-0.0108352536335587,-0.213057592511177,0.6281844327371567,0.1074321642518043,1.0738703909244387,0.4154286209590733
1615,5.208493,-0.104024,-14.290376,-0.517992,0.510549,0.52098,-0.44677,9.186736478936671,-0.0404343017190694,2.3186001834660765,0.9169438722655175,-8.662038651093841,-4.505403832550346,-0.0301306918263435,0.4676068127155304,-0.5411037802696228,-0.5171798640130347,0.8542270689228004,0.002789916720408,0.053040039965479,-0.7326438426971436,1.026633620262146,1.26011323928833,-4.868313892373442,5.680582461416721,-4.684502216333151,0.1600856035947799,-0.1144293025135994,1.5467841824509203,0.1692177355289459,0.1440618677203543,-0.0026854625245789
1616,5.249806,-0.111367,-14.291547,-0.519536,0.515044,0.523055,-0.437294,8.74734319115281,0.7913496996551752,2.482759064531326,1.2780766932830214,-8.677401055398583,-4.386299606481194,0.5993701219558716,-0.3737998306751251,-1.5851069688796997,-0.5217911915336881,0.8504205298486661,0.0205903669323706,0.0639917586018743,-0.9287400841712952,1.2290476560592651,2.0514445304870605,-3.648338967186212,4.678317974740266,-2.266507884918153,0.0137462588027119,0.196238100528717,-0.1597350367410108,0.3298437893390655,-1.1319112956784665,-0.030613409240439
1617,5.291815,-0.116894,-14.297046,0.521051,-0.518878,-0.520947,0.433459,8.432328562709689,-0.3513426638871431,1.9623282464832064,1.9592554149091244,-8.64831290808022,-4.187889203985035,0.700783371925354,-0.5510309338569641,-2.879725694656372,-0.5295042912659509,0.8422443832637179,0.0643996712291035,0.0781178549912212,-0.4325305819511413,1.591231346130371,2.811788320541382,-3.6595115185856817,2.766361486622691,-0.9743244864799082,-0.0795425996184349,0.3912524580955505,0.823556855776906,0.234999194741249,-0.929237901975587,-0.2818320148853585
1618,5.377175,-0.124668,-14.309016,0.529118,-0.516483,-0.510715,0.438691,7.408672328436374,-3.727743927812576,1.0336661716341973,3.07164616369009,-8.412953415632247,-3.994695659354329,0.7184808850288391,-0.4357429444789886,-4.070981979370117,-0.5340337950982669,0.8287970763332566,0.1294920953196124,0.105523071025078,-0.0766302719712257,1.5617461204528809,3.2304234504699707,-4.961506555333734,1.2892594738155605,0.3272831583857536,-0.0576105564832687,0.2918049693107605,0.4878724738685414,0.0059720315039157,-0.5814561819730326,-0.1815762999373488
1619,5.422412,-0.12413,-14.317501,0.535815,-0.511564,-0.504589,0.44339,4.386893480721116,-5.150469622787833,0.8115387934640049,4.453695564883947,-7.853636694350838,-3.82823230073899,0.6696061491966248,-0.3645565807819366,-4.676794052124023,-0.5329974666321707,0.8074343002655274,0.2079311850983237,0.1439726878004006,-0.103547379374504,1.089453935623169,3.039585828781128,-3.3108225840777155,0.3757566819146275,0.8083661547772586,0.0295175351202487,0.0521105378866195,-0.4921377666302025,-0.2193572670221328,-0.2530447319434024,0.0542289635167457
1620,5.467648,-0.121596,-14.326536,0.540437,-0.509696,-0.495706,0.449903,-0.8637205238610506,-4.975691148030758,0.7946575090289115,7.017866253688931,-5.9587768869847055,-3.3783003755450247,0.9600349068641664,0.44288370013237,-4.3426361083984375,-0.5231948967326232,0.7387174810598367,0.3557272450330842,0.2324256716078331,-1.225817084312439,0.7302483320236206,2.361650228500366,-0.2495230423569679,-1.8064799515150487,1.9416525382012129,0.1644454300403595,-0.2163663655519485,-1.6941503341473638,-0.2941960394382477,-0.5319679649762808,0.8686099764030426
1621,5.55934,-0.118427,-14.343027,0.535414,-0.511898,-0.500712,0.447862,-2.8422219065099954,-5.549109459900856,-0.1559574544310569,7.969704036942124,-4.852500237169862,-3.0178564135745165,1.1413226127624512,0.3062736690044403,-3.893497467041016,-0.5208178235490196,0.6935147988619101,0.4158185677358571,0.2736438954706266,-1.2469711303710938,0.5655983686447144,2.2495901584625244,-0.5396779548317193,-3.1259988083854315,1.7049240954875946,0.1533032357692718,-0.1371929049491882,-1.839158524540812,-0.0474040247499942,-0.7615976816006005,1.1668473653074354
1622,5.600634,-0.116786,-14.3488,0.528899,-0.519554,-0.505313,0.441576,-5.021375040841102,-5.779476550889015,-0.5464896806731819,8.581703716140986,-3.810797766335309,-2.828886039596796,0.9369049072265624,-0.2754154503345489,-3.1601173877716064,-0.5151054218064846,0.651163421889543,0.4692752326705369,0.3007216085345283,-0.9265749454498292,0.392094612121582,2.1614363193511963,-0.5739636707931757,-4.746966271291673,2.5092203704774376,0.1057086065411567,-0.1370685994625091,-1.7172990084141493,0.1248719468712806,-0.6869221606489271,0.9096452396899462
1623,5.637926,-0.114273,-14.353388,-0.524718,0.52479,0.505087,-0.440629,-6.619225832054019,-5.741655062016845,0.179450850482285,8.918706304508447,-2.908894226813316,-2.857514168187976,0.526005744934082,-0.3392539620399475,-2.422259569168091,-0.5032840720944589,0.6185782502787536,0.5128875333618114,0.3178245416332521,-0.3513323962688446,0.3641324937343597,1.9322258234024048,0.5685837313205003,-5.833358947724103,3.0032161860644817,0.0756193250417709,0.0443968772888183,-0.3371049162307754,0.0906317085027694,-0.6645579147581011,0.3020324886047281
1624,5.709676,-0.105005,-14.358803,0.534719,-0.526132,-0.499391,0.433439,-7.361260588920116,-7.523235696205496,-0.0116977443173527,9.08942644378543,-2.274885106510669,-2.894414158301055,0.2675874531269073,-0.0802769586443901,-1.3449220657348633,-0.4936916029581323,0.5960114512259371,0.5406888274083584,0.3296886880953072,0.445887804031372,0.4724397957324981,1.6015578508377075,0.0562123010873794,-7.132687395611405,3.771317696601152,-0.0552660375833511,0.0518507808446884,0.9138135383505374,-0.0197786260396242,-0.4908282914668321,-0.014790393695113
1625,5.746674,-0.100264,-14.361745,0.537508,-0.527587,-0.498013,0.429791,-8.393713293111324,-7.2913517709136,0.0525415036201477,9.153423407399654,-2.0113190718844534,-2.8878754041820764,-0.1852850914001464,0.0394085645675659,-0.1006136089563369,-0.4893072085022898,0.5876351150960246,0.549477613064787,0.3366567852325924,0.3937353789806366,0.1648313254117965,1.111498236656189,-1.1087152751386165,-7.330123107856512,3.60263286254406,-0.1894278228282928,0.1451451480388641,1.015373778292164,0.0966726690530777,-0.5349116172127425,0.65382908853814
1626,5.784763,-0.098659,-14.368442,0.536227,-0.528214,-0.497482,0.431234,-7.899471978330611,-6.210708159527182,0.8457669340193271,9.111686206388471,-2.167201999774575,-2.9070252180710434,-0.1583012491464615,-0.085596963763237,1.023554444313049,-0.489942379081822,0.5953379192971908,0.5420238035748552,0.3342744803739755,-0.8287402987480164,-0.5000121593475342,-0.0509932525455951,-0.6593669950515031,-6.675850221073628,2.523604285138845,-0.201733112335205,0.5115841627120972,0.5715632951205596,0.2476992905139923,-0.4295431806271895,-0.2133529374210163
1627,5.862549,-0.106179,-14.380401,-0.524714,0.529767,0.502011,-0.438186,-4.471758460319042,-7.1274436497390266,-0.52692018006742,8.66729584096968,-3.435174939933419,-3.0410388439804312,0.4173968434333801,-0.3932894170284271,2.3333449363708496,-0.512050439985385,0.6285183913342354,0.5099161302110199,0.2876707097561786,0.4351595044136047,-0.7479361295700073,-1.88086211681366,-3.4648575460135933,-6.773166101443767,2.241348016959429,-0.3499526381492615,-0.0999997332692146,2.147800987603515,0.373928427696228,1.5190817904025316,0.4416633150750771
1628,5.90715,-0.114222,-14.386135,-0.51492,0.534219,0.507234,-0.438385,-2.742661462083458,-7.129895134544372,-1.0266557083502412,8.19351162328422,-4.392949127498269,-3.1207001174554225,0.2788785398006439,-0.4097005128860473,3.097331047058105,-0.5271353025160096,0.653984924842159,0.4810562841479663,0.2510318999722653,0.7557300329208374,-0.9605576992034912,-2.696142673492432,-2.79411458594501,-5.067416076526046,1.243608314231038,-0.2620503902435303,-0.3175080120563507,1.1866303625334054,0.5513778924942017,1.312811029794812,-0.146361267236527
1629,5.950117,-0.121846,-14.387787,-0.509059,0.537127,0.511435,-0.436793,-0.5805903954565524,-6.117676824608445,-0.9282081936016678,7.476192205479741,-5.488963911017775,-3.185628516700864,0.492364764213562,-0.4135789275169372,3.585740327835083,-0.5430963812229694,0.6833611167553757,0.4420853347535191,0.2064571136141454,0.9686114192008972,-1.1490305662155151,-3.307596206665039,-3.8029642962306736,-3.155970752801001,0.2307293484292924,-0.2061982005834579,-0.2193846255540847,0.5981225450158119,0.2521525025367737,0.8325172110196203,-1.0224966889746487
1630,6.036324,-0.129989,-14.386056,-0.515154,0.529435,0.513844,-0.436211,1.888022070300579,-4.353562289005517,-1.3980182469591498,6.550341096398234,-6.609486528328061,-3.094850513666868,1.1017416715621948,-0.2745065689086914,3.600533962249756,-0.5642474348583756,0.7063066863431726,0.3986531343258225,0.1543740882361355,1.1969391107559204,-1.1746644973754885,-3.528078317642212,-4.620004317459464,-1.9054406764827667,-0.9763776196174324,-0.1955117136240005,-0.1604646742343902,-0.6451723193518817,-0.0753325372934341,0.3168693529317155,-0.6201869311772287
1631,6.080344,-0.128981,-14.385217,-0.5221,0.523355,0.5089,-0.441057,2.9700784710943697,-1.2474269957363604,-2.148852104091644,5.593831814202666,-7.57535575954318,-2.737414209079742,1.1091997623443604,0.4505395591259002,3.1799185276031494,-0.5906626151910878,0.7179861065187315,0.3522289559594383,0.1074638644162266,1.3582297563552856,-1.2983317375183103,-3.568193197250366,-4.744399343413114,-0.6170747905060648,-1.7936388823814688,-0.1127556189894676,0.1566393673419952,-1.935155431266874,-0.2363298088312149,-0.0860294750663451,0.0452021645748522
1632,6.125278,-0.125085,-14.383484,0.530503,-0.51887,-0.505685,0.440027,2.9886957855418324,0.617622779777646,-2.74698633954525,4.727965510484576,-8.25796802110374,-2.371218551714718,0.2721767127513885,0.8493732810020447,2.7612881660461426,-0.6108625163769514,0.7274808301147588,0.3027707794726707,0.077126206775417,1.366730570793152,-1.1598966121673584,-3.5149996280670166,-3.1307810742259026,1.073631686797738,-2.905322798067332,-0.08627400547266,0.267233282327652,-2.0633520414605737,-0.1781647801399231,0.0908607220145408,0.5849674414969981
1633,6.214403,-0.114953,-14.380801,0.53237,-0.524654,-0.509508,0.426289,3.2909733897477387,1.3271078506946563,-2.4565517333462834,3.913628902995586,-8.697958105736971,-2.280226905930042,-0.5899779796600342,0.8150464296340942,2.529740810394287,-0.6167084856732515,0.7430742000701817,0.2531796863160027,0.0584080058513809,1.5383890867233276,-1.0103521347045898,-3.298656940460205,-2.4438380899846552,2.5110709667801854,-3.5696000692531467,-0.1388112157583236,0.2575165331363678,-1.957727328559011,0.0133678959682583,0.3837194044221192,0.8027678233135491
1634,6.254252,-0.112387,-14.382186,-0.526582,0.527992,0.513885,-0.424096,4.106256338176131,1.0170751023173332,-1.618607748037577,3.1154040568739174,-8.949962443515657,-2.522463298410177,-1.192320466041565,0.3378684222698211,2.338452339172364,-0.6079775264575271,0.7649218720884928,0.2085770025227177,0.0418752164281983,1.5106080770492554,-0.8825557827949524,-2.786120891571045,-1.935710288670659,3.835792799121141,-4.403477535775304,-0.215061530470848,0.1712237894535064,-1.4633718858793376,0.2193075716495514,0.6184210905484855,0.8369768207769841
1635,6.290855,-0.108721,-14.386866,-0.521596,0.527129,0.515657,-0.429151,5.290423452401161,0.5932616609811783,0.0584349455729126,2.294556898447126,-9.065741616815329,-2.9525752553686497,-1.1580870151519775,-0.0261512733995914,2.306586980819702,-0.5907925166575857,0.7883279088122858,0.1705243631279947,0.0206073248996809,1.2630643844604492,-0.6918395757675171,-2.10774040222168,-1.6530179671615362,4.682210890525579,-4.804816694974899,-0.2243141680955886,0.0637077018618583,-1.4254866841211915,0.3289829194545746,0.5991845482241362,0.6225513222210108
1636,6.359382,-0.096234,-14.397521,-0.510035,0.521448,0.51681,-0.448178,6.257401521641016,1.0709458087146282,1.1409262306526302,1.669500461537391,-9.111721862223744,-3.218644358856976,-0.7384383678436279,-0.0495364516973495,2.242094278335572,-0.5795594235424699,0.8021777657638015,0.1435828174502862,0.0023761051123257,0.7918766140937805,-0.3730009496212005,-1.3339707851409912,-1.4489590373843908,5.076569104796648,-5.313612020286917,-0.128633826971054,0.1036848947405815,0.442797616334632,0.2273792922496795,0.9775569655951112,0.3181734578002244
1637,6.396626,-0.089359,-14.397861,-0.51055,0.518587,0.514013,-0.454089,8.409696459662914,1.0658709896683691,0.7829086190462112,0.9098830670338124,-9.16695158201456,-3.36296076759398,-0.0525759570300579,-0.2092029601335525,1.7684502601623535,-0.5727707666752232,0.8117750935425946,0.1117339458436587,-0.0216892738238164,0.0691761970520019,0.0480860136449337,-0.427996277809143,-2.764751713338494,5.364893294712901,-6.126666771271824,-0.0714510008692741,-0.0379484184086322,1.3102639756605028,0.2764495313167572,1.2736559542313215,0.4885039401724934
1638,6.431711,-0.087635,-14.396842,-0.515788,0.517514,0.509811,-0.45413,9.668598204615712,1.7048884396523236,0.1037751395121216,0.3556249443162232,-9.2285163500458,-3.2982381200537083,0.3978793323040008,-0.4663854539394378,0.975357472896576,-0.5743865256608519,0.8120518576900313,0.093461918070823,-0.0437797667508563,-0.8008423447608948,0.096027173101902,0.3334110677242279,-3.191910957971216,5.382528320124745,-5.784880455759168,0.0537417903542518,-0.0524791851639747,0.974326532306522,0.2765925526618957,0.9183703979372978,0.2604198820875957
1639,6.510416,-0.095982,-14.392002,0.526211,-0.525848,-0.509282,0.432686,10.375372263008355,2.088612447184324,-0.7385121356979012,0.1016540283054579,-9.281543591356275,-3.164336430086195,0.2246443629264831,-0.3713347613811493,0.0458031482994556,-0.5790838104407822,0.8082918208996036,0.0894459810417102,-0.0576695265626802,-1.165399193763733,1.0235024690628052,1.0303120613098145,-2.7359493972241875,5.116565015098452,-4.944720255705714,0.0002564820460975,-0.3580000698566437,2.5938962572440505,0.317504733800888,1.0251785484697669,0.1558842978633008
1640,6.551877,-0.10364,-14.391913,-0.528223,0.530721,0.511096,-0.422015,10.761917757701871,0.9004875352442264,-0.6267386909082532,0.2865751908244565,-9.27450828589201,-3.1736084085613485,-0.1937279105186462,0.2499219328165054,-1.0958441495895386,-0.5790816509315657,0.807379447183238,0.0997367651829049,-0.0534376523045406,-1.6482231616973877,1.0569154024124146,1.7827904224395752,-5.026505973988771,4.735789335978031,-4.091621955884992,-0.0320713073015213,0.0100875161588191,-0.1431110515352338,0.3455744981765747,-0.6326450654078275,-0.0446643724702997
1641,6.592108,-0.111697,-14.395015,-0.530679,0.532747,0.508778,-0.419173,8.559920338878035,1.5836521699905397,-0.1792521130397915,0.9303959129042922,-9.205294464412331,-3.250741624863445,-0.341128945350647,0.8021559119224548,-1.972095370292664,-0.577591761770338,0.8074015745682208,0.1176621833811662,-0.0254194687169605,-1.3252134323120115,1.3724915981292725,2.4795243740081787,-3.4224043056875466,3.2624656726658343,-1.6135089635938404,-0.0285052247345447,0.5074869990348816,0.7994171977113932,0.282539814710617,-1.1127074135147037,-0.2238710069671273
1642,6.678775,-0.123275,-14.407829,0.535216,-0.529222,-0.501856,0.426155,7.960725196194648,-0.9046054919570684,-0.845528449088335,1.921042880892753,-8.996914748826622,-3.396397757771611,-0.5862284898757935,0.2459696829319,-3.08531141281128,-0.5715124561953622,0.8064246653438741,0.151153415953669,0.0143347122926361,-0.5708935260772705,1.6033886671066284,3.142151117324829,-4.964561851251125,2.141374315556884,-0.807504715642333,-0.031995877623558,0.4272497892379761,1.2774939249590038,0.1471370905637741,-0.5149581587906926,-0.3701068759920075
1643,6.723763,-0.123254,-14.415091,0.537397,-0.523774,-0.50037,0.431849,6.701522422468662,-3.73922627581358,-0.3643573360219597,3.1612422634631394,-8.55694570698142,-3.599393734492361,-0.3592072129249573,-0.6605609059333801,-4.094202995300293,-0.5600132921638815,0.79927011111327,0.2113889819711893,0.0535461792374721,-0.0768856704235076,1.362140655517578,3.340296506881714,-5.190642643222213,0.6999290148034691,0.0425074547313153,-0.0070405174046754,0.0724882259964943,0.797756717153266,-0.1285886019468307,-0.1597921372231096,-0.5042675091566517
1644,6.774304,-0.119288,-14.424034,0.537482,-0.521324,-0.495754,0.439957,4.162965482869744,-4.631904014089703,0.5893982635512948,4.457506647604704,-7.856101623159646,-3.818727390290797,-0.1155974417924881,-1.1114420890808103,-4.577003479003906,-0.5454815955355238,0.7811964257717007,0.2905736673019733,0.0880278059665031,-0.3239034414291382,1.1726876497268677,3.053621768951416,-2.942355182388425,0.3691121293336152,0.7969196087419986,0.0589707009494304,-0.2206340730190277,-0.586513136569038,-0.4203185439109802,-0.1455948585744481,-0.2146053486349061
1645,6.865633,-0.111599,-14.440447,0.529481,-0.522304,-0.499766,0.443939,1.7894938915312288,-4.798975567731261,1.3050357196182012,5.668594501981139,-6.917200478368997,-4.023651996986568,0.0750361680984497,-0.7429194450378418,-4.614640712738037,-0.5289860046341599,0.7528847810846204,0.3719054500987447,0.1225753420727415,-0.9350451231002808,1.014663577079773,2.7151095867156982,-0.981681132853031,-0.5837430142685771,1.68963943259418,0.0998961105942726,-0.3498995006084442,-1.7984554888829587,-0.4604232907295227,-0.3739031630024313,0.5327434793934226
1646,6.9114,-0.111643,-14.446887,-0.525417,0.527494,0.503727,-0.438117,-0.4507733444541692,-5.094610372921824,1.2346931863695385,6.7524605825454,-5.82653991535902,-4.077507505814731,0.2191591262817382,-0.0443088002502918,-4.337951183319092,-0.5154813152535169,0.7156889373304033,0.4423622673907048,0.1624311551282632,-0.9123720526695251,0.9301477074623108,2.555485486984253,-0.3839496329814195,-1.9077882625222204,1.9460323607206345,0.114932969212532,-0.3008448183536529,-2.150724035443365,-0.2639044225215912,-0.5457509180698543,1.046240771851316
1647,6.950618,-0.109867,-14.451324,-0.52342,0.531327,0.504504,-0.43497,-2.555935944423079,-5.577823513209819,0.5575874132707714,7.6323910674512385,-4.6775890759438274,-4.0046392534807325,0.1205414310097694,0.1295509189367294,-3.850010395050049,-0.5042224348591142,0.6747451313465459,0.4988975704572721,0.2039115055295442,-0.9163654446601868,0.7475554943084717,2.40474271774292,-0.4517512495756149,-2.99597366759032,1.8299749550014728,0.1345701962709427,-0.2040660679340362,-2.253491459217668,-0.045777540653944,-0.7646783311549573,1.18074656519182
1648,7.024709,-0.099052,-14.4584,-0.530374,0.534019,0.499017,-0.429546,-4.48183386413157,-5.6018193058252335,0.8899722787097096,8.218882795906067,-3.5533085674047467,-3.999292339494824,-0.0988045409321785,-0.1038271561264991,-3.250427961349488,-0.4887485234332592,0.6375790154816191,0.5453440704502395,0.2392021712235399,-0.6820855736732483,0.5322778820991516,2.1760919094085693,-0.0525362429231405,-4.48998326831758,2.5232991647124288,0.1791623532772064,-0.1180061027407646,-2.23976951559633,0.0706623792648315,-0.8197524219926446,0.9045299425028264
1649,7.060316,-0.092034,-14.462018,0.535439,-0.532816,-0.494729,0.429716,-5.881958435720205,-5.244772292816639,1.7404542585521936,8.562866913723946,-2.5176786944821474,-4.06312943637222,-0.3166273832321167,-0.0318803153932094,-2.765228748321533,-0.4696893422751577,0.6065708595305028,0.5824377611414573,0.2687565726886964,-0.3201521039009094,0.4460618197917938,1.8255404233932493,1.0342395876079795,-5.54083964420557,3.086232322925329,0.1874387264251709,0.010703383013606,-0.0705248218798544,-0.0185279287397861,-0.4644888583347201,0.5463297408711165
1650,7.096148,-0.087477,-14.467709,0.537121,-0.529846,-0.492218,0.434149,-6.799433930644392,-7.587391649773717,1.3015063764482735,8.78033536017239,-1.5909294675171377,-4.067557481947541,-0.5709182024002075,0.0957446619868278,-1.9890836477279663,-0.4516184690008166,0.5807203859750281,0.6084008065813632,0.2977465160282205,-0.0652825459837913,0.6768256425857544,1.4234609603881836,0.1394587395727634,-6.207233176892996,3.287057677608728,0.0596227422356605,0.0273025147616863,1.227309359728545,0.0338123254477977,-0.516617689500749,0.6211971311330795
1651,7.177716,-0.093553,-14.480265,0.526377,-0.526253,-0.498039,0.444908,-8.382166063180565,-8.632060861459374,1.7728683354228734,8.827937653824687,-1.133588142849505,-4.117390895652771,-0.5322778224945068,-0.1207934767007827,-0.023847509175539,-0.4379814574904493,0.5736259782492837,0.6171561834395967,0.3134387020997362,-0.4975570142269134,0.0953479632735252,0.872664749622345,-2.5054852756023407,-6.848902602690458,2.978826425695419,-0.0427579283714294,0.1243592277169227,1.466952374714613,0.1855018883943557,-0.6174433315575123,0.8338356001418084
1652,7.219164,-0.101084,-14.486453,-0.513279,0.530999,0.506816,-0.444659,-6.68615826459825,-7.897588064280152,2.465321022996306,8.794999845340847,-1.3106608660236,-4.135275804172456,-0.3018554449081421,0.1492370814085006,1.296307921409607,-0.4374441784368682,0.5860716046031514,0.6061026872471925,0.3127333191878627,-1.7612384557724,-0.4529049396514892,-0.2518044412136078,-1.1920119825065136,-6.425208988341689,1.823744536179304,-0.0600747130811214,0.3509657680988312,2.793718572364748,0.1185761541128158,0.2268613296232186,-0.1153010435270611
1653,7.266533,-0.110423,-14.49165,-0.501537,0.53579,0.514722,-0.443228,-4.916925655329227,-8.0918872320652,1.840410716558993,8.717274216103553,-1.9272481652736664,-4.0577407290712,0.4199787676334381,0.2539846897125244,2.133901357650757,-0.4512091694535117,0.6049558536881545,0.5838797977324642,0.299204249538074,-1.0446611642837524,-0.260474681854248,-1.3062357902526855,-1.7522931649059057,-7.430890589985251,3.855013047897816,-0.2275108098983764,-0.0033238111063838,0.9317688817579298,0.1043272837996482,0.3725962085897102,-0.4231311946930363
1654,7.350606,-0.120088,-14.492629,-0.504068,0.528347,0.51743,-0.446129,-3.908603183788061,-7.60935505977869,0.7252467036724091,8.500083417552709,-2.8639301727101203,-3.964452496781945,0.6547440886497498,0.0103030698373913,2.785518169403076,-0.4734253301063149,0.6271659527505158,0.5556920845368757,0.2715468646101762,0.2153310179710388,-0.401018887758255,-1.9665921926498413,-1.82477855540216,-7.194891630589962,3.0594588822901247,-0.2751481831073761,-0.073578655719757,0.9826661983676254,0.0983915328979492,1.0392395147871225,0.1069064780740998
1655,7.396461,-0.119927,-14.492276,-0.511499,0.51917,0.51381,-0.452582,-2.417860768163204,-7.046271094918251,-0.1975000096529722,8.084488353985547,-3.9929450162947178,-3.855883693252504,0.8152474761009216,-0.0015697677154093,3.3344404697418213,-0.4986091499742577,0.6525778371378785,0.5203244391660862,0.2340803878330059,1.215657114982605,-0.6206029653549194,-2.6118290424346924,-2.6965198886334893,-5.201051224511861,2.0703239262998103,-0.1905401349067688,-0.1012505963444709,1.1173726288467645,0.148556962609291,1.0678388556752354,-0.1404704738985747
1656,7.441136,-0.116665,-14.492366,0.518833,-0.511317,-0.50994,0.457525,-0.3304372385025024,-6.780455089408159,-1.4558426594182847,7.409342775043845,-5.209556602528691,-3.7593265222951766,0.7611162066459656,-0.3514842092990875,3.7231712341308594,-0.5224419614775393,0.6805320991581183,0.4780673326755701,0.1881012168414935,1.7423665523529053,-1.0030986070632937,-3.125652551651001,-4.047233655843138,-3.3350454634472726,0.9385106841683388,-0.051916129887104,-0.0016991421580314,0.5364653129281476,-0.1776237040758133,0.7317940794892609,-0.7514655791647732
1657,7.53602,-0.10743,-14.492034,0.520417,-0.511745,-0.516214,0.448115,2.175950538897514,-5.443866878184676,-1.9078429153189065,6.459036439141631,-6.388277141785621,-3.693391284094752,1.0517374277114868,-0.646377444267273,3.727216243743897,-0.5422474620022435,0.707037774606394,0.434060051550293,0.1328801029514656,2.039400339126587,-1.2580562829971311,-3.341681241989136,-5.0064977897048,-1.7112271411545574,-0.6054642130155116,-0.0173225477337837,0.0489326827228069,-0.1534584589558653,-0.5095472931861877,0.4253971303310245,-0.6794903301477432
1658,7.577446,-0.10383,-14.493011,-0.515539,0.516013,0.519779,-0.444725,3.5778865438222884,-2.4272744931966064,-1.7055322905138135,5.410995120674372,-7.377431386998295,-3.5305876170307395,1.2500845193862915,-0.6204414367675781,3.142416477203369,-0.5605856087519799,0.7242467941213685,0.3943050250726416,0.0757231364137634,1.7788584232330322,-1.7051922082901,-3.414095401763916,-4.888330844485759,-0.038836803394556,-1.6559078433841463,-0.0092223724350333,0.2556733191013336,-1.853794368136674,-0.6783578991889954,-0.0777876798891462,-0.0878720067936461
1659,7.614768,-0.101732,-14.494947,-0.511992,0.516476,0.523186,-0.444289,3.444689202731848,0.377909768295288,-1.2872273834660648,4.464706203719973,-8.120908743888139,-3.20743702840507,1.4741994142532349,-0.3190453946590423,2.576014995574951,-0.579477608679687,0.7306364291951504,0.3601446819778503,0.025923828087688,1.0599658489227295,-1.6670969724655151,-3.4585864543914795,-3.1032419099152087,1.6799501054897903,-2.752835065573454,-0.005510120652616,0.3541204333305359,-2.2202479457855224,-0.5938137173652649,0.0198200869665015,0.5969825812004507
1660,7.690627,-0.095541,-14.504045,-0.495584,0.513639,0.533161,-0.454215,3.435999408058822,1.6601175700336694,-1.8308999608919023,3.648143736875057,-8.680065306171775,-2.7418755724027752,1.31046724319458,0.0964393988251686,2.2502012252807617,-0.60001406307718,0.7301533364314126,0.3266081047514064,-0.0136490389209034,0.5349209904670715,-1.3745265007019043,-3.3203704357147217,-2.386211245924234,3.126872376349568,-3.655556058958173,-0.0268765166401863,0.3103320598602295,-1.80463593108356,-0.3160117864608764,0.2074492115362547,1.1108196270067243
1661,7.726517,-0.091107,-14.50917,-0.486618,0.514063,0.535809,-0.460273,4.044202033062279,1.4553303259819743,-2.539997786056995,2.8944936532780527,-9.06844269246757,-2.3570425807155666,0.7764014601707458,0.0497960373759269,2.089053153991699,-0.6146910741700982,0.7309807592884785,0.2929895193085156,-0.0444880866339828,0.6063624024391174,-1.084410309791565,-2.790492296218872,-2.251179675143957,3.969969214376807,-4.13237891368717,-0.0613454096019268,0.175768181681633,-1.6109012653134762,0.0211882907897233,0.488266039763391,1.194280804221332
1662,7.763028,-0.090177,-14.512538,-0.485186,0.513903,0.534163,-0.463862,5.033310977828503,1.3759481617093086,-2.588764447313547,2.139417482400685,-9.32963512983024,-2.133349560663849,0.6096392273902893,-0.3881476521492004,1.9516332149505613,-0.6209350336146267,0.7339753821262242,0.2646709249622205,-0.0752934196741199,0.8289811015129089,-0.8578011393547058,-2.1086721420288086,-1.7184645450621845,4.663449491432309,-4.660408808562159,-0.0377640016376972,0.0790394395589828,-1.1050698313083498,0.1715470552444458,0.645733168105036,0.8606201466929168
1663,7.83606,-0.095181,-14.507149,-0.49848,0.517535,0.527541,-0.453184,6.176267545264959,1.8968144485652445,-2.587851716382801,1.3956947724476456,-9.510825809717176,-1.94078101606369,0.5993055701255798,-0.6586710214614868,1.7443331480026243,-0.6237226604085261,0.7347073979540651,0.2432228026523658,-0.1096258743793367,0.7962090373039246,-0.433722972869873,-1.3771114349365234,-1.4171978714644908,5.195681221911311,-5.194789826029539,0.0648686364293098,0.0930274948477745,0.3267077696505934,0.092320829629898,0.7673172282911837,0.314812603064999
1664,7.878468,-0.102403,-14.506604,-0.502906,0.524384,0.528074,-0.439596,7.673080805236101,1.5988351260751483,-2.938295677864552,0.7373012255381792,-9.622553661799431,-1.741619941330701,0.5874736905097961,-0.531584620475769,1.4643524885177612,-0.6254760047508308,0.7333454205708495,0.2258371147317638,-0.1413573926675136,0.3046315908432007,0.0071313888765871,-0.5129069089889526,-2.481216511264443,5.564851803433895,-5.863372393193841,0.133356899023056,-0.0374642349779605,1.5540388297542929,0.0190444402396678,1.1913774109300226,0.353323279777728
1665,7.919919,-0.110608,-14.506023,-0.504989,0.530454,0.529111,-0.428539,9.862779298979044,3.4279490803331134,-3.903107216720283,-0.0206648375448188,-9.71362509482205,-1.3473771701328456,0.233461394906044,0.109192319214344,0.1492314785718917,-0.6327666436368856,0.7270237563483969,0.2003336549477215,-0.1758100293869319,-1.1158660650253296,0.8861990571022034,1.109725832939148,-2.3887147531777617,5.236943791148066,-4.905105453675985,0.2882817387580871,-0.3760019242763519,3.925092838557065,-0.0862679481506347,1.3320249949611722,-0.1270453669324983
1666,8.005389,-0.124692,-14.51615,-0.51173,0.530116,0.521751,-0.429983,10.63241810208559,1.5543383972227574,-4.5587376555919645,0.1902711361116729,-9.706295774847268,-1.3863644879139958,-0.3932367265224457,0.2642875015735626,-1.1608599424362185,-0.6337735321509624,0.7268110566790987,0.2059869080841814,-0.1662714415584676,-1.6301594972610474,1.1392074823379517,1.8008965253829956,-4.6386984965354205,5.26970390497744,-4.861662325529754,0.2207177579402923,-0.2027427405118942,1.4750177538789808,0.0556546300649642,0.2503344318050891,0.0854538580023217
1667,8.048255,-0.12729,-14.521665,-0.516469,0.526254,0.51731,-0.434405,8.538176124581694,1.1352642593681812,-3.826618143540621,0.8315319993745535,-9.632883917155862,-1.6390448252581058,-1.0073504447937012,0.439909815788269,-1.9691708087921145,-0.6304721255736992,0.7295697883574537,0.2264861037046243,-0.137611016990817,-1.718647003173828,1.2580041885375977,2.4151298999786377,-4.816084523442387,4.143631252324581,-2.9337580344349146,0.1352496892213821,-0.0512077212333679,-0.5507389356154948,0.2732025682926178,-0.7978832661423831,0.3575157995641231
1668,8.092889,-0.125391,-14.527988,0.522097,-0.521398,-0.510182,0.441897,7.392101717385649,0.354440629902482,-2.551964118182659,1.7553944919221105,-9.412902026581763,-2.118075857555866,-1.5613017082214355,0.3286636769771576,-2.813713312149048,-0.6187113140651602,0.7355664343810026,0.2587157476535793,-0.0959398676368099,-0.8729756474494934,1.3819111585617063,3.2412357330322266,-4.352502550819516,2.1764409527629613,-1.1401757045462726,0.1114092320203781,0.1645398586988449,0.4419671933924779,0.1725079715251922,-0.662850014861673,-0.3539028332313522
1669,8.189503,-0.115697,-14.537995,0.531136,-0.517377,-0.493424,0.454697,7.107642386204004,-3.75060224083066,-2.1994398432955147,3.0011253512650726,-8.925497864344715,-2.738451735433936,-1.8512580394744875,-0.0394615121185779,-3.866596937179565,-0.5987534870728837,0.7377158344023651,0.3088648930045622,-0.0432675095291328,-0.2219688147306442,1.6736305952072144,3.7448043823242174,-4.753370000854134,1.0934440562486647,-0.321828984633088,0.160253033041954,0.1062712296843528,0.6367814345601945,-0.065809778869152,-0.0438716831560712,-0.3942601241914555
1670,8.235156,-0.112056,-14.540821,0.530615,-0.521264,-0.496235,0.447753,1.500206994062662,-6.345876508429647,0.9653057521134616,5.64289307449162,-6.985038335320353,-3.94174732849896,-1.6588786840438845,0.2830538749694824,-4.0169548988342285,-0.5413493421389184,0.719067945421099,0.4288525020420359,0.0772506377536934,-0.8213081955909729,1.1064966917037964,3.1156609058380127,-2.4187357974320647,-0.4276711396776139,0.9001958588212728,0.2255762815475464,-0.2901982069015503,-1.297598555354774,-0.4398497939109802,-0.0232447230863617,0.047422059980873
1671,8.279593,-0.110627,-14.543153,-0.525906,0.528595,0.500111,-0.440339,-0.6108271282881498,-5.578565856009721,1.8706728760927915,6.721578537547588,-5.781472108620405,-4.1911037821173664,-1.221123456954956,0.662847101688385,-3.837201595306397,-0.5168517417817485,0.6978816091208844,0.4760757185798551,0.1384827459521493,-1.4593487977981567,0.9433865547180176,2.667581081390381,-0.9854974762707948,-1.9692231205634767,1.6283990742117165,0.1634967476129531,-0.2291894704103469,-1.899020872568339,-0.3398197889328003,-0.3999072632329538,0.7756542640037835
1672,8.356008,-0.106143,-14.548226,-0.522143,0.535829,0.496715,-0.439919,-2.475558923894167,-5.723078371840715,1.8585320641830565,7.616959105041623,-4.541313642582297,-4.186744417864084,-0.7208204865455627,0.6925408840179443,-3.680748701095581,-0.4981930292667521,0.6679616943800386,0.5170026395461093,0.1958042180693621,-1.3647494316101074,0.820816159248352,2.430625438690185,-0.949394481754303,-3.6698046568021176,1.5728735863447187,0.1006344482302665,-0.1619897633790969,-1.856164750529825,-0.0458611436188221,-0.4619354840574786,1.1288326188854874
1673,8.397105,-0.10224,-14.54761,-0.527291,0.537675,0.495714,-0.432594,-4.496609408459067,-6.109625035578012,1.61309015365988,8.253560141533614,-3.334751741197705,-4.114432630369067,-0.4400582015514374,0.2471866905689239,-3.2752022743225098,-0.4809350654131263,0.6337225446456833,0.5551336889466538,0.2427421910842341,-0.7549749612808228,0.5490525364875793,2.25495982170105,-1.1489309656709432,-5.48880609010756,2.3096856401264665,0.0952317267656326,-0.1491558849811554,-2.115459683708101,0.1193733662366867,-0.3757570472408086,0.9012041590809822
1674,8.436917,-0.098613,-14.547374,-0.528168,0.541546,0.49728,-0.424828,-7.9228429170459505,-6.78138623277843,1.9801082333236928,8.793585302367806,-1.4648429813452064,-4.086258090764284,-0.3833642303943634,0.5392184853553772,-1.7888238430023191,-0.4482400876978778,0.5778442160155404,0.6119127734821365,0.3012304087995022,-0.0789863765239715,0.5237690210342407,1.4883463382720947,0.8673176715701818,-6.902519626587629,3.546219485926628,0.1250900775194168,-0.0412996225059032,0.666391267665103,-0.0157425105571746,-0.0134373956254916,0.3631763826090842
1675,8.517297,-0.099887,-14.551871,-0.524678,0.546528,0.494206,-0.426357,-9.191520206081869,-8.899514112782478,1.531893048919737,8.942522648903728,-1.1025624515973032,-3.8711768317133184,-0.2010562866926193,0.6864676475524902,0.1405270546674728,-0.4468708051374029,0.56637868250734,0.6136695198939154,0.3208291282442448,-0.0006383038125932,0.2766274511814117,0.9875837564468384,-1.4752759664237498,-7.84089470167756,3.5836639581799505,-0.0009810900082811,-0.0032292669638991,1.6745210661783814,0.0505936294794082,-0.2296863056497648,0.6539395631752908
1676,8.557396,-0.104828,-14.552613,-0.522795,0.547365,0.493906,-0.427941,-7.517049116525054,-7.782067249655723,1.047109298314154,8.985292700093984,-1.419747994338721,-3.663222648063302,0.0143862534314394,0.4646609723567962,1.459143042564392,-0.4592557989154801,0.5739599761083787,0.5977811715524977,0.3198619398164464,-0.5711750388145447,-0.35274538397789,0.0161644797772169,-1.7307295678734778,-7.716169420856237,2.6453274615347384,-0.0604957342147827,0.2649067640304565,0.7246146893791854,0.2787261605262756,-0.5595517721462995,0.3677077058957889
1677,8.599698,-0.111909,-14.551508,-0.518594,0.551118,0.496386,-0.425359,-5.9250961511790745,-7.575701211979985,1.1248749673008918,8.895701861017942,-2.0899898730173705,-3.559328850607574,0.4489047825336456,0.0099684661254286,2.198246717453003,-0.4754178421208179,0.5921223854309527,0.5752098297763065,0.3041424324540598,-0.841093897819519,-0.2234446704387664,-1.202093482017517,-0.1876999156504869,-7.170531096315384,3.4677520984113213,-0.2532059252262115,-0.0170243494212627,2.400992343209684,0.0800333172082901,0.5675916150106117,-0.4962720534233376
1678,8.686718,-0.126072,-14.54552,-0.516561,0.553386,0.500464,-0.420077,-5.6597664678812025,-7.301922849288582,0.0994493852674961,8.56543004221022,-3.118241326126456,-3.616681261640787,1.0323984622955322,-0.9861254692077636,3.1320695877075195,-0.4952935893414898,0.6163602786959153,0.5518146769745728,0.2651129839375221,0.1185024678707122,-0.3990684151649475,-2.06571102142334,-1.827864246457815,-7.4329638891279695,3.557555703455209,-0.2538623511791229,0.1679827719926834,2.7797864931240674,-0.126299500465393,1.173485488147661,-0.287803636640869
1679,8.731387,-0.129238,-14.541053,-0.522751,0.547103,0.49898,-0.422409,-2.14393744404316,-7.367298700040578,-0.7761813566178083,7.826426615864038,-4.399604201473295,-3.944736281181872,1.0971741676330566,-1.9520002603530884,3.3820464611053467,-0.508929875018496,0.6485473599668943,0.5296337384980294,0.1996620113331144,1.2059822082519531,-0.7434223890304565,-2.660641670227051,-4.194571165966988,-6.447592085063457,2.3611668210387227,-0.2907382249832153,-0.1750448346138,-0.3300452435102313,0.3955453038215637,0.7763030833013356,1.2343481723241507
1680,8.777598,-0.128777,-14.538013,-0.531364,0.538997,0.49366,-0.428292,-0.4979091896384954,-6.486347055393457,0.08237725443542,6.8159092646270985,-5.550951288375258,-4.347498458921909,1.4797323942184448,-2.276313781738281,3.21478271484375,-0.512480018406596,0.677555726144112,0.5124245957717631,0.1253140967617684,1.2518212795257568,-1.334625005722046,-3.4459705352783203,-3.7618104480654,-3.3768855403110383,0.743686031204462,-0.211506649851799,-0.3833176493644714,0.2580471616068854,0.2993415594100952,1.4106557563446462,-0.1442639204979408
1681,8.868211,-0.121489,-14.529675,0.543778,-0.532969,-0.492226,0.421856,1.3049094628900288,-5.743902548682689,-0.3050023529946803,5.660720992127061,-6.7104352122426025,-4.369976248189807,2.5372862815856934,-1.7538081407546997,3.229722738265991,-0.5247093456919236,0.692709949207649,0.4929094256122278,0.0432825840392975,1.5522892475128174,-1.302724003791809,-3.7826294898986816,-4.236782998752593,-1.7259391187265514,-0.7647317418426275,-0.1211834251880645,-0.2891601920127868,0.4110261116838082,-0.063783623278141,1.0464728270415216,-0.5212711413297801
1682,8.910769,-0.1185,-14.527886,0.540399,-0.537217,-0.495771,0.416627,3.2046307388126847,-4.704117017385364,-2.1243504077807067,4.52085800679177,-7.818753012496233,-3.820900350415706,2.9881691932678223,-0.9187198281288148,3.052246332168579,-0.5512596939567359,0.6928303409266098,0.4634628512411077,-0.0360676730263569,2.512048482894897,-1.3887841701507568,-3.455869197845459,-5.995367957279086,-1.3439841666936874,-1.288945731691271,-0.0454358235001564,-0.0524193793535232,-1.3414213304683564,-0.2276334315538406,0.2011713916420936,0.1303273386120796
1683,8.950654,-0.115409,-14.527732,-0.53566,0.538309,0.499747,-0.416587,4.146385811729729,-2.376191371691226,-3.393715386819839,3.507876895789802,-8.67080472587347,-2.946579229824245,2.7373077869415283,-0.1776985228061676,2.618360757827759,-0.5826341155661844,0.6845164155044727,0.4262288241967822,-0.1015074351028954,2.321134567260742,-1.656745433807373,-3.078915596008301,-4.791683072635531,0.8248726145505905,-2.6152672543138262,0.0296013131737709,0.1244464069604873,-1.5804726631715893,-0.3049909472465515,0.3768985819587483,0.3148465418672189
1684,9.024954,-0.103903,-14.534555,-0.521965,0.53416,0.506592,-0.430802,4.0683419103235,0.2244640044242143,-3.737446698920429,2.6686417016267776,-9.206460001060366,-2.0711852193042635,1.9682711362838743,0.6475588083267212,2.247438907623291,-0.6107002348041921,0.6763133574268336,0.3849692179358067,-0.1464379265350257,1.3495491743087769,-1.6315491199493408,-2.874396800994873,-2.6983815908521414,2.56193956875205,-3.716553840756416,0.0216963849961757,0.089422807097435,-2.0673275209628046,-0.3045145571231842,0.3762016492031514,0.5561002069203183
1685,9.062523,-0.097714,-14.538275,-0.515919,0.530786,0.509877,-0.438315,4.007648079907894,1.8640128336817023,-4.023177657473087,1.915607411840558,-9.511094105264544,-1.4282704696208235,0.9311760067939758,1.30739164352417,2.1706838607788086,-0.6309929339784651,0.6773464163965376,0.3376734555174844,-0.1703718541497679,0.7147905826568604,-1.338943362236023,-2.5160508155822754,-1.2854349470913409,3.909560630643368,-4.6506528459623455,-0.0469654090702533,0.0895541757345199,-1.392568457120657,-0.201033353805542,0.5241369060244411,0.7689781472407281
1686,9.100248,-0.094737,-14.540172,-0.513622,0.526712,0.511385,-0.444131,4.950787008398771,1.4341495907872914,-3.9670226395308967,1.1798656176388262,-9.66331997195184,-1.182606148518622,0.0355748869478702,1.1901121139526367,2.0022683143615723,-0.6376184053481107,0.6895490403798796,0.2912357385265275,-0.1820622677590477,0.6680092215538025,-1.090420484542847,-2.0702784061431885,-1.43944886623919,3.9336511158049103,-5.046443431124091,-0.1599712073802948,-0.0095480997115373,-1.9279772102005777,-0.0092910313978791,0.5907730590358377,0.9040793491911142
1687,9.182263,-0.106316,-14.538101,-0.515965,0.525378,0.511582,-0.442767,5.592787858107686,2.0284785887390373,-2.677976516205072,0.4926739193335175,-9.722544898858668,-1.18312257360816,-0.1091059371829032,0.9798442125320436,1.8155382871627808,-0.6350189171454086,0.7050440657503969,0.2514663576708246,-0.1908625600584958,0.5325936079025269,-1.1301145553588867,-1.437665343284607,-1.6689093637764454,4.494937091332674,-5.8081327365309,-0.1313081532716751,-0.0310711208730936,-0.5883130986630917,-0.0269982982426881,0.9692362234301864,0.4605287955973297
1688,9.223669,-0.113779,-14.535795,-0.516828,0.529017,0.515176,-0.433155,7.1003884695529935,1.4790706825315951,-2.6390084876462816,-0.1061770312883891,-9.733079736876489,-1.1942581539981068,0.0132878087460994,0.7357631921768188,1.4286471605300903,-0.6320870520593157,0.716790109198318,0.2170303213072252,-0.1989363080635558,-0.1314498335123062,-0.6279715895652771,-0.8764023184776306,-1.4695429757297038,5.166682506442069,-6.291451090759039,-0.0557576194405555,-0.0556038916110992,0.9320183264743536,-0.1045336574316024,1.226063012929261,0.3211514872303232
1689,9.272747,-0.122501,-14.537705,-0.516942,0.532819,0.518806,-0.423929,8.128896235510707,1.3302373808920382,-2.895368390285969,-0.5211708227604628,-9.72475848325491,-1.1523286452852188,0.2438873946666717,0.484568327665329,0.8582084774971008,-0.6316233076678271,0.7221330073359602,0.1930707934649536,-0.2056689390345584,-0.9662717580795288,-0.3622314631938934,-0.2525419592857361,-3.3687036951601503,5.49255404446423,-6.864945390474796,0.0267019756138324,-0.2437337934970855,0.447681150592491,-0.1797100603580474,1.250392567543685,0.2470820972119458
1690,9.358276,-0.131209,-14.545021,-0.524723,0.52977,0.507907,-0.431324,8.779950744768977,2.010985017624497,-3.612561551362276,-0.7246594053037464,-9.720314363327622,-1.0773797142196446,0.1137424707412719,0.6023066639900208,0.2785171568393707,-0.6344711721247575,0.7236204126984112,0.176930996656285,-0.2061923087416898,-1.3585913181304932,0.3933300077915191,0.4567440152168274,-2.5053590188741683,5.281028432068228,-5.5047945173561565,0.1374847292900085,-0.2587183117866516,4.180077361190319,-0.3079025447368622,1.6963165722705422,-0.0402512687357841
1691,9.407472,-0.131218,-14.552588,0.530751,-0.521814,-0.503966,0.438214,9.976529596799612,0.3938473421394824,-4.052382709169388,-0.626573344278708,-9.719860774341225,-1.1410896045207977,-0.2851313650608063,0.9488003849983216,-0.6166160702705383,-0.6359782921016418,0.7273294525257366,0.170795916615543,-0.1932670901884561,-1.3350484371185305,1.1303837299346924,1.2682150602340698,-4.925228204250336,5.340031240656971,-5.161588982695341,0.0652504339814186,-0.260541707277298,0.7997950180478394,-0.1031285971403122,0.0041439508122683,0.1405103218517731
1692,9.455604,-0.129865,-14.558761,0.534523,-0.515123,-0.502413,0.4433,8.594140588387846,1.7692109819591044,-3.693262981539964,-0.1759780963378027,-9.7140699159801,-1.3327649996735156,-0.6984795331954956,1.5032508373260498,-1.395171284675598,-0.6375067822665272,0.7341331716484409,0.1702956018038073,-0.1601030873997231,-1.389087796211243,1.4573590755462646,2.051067590713501,-4.011849038729071,5.102977803772688,-3.220514828903973,0.1039782240986824,0.4020285606384277,0.6307254224568605,-0.0273642931133508,-1.1526504976507277,0.0240794477442977
1693,9.557134,-0.122077,-14.571154,0.533739,-0.510216,-0.500627,0.451857,8.92362213360071,-0.1598258202970028,-4.217894758409262,0.6760794257257133,-9.624230070579053,-1.757134905848652,-1.5613528490066528,1.1232126951217651,-2.712401390075684,-0.6309341247697683,0.7450350735836228,0.1857732098231644,-0.1110554426618407,-0.3697113990783691,2.1091420650482178,2.922304391860962,-5.186746804827451,2.7264970937460657,-1.2095360948897895,0.0453912578523159,0.5168746113777161,1.1214208082590251,-0.0752309560775756,-0.8005047737523913,-0.3943069955404847
1694,9.602617,-0.118899,-14.575326,0.531124,-0.510871,-0.505934,0.448273,6.9664955474138255,-3.71447586543858,-3.0533161417514085,2.002333363004774,-9.287533771681783,-2.4295548592187464,-2.1483163833618164,0.6555452346801758,-3.761919260025024,-0.6113414825972349,0.7563945273617195,0.2274646008053507,-0.0488739114843691,-0.1438420563936233,1.7031890153884888,3.311355829238892,-6.441700688937306,1.8924036463856693,-1.2339103654287755,0.0613188929855823,0.2668870389461517,0.8869899749632925,-0.2609024047851562,0.0214631277660606,-0.1069778080109506
1695,9.6441,-0.117185,-14.578643,0.528422,-0.514822,-0.509047,0.443396,4.707112399809062,-4.396430539873242,-0.4109609740257263,3.487491694886982,-8.593010707575083,-3.1887209297582504,-2.213820219039917,0.2379572391510009,-4.27564811706543,-0.5806364333228022,0.7627700562154116,0.2841854363086765,0.0167864177899419,-1.042083978652954,1.3415266275405884,3.0838277339935303,-4.2994454988926645,1.272029229812324,-0.5391349339962005,0.1509261280298233,-0.1257248520851135,-0.9171195210933684,-0.4288391172885895,-0.2052612913042306,0.2832453522820025
1696,9.729516,-0.112446,-14.577792,0.527807,-0.524349,-0.5079,0.434183,2.183378643071652,-4.068261830824613,1.7888211068361997,4.981270409467816,-7.568756507408619,-3.751169227063656,-1.4905894994735718,0.4218506813049316,-4.658872127532959,-0.5492837507232373,0.7555270775284537,0.3470378066141658,0.083851231862034,-1.6690696477890017,0.958457350730896,2.75543212890625,-1.8018641282826664,-0.1768389144182205,1.775274227520823,0.2390675097703933,-0.1797986179590225,-2.5435510946244,-0.4994204044342041,-0.7664367921948433,0.7489803382202982
1697,9.768749,-0.107878,-14.576432,0.532038,-0.52812,-0.507444,0.424884,-0.3925122941434383,-4.697392093044519,1.874944269801676,6.362453549221158,-6.347807768753171,-3.9236324106156815,-0.6252620816230774,0.5549389123916626,-4.627440929412842,-0.5269003614704172,0.7301255922083923,0.4086149701598955,0.1494201317064554,-1.576621413230896,0.8804234862327576,2.6418240070343018,0.0202571906089782,-1.8968458666168155,2.3491835377782584,0.2672532498836517,-0.0435231253504753,-1.712495845916122,-0.3906492888927459,-0.6600983050007373,1.0851656919207424
1698,9.816638,-0.105136,-14.576731,0.534523,-0.531613,-0.506285,0.418746,-2.346597028416395,-6.763441995286941,0.5895908635139465,7.427691501682997,-5.075585938978195,-3.903614873981476,-0.2495587617158889,0.2720174193382263,-4.082190990447998,-0.5092567261365879,0.6946011660890261,0.4653581296170335,0.2040309089457092,-1.3124581575393677,0.9436854124069214,2.657703399658203,-1.2618255234450102,-3.080441464564204,1.7770307157993317,0.2505220770835876,-0.105515219271183,-0.7966627844367176,-0.2051518410444259,-0.3385862408297136,1.1060698751963671
1699,9.89624,-0.106172,-14.581605,0.533738,-0.532711,-0.501196,0.424437,-4.386466779741645,-6.884862389343977,0.4342623546361923,8.114986952623724,-3.886201966887712,-3.900617153470218,-0.4157820045948028,0.0997696295380592,-3.224632501602173,-0.4904987836367089,0.6608115091318202,0.5120588680651704,0.246038281918962,-1.078919768333435,0.3894863128662109,2.736002922058105,-3.0324843661248684,-5.153872124707698,2.301975942531973,0.2547632157802582,-0.0979039222002029,-1.181430017411336,-0.1037002354860305,-0.5049034324400127,0.9225526520580052
1700,9.945924,-0.114252,-14.583399,-0.528156,0.535832,0.503036,-0.42531,-6.216984171056748,-6.254467221754789,1.4170739528238772,8.492373573827743,-2.934928247258067,-3.928890185013413,-0.6131516695022583,0.2567348778247833,-1.9726063013076784,-0.471217007570183,0.6378708751098534,0.5416995506807891,0.2786340011090198,-0.8775690793991089,0.1656622886657714,2.3518083095550537,-0.7908733143150806,-6.187288705495,2.826847227245569,0.1885770559310913,-0.0185314863920211,-0.5854628237985074,-0.0910204946994781,-0.4732103633202612,0.4039491590349003
1701,9.991172,-0.121851,-14.582952,-0.520808,0.541477,0.507398,-0.422029,-6.4671969492435455,-5.961490237596631,1.643672338928282,8.712511531746387,-2.343098080384731,-3.843495920844376,-0.5998427867889404,0.5870316028594971,-0.9991050362586976,-0.4599256506503889,0.6250927802256983,0.5524697031899704,0.3041459949520642,-0.3706411123275757,0.3025027513504028,1.7105412483215332,0.4802081132531166,-7.487153744477033,3.666258070236444,0.0315534546971321,0.0758925825357437,1.0220273909624666,-0.1187258660793304,-0.3032024274332449,-0.1258504489263519
1702,10.082236,-0.135671,-14.575311,-0.522021,0.5416,0.508929,-0.418515,-6.101700672319531,-7.872399262487888,0.9799676069334148,8.857875111448765,-2.0472269822202622,-3.676586864288151,-0.4695553481578827,0.5876483917236328,-0.2131217718124389,-0.4559666450739797,0.6197050466111502,0.5508351956848051,0.3234820664763932,0.285292774438858,0.1530922651290893,0.928531527519226,-1.308232469832897,-8.753723247578739,4.080497043019533,-0.2005185782909393,0.0532013028860092,1.1946553366221486,-0.0165525954216718,-0.1638032725606113,0.2274807766958139
1703,10.126627,-0.139219,-14.571109,-0.529859,0.535615,0.504954,-0.421174,-7.011425406986475,-6.265910991311073,1.574199574251473,8.919752598690986,-2.0623196296729147,-3.514999295015633,-0.112446554005146,0.348334938287735,0.5648282766342163,-0.4590561775865651,0.6207864329562066,0.5420694542471317,0.3317412751478995,-0.7144070267677307,-0.4951085150241852,-0.2620123028755188,-0.5481050069153308,-7.388171976721287,2.4722704037427903,-0.2107243984937667,0.4418345987796783,1.2050967242028563,0.2315369695425033,-0.0987902546384837,-0.1067108733036089
1704,10.172734,-0.139868,-14.567258,0.537349,-0.5287,-0.499674,0.426682,-5.870345739337802,-6.950172189122438,0.7904328770712018,8.843195428711175,-2.4267184667490422,-3.475529746675491,0.3247125744819641,-0.0991708487272262,1.3564995527267456,-0.4679687325345372,0.6293933497523082,0.530157254445152,0.3221840224834065,-0.5868610739707947,-0.3818556368350982,-1.3723915815353394,-1.0529103858083486,-8.072301657107472,3.692494919776917,-0.3656500577926636,0.1797483265399933,0.5136433498650789,0.341113269329071,0.0354394845398841,-0.3653886883636936
1705,10.267608,-0.136266,-14.556175,0.548455,-0.520778,-0.500111,0.421754,-4.6855479259938,-7.220263387733698,0.3230117646768689,8.616975520530342,-3.101289606803656,-3.5071500428199767,0.3934106528759002,-0.1723702400922775,2.2767019271850586,-0.4814517871308468,0.64599226497922,0.5113793920791835,0.2989803168274949,-0.0001426897943019,-0.6158023476600647,-2.0243782997131348,-2.151978127157688,-7.395916307237744,2.396338672184944,-0.4001536965370178,-0.141934797167778,1.5429901969954372,0.4216248989105224,1.262729340416938,0.3103242786698043
1706,10.312287,-0.135366,-14.554134,0.545732,-0.521608,-0.5053,0.418059,-2.843832264316082,-6.362500895494223,-0.2189054935142397,8.219861870071291,-4.075320517164468,-3.463525712887942,0.480806827545166,0.0102256797254085,3.070273399353028,-0.501984487369565,0.668831342725661,0.4788061256719551,0.2672468746451623,0.6993408203125,-0.9214147329330444,-2.745275020599365,-2.828581503692269,-5.634416338047385,1.2831611569404602,-0.2774112224578857,-0.1523274034261703,0.8354208235066384,0.5331977009773254,1.1637203923933208,0.080416521422239
1707,10.355811,-0.135947,-14.554749,0.53919,-0.523203,-0.510585,0.418135,-0.90978727850914,-4.995351541790366,-1.1926853517234324,7.625223660039901,-5.159803852844238,-3.3767975697666404,0.488067477941513,-0.1018623039126396,3.2984533309936523,-0.524489520934858,0.6932418970580576,0.4377035992531478,0.2296561498437126,1.129490852355957,-0.9484108090400696,-3.3625948429107666,-3.3691906018942595,-3.916306305511296,0.5182510993888602,-0.1749779134988784,-0.0479637905955314,-0.3035728316482156,0.2085073888301849,0.5627119897428899,-0.7820628158718347
1708,10.432612,-0.131006,-14.560504,-0.520126,0.523717,0.521767,-0.427726,1.0810837563693525,-3.936180342021584,-1.8784484785303472,6.851057734897732,-6.183214003401995,-3.3168206554487347,0.6527626514434814,-0.3515253067016601,3.2148845195770264,-0.5440772371190258,0.715498680749346,0.3964497865932646,0.1867333029833414,1.5820831060409546,-0.8693864941596985,-3.5519800186157227,-4.333470518091321,-2.7639266606912014,-0.4700934734087437,-0.1191823035478591,0.0348030515015125,-0.351172823745571,-0.2677553594112396,0.2417856347716413,-0.6752814072158188
1709,10.471192,-0.127964,-14.561078,-0.51128,0.520952,0.525252,-0.437393,2.4606091920435427,-2.027325327050686,-2.03489868491441,6.0012482474893325,-7.044155710199475,-3.2458129362896084,0.5326893329620361,-0.3216077387332916,2.792555093765259,-0.5603727166897283,0.7325946476835358,0.3588808759316647,0.1431507269976829,2.124293327331543,-1.2106283903121948,-3.5324413776397705,-5.748472340816259,-1.4160605379976332,-1.4642210500545798,-0.102526843547821,0.3189908564090729,-1.482977188450843,-0.4302504062652588,-0.0559237482032738,0.0898861504944972
1710,10.508191,-0.124628,-14.56259,-0.506355,0.517078,0.526454,-0.446184,2.4446862312465907,0.101415132382512,-1.4147536931827664,5.242946246433258,-7.657965653690695,-3.168197197167576,0.2161180078983307,0.0993011370301246,2.299701452255249,-0.5712255492544381,0.746073661510106,0.3238937911776875,0.1103101066346844,1.9814666509628296,-1.3220467567443848,-3.4761202335357666,-4.158405043086409,0.8076824102967977,-2.631614578002691,-0.154464304447174,0.3220297992229461,-1.6007766155317424,-0.267900675535202,0.0441056289092637,0.6850058786988258
1711,10.57725,-0.126762,-14.562411,-0.509535,0.513967,0.522843,-0.450385,2.320015310961008,1.3247837916612624,-1.39620856718868,4.588751977844536,-8.10082164914906,-3.0806486775740978,0.0324361957609653,0.3282172977924347,2.0833499431610107,-0.5789204878588327,0.7574370272792467,0.2887187554372595,0.0882133261937477,1.649153709411621,-1.218718409538269,-3.344097852706909,-2.6542835059285164,2.679651755940914,-3.488369354504347,-0.2535842061042785,0.201549232006073,-1.2985408046409488,-0.0001206604065373,0.3300463760213926,0.9026634179785848
1712,10.616203,-0.130824,-14.559505,-0.514419,0.515392,0.521017,-0.445292,2.9847967322766777,1.3451444426447152,-1.8130363874211903,3.960334247808158,-8.420610067865251,-3.0950776004210114,-0.3587206304073334,0.0204615835100412,1.895050287246704,-0.580847728099663,0.7696832864322117,0.255719919463621,0.06936166325174,1.5266398191452026,-1.020315408706665,-2.8540596961975098,-2.2046908956915137,3.654753510403633,-4.09818409087956,-0.317351222038269,0.0345239900052547,-1.135087149235606,0.2269960641860962,0.6239492793854325,1.049747318667546
1713,10.656897,-0.137129,-14.556039,0.519899,-0.519643,-0.518416,0.436945,3.831309516227245,1.064289857956767,-0.9443807452455164,3.3032623779565093,-8.63939544213116,-3.25879049128443,-0.3227008879184723,-0.3611046373844147,1.831506848335266,-0.5759025880497471,0.7834360686758401,0.2288667660701703,0.0467358378124155,1.4264732599258425,-0.9891203045845032,-2.1257147789001465,-2.2270658091068265,4.141753183493018,-4.826696226088703,-0.3419605195522308,-0.0116794370114803,-1.8801305863983928,0.3775340914726257,0.4369239019956439,1.0161575490809975
1714,10.738665,-0.153338,-14.550884,0.531022,-0.529675,-0.506947,0.424811,4.450358821676671,2.020596895578504,-0.4052399660304188,2.607299344174564,-8.838685842332243,-3.354105260965228,-0.0049750194884836,-0.2959960401058197,1.9061245918273928,-0.5732113274446344,0.793435785247407,0.203645367013969,0.0204218572179278,1.0006994009017944,-0.9522647857666016,-1.3803846836090088,-1.5738398010283707,5.142252414062619,-5.534684044185281,-0.2432909905910492,0.1042925789952278,-0.1716947381964884,0.259274959564209,0.94821579336375,0.2652735874627717
1715,10.782069,-0.158805,-14.550599,0.537873,-0.530441,-0.501657,0.421504,6.248305191993713,1.7280366755276917,-1.0912442081168294,1.892579149083048,-9.016137335690855,-3.3612226917549965,0.0928562209010124,-0.284863531589508,1.8610364198684688,-0.5732297369230335,0.8001689744824385,0.1763640496896243,-0.005751825881235,0.114110380411148,-0.4180553257465362,-0.6843773126602173,-1.9312182379484173,5.585428727516532,-6.294957053053379,-0.2114066928625106,-0.072128489613533,1.0358285372998566,0.1416418552398681,1.3663772002875805,0.2926869882356375
1716,10.832933,-0.159974,-14.552632,0.544882,-0.52855,-0.496472,0.421016,7.986753955942392,2.117438728696108,-1.4176280795753002,1.2351127269558608,-9.142178959807753,-3.3264839713290333,0.1659593433141708,-0.276713877916336,1.4974819421768188,-0.5739832319076795,0.8039280088847578,0.1526539894542157,-0.0306589759003828,-1.3093044757843018,-0.4821768999099731,-0.0729914978146553,-3.28878844692409,6.177205702897906,-7.128464809480309,-0.1556965410709381,-0.3244457542896271,-0.0238335444085416,0.1565506756305694,1.063641111724451,0.4358796536397188
1717,10.923621,-0.152047,-14.560327,0.549292,-0.525017,-0.487316,0.430301,8.89855666592717,2.7081343385815617,-1.5514064354240893,0.7660870289091021,-9.192230984699725,-3.3296222693547604,-0.2635130882263183,0.0784739330410957,0.9418578147888184,-0.5727728189965816,0.8073751377703843,0.1338240811339774,-0.0465598036461428,-1.9107741117477417,0.5505496859550476,0.4932608604431152,-1.6528811890393496,5.9082116518735885,-5.322220858678222,0.0160427764058113,-0.4587937295436859,4.6917952959507705,-0.0564177483320236,2.0942678425975143,-0.0659531939822249
1718,10.969651,-0.150584,-14.562137,0.548988,-0.526402,-0.488781,0.427326,9.776455937266348,2.4928181017309425,-0.5040481307849287,0.6788727097060531,-9.135978936123848,-3.499056168213486,-0.5566648244857788,0.7117859125137329,-0.1851757019758224,-0.5654344120780562,0.8143119595378984,0.1236860943224881,-0.0433783379424348,-1.6511012315750122,0.7982318997383118,1.3425413370132446,-5.246598923721909,5.6667754698604345,-4.97343021736145,0.0451480112969875,-0.0299923811107873,0.9036975102666764,0.1616716980934143,0.3296032718963921,0.2614098247067071
1719,11.010315,-0.148577,-14.562078,0.548872,-0.530211,-0.490755,0.420447,9.067011198359728,1.9500082786142825,-0.3859729555025696,1.0686921115037054,-9.045674980342389,-3.633741994296014,-0.3851772546768188,0.779551088809967,-1.3268440961837769,-0.5606434967291537,0.8180528613872838,0.1267232962238985,-0.0202413053768846,-1.1077580451965332,1.6100770235061646,2.3471720218658447,-3.810477740600705,4.80606406468749,-2.5644556432262062,0.003242683596909,0.194400280714035,0.7043475618980825,0.4288229942321777,-0.4755700051236897,0.508007426337339
1720,11.083244,-0.146505,-14.558443,0.554833,-0.539187,-0.487489,0.404713,8.528564831149577,-0.3286100230753421,-0.9029904579758644,1.8297987216517329,-8.874102608150244,-3.7513378616288304,-0.4104626476764679,0.0332876145839691,-2.563217163085937,-0.5555539786116434,0.8171104364911933,0.1536083779537422,0.0097367857018992,-0.597292423248291,1.6937233209609983,3.2055141925811768,-6.40347938709259,3.0140818634718656,-1.9364409410327672,-0.0081542180851101,0.5840398073196411,0.7874262426011264,0.4348481893539428,-0.7139628739181906,-0.0838281199640128
1721,11.119327,-0.14311,-14.554608,0.559283,-0.544061,-0.485479,0.394349,7.32029729489088,-2.934806666705012,-0.3620677637800574,2.8549095386475325,-8.519652625897526,-3.9287905240312218,-0.422634482383728,-0.5514660477638245,-3.55401873588562,-0.5459677579853491,0.8108204247035646,0.2070816500211235,0.0400828268320145,-0.7109941840171814,1.4309120178222656,3.535309076309204,-6.125900463074445,1.7380708705469965,-0.8310476499237119,-0.0063227266073226,0.5516512393951416,0.6480730092294513,0.1820401549339294,-0.4654978892467916,-0.3886581029333174
1722,11.155665,-0.139534,-14.552625,0.561302,-0.549409,-0.482334,0.38787,5.073544204017519,-4.045225823152065,0.7850944386526941,4.035644340336322,-7.926379859000444,-4.129943210972845,-0.3364352285861969,-0.4133759438991546,-4.090826034545898,-0.532765380164594,0.7970639850076365,0.2743310073851458,0.074782624015689,-1.0720826387405396,1.1141937971115112,3.2556698322296143,-4.472486774593591,0.5029793325096369,0.3109334235440939,-0.0954182967543602,0.4002610146999359,0.0348634633337729,-0.1028217524290084,-0.4606902332367375,-0.3297644903400912
1723,11.223904,-0.143015,-14.550445,0.563698,-0.554467,-0.475331,0.385839,2.4483874238520857,-4.27688879916966,1.4456652565360069,5.27949698471725,-7.101404953119158,-4.226979105357826,-0.1489278823137283,0.1853170096874237,-4.27517032623291,-0.5200266358111112,0.774033889458844,0.3411561202560297,0.118559636014602,-1.6043246984481812,0.7487096190452576,2.859731674194336,-2.8065181404441595,-0.8351520165026187,1.4020710294812917,-0.1410733014345169,0.1362072229385376,-0.4517430662691593,-0.3025736212730407,-0.2849907894435338,0.0569606306700734
1724,11.262335,-0.147536,-14.548153,0.560842,-0.559317,-0.475944,0.382228,0.0141845926970243,-4.6267017692714925,1.1930787349551917,6.463925964748859,-6.108897305825352,-4.131512067724764,0.1631794720888137,0.5257911682128906,-4.150469303131104,-0.5109973920685652,0.7414350712223159,0.4011514982161194,0.1680270289125668,-1.8084660768508911,0.3842868208885193,2.7119486331939697,-2.0151485670447347,-2.341062336773425,1.3870932405799627,-0.1036081686615943,-0.1175510957837104,-1.1920710192173718,-0.3600409924983978,-0.4163033579669892,0.605189524259977
1725,11.297016,-0.154175,-14.544976,-0.555652,0.56695,0.479142,-0.374488,-1.9820307258188723,-5.044086638864875,0.7006786641269922,7.427940508008003,-5.049567700624466,-3.9367408985137935,0.3934327363967895,0.3406023383140564,-3.7831976413726807,-0.5040579862659458,0.7026700939042444,0.4549424867472826,0.2126206381288176,-1.7267464399337769,0.3352340757846832,2.6022050380706787,-1.1751619699925184,-3.5344460460245606,1.0792004268407822,-0.0571245402097702,-0.2046528756618499,-1.5347687504865228,-0.2349378019571304,-0.3260047724803909,0.9539998566579072
1726,11.377024,-0.164771,-14.532419,-0.55514,0.570802,0.48029,-0.367867,-3.410488242444396,-5.837048449891805,0.2444125674754381,8.079332286396623,-4.015690516588092,-3.8430473002940415,0.2450097650289535,-0.15389484167099,-3.218313217163086,-0.493715772621256,0.6651413783515412,0.5035154734778475,0.2455685228804545,-1.409250020980835,0.2561354637145996,2.52445912361145,-0.9435603687733412,-5.137507265362143,1.4302034835100172,-0.0247255116701126,-0.2859636843204498,-1.7960377602167426,-0.1019720733165741,-0.2332224804192781,0.899942249386385
1727,11.407599,-0.163232,-14.526805,-0.56083,0.563628,0.476934,-0.374603,-4.838896659231185,-5.521213737237453,1.2298732188671826,8.474193774014712,-3.0434447360783814,-3.885342719709873,-0.1142228320240974,-0.0215398371219635,-2.744091033935547,-0.4775730118060953,0.6343186777161031,0.5438172216208491,0.2717107541454558,-0.7806859016418457,0.1497620344161987,2.359416961669922,-0.0195662857353687,-6.437880838388204,2.085242093968392,-0.0184821188449859,-0.1302137076854705,-1.371663616257906,-0.0386029258370399,-0.4572777579121291,0.6665291417658329
1728,11.447018,-0.16114,-14.520546,0.567158,-0.554937,-0.47085,0.385588,-6.6818976845443245,-7.15363958274722,1.0166793809980152,8.762307536050677,-2.1725237793192265,-3.8304637130528687,-0.3832798302173614,0.3936165571212768,-1.926685333251953,-0.463197735477766,0.6086103164177504,0.5699936622671525,0.3002472593793535,-0.1140359714627265,0.3301692605018616,2.013689517974853,0.636024697908759,-8.013620920079946,2.743101607066393,-0.0625450313091278,0.0891950875520706,0.5115210970140993,0.0105121629312634,-0.1982103498794138,0.3245877452893182
1729,11.525171,-0.154935,-14.502515,0.583108,-0.538473,-0.463426,0.394042,-7.320799983716011,-8.137633668717742,0.7157181200876832,8.931202213466166,-1.636096204585582,-3.7050288226574657,-0.4808430075645447,0.4761552512645721,-0.7719306945800781,-0.4548880366486718,0.5944094399005238,0.5792938104403458,0.3227585830554229,0.5434931516647339,0.1069502383470535,1.3989776372909546,-1.614121542534232,-9.497204111599922,3.334315103346109,-0.1885444968938827,0.0699994191527366,1.077722828568891,0.0638450905680656,-0.1364061014033388,0.3968394000949338
1730,11.565592,-0.151675,-14.493053,0.587138,-0.536922,-0.464187,0.389249,-7.98353148676455,-7.5343948036015025,0.9963128847956656,9.001516105142235,-1.5002743602104485,-3.590580313439667,-0.4880487620830536,0.3058597445487976,0.4899146258831024,-0.4523188647521377,0.5945302621776142,0.5741101133178801,0.335170102045776,-0.3560560643672943,-0.4396460652351379,0.3866918683052063,-1.555277139377594,-8.903073851090669,2.098009221082925,-0.1583769619464874,0.4325475394725799,2.522487556068599,0.0890786275267601,0.1416194430042989,-0.1230684535250067
1731,11.604318,-0.15009,-14.48494,0.58785,-0.537836,-0.465962,0.384765,-6.303412162187695,-7.852638330963254,0.698321579606831,8.968905628916621,-1.855400195898116,-3.5052234586715696,-0.2089203298091888,0.3295113742351532,1.665467619895935,-0.4592778174181397,0.6080345134720966,0.5558873012772712,0.3321854666871271,-0.3626423180103302,-0.2768021523952484,-1.174638748168945,-1.2444061866104603,-9.890902985179425,3.519398114496469,-0.2543565928936004,0.0346661955118179,2.010399911212921,0.0976360514760017,0.7943666363235563,-0.1262504536951426
1732,11.677397,-0.152618,-14.476618,0.577923,-0.541199,-0.474801,0.384283,-4.805510522457957,-7.242151978936791,0.4862029697537421,8.818192504879832,-2.612232416662573,-3.403836967861652,-0.0858238190412521,0.3577761948108673,2.7111053466796875,-0.4749511831628221,0.631191235894121,0.5245426624871208,0.3176066614656679,0.3027596771717071,-0.5272113680839539,-2.420254230499268,-2.029400964280963,-8.13194977786243,2.254341938567161,-0.2440955638885498,-0.1078913211822509,1.2549046381406486,0.1569718122482299,1.2802654354989529,0.3771867512503639
1733,11.71341,-0.150399,-14.473489,0.568205,-0.545068,-0.480757,0.385898,-2.432072248867154,-5.812971408733725,-0.5882613684758543,8.490449327766894,-3.6563951401308175,-3.2731367042839525,0.0946195125579834,0.2653138339519501,3.190027475357056,-0.4973571338040473,0.6588851905816776,0.4824456802340349,0.2928350004546622,1.3987736701965332,-0.5200880169868469,-3.218355178833008,-2.578648126968741,-6.870794116503,1.3861580055564642,-0.2869268655776977,-0.2289419621229171,0.1129746190066449,0.3319354951381683,1.0363844176169483,0.0078244277108315
1734,11.754664,-0.148373,-14.468553,0.562894,-0.546576,-0.48229,0.389618,-0.3673158935666084,-4.845616907396912,-1.435461842429638,7.954092041790485,-4.721612926587462,-3.257173411476612,0.2780959606170654,-0.3005933165550232,3.147820949554444,-0.5166854802710913,0.6867632063641116,0.440937554779744,0.2587788541112184,2.208411693572998,-0.7983032464981079,-3.5633413791656494,-4.089207003697752,-4.633399513344466,0.147350369605422,-0.3603648245334625,0.0818446576595306,-0.5977643792279065,0.1175167635083198,0.5424064299475402,-0.8660099499724805
1735,11.822186,-0.146162,-14.452614,0.568161,-0.545086,-0.475473,0.392427,1.4432587799161671,-4.512734029307961,-2.302859593498707,7.239014265432953,-5.729959948047995,-3.3067548962473867,0.6000986099243164,-0.6751082539558411,3.0504744052886963,-0.5338876305704137,0.710461014116781,0.4047749120484139,0.2153287807641743,2.7814438343048096,-0.9685092568397522,-3.5500917434692383,-5.369689881339669,-2.9243139142632484,-1.0380740512043236,-0.4318259954452514,0.2592384219169616,-0.3705442810285836,-0.2299365252256393,0.6321739407647401,-0.6581222556874156
1736,11.856478,-0.148419,-14.44175,0.572782,-0.547738,-0.471834,0.386364,2.005673467212916,-3.233928729489445,-2.287707909335196,6.618391134795546,-6.407821215689182,-3.3626080086335537,0.6300982236862183,-0.8907620906829834,2.904471635818481,-0.5445120023431925,0.7253529433394764,0.381193390945139,0.1790571829124755,2.8849778175354004,-1.3742561340332031,-3.410030126571656,-6.6151230729103085,-1.3464640008106827,-2.37034849088192,-0.3881212472915649,0.4083555936813354,-1.2428817535221577,-0.5050309300422668,0.3409078156450763,-0.0619798927373485
1737,11.892371,-0.152718,-14.429896,0.576932,-0.552136,-0.469998,0.376028,2.1730998256415126,-0.588019668674469,-1.571875515218079,5.7322536119431255,-7.210941432636976,-3.3636209850683807,0.7536042332649231,-0.5836613774299622,2.858763694763184,-0.5579895073959605,0.7410070507291113,0.3498649607593755,0.1309604582290004,2.211372375488281,-1.5130425691604614,-3.411101818084717,-5.048658769086003,0.8516720664098858,-3.796906311365962,-0.3515850901603699,0.2855595350265503,-0.974515771268308,-0.5267122387886047,0.3403810152919962,0.7981611332356929
1738,11.965789,-0.164408,-14.40919,0.585455,-0.558844,-0.461387,0.363399,2.961168896190822,1.1267027672499417,-1.9883377170085903,4.843928515918552,-7.881793113777041,-3.2533179050922394,0.3730645477771759,-0.1312296092510223,2.6914725303649902,-0.5709562328587088,0.753369127546819,0.3135410750437504,0.0901993316087627,1.676284670829773,-1.5014431476593018,-3.351919651031494,-4.014895566818118,2.085405175575614,-4.642084047320485,-0.3317914009094238,0.160521775484085,-1.250705725146085,-0.310374915599823,0.2629624061772599,1.2909652548201382
1739,12.003178,-0.170535,-14.400485,0.59027,-0.559321,-0.454797,0.363181,3.9010716192394495,1.3754519026249643,-1.9504171516761184,4.022089277714491,-8.335095684447884,-3.243354729482532,-0.3318467736244201,0.1839895993471145,2.404040813446045,-0.5752058592356648,0.7681287201621854,0.2744874099834906,0.0614255258627365,1.3016564846038818,-1.2858822345733645,-3.01636266708374,-3.076869451296329,3.2352976797550914,-5.250714542347192,-0.3089921176433563,0.0611840300261974,-0.9778758953511716,-0.0605206564068794,0.5529914272500202,1.2862035933762788
1740,12.042433,-0.174135,-14.39126,0.596004,-0.559371,-0.448684,0.361339,4.640747538019716,0.8956658141762017,-1.1045675078094004,3.2936370559990404,-8.593772924119234,-3.3866558236971493,-0.7041068077087402,0.4665157794952392,2.195369005203247,-0.5704936301071472,0.7858194791646834,0.2348598425128278,0.0431940223449877,0.9221366047859192,-1.1297757625579834,-2.302817106246948,-2.9367922875642773,4.526068727177381,-6.088534316754341,-0.352091521024704,0.0015069446526467,-1.065530286471918,0.1298911571502685,0.5996541019646451,1.0128893410652875
1741,12.12574,-0.168406,-14.373466,0.611109,-0.561389,-0.427686,0.358431,5.078613762366771,1.3308388539165257,-0.2188540555879473,2.631463479094207,-8.746428414395451,-3.570119124691188,-0.6987786293029785,0.5896711945533752,2.0601131916046143,-0.5630449791700163,0.8026815563737725,0.1942362976199207,0.0309008366528725,0.4034197032451629,-0.982682764530182,-1.4400180578231812,-2.3526187729239463,5.350322917568684,-6.086769060647487,-0.2985467612743377,0.0590981505811214,0.1668711904975585,0.0795642733573913,0.8393699264585971,0.2642824027346447
1742,12.164693,-0.166389,-14.363518,0.616899,-0.562922,-0.419493,0.355781,6.236475637990236,1.3666273756563665,-0.0707347474366426,2.034144943937659,-8.834592435538768,-3.7393385040163993,-0.5049549341201782,0.413750410079956,1.7448971271514893,-0.5558266022542756,0.8160732173348313,0.1570914234644878,0.0200924820551536,-0.1401064395904541,-0.3942528963088989,-0.4466737508773803,-2.6226269694268702,5.974952361238002,-7.486563961890339,-0.1912292540073394,-0.1658637076616287,1.3545711732901633,-0.1049242243170738,1.4628994460619986,0.3005656126562506
1743,12.203836,-0.1664,-14.352059,0.618236,-0.570293,-0.41611,0.345547,6.988141562032699,1.936600515508652,0.1233949090003967,1.5362641036108136,-8.896694379186629,-3.828721545560658,-0.089323490858078,0.1423647999763488,1.3016109466552734,-0.5520106043023434,0.8237416280445968,0.1290744029017676,0.0085915631282508,-1.251899480819702,-0.2244926244020462,0.0238813888281583,-2.5011750111877915,6.987284068420529,-7.848285980972647,-0.0236188620328903,-0.5275239944458008,0.6176040020119399,-0.1142020747065544,1.45751146941334,0.6601575609073043
1744,12.269886,-0.167159,-14.327075,0.620429,-0.588959,-0.406646,0.320677,7.12555330594778,3.4449890624612567,0.2289700836718082,1.1640705210052429,-8.968113601756095,-3.793187875364721,0.2166564315557479,0.0421431064605712,0.8472653031349182,-0.5537114426918265,0.8253427824543459,0.1104900475041111,-0.0022154709605061,-1.3331669569015503,0.8466815948486328,0.5393761396408081,-1.6019313385248184,6.315126565378904,-5.630490689036249,0.2316903620958328,-0.3640869259834289,3.294022255924344,-0.2294100970029831,1.6223616937436165,0.0433710218912456
1745,12.297448,-0.168743,-14.312745,0.628138,-0.597609,-0.395157,0.303573,9.028899202108382,2.112843217599392,-0.778890031054616,0.9990652522437274,-9.026849283841251,-3.6997640339970586,0.3144237995147705,0.0682499855756759,-0.0111253652721643,-0.5579502156453907,0.8235042158021861,0.1023537022517017,-0.007492516041925,-0.747864842414856,1.439285159111023,1.565945386886597,-4.631040090736747,5.677545285677909,-4.883863928204774,0.2439598739147186,-0.3877841830253601,0.4045078523635864,0.0657078400254249,0.5165090414945036,0.7638140424758195
1746,12.323744,-0.168058,-14.296889,0.637541,-0.604152,-0.383422,0.285535,8.325147121885418,3.013286913701892,-0.9575161211505532,1.196443608278409,-9.064782416394351,-3.545229598106444,0.419918417930603,0.1787470877170562,-0.9744118452072144,-0.5650161092500693,0.8178505385360143,0.1089812101144324,-0.0007024420349431,-0.6037606596946716,1.6496490240097046,2.526299238204956,-3.996868327218294,4.5712008313238615,-2.8273516696363687,0.1655745208263397,-0.2084241509437561,-1.1393213527392596,0.3244518935680389,-0.6330844797383993,0.8824657755371182
1747,12.375184,-0.165027,-14.268532,0.646852,-0.61794,-0.3611,0.263323,7.498016499274969,2.402941431450844,-1.398174314303696,1.755722554832697,-9.00001563745141,-3.476720125503838,-0.1751904934644699,0.2971627116203308,-1.952680587768555,-0.5677711515340987,0.8126221488009225,0.130033217410186,0.0193051945226712,-0.6256388425827026,2.044391870498657,3.1759355068206787,-3.881135331147909,3.1212317401140925,-1.2640794398516415,0.1055387258529663,0.3229557871818542,0.4394061107328161,0.3349617421627044,-0.5171136563241482,-0.0218275840141461
1748,12.402329,-0.164208,-14.255075,0.650169,-0.621824,-0.350405,0.260445,7.364372583460807,-1.2686042237997055,-1.5167314278841018,2.677208746702969,-8.717611485233903,-3.6064109197780487,-0.6598386168479919,0.4424386322498321,-2.9457006454467773,-0.5596340895209052,0.8102405337810313,0.1654873493933607,0.0541657598316782,-1.2108689546585083,1.7540106773376465,3.537487745285034,-6.786549899151921,1.682643582357466,-0.7700801171332597,0.0316477268934249,0.5634443163871765,0.3439118928318843,0.149675115942955,-0.3889268734047189,-0.2666286735998466
1749,12.430404,-0.16525,-14.240845,0.651753,-0.625408,-0.342097,0.258944,2.740928354680538,-4.286597123235464,-0.284293911486864,5.145272638666629,-7.447984348127245,-3.7714837008178232,-0.360422283411026,0.8383661508560181,-3.673215627670288,-0.5319094449531526,0.7906340074381483,0.2592103796867693,0.1574172610336387,-1.7250473499298096,0.6648936867713928,2.855342388153076,-3.616412381571531,-1.622793801550567,2.130199426069856,-0.0139484517276287,0.1574236750602722,-0.1356731931520625,-0.3888557851314544,0.1078901370828971,0.0112610219840775
1750,12.479345,-0.173135,-14.209145,0.652319,-0.633686,-0.332158,0.250188,0.6068722531825304,-3.775758893918991,0.0078977675125002,6.296357567501068,-6.5899360246837135,-3.619251112128794,0.089241474866867,0.8526234030723572,-3.66173267364502,-0.5210101328799777,0.7684050287054832,0.3067314250757431,0.2098043485221322,-1.2232894897460938,0.2425957322120666,2.600287914276123,-2.0876286968439817,-3.208119457711279,2.392398410126567,0.0007935613393783,-0.0360073372721672,-0.7902172615591436,-0.5120539665222168,-0.3036366541320457,0.5801096627349034
1751,12.508355,-0.179561,-14.188238,0.65658,-0.633628,-0.327808,0.244869,-2.7540520401477813,-4.765502629457414,-0.8969102612793445,8.042544232225417,-4.615129112638533,-3.1919378459781407,0.3991249799728393,0.0739884376525878,-3.344226121902466,-0.5014339782169636,0.706040668104341,0.405277816336679,0.2929513620825931,-0.8976516723632812,0.1539546549320221,2.216672897338867,-0.8681126213401555,-4.646846147155761,1.367707572108507,-0.0138194831088185,-0.2434956580400467,-1.108847084824741,-0.2660582363605499,0.1003907212382182,0.8844963315166533
1752,12.535664,-0.185454,-14.168303,0.662086,-0.631211,-0.323274,0.242301,-4.761049449440836,-4.944703304570913,-0.4575780560329556,8.560648653152585,-3.613968787811696,-3.134473206742108,0.2658932209014892,-0.0237301997840404,-2.8921828269958496,-0.4868164382628479,0.6758476382175886,0.4506036199222554,0.3212415635563234,-0.4749550223350525,-0.0508677847683429,2.043867349624634,-0.1587497154980897,-6.021273967429996,1.7924550794243812,-0.0488624274730682,-0.3012689352035522,-1.7002835762053727,-0.1062821820378303,-0.2717780922522768,1.0139910186968744
1753,12.596579,-0.189338,-14.121866,0.674964,-0.624103,-0.313412,0.238101,-6.447292225334048,-5.232855645051599,-0.3738838737800717,8.876210978606343,-2.7636282622665167,-3.1218007721737027,0.0103013459593057,0.0239574909210205,-2.081507444381714,-0.4721392307183052,0.6511475784184626,0.4849478111670048,0.3433905378229978,0.0059863091446459,-0.0111304922029376,1.731755256652832,1.335501000508666,-6.999957087510824,1.9862550655156368,-0.0827564746141433,-0.2261082231998443,-0.2100693309067748,-0.0355649888515472,0.0271219960612594,0.4018638041282072
1754,12.62621,-0.187328,-14.097964,0.682455,-0.620927,-0.309608,0.229885,-7.117458262297511,-6.496293864390253,-0.7022261858299375,9.057956369766591,-2.139890214478969,-3.0894407635778185,-0.4990825653076172,0.207145944237709,-1.1959515810012815,-0.4589872653295449,0.6357952995186317,0.5032712749455429,0.3630604722106962,0.6477644443511963,0.1757646650075912,1.267362356185913,0.706141605708003,-8.121596726152301,2.342943766605854,-0.169588416814804,-0.1516655534505844,0.7934697605490684,-0.0552677363157272,0.1689444896402768,0.1468498636042233
1755,12.654742,-0.183248,-14.073578,0.68569,-0.622057,-0.307854,0.219318,-7.180234159684181,-7.07562695326209,-0.0425903107091784,9.132256116208431,-1.830803368649632,-3.0692730048179624,-0.7361672520637512,0.2466291785240173,-0.0612553544342517,-0.447855641701491,0.6341571565056869,0.5043154435725862,0.3780686702082866,0.3746916353702545,-0.2302529960870742,0.4539775550365448,-1.0765116261482237,-8.335959023278951,1.805278320640325,-0.2806931436061859,0.1122161373496055,0.3329874344419687,0.0370060317218303,-0.2164275590933859,0.0992077859308104
1756,12.702486,-0.181645,-14.029555,0.686085,-0.632072,-0.29605,0.20525,-6.637512014850974,-6.392652872651815,0.3587105623066425,9.132270144733786,-1.9399168004497884,-3.0014599900469183,-0.3344379663467407,0.2907311916351318,1.0522903203964231,-0.4473654993245581,0.6417482100483995,0.4911121125321367,0.3831870066231676,-0.1303403675556183,-0.2289346158504486,-0.776893138885498,-0.4230120618253946,-8.146489175346494,1.7408669310063123,-0.4810609519481659,0.0800358429551124,2.13548818012774,0.0156852509826421,0.8560835992418229,-0.4484447553761303
1757,12.724062,-0.182341,-14.007746,0.685153,-0.63837,-0.290146,0.197142,-5.0348254740446805,-6.165668994361162,-0.5363149081394076,9.015783115425704,-2.465278352898359,-2.967897619923949,-0.2743652760982513,-0.0732007324695587,1.9329406023025515,-0.4572720359113896,0.6573795190387619,0.4681589873391818,0.3736061120435337,0.9467743039131165,-0.3266839385032654,-1.8020598888397217,-1.5818015736877915,-8.132630161342025,2.592560916987061,-0.6450024247169495,0.2654447555541992,0.429658404504694,0.0842069908976554,0.6794644650541245,-0.1197765906390734
1758,12.745454,-0.18152,-13.984579,0.683223,-0.645947,-0.285275,0.185949,-1.4198808269381522,-5.934826102554798,-0.5253603834047913,8.26535287065804,-4.100471325033903,-3.3227199426203966,-0.4325852692127228,-0.4059496819972992,2.8881139755249023,-0.4762068751868887,0.7118834881136905,0.4032784061724856,0.322204099554272,2.939637422561645,-0.8849315643310547,-3.061366558074951,-4.514527342465519,-5.034879250058531,0.2218348432307131,-0.9231144785881042,0.0621599555015563,-1.0066382447812705,0.2146005630493164,0.7597941393099725,-0.8054829274911433
1759,12.78221,-0.180553,-13.935626,0.691036,-0.651815,-0.262993,0.168648,-0.2058773773759603,-3.489917168468237,-0.1288406071856618,7.711551113405823,-5.012043148872256,-3.4032056842207905,-0.1000921800732612,0.2668818831443786,2.9961562156677246,-0.4897374558914539,0.7378031948528666,0.3593906633354836,0.2943503388425972,2.660078287124634,-0.9590041637420654,-3.4546782970428467,-2.8604385312020777,-2.3344234832808373,-1.2704337773144243,-1.077232003211975,0.2486058920621872,0.2896176089939661,-0.2623572945594787,0.7923840842042118,-1.2273847630523145
1760,12.798227,-0.18225,-13.911742,0.697667,-0.65246,-0.247444,0.16226,1.2683482032120228,-3.76100731498897,-2.129883199727535,7.1529568611800665,-5.823580481031537,-3.3303935459882017,-0.6160163283348083,0.5290144681930542,2.676319122314453,-0.5048752710454253,0.7570715259216845,0.3108786231234389,0.2744052143928203,2.948421001434326,-1.100438117980957,-3.168912410736084,-5.5978959949016565,-1.7269520951613784,-1.7977467560917135,-1.1622791290283203,0.4462723135948181,-0.5952873215898871,-0.6340386867523193,0.3010578348862938,-0.5355304432308301
1761,12.820108,-0.187287,-13.885136,0.70277,-0.653541,-0.238171,0.149241,0.7792378215789795,-2.951169187963009,-1.124289276367426,6.588917787551879,-6.417341908228397,-3.40209830750078,-1.0898512601852417,0.635919988155365,2.658231496810913,-0.5078976117035392,0.7783308638198524,0.2601149765846334,0.2618803280901915,2.6703155040740967,-1.5277135372161863,-2.637003898620605,-5.329097758710384,-0.7212412674233317,-3.317026407153904,-1.1676573753356934,0.5873864889144897,-0.2388588606047444,-0.8465822339057922,0.5837532068690284,-0.0492330777584807
1762,12.857418,-0.195769,-13.828282,0.708533,-0.65699,-0.230867,0.114216,0.8224398344457149,-1.961281952300668,-0.3136506466135382,5.940879995766282,-6.959363211315869,-3.527546641899645,-1.1276297569274902,0.6590017080307007,2.890601396560669,-0.5078390474636855,0.7989070085519171,0.2039667064434357,0.249488754825421,2.1559207439422607,-1.54992413520813,-2.242660999298096,-3.901896379625797,0.5495996293872595,-4.623372040326893,-1.1323760747909546,0.5220790505409241,-0.5889170559056103,-0.8104820251464844,0.6684631785683334,0.7123886103387922
1763,12.882924,-0.199404,-13.799736,0.711109,-0.658418,-0.221574,0.10823,1.7013789702266453,-1.4581822082817553,0.1467389597088098,5.16489094685018,-7.446601369336247,-3.7473183968544,-1.2271190881729126,0.3952705562114715,3.030998706817627,-0.5049485012498424,0.8185713635418025,0.1449171909060282,0.232307702588512,1.6365737915039062,-1.5822166204452517,-1.9919198751449585,-3.091318247887492,1.526416078813374,-5.574404644677043,-1.0572044849395752,0.4296045899391174,-0.8448672817658632,-0.5242645740509033,0.8050945126954465,1.3610837700545788
1764,12.905601,-0.20328,-13.772081,0.714968,-0.657963,-0.210496,0.107694,2.5035125142246484,-0.8926993655860423,1.0308785867422818,4.275818247328698,-7.832668140602111,-4.066576361955702,-1.2056690454483032,0.1572269797325134,3.0913426876068115,-0.4989202098928883,0.8365983231553464,0.0862608538520471,0.2091431053378614,0.8690246343612671,-1.5730178356170654,-1.8340641260147093,-2.1999790647387503,2.3140292222887275,-6.190622818353772,-0.9509544372558594,0.3013680279254913,-1.28239236452505,-0.1895113736391067,0.8178225499086081,1.4327705575190484
1765,12.956998,-0.204742,-13.710354,0.723942,-0.656151,-0.187063,0.101891,3.0480753184884786,0.3261450942665338,2.2322388278305527,3.2715696010977027,-8.115081645169854,-4.428619283555448,-1.1210966110229492,0.035091433674097,3.312350988388061,-0.4917191605009332,0.8514946963896827,0.0274503920595107,0.1800431023415777,0.1384932249784469,-1.459149718284607,-1.7979187965393066,-1.2101654788345098,2.981453559328616,-6.575715776151418,-0.8870764374732971,0.2662921547889709,-1.2696252374105157,0.0773803293704986,0.8383711977448314,1.3164135843314229
1766,12.98002,-0.202102,-13.679332,0.726626,-0.657581,-0.172776,0.098744,5.026839735987783,0.785299898096919,2.7969857574671506,2.191080303490162,-8.288878123152255,-4.760680616128444,-0.9627194404602052,0.2417111247777938,3.3560848236083984,-0.484723854590562,0.8611088013177112,-0.0349112406586165,0.1493845067001654,-0.5812056064605713,-1.0127506256103516,-1.6833579540252686,-0.8976187018096446,3.7325276549577713,-6.99474198321104,-0.8696013689041138,0.1816067844629287,-0.3565933874895796,0.2350998669862747,1.166959155118838,0.9914414793670177
1767,13.000853,-0.199176,-13.648143,0.728513,-0.657491,-0.166514,0.096162,7.861422525921464,0.5296913983464241,2.367913957211375,1.220083719323948,-8.347359538215398,-5.000339267075062,-0.6322517395019531,0.487626850605011,2.829574584960937,-0.4791048306209698,0.863701602826836,-0.0946884271701971,0.1245483871712405,-1.1076797246932983,-0.5169151425361633,-1.2826805114746094,-2.0184820953816174,4.3696442397564645,-7.336321962496638,-0.8499976992607117,0.052532285451889,0.7980437174011021,0.3677093982696533,1.474883021583408,0.9817605547647924
1768,13.047163,-0.194343,-13.586401,0.729912,-0.661765,-0.153935,0.074832,9.145978352090715,0.7665776619702577,2.0039684168607,0.5304867134425789,-8.314297811090945,-5.173142057844996,-0.540984570980072,0.6095947027206421,1.980287790298462,-0.4735211200218597,0.8622320789125943,-0.1425226013995408,0.1096395726937601,-1.3689494132995603,0.0346225090324878,-0.469260424375534,-2.834999554041028,5.008010532355308,-7.102079491379857,-0.7494534254074097,0.039470300078392,0.5548553579583764,0.4351763427257538,1.0794937837641685,0.659031114160642
1769,13.061007,-0.195174,-13.5587,0.732327,-0.663342,-0.14064,0.062414,10.239764353644848,0.8940911122053861,2.0995073506861925,0.1771075935580767,-8.243243330180645,-5.309234535855055,-0.2859861552715301,1.0730524063110352,1.133016586303711,-0.466683283715779,0.8596014463689154,-0.1782722355889627,0.1072900087089876,-1.0810236930847168,1.0648298263549805,0.783442497253418,-2.643069453474879,4.754344398844242,-5.690502966928482,-0.7067752480506897,-0.047973409295082,2.557805537687242,0.3358725607395172,1.1941919568940995,0.0808794262262526
1770,13.074739,-0.195489,-13.530206,0.736801,-0.662397,-0.127079,0.046965,10.644254670351742,1.2431056254059076,1.058378003564477,0.2647755930790677,-8.249139402481912,-5.296415386292338,0.3241758942604065,1.5848859548568726,0.1399950683116912,-0.4629258964237885,0.8540286580665104,-0.2016855705847533,0.1251307792346705,-0.0520865842700004,1.5732662677764893,2.1963956356048584,-3.670645491540432,4.374048612195253,-2.0686910644009706,-0.6869584918022156,0.1249266788363456,0.4557110200520604,0.2357778251171112,0.2745506439718417,0.1315930294326506
1771,13.091462,-0.190054,-13.472884,0.742092,-0.662807,-0.098888,0.014412,9.626102294191718,2.9291140080213545,-0.7277969726771116,0.7488713248878717,-8.329982871478796,-5.120638548147678,0.3993334174156189,1.7016091346740725,-1.0119001865386963,-0.4622736281841079,0.8471312369587423,-0.2084431916209645,0.1588178992608143,-0.2598951756954193,1.5869636535644531,2.9124348163604736,-2.5568974829316136,4.272145988556742,-2.849923566928506,-0.6614640355110168,0.5968125462532043,-0.4480076791331172,0.1502774357795715,-0.6830936884019524,0.0800757999594788
1772,13.100773,-0.183823,-13.44754,0.742079,-0.66541,-0.080259,0.010355,7.74889446337223,2.5009137299031017,-1.8525620498627424,1.6290433634646235,-8.304906882411242,-4.954302323043346,0.1051155775785446,2.076794385910034,-1.9874566793441768,-0.4531713225594409,0.8444461338433114,-0.1987708067609126,0.2050282608242464,-0.714457094669342,2.178534746170044,3.056116104125977,-2.723085239475965,3.252560949245095,-1.2660904874131085,-0.734049379825592,0.7334515452384949,-0.1052176756037864,0.0069444868713617,-0.5882472668852656,-0.1193705853877589
1773,13.110679,-0.181511,-13.421922,0.741756,-0.667581,-0.063169,0.011989,6.394532695049048,0.0179816468924283,-3.552804125013948,2.8146140608772634,-8.115619989830256,-4.731282672208548,0.2702202796936035,1.7563000917434692,-2.8218376636505127,-0.4364154715453487,0.8427828734987609,-0.1759128087131934,0.2613679737531367,0.1905598938465118,1.9427298307418823,3.100260734558105,-5.20722728279829,0.0721522130191326,0.857882319226861,-0.8000087738037109,0.5114137530326843,0.5463465824080631,-0.2353815883398056,0.351169681940414,-0.1783500313672237
1774,13.132411,-0.188321,-13.357764,0.736878,-0.673448,-0.058982,-0.0009,4.239643356619775,-0.8434218321979046,-4.1001588980838655,4.077812918502092,-7.758794510617852,-4.398060186901688,0.9288523197174072,0.4745173752307892,-3.8525683879852295,-0.4235503122868631,0.8416451144013319,-0.1259847545044834,0.3104295044809163,0.8669654726982117,1.7326117753982544,2.9365100860595703,-4.440473095217347,-0.7898892717137932,1.1577356188952923,-0.7738390564918518,0.0273450873792171,0.0262745169530273,-0.4685183465480804,0.6947877063922584,-0.0525559614037629
1775,13.143102,-0.194548,-13.321383,0.734167,-0.675613,-0.066147,-0.013046,1.0974977155536412,-1.3644482780516147,-3.88974943023622,5.320009612369537,-7.158310497167706,-4.077554852087795,1.18191397190094,-0.4229543209075928,-4.393677711486816,-0.4147568060015919,0.8400058137492422,-0.0478296420776922,0.3465246056123506,1.567121148109436,1.6998521089553833,2.542978048324585,-2.140788040101528,-1.6970821498155593,1.6419582284867762,-0.7119585275650024,-0.3084650039672851,-0.4682684864712879,-0.6280138492584229,0.5787307025318965,0.3298556757548824
1776,13.152804,-0.20136,-13.285236,0.733182,-0.676205,-0.06973,-0.018103,-0.796051593735814,-2.915520366954804,-4.110554327630997,6.413596876481175,-6.299761822986603,-3.917802389287949,0.5658351182937622,-0.3162439465522766,-4.1109700202941895,-0.3996577590484851,0.8358104758359347,0.0342517976608478,0.3748618208003462,2.066288471221924,1.7984675168991089,2.1428205966949463,-1.1784312009215354,-2.48359083918035,2.288907055991888,-0.684104323387146,-0.4594380855560303,-0.1636559547781013,-0.4470296204090118,0.4004418450336903,1.2611088996082545
1777,13.180172,-0.211096,-13.207065,0.736111,-0.673301,-0.069111,-0.005493,-1.9073147997915745,-4.635532725980878,-3.555531504151225,7.290077513194084,-5.276760253229737,-3.896270940959453,-0.4050143361091614,0.3058775961399078,-3.377117395401001,-0.3716716056828367,0.8301195073352037,0.0977554634078364,0.4039871109440913,1.0569032430648804,1.4008644819259644,1.7978934049606323,-2.3263678948581217,-2.4650021663054824,2.5069442422389985,-0.6351566314697266,-0.3526536524295807,-0.7930855835370719,-0.0639296323060989,0.0736309803348034,1.4756323786459862
1778,13.190285,-0.211683,-13.167111,0.738316,-0.670808,-0.070024,0.001569,-3.015085487556457,-4.642426577147841,-1.7110741425499318,7.936964965900779,-4.2906385075807565,-3.842575883390009,-0.868096649646759,0.934547483921051,-2.4043095111846924,-0.3373026028769724,0.823213885396567,0.1350397977836745,0.4362454524655887,0.9285582900047302,0.8832802772521973,1.5350017547607422,-1.4452683661729095,-4.184544569732249,4.109434383690357,-0.5248370170593262,-0.2798293530941009,-1.110773011386022,0.0659840404987335,0.1243672976965084,0.9247775615658612
1779,13.204984,-0.210126,-13.118872,0.741551,-0.666764,-0.074351,-4.2e-05,-3.8673745168209073,-3.574145895989239,-0.5305085599482059,8.421146074438095,-3.511045296692848,-3.595449088519812,-0.7507848143577576,1.3262197971343994,-1.6787375211715698,-0.3089943019252386,0.8123338058950473,0.1530707996485391,0.4703250520965211,1.4515501260757446,0.5307896733283997,1.1825138330459597,0.8485065881162881,-4.829898821522296,5.139425081682205,-0.4288249015808105,-0.1046611368656158,-1.0079825720623137,0.0196875836700201,-0.1428724204737693,0.6106182713104411
1780,13.21806,-0.200664,-13.041891,0.745081,-0.663316,-0.069656,-0.00383,-4.533210415625572,-3.936704073634744,-0.5506558604419232,8.78636002728939,-2.929866287693381,-3.222756178089976,-0.6784403324127197,1.2664755582809448,-1.1847970485687256,-0.2882155535857162,0.7990023118939443,0.1609662627739904,0.502610186531971,1.2276378870010376,0.5215020179748535,0.6978435516357422,2.074033886733651,-4.364621735419333,5.240550875729322,-0.4293676912784576,0.0411973409354686,-0.0162237429749686,0.0039544655010104,-0.1812188648018054,0.5715726840034127
1781,13.236273,-0.198478,-13.002481,0.747327,-0.661412,-0.063526,0.0011,-5.130163332340121,-4.780540916374325,-0.5289774048581719,9.023136400797965,-2.5107012566849587,-2.9068521995916963,-0.5153411030769348,0.8436033725738525,-0.7215742468833923,-0.272002149345023,0.788251063628064,0.1639160623710993,0.5270737004237835,0.226057693362236,-0.1356994360685348,0.3888067007064819,-0.2925929532766342,-4.377189832830429,4.374643655478954,-0.4522625207901001,0.1978113800287246,0.5029539058074355,0.0557300969958305,-0.1800715031312778,0.4955310257976874
1782,13.245255,-0.196164,-12.970757,0.746027,-0.662929,-0.062551,0.007465,-5.864023550578952,-4.682832237294316,-0.1699313269868493,9.12672303200066,-2.325145659586787,-2.732589273141324,-0.1032793447375297,0.2948881387710571,-0.0697295442223548,-0.2644156836664414,0.7825971546033761,0.1639053993359298,0.5392227837272522,-0.3954796195030212,-0.7527782320976257,-0.0212398171424865,-1.172203120186925,-5.06651240568459,3.637242403632402,-0.4743872582912445,0.3645230829715729,0.5615456859098747,0.0859225392341613,-0.3500392896709963,0.1259131206327118
1783,13.279757,-0.191158,-12.893691,0.735919,-0.672163,-0.080122,0.014157,-5.324832502481341,-5.305926141959429,-0.8479562607571483,9.102133949667214,-2.4538313684716817,-2.701896320974827,0.1805671900510788,-0.1298708021640777,0.7375289797782898,-0.269468852196978,0.7825376277096927,0.1593525534147604,0.5381710881769236,-0.1030411124229431,-0.7623149752616882,-0.5665885806083679,-1.8422855705201624,-5.777368180432916,3.6518788317501545,-0.6431060433387756,0.2537961900234222,2.3638619053415955,0.068043515086174,0.378080266023986,-0.0482678996878676
1784,13.288889,-0.188775,-12.860596,0.732778,-0.675248,-0.081462,0.020971,-4.982150114911795,-5.2981800578773015,-1.0271648269161582,8.959965951135754,-2.8588647060140966,-2.777819576965272,-0.3977969288825989,-0.2145493924617767,1.572136640548706,-0.2800587100456052,0.7883660483529694,0.1418039511514886,0.5290913854468567,0.8445038795471191,-1.38797128200531,-1.1137899160385132,-3.6479730564832686,-5.823930609643459,2.4896400562167167,-0.8784092664718628,0.3521246910095215,1.2391923974849284,0.1975576132535934,1.1887761423904448,-0.1246638877565972
1785,13.294187,-0.188804,-12.82908,0.732344,-0.676108,-0.076096,0.027566,-2.5910294696360827,-3.065334788586199,-0.3923696708023548,8.280550439789891,-4.506327669396996,-2.70108851172328,0.0318604968488216,0.4836246371269226,3.137275695800781,-0.3222580821945573,0.7968015962717342,0.0531451001898214,0.5083626029454517,1.3487989902496338,-1.6112481355667114,-2.2159883975982666,-1.580827760219574,-2.9134888611271976,-0.4482489405430853,-0.8931975364685059,-0.1912370175123214,-0.3996864966217428,0.026419211179018,0.6272906257025898,-0.0828375014914665
1786,13.313471,-0.197276,-12.750522,0.735723,-0.673721,-0.066874,0.018401,0.2987339402496815,-2.8477023837476967,-2.784362714998424,7.72588066753149,-5.4441655688703054,-2.6157588372230527,-0.3007970154285431,0.0787231400609016,2.632442712783813,-0.351200677834648,0.7958337781605053,0.0038969523851154,0.4932458101165013,1.298953652381897,-1.5687354803085327,-2.3377816677093506,-2.6691210095763207,-2.132261327035725,-1.4664311273194848,-0.7960857152938843,0.1306591033935547,0.4449902310080826,-0.2647352516651153,0.429775564610958,-0.3119520625347271
1787,13.316461,-0.203042,-12.712575,0.737531,-0.672361,-0.062755,0.006373,0.926163828292489,-4.3218730192780495,-2.8996248786866663,7.1819503159523,-6.056392042562365,-2.8124913696348663,-1.3102096319198608,0.0259811375290155,2.219388246536255,-0.3610536590517375,0.801065322810199,-0.041127899251508,0.4756502518493198,1.3897134065628052,-1.6958180665969849,-2.08979868888855,-4.386519386711717,-1.96887869103998,-2.650753870497644,-0.7193776369094849,0.2506108582019806,-0.2503873858350329,-0.5989575386047363,0.4295810284195467,-0.1037362688064575
1788,13.330798,-0.209086,-12.666983,0.73846,-0.67209,-0.054461,-0.002372,-0.120527829131484,-3.148113317298889,-0.1904094668701291,6.619137569248676,-6.549598753598332,-3.0757290490895506,-1.4053316116333008,0.915696620941162,2.731797456741333,-0.359463687942233,0.8046644341489683,-0.0966110442415715,0.4625658065190604,1.015615701675415,-1.9173545837402344,-1.9825942516326904,-3.620622692742944,-0.7269353874117136,-4.408816558715701,-0.7344940304756165,0.2995334565639496,-0.3133229124965146,-0.6402363777160645,0.5087431932659819,0.6111635937009007
1789,13.340137,-0.218454,-12.589831,0.741508,-0.670249,-0.028625,-0.010603,0.6194640237301587,-1.009600820913911,0.1114288691356778,5.970874736535549,-7.11048316258788,-3.155955555231869,-1.1905405521392822,1.2566990852355957,2.955173969268799,-0.3618342528593987,0.7964653653704655,-0.162947473344604,0.4562531853015924,0.3863014280796051,-1.672571063041687,-2.185800552368164,-1.9706015693098309,0.6037231415018439,-5.182551106703281,-0.7348815202713013,0.3022371530532837,-0.6059081208581104,-0.3998508155345917,0.4442223153755068,1.0272006288819011
1790,13.353381,-0.216647,-12.541556,0.743571,-0.668327,-0.014966,-0.014734,1.956867058467865,0.1399684426605701,-0.8727198228746652,5.291726936215162,-7.60329239873886,-3.218371971656382,-1.0757684707641602,0.846217691898346,2.574855327606201,-0.3657829759156606,0.7832316770947412,-0.2250320905788522,0.4495679880828392,-0.115055426955223,-1.315784215927124,-2.322962045669556,-1.452925018405914,1.406527716629207,-5.672839299944043,-0.7063775658607483,0.2024875879287719,-1.098624819887429,-0.1176415681838989,0.393944555436261,1.3796532998375597
1791,13.364468,-0.212379,-12.49763,0.743178,-0.668913,-0.002155,-0.015438,2.124386940398812,0.3918687355428933,-0.5339069702148437,4.606611751922965,-7.918489982533455,-3.4995746391296385,-1.190840244293213,-0.0545467063784599,2.2460665702819824,-0.3669348619733129,0.7764705264966871,-0.2748129658839668,0.4323541959820372,-0.4123677909374237,-0.978747546672821,-2.310547113418579,-0.8123919031620025,2.242563530229032,-5.951686051940918,-0.5897396802902222,0.1566043645143509,-1.214674115365371,0.0780300050973892,0.4759782936636358,1.4026893075101077
1792,13.393075,-0.202049,-12.408231,0.74024,-0.672245,0.004697,-0.010449,2.5953824041485785,0.2570195355921983,0.786474787095189,3.826913034833968,-8.137384077870845,-3.912553382718563,-1.0269895792007446,-0.4530300199985504,2.386218786239624,-0.3704951280669489,0.773840353188451,-0.3172630060257783,0.4040402637678201,-0.4001081883907318,-0.5084083676338196,-2.104666233062744,-0.2931523407250642,2.970889787477254,-6.03711743324995,-0.4639460146427154,0.1160952374339103,-1.3201225218519568,0.2201612293720245,0.4897753483477979,1.3438978035844862
1793,13.400816,-0.199976,-12.371115,0.739261,-0.673241,0.005905,-0.014329,4.061827706123888,0.4175754237294197,1.3365446643427012,2.935824903836846,-8.323827855980396,-4.273780896282196,-0.8166813850402832,-0.4281390011310577,2.5646467208862305,-0.3786681926777807,0.767300720388045,-0.3593769423699387,0.3724355019745575,-0.0802732110023498,0.2043835818767547,-1.6287593841552734,-0.3466588899850845,3.699363636502624,-5.942996549528837,-0.2873612940311432,0.1574603468179702,-0.1939844027474522,0.2818700075149536,0.7087919010210781,1.0852274320453406
1794,13.405129,-0.199509,-12.336008,0.73909,-0.673207,0.007358,-0.021984,6.370539240521192,-0.2264227372765541,1.1229863770753143,2.0010867239445447,-8.451362933525443,-4.55417721580863,-0.5452886819839478,-0.554183304309845,2.456361532211304,-0.3897499690842188,0.7568166538078076,-0.3992830681987787,0.3404359475225532,0.1251715570688247,0.7590348720550537,-0.6757860779762268,-2.084576908057928,4.30006859922707,-6.238578163227438,-0.0820263773202896,0.093508593738079,0.629590573208034,0.3246718049049377,0.8706314722932874,0.6366518898963928
1795,13.414639,-0.193749,-12.261785,0.741355,-0.669245,0.017035,-0.047048,8.082482274860142,0.43370705884099,1.239608430939913,1.1208286875847726,-8.528352065181732,-4.709703585346043,-0.1579580754041671,-0.6663140058517456,2.011967420578003,-0.4043536077736158,0.7448413069951889,-0.4305107216682946,0.3104351516857199,0.0841543450951576,0.8833112716674805,0.1341547667980194,-2.861698760396242,4.564934756666422,-5.903890866065025,0.0533902011811733,0.1558449119329452,1.4705119668923317,0.0919608026742935,1.0684517268765716,-0.1512729316103272
1796,13.416271,-0.191136,-12.228451,0.742436,-0.667169,0.025288,-0.055082,9.970243648397922,0.2506464934289455,0.5592930481448769,0.4273248469905927,-8.57289087961018,-4.742710951934755,0.0697638988494873,-0.7111018896102905,1.2077693939208984,-0.4198089206968044,0.7348639346259233,-0.4492059236110554,0.2862681754574082,-0.0114952130243182,1.9697420597076416,1.0930064916610718,-2.037498346018791,4.776308393371105,-4.285528909482061,0.0409284085035324,-0.5657433271408081,3.1141128480196,0.2610008120536804,1.0981124133858828,0.6018269159590826
1797,13.428429,-0.192796,-12.189103,0.743245,-0.665734,0.027786,-0.060114,10.179804098200798,1.8904536813616752,0.9513859478324652,0.0787509536970406,-8.62908506051898,-4.658658457763493,0.493931382894516,-0.2059856951236724,0.3345082104206085,-0.4322932257501832,0.7288175058459768,-0.4542582022281367,0.2749493843719151,-0.0902779102325439,1.691003918647766,1.906577229499817,-5.829468370026349,4.496239990624785,-3.9558147245571016,0.2220896333456039,-0.242390438914299,-0.6179068574160337,0.2144285887479782,-1.0378446263626218,-0.2132474312199279
1798,13.445848,-0.200642,-12.11671,0.738455,-0.670573,0.00945,-0.070194,10.236182403504849,2.0200228950828314,-1.027030679142475,0.7506591581527143,-8.710618849867581,-4.442073808412253,-0.3222630321979522,1.1665797233581543,-2.153715848922729,-0.423026362423245,0.7299105226243758,-0.4401288045098934,0.3075158469735167,-1.30586576461792,1.95353102684021,2.345419645309448,-3.525637885668873,3.9492748013943433,-2.4498744475394485,0.1492260098457336,0.1137290745973587,0.4492554872371256,0.315517783164978,-0.8137404682267457,0.2918164890114217
1799,13.453996,-0.207366,-12.078706,0.734091,-0.674765,-0.005216,-0.075999,8.298181373548507,-1.2876193053930998,-0.8472025197803974,1.934935651036352,-8.490300274685024,-4.510122970026731,-0.3111919164657593,1.104219913482666,-3.3495590686798096,-0.3886550764815867,0.7490317311096494,-0.4109790103042774,0.3449564652997768,-1.555321216583252,1.539627194404602,2.451714038848877,-5.40750903212428,1.1370350684329866,1.0956145321555435,0.1846196502447128,-0.0130547694861888,0.1254068242115434,0.3020045161247253,-0.543317845704034,-0.11687201917083
1800,13.458595,-0.214686,-12.039794,0.730458,-0.678036,-0.016257,-0.080209,5.625024824845791,-2.718796017849445,-0.1824228520303964,3.284697962740064,-8.08623724347949,-4.471457139284908,0.1249500289559364,0.4060538411140442,-3.926782369613648,-0.3544447097008703,0.7727689790218512,-0.3616752216634951,0.3826070445954012,-0.5298156142234802,1.1839752197265625,2.663614273071289,-3.5344074675798414,-0.7481547010511159,3.3085645760178566,0.2892763614654541,-0.1597812473773956,-0.4267526000605895,0.0997629612684249,-0.2755237998529337,-0.0340005925768753
1801,13.463535,-0.224305,-11.960616,0.729876,-0.679306,-0.017032,-0.074395,3.464110527038574,-3.03604351991117,0.7616682626187801,4.600459659034014,-7.510864874932169,-4.311970633944869,0.794593095779419,0.008324290625751,-4.316376209259033,-0.3272503649971609,0.7956303862439684,-0.2946550705345288,0.4160023914341453,-0.0095505723729729,0.9377727508544922,2.632757663726806,-0.5868406880229711,-1.4574110777787863,3.560316984862089,0.3589520156383514,-0.2572729885578155,-1.2397421403221784,0.0460330173373222,-0.294333714263048,0.3527143906317651
1802,13.462355,-0.226128,-11.919652,0.732167,-0.677466,-0.011005,-0.069652,1.452235282576084,-3.709567635130882,0.0890215147554874,5.869233394181728,-6.769553171643614,-3.986931162832677,1.3980363607406616,0.0492560118436813,-4.519874572753906,-0.3070763200555321,0.8109412816305137,-0.213661314826135,0.4499190874896527,-0.3040184080600738,0.9139156341552734,2.440866470336914,0.0754816497027874,-2.213419561070204,2.449548868846893,0.3649851381778717,-0.3165739476680755,-1.22704296387732,0.1024577990174293,-0.2680269595578313,0.5061514232071116
1803,13.460653,-0.22462,-11.87683,0.735289,-0.674569,-0.005229,-0.065417,-0.8815046023547649,-4.831009120851755,-1.083924532753229,7.00033585769534,-5.84069586648345,-3.612750644193589,1.3891994953155518,-0.0401791036128997,-4.308156490325928,-0.2889005852318746,0.8171975653300729,-0.128012360308714,0.4820139717260308,-0.6808480024337769,0.4790122210979461,2.2815043926239014,-1.2475982606500386,-3.8427854344874617,2.206165644419193,0.2684308588504791,-0.3546836376190185,-1.237612288686633,0.0385879874229431,-0.3096862364945933,0.1752510607048869
1804,13.46219,-0.210207,-11.788006,0.739039,-0.670096,0.005692,-0.068998,-2.681125335624814,-5.169372476178407,-1.24397773206532,7.818183103653788,-4.834349663451314,-3.416934057582915,1.0867350101470947,-0.3630639612674713,-3.5931150913238525,-0.2701631366083836,0.8195919656589453,-0.0498413919782515,0.5027888564027596,-0.1435837298631668,0.3310452401638031,1.974110126495361,-0.8693716814905404,-5.713621392187476,3.2798598750591275,0.13703054189682,-0.3874453008174896,-1.4477540455088018,-0.0261439848691225,-0.4908401645677164,0.2912465436363592
1805,13.461671,-0.205231,-11.748606,0.739713,-0.669275,0.004855,-0.069801,-3.54574953032732,-5.22781765088439,-1.206190437723696,8.31514712139666,-3.935390360687673,-3.397259343037009,0.5791304111480713,-0.4491440057754516,-2.7431414127349854,-0.2526617919575923,0.8203930227591666,0.0129350195920643,0.5127863366894857,0.3815833628177643,0.1464583426713943,1.4813250303268433,0.2239209835886955,-6.440707586246728,3.496424066144228,0.008926915936172,-0.2551056146621704,-0.6487861259348691,0.0345583111047744,-0.4603256742406636,0.58450924940072
1806,13.467296,-0.200739,-11.708051,0.738169,-0.671428,0.001958,-0.065475,-3.451253383553028,-6.9036582752287385,-1.3456158595487475,8.618688169667124,-3.120115595565736,-3.486182658115029,-0.3854688107967376,-0.0411827191710472,-2.232260465621948,-0.2289717963353716,0.8213597870423934,0.0558027115655931,0.5194478359641068,0.8557602167129517,0.2779864966869354,0.8595761656761169,0.7375766084134578,-7.1033964191973205,3.678287530726194,-0.1212407276034355,-0.1797603219747543,0.5688302168948576,0.2189312875270843,-0.376428516761586,0.51537587274611
1807,13.481064,-0.193672,-11.640142,0.727366,-0.68411,-0.017971,-0.051083,-6.0554322576195,-7.677863947859406,-0.6554144580334424,8.878346237069367,-2.323165299424529,-3.456630400416255,-1.4279320240020752,0.7727969288825989,-1.5376044511795044,-0.1944375062989722,0.8187979954856854,0.0762164615014493,0.5347476978657966,1.0631482601165771,-0.0310212709009647,0.2837283313274383,-1.094282845160365,-7.387025144773721,3.590224631869793,-0.2916388213634491,-0.0258372984826564,0.8743376333348453,0.3398314714431762,-0.6127443966189399,0.3518833466351032
1808,13.491571,-0.189369,-11.598986,0.722361,-0.689591,-0.028821,-0.042752,-8.968955897799134,-7.49363024701476,0.7131880170881748,9.103779378786683,-1.7506816380560395,-3.197920719780028,-1.802584290504456,1.35175359249115,-0.2340851128101349,-0.1575488887450014,0.8113465711191309,0.0690313449404422,0.5586857417388567,0.4455908536911011,-0.4836533963680267,-0.5452081561088562,-0.9110679659694432,-6.724696377307176,3.510754204791784,-0.3498314321041107,0.4594983458518982,2.752340267793834,0.246856227517128,-0.0446086739274207,-0.2607933915751054
1809,13.495224,-0.186819,-11.565471,0.719885,-0.692439,-0.032209,-0.035443,-8.798920818176866,-7.756126752713322,0.6629284869253635,9.246187615814804,-1.8242714826628563,-2.7111680071890354,-1.2664923667907717,1.8296315670013428,1.5120279788970947,-0.1431523325417319,0.7980664398629516,0.0363463331638724,0.5841885902922368,0.7554024457931519,-0.7931747436523438,-1.3470011949539185,-2.792930344596505,-7.233625558131933,3.720485334986448,-0.4232273995876312,0.1640113741159439,1.108000112606585,0.2786732912063598,-0.0249909479824709,0.0769599877601955
1810,13.499185,-0.187018,-11.485575,0.723284,-0.689041,-0.025359,-0.037933,-6.5256929773539305,-6.641812926915288,-0.2386465512946247,9.226503256657718,-2.469171853205561,-2.223790732958913,-0.9887056350708008,1.2040914297103882,2.5024492740631104,-0.1493881687818382,0.7830476507294797,-0.0147698198024952,0.6035739795878062,0.565527081489563,-1.3949054479599,-2.2608962059021,-2.0828250959545374,-5.410295447972416,1.885261957937479,-0.4180788993835449,0.0204378888010978,0.4455381837470457,0.1224307939410209,0.6754399587783962,0.1019577970250043
1811,13.497108,-0.191521,-11.448026,0.727306,-0.684166,-0.023062,-0.049095,-3.799019942519069,-5.094558350473642,-0.987095266856253,8.968102495840192,-3.402014428609609,-2.0420196228355167,-0.2665629088878631,0.1391177922487259,2.783632278442383,-0.1722175015839213,0.7744200383678447,-0.0662391844995144,0.6051671056068639,1.223396897315979,-1.2271270751953125,-2.993771553039551,-3.335686976221204,-4.651088022509217,1.5445727900117634,-0.3237387835979461,-0.1960462778806686,0.3780831155681982,0.2097427099943161,0.6697774029720575,0.6303370807263999
1812,13.495637,-0.197917,-11.410872,0.730372,-0.680065,-0.020493,-0.060406,-1.5791571966588496,-5.284079636332392,-2.1473438914857805,8.504534551742672,-4.335822341914475,-2.2458665172971783,-0.1757994592189788,-1.078311562538147,2.641050338745117,-0.2028162837034388,0.7763759210161683,-0.1083870522806359,0.5868204100712795,1.0349606275558472,-1.8509870767593384,-3.592277765274048,-6.280960676404834,-2.3056237975150347,-1.2833575562953947,-0.23933145403862,-0.0397139489650726,-0.4820154184034094,0.1395501494407653,0.1043663651372306,-0.1124911098060198
1813,13.506775,-0.208095,-11.322354,0.731641,-0.678525,-0.006629,-0.065286,-0.5393576368361711,-4.798375848272443,-1.5197349936142563,7.870853202089667,-5.180955946466327,-2.716206293617189,-0.1649460792541504,-1.4007220268249512,2.686424493789673,-0.233521277016595,0.7856727768932615,-0.1456237065859095,0.554057732996836,0.8264063596725464,-1.7662907838821411,-3.865659236907959,-5.19307074715197,-0.5685637114457786,-2.2295465200066564,-0.2480054348707199,0.0496224462985992,0.0719272360236849,-0.1547768414020538,0.3857511294454336,-0.5813630603294819
1814,13.51089,-0.212031,-11.282391,0.732735,-0.677478,-0.001358,-0.064202,-0.0178530520766973,-3.942709451529384,-0.6441308474749327,7.105436400592327,-6.001007424470782,-3.1098268412634726,-0.2636480629444122,-0.7758133411407471,3.013145446777344,-0.2641418132467439,0.7897216308392048,-0.1868068152382497,0.5212215594364248,1.0700889825820925,-1.704018473625183,-3.6367790699005127,-4.547266998028755,0.3894944076269865,-2.772885919955373,-0.2577883899211883,0.086643248796463,-1.2292203079164028,-0.3659821152687073,0.016691136724432,-0.2280891178525053
1815,13.525143,-0.207495,-11.222282,0.733112,-0.677232,0.003756,-0.062367,0.6831821704030037,-2.27858907559514,-0.09622487026304,6.233965116474032,-6.83808134894669,-3.247876590821147,-0.0592196024954319,0.0240429136902093,3.438178062438965,-0.2954636343161971,0.7805256890031421,-0.2374347736921481,0.4970971689422724,1.2909204959869385,-1.40392005443573,-3.1012332439422607,-2.863202735218405,1.5713193426400422,-3.7670369505420327,-0.2813147306442261,0.0942049399018287,-1.149045970352739,-0.2885211408138275,0.0773264464524109,0.6048633245129138
1816,13.540888,-0.195352,-11.136703,0.728222,-0.683106,0.013939,-0.053527,2.1946780357211826,-1.367323541226983,-1.1020444190725684,5.229743065989017,-7.631583842721581,-3.2525600724622605,-0.2281559556722641,0.0429207943379879,3.525649309158325,-0.3276498182599157,0.7615297739698962,-0.2930986533101465,0.47624717210058,1.329371452331543,-1.2324806451797483,-2.671739339828491,-2.5062667813688515,2.481832597336173,-4.61204722097516,-0.2771726250648498,0.1781317144632339,-1.85399442075342,0.0248445980250835,-0.1850144759587943,0.9777660783011466
1817,13.556278,-0.187882,-11.080472,0.728348,-0.682838,0.015501,-0.054779,3.9735356746867296,-1.1379378624916077,-1.0331409787163135,4.119912815345823,-8.218002505940198,-3.4148365007817745,-0.5546053647994995,-0.4307520687580108,3.330246925354004,-0.3542579268514539,0.7440117664698567,-0.3472098665336772,0.4476527821948608,1.0779261589050293,-1.1356805562973022,-2.1496198177337646,-1.839236704343557,3.484897879001498,-5.346626401138305,-0.2634632289409637,0.2286175042390823,-1.6224106474518776,0.2484972476959228,-0.0275721258653793,0.7038675232961773
1818,13.562124,-0.18536,-11.041795,0.727712,-0.683212,0.017286,-0.057945,5.881938561975955,-0.9639274494975804,-0.5190653749138117,2.9582018630787728,-8.588336870545149,-3.695926063269376,-0.5431101322174072,-0.8064146041870117,3.028671979904175,-0.3780149853324847,0.7300967919088687,-0.3942061201733702,0.4106882059640496,0.4234738349914551,-0.8451106548309326,-1.7431421279907229,-0.8892600387871265,4.3675902298361065,-5.73163051160872,-0.2396683990955352,0.205776959657669,-1.113470068450272,0.3574322164058685,0.2298230107067152,0.4520415377590805
1819,13.574224,-0.182388,-10.957228,0.729025,-0.680716,0.019358,-0.069094,6.965086265137791,0.1190419744879007,0.5730863034367562,1.8605397507436567,-8.78949306461811,-3.931104353931546,-0.3913723528385162,-0.5940766930580139,2.674807071685791,-0.3995252686507075,0.7161289350894763,-0.4331164832228736,0.3740975918808639,-0.0429508760571479,-0.4748562276363373,-1.2998442649841309,-0.9335574456751348,4.841944940885901,-6.084414606475829,-0.1778985261917114,0.2341191619634628,-0.8489364309009164,0.2710914611816406,0.2023216028568334,-0.0881583220548927
1820,13.5756,-0.177626,-10.920977,0.730686,-0.677848,0.022936,-0.078058,8.053645471954345,1.2749457017809152,1.230163726246357,0.9198224964417516,-8.8810251008898,-4.05607045777142,-0.1954173296689987,-0.0238184221088886,2.3435661792755127,-0.4162228624788039,0.6982015810133091,-0.4683124992053921,0.3463473472210435,-0.3948274254798889,-0.0411463975906372,-0.6101809144020081,-1.3534487451314925,5.52979861023128,-6.204767079040408,-0.1876478046178817,0.1467833220958709,1.0783280279204248,0.198600098490715,0.8155387498203664,0.0715913322999374
1821,13.578224,-0.171544,-10.887504,0.730034,-0.678092,0.031963,-0.078861,9.73632149527669,1.7393395753085612,0.8180190953940153,0.2482480722513981,-8.911919420847296,-4.084907845199108,-0.0044725658372044,0.5013493895530701,1.5770177841186523,-0.4260467930139516,0.6779940732423407,-0.4985943958348052,0.331981770109049,-0.6742172837257385,0.4363134205341339,0.3113199770450592,-2.6404975571602582,5.337542930972576,-6.040146425682306,-0.1647397726774215,-0.1931439340114593,1.7066788302004336,0.2348014414310455,1.1427234162677078,0.2802919641028158
1822,13.588123,-0.168489,-10.816893,0.728371,-0.680123,0.048009,-0.067847,10.06836266184449,2.07683433110714,0.219593183517456,-0.0187012207380961,-8.922754703116416,-4.068721849551797,0.0597375370562076,0.7571290135383606,0.5507744550704956,-0.4267415501805285,0.6625203924289835,-0.5181831785154364,0.3323321040475026,-1.068598985671997,0.9260331392288208,1.242079734802246,-2.8481442822963,5.1058928144365545,-5.082701908463239,-0.0744558200240135,-0.148477166891098,3.696286713275313,0.2122596055269241,1.3151387420900165,0.3729773899270221
1823,13.591572,-0.171776,-10.778344,0.728424,-0.680061,0.042664,-0.071378,9.957091905879974,1.0225888973027466,-0.3789674606546759,0.072817590725841,-8.927796204414964,-4.057039887325465,0.0281646288931369,0.6220484375953674,-0.3823756277561188,-0.4202603166962669,0.6568887356647901,-0.5247367520800307,0.341364808539561,-1.3467270135879517,1.5912258625030518,2.1605563163757324,-4.992390353897214,4.448961522099376,-4.026304557321965,-0.038538709282875,-0.3817195296287536,0.6939945832531899,0.3401955068111419,-0.2568352650664746,0.0631069788048276
1824,13.601679,-0.179246,-10.727927,0.727171,-0.6808,0.030002,-0.082667,8.389197861513495,2.55617735196352,0.0818716430008411,0.4298441363351419,-8.935826950657367,-4.017040762153267,0.1446070373058319,0.5346091985702515,-1.0793572664260864,-0.4103289036938538,0.6597512797887412,-0.5191727321154306,0.356115305896249,-1.4083572626113892,1.176244854927063,2.892120122909546,-5.252389197561144,3.0229338629692792,-2.1338374903112647,-0.0571709908545017,0.1890393644571304,-0.906421382272616,0.1692947149276733,-1.691496020246297,-0.3343277796676382
1825,13.605201,-0.192778,-10.645141,0.725452,-0.682478,0.018102,-0.087266,8.222374729675055,1.6946037770032882,-0.4988073075219988,1.01131332392022,-8.907737166726589,-3.974909008866548,0.0401308536529541,0.0473480559885501,-1.957613706588745,-0.397439827178509,0.6718137938485199,-0.5013284219929673,0.3733333769877505,-1.1088770627975464,1.75807523727417,3.358217477798462,-3.277195624285936,2.146589419856668,-1.379575120034814,-0.0623076409101486,0.4771817624568939,1.0076366812340916,0.1201046258211135,-1.032078098725155,-0.0433286760202841
1826,13.611297,-0.196057,-10.60065,0.726567,-0.682197,0.022985,-0.078605,7.837537207943201,-0.3463824111312628,-0.4561404244452715,1.846110827896744,-8.776873821541667,-3.9659512109071016,0.1610846221446991,-0.533653974533081,-2.963554620742798,-0.3818904771121714,0.6970805298612266,-0.4650655598786071,0.3898108690176108,-0.8327057361602783,1.5205954313278198,3.413995742797852,-5.711311946201324,0.2600418060228228,0.6954507003456354,-0.0324305146932601,0.3413187265396118,0.7216776860792189,0.0121842036023736,-0.566858040039055,-0.1107804334306158
1827,13.611782,-0.195781,-10.559023,0.727371,-0.682073,0.029859,-0.069399,6.437676255726814,-1.7859739007115365,-0.3757505444347858,2.8793595047712324,-8.498618605697155,-3.956407722014189,0.2777771353721618,-1.026118516921997,-3.7164809703826895,-0.3656814102509217,0.7308782394338205,-0.4093136397413532,0.4056556283435417,-0.9208909869194032,1.1537399291992188,2.9878501892089844,-4.622992393359541,-0.4477560424596071,1.5693904204040765,-0.0364754386246204,-0.0056429677642881,0.0753379303831607,-0.1713179051876068,-0.559261191701889,-0.2008508361845277
1828,13.61331,-0.18824,-10.462234,0.735084,-0.674403,0.037283,-0.058669,4.864247958108782,-2.5497902812749147,0.3143377520948648,4.021832380343973,-7.99367644868195,-4.012032578602433,0.3684418201446533,-1.0675584077835083,-4.262672424316406,-0.3453862024272137,0.7677616187238181,-0.3392621892657169,0.4197043060461463,-1.0589362382888794,0.6918768286705017,2.4830775260925293,-2.8145956484377384,-1.393581141294539,2.3573516466647386,0.0068969624117016,-0.1960361450910568,-0.7496189283847808,-0.348808079957962,-0.3528570505054667,-0.2265402627089992
1829,13.613473,-0.182136,-10.418496,0.73794,-0.671313,0.035611,-0.059293,0.8721393926382064,-5.168719565227628,-0.4762421322315931,6.46564036745131,-6.153759945380688,-4.061668131648004,0.044487040489912,-0.2629760205745697,-4.777910232543945,-0.2819658324658309,0.8219384945471808,-0.1774952124788133,0.4619609598528835,-0.6183061003684998,0.4705219566822052,1.9816772937774656,-0.282093186572194,-3.332889454457164,1.4930384176075455,-0.0277502927929162,-0.3882201611995697,-1.4161340416252612,-0.3750921487808227,-0.3887702215382829,0.3458469525476917
1830,13.618438,-0.178765,-10.369967,0.737529,-0.672103,0.03114,-0.057965,-1.5280325740993022,-6.515228866484761,-0.2282026064306497,7.434676538264751,-4.85782727741152,-4.159021713680029,-0.3286787867546081,-0.2182823717594146,-4.233711242675781,-0.2369239258962894,0.8376135525502832,-0.1022479129657253,0.4814726142059843,-0.0826436951756477,0.3534577488899231,1.9268798828125,-0.7286585579425096,-4.864271046723425,2.18619720762372,-0.07178945094347,-0.327046275138855,-1.905558603774011,-0.2598482072353363,-0.6459003413654864,0.4800509864626452
1831,13.628982,-0.177554,-10.293689,0.733269,-0.678271,0.012158,-0.046017,-3.574243803405761,-6.26276509450078,0.9514256953209638,8.034789964836836,-3.640700142870843,-4.284603026808799,-0.4048669040203094,-0.1386489272117614,-3.223609685897827,-0.1944772647613808,0.8465496816190956,-0.042515759054385,0.493684701198902,0.0618309304118156,0.18915456533432,1.726967215538025,0.6018371816247702,-5.200891650035977,2.5699042640209195,-0.0808670073747634,-0.1996784210205078,-2.0537876559101043,-0.2311599850654602,-0.8248355704758316,0.3108003352163359
1832,13.635148,-0.17505,-10.257502,0.729615,-0.682485,-0.002964,-0.04322,-4.3834570765316485,-6.76340692397356,1.2944225556671618,8.40406985195279,-2.6212650334239003,-4.320992729312181,-0.5688655972480774,0.3114409148693084,-2.563632011413574,-0.1581277105407279,0.8487096654631834,0.0011040954041889,0.5046646099936317,-0.0325309857726097,0.1550229042768478,1.3912053108215332,2.078892432680726,-5.9020648196816445,3.0084044023573395,-0.0855872333049774,-0.0019572149030864,-0.2944726112770848,-0.2828712165355682,-0.7379778096254914,0.2566977014929987
1833,13.6439,-0.172051,-10.212656,0.726722,-0.685779,-0.012109,-0.037885,-6.531813506060838,-8.630506033232807,1.3917191468149424,8.683753054773806,-1.775741991163045,-4.196377338606119,-0.782540500164032,0.7417234778404236,-1.6019883155822754,-0.1249617785341326,0.8444672693230326,0.0288224742625855,0.5200278390674687,0.3270626068115234,0.3306475579738617,1.0016940832138062,0.8313421028256416,-7.071791320621967,3.364662310814857,-0.1414129436016082,0.1788180321455001,1.414713653433323,-0.2103621214628219,-0.597671001856029,0.528129373194091
1834,13.647199,-0.166028,-10.145837,0.727815,-0.685373,-0.001232,-0.023394,-8.485940910431742,-8.719625747665763,1.6196613487437366,8.879936136609315,-1.3207580432765185,-3.946226812000572,-0.9294861555099488,0.9044601321220398,-0.1533440053462982,-0.1016239060219406,0.8367296677887824,0.0329398352148107,0.5370949509221292,-0.0992200076580047,-0.2560088336467743,0.342421680688858,-2.036758341306448,-7.332707863652706,2.610039875054359,-0.1777646690607071,0.3660570085048675,1.1992970249481498,-0.0441715568304061,-0.9675383334711194,0.5968193899953738
1835,13.650332,-0.168137,-10.105322,0.730765,-0.682144,0.002839,-0.025576,-5.893758179107308,-8.047703222423792,1.3569231432437896,8.898032349792123,-1.855762161078304,-3.681243750183284,-0.2824802696704864,-0.063088372349739,1.9358974695205688,-0.1011737758240269,0.8290412020149279,-0.0195416427659727,0.549611404678676,-0.3744547665119171,-0.7306246757507324,-2.1052887439727783,-3.199495714011788,-6.9716147901237004,2.6686007850945,-0.046427447348833,0.0563635937869548,0.7486914382763207,-0.1499098539352417,0.1304481154475361,0.090209409365803
1836,13.652136,-0.173289,-10.064968,0.733211,-0.679171,0.000618,-0.033597,-4.818831776323914,-5.646095669925213,1.7749837201416492,8.663021816912293,-2.663729379665851,-3.745262341107428,0.4373041987419128,-0.227560892701149,2.5852458477020264,-0.1271214216477451,0.8293388007469981,-0.0561462094876914,0.5411884295494787,0.6142874360084534,-0.7386060357093811,-2.908878803253174,-0.6739654292464256,-5.521292063170671,1.7096072848677637,0.1480098217725753,-0.0235386285930871,-0.5496020040074363,-0.2434520721435547,0.2724572518891655,0.1667390702841803
1837,13.661476,-0.18904,-9.973508,0.732423,-0.679313,-0.004436,-0.045497,-2.284319143679738,-5.259693967616558,-0.6579150426775217,8.272517939981817,-3.6959672720626,-3.751756379301846,0.6933162212371826,-0.3694982826709747,2.829347610473633,-0.1678344095441958,0.8261045386207861,-0.0940086602300314,0.5296653060216125,1.8647496700286863,-0.4501317739486694,-3.220029830932617,-2.323776709321141,-4.154673747603595,0.9908709860026836,0.1636094003915786,-0.1685423254966735,0.5362971532870083,-0.2513492107391357,0.5146712316080928,-0.0985554595019202
1838,13.66642,-0.196156,-9.933818,0.731881,-0.680005,-0.001912,-0.044049,-0.6858885067522525,-5.395700520908832,-2.436724458587169,7.717060232216119,-4.651267762990296,-3.8707995228335257,0.1872407644987106,-0.7907267212867737,2.8204939365386963,-0.2054246886198112,0.8244469150858283,-0.1328274560621557,0.510338009513097,2.286606788635254,-0.91572368144989,-3.191523551940918,-5.113543036928773,-2.2638106086581944,-0.8273357897937297,0.1710951030254364,0.1042322441935539,0.1335040689520537,-0.4281715452671051,0.240462332012318,-0.6057822659887373
1839,13.671097,-0.200677,-9.893116,0.732803,-0.679107,0.002554,-0.042508,0.5743786813348531,-5.1146208952933545,-2.010657100844383,6.98261958374083,-5.552595548450946,-4.072111784251034,-0.0756007507443428,-0.5705631375312805,3.261590480804444,-0.2386467236788194,0.8218863810082073,-0.1792280676722486,0.4852090532729928,2.129197835922241,-1.2639788389205933,-3.043905258178711,-6.053183017387986,-0.7080363334134221,-2.076704567247629,0.0647524297237396,0.2246112376451492,-0.5374709097741172,-0.5734231472015381,0.050332074809214,-0.6294288067750632
1840,13.686199,-0.196812,-9.793921,0.732527,-0.679594,0.018322,-0.034954,1.983478586539626,-2.788262352785468,-1.4872913983881473,6.129872289314866,-6.379584716764092,-4.230361733533441,-0.2522987723350525,-0.3039498627185821,3.220417261123657,-0.2680913398748187,0.8133787515494421,-0.2326014447981554,0.4609106739363294,1.629061222076416,-1.454102873802185,-3.0317583084106445,-4.595294239094853,0.8119660789653659,-2.9002155380561945,-0.0428841635584831,0.2980934679508209,-0.9994029597654938,-0.616587221622467,0.064860243079788,-0.2093424779369495
1841,13.693961,-0.192316,-9.750803,0.730458,-0.681974,0.024827,-0.026946,2.6563772633373737,-0.2039601455777883,-0.9689230658277868,5.254214074900746,-7.060496019625663,-4.325854197868704,0.0644022300839424,-0.3366514146327972,2.9038336277008057,-0.2954393281160598,0.8008287892107868,-0.2814790028239743,0.4383587840875403,1.1027971506118774,-1.3347856998443604,-3.0103983879089355,-3.248269974052906,2.1822984466195106,-3.616010815033317,-0.1145920827984809,0.2007064074277877,-1.3204111295349896,-0.4462526738643646,-0.0047930298339022,0.4998299285680055
1842,13.703923,-0.188723,-9.694665,0.730432,-0.681877,0.027698,-0.027306,3.454427337414026,0.9836217455267906,-1.5763111595779655,4.392569188269973,-7.590721670979261,-4.388244018547237,0.0209699161350727,-0.6332845091819763,2.428178548812866,-0.3225291368932365,0.788277345181778,-0.3199328113970782,0.4150142768237609,0.4782798290252685,-1.1709561347961426,-2.671322822570801,-1.947966543653608,4.112721150276065,-4.4562855813771485,-0.1351531744003296,0.1471826434135437,-1.3732410947076976,-0.1021023467183113,-0.0081253240532794,1.1413649873960765
1843,13.713649,-0.190316,-9.612403,0.72898,-0.682911,0.01852,-0.043336,4.182979512372612,0.5362234304636716,-1.1057523336797952,3.558820608824491,-7.929217712774872,-4.5423187279716135,-0.2369450777769088,-0.6767799854278564,2.205240726470948,-0.3434294298439398,0.7795056566045396,-0.3520862690766695,0.3878947372541247,0.6874471306800842,-0.840594470500946,-2.030760765075684,-0.7075619938999415,4.427091635596752,-4.040904745082557,-0.1182482168078422,0.0903146490454673,-1.636484034859389,0.2335131913423538,0.0912608637806493,1.2608781595923009
1844,13.71649,-0.190788,-9.563837,0.727537,-0.683788,0.013403,-0.054272,5.086781871253252,0.5904407583415507,-0.229501998591423,2.7569217503651977,-8.182454807218908,-4.64943177973479,0.0347791872918605,-0.2493035495281219,2.2473669052124023,-0.3614127128903908,0.7678785835095685,-0.3839499051438577,0.3637661938781591,1.1227988004684448,-0.5383235216140747,-1.2041171789169312,-0.4171674274504184,4.8107104291886085,-4.475755713261663,-0.0255110282450914,0.0445752665400505,-1.1439468205828218,0.3474505841732025,0.297919335931167,0.7925657243814319
1845,13.717791,-0.1877,-9.525612,0.728529,-0.681697,0.014114,-0.06585,7.608308181074261,1.6844535543888806,-1.2119140760675071,1.2580185323774813,-8.668936593914031,-4.408773304095864,0.6382296085357666,-0.1222076192498207,2.002871036529541,-0.4035298244803618,0.7261930568562562,-0.4443292918980489,0.3352293357329691,-0.0917783379554748,0.2492669522762298,0.0111085344105958,-2.302612925261259,5.456574968588352,-5.678881502717733,0.1210449486970901,-0.0591855309903621,1.2936879577822982,0.1075961962342262,0.7917622990440577,0.3692654201991855
1846,13.723345,-0.180734,-9.447937,0.730855,-0.678102,0.027496,-0.072612,8.96111044499576,2.555253807377816,-1.7867855093553662,0.5950459505820647,-8.858885165274142,-4.163702564972639,0.7246584296226501,-0.264883428812027,1.5136858224868774,-0.4276415418302626,0.7054987977127004,-0.4632075033684941,0.3237789652811348,-0.9920479655265808,0.2744125127792358,0.6198920607566833,-3.425890394237637,5.771609470775723,-5.939903259688616,0.1563287675380706,-0.2568557262420654,0.8618848328664899,0.1897612512111663,0.6515534717563539,0.3136785575337708
1847,13.727619,-0.180932,-9.409219,0.731155,-0.677565,0.028383,-0.074242,10.620324344187974,2.235361928287148,-2.7046751380383967,0.1384697011359501,-8.956933451572061,-3.9905598747238513,0.1946274191141128,-0.1857969760894775,0.7124391794204712,-0.4442839023126448,0.691705608896594,-0.4743472187580652,0.3148808115216923,-0.9980566501617432,1.2755275964736938,1.3982141017913818,-2.802577293863892,4.444321587339044,-3.973856869465112,0.2415598779916763,-0.6131921410560608,3.5754543482393024,0.0697467550635337,1.3472177417874336,0.083988470758032
1848,13.732819,-0.184639,-9.368679,0.73007,-0.678496,0.022218,-0.078403,10.675396827590465,3.3532354923933743,-2.2580700191795824,0.1591142927604727,-8.941002891990541,-4.025363184818625,-0.3270753920078277,0.3299014866352081,-0.6995161771774292,-0.4422322801906872,0.6925988697119241,-0.4749138994087233,0.3149511743582767,-1.1857436895370483,1.105817198753357,2.034762144088745,-5.375348053231835,4.449025819507241,-3.830226397165656,0.3580743968486786,-0.3185621500015259,0.9750077195037156,0.0818392187356948,-0.1498253083515912,0.2815184554241597
1849,13.742708,-0.19926,-9.274868,0.724148,-0.683993,-5.1e-05,-0.088112,8.49610808418095,3.646355099892616,-1.3223252925932407,0.6696439127855003,-8.841772702431678,-4.188678016275167,-0.6421562433242798,0.7392470240592957,-1.6048517227172852,-0.4224519243624073,0.7040372782148828,-0.4667918691349588,0.3285897885832234,-1.3444169759750366,1.06136953830719,2.5881292819976807,-3.362609469938278,3.112655050426721,-2.257796462935209,0.3574840128421783,0.1226320341229438,-1.1677101196166126,0.293885737657547,-1.5496844339370726,0.4203184753598645
1850,13.745913,-0.206818,-9.231723,0.723201,-0.684948,-0.0056,-0.08829,8.12657802169621,1.6961849087148904,-1.4041475434944033,1.5162183637954294,-8.626350667119025,-4.411068721556664,-0.7462308406829834,0.4932560920715332,-2.658813238143921,-0.3919318935236717,0.7245597885836605,-0.4471185805728506,0.3485504715900906,-1.423656344413757,1.447740912437439,2.843916893005371,-2.691046425658464,2.116376944683492,-0.7785087766520679,0.2585956156253814,0.151402547955513,0.8439362114608288,0.1595946550369262,-0.8512054718114436,-0.4092721441559493
1851,13.750525,-0.20976,-9.189015,0.724483,-0.683977,-0.006308,-0.085206,7.383339734259247,-1.697699989452958,-1.2610346653282642,2.6375916065856813,-8.229258643969892,-4.636033368979394,-0.6275963187217712,-0.096265010535717,-3.7104012966156006,-0.3565346447297968,0.755913191964388,-0.4061615102756191,0.369474158874299,-1.0769586563110352,1.0764334201812744,2.9728238582611084,-5.072047243458032,-0.2183396763250231,0.7168318534832447,0.2498669475317001,0.1018196418881416,0.5003595419326797,-0.1712716072797775,-0.6533063798382878,-0.7028760280407965
1852,13.753217,-0.207971,-9.100588,0.726812,-0.683077,0.003732,-0.071663,5.480651425224543,-3.897921630775928,-0.2898170588225126,3.827107680623233,-7.624922631266712,-4.8357203672826286,-0.3168765902519226,-0.5006806254386902,-4.121597766876221,-0.32176903922485,0.7916545756999495,-0.3461735963920752,0.387184191778243,-0.9353460669517516,0.8018980622291565,2.653013229370117,-3.9251054057776926,-1.063514489670098,0.9884568375330418,0.2681185305118561,-0.0968688279390335,0.164251290322747,-0.4866271317005157,-0.4500415230482816,-0.6076947120139375
1853,13.754856,-0.199629,-9.051643,0.730305,-0.679465,0.012415,-0.069481,1.760720216989517,-4.831324762672185,-0.098164606153965,6.057995386105776,-5.852800730296969,-5.021537537926435,-0.4070675075054168,0.2930937111377716,-4.269420623779297,-0.2468513564831761,0.8435650788275423,-0.2107727083905495,0.427828687882066,-1.1857260465621948,0.3247580528259277,1.9828855991363523,-0.0609516045689582,-2.631171218149364,1.3772376169979572,0.3191060423851013,-0.2322214841842651,-1.3270691261194645,-0.5110161304473877,-0.4505362477626651,0.7238472121380269
1854,13.755206,-0.193231,-9.006279,0.732669,-0.676441,0.012972,-0.073863,-0.3389297570377588,-5.558303989225625,0.1570908423751592,7.027430785369873,-4.626330013349652,-5.038119839414954,-0.7098812460899353,0.4156545996665954,-4.201230525970459,-0.1986454648005828,0.8578001416814894,-0.1450914694343981,0.4512951350755045,-0.91327166557312,0.3480124175548553,1.882973313331604,0.2338543485820293,-3.691201080574095,1.3294962071359158,0.2492002844810485,-0.2405189871788025,-1.66831285918802,-0.1750394701957702,-0.5461038962259889,1.160591373652592
1855,13.761261,-0.186348,-8.915962,0.728963,-0.680177,0.00145,-0.077266,-2.062105548530817,-6.653083093470334,0.9445108013659717,7.736814149478078,-3.285547857567668,-5.051465058678389,-0.7352113723754883,0.3257212340831756,-3.7745110988616943,-0.1476583303722934,0.86628224840226,-0.0843095465606687,0.4697276639691559,-0.68150794506073,0.1757494807243347,1.87676203250885,0.3257172242432832,-4.876726331409811,1.7520365597963332,0.2170178741216659,-0.1865550279617309,-1.6589103862009942,0.0312821269035339,-0.5269788149194792,0.9766150085698811
1856,13.768665,-0.183748,-8.878935,0.723973,-0.6862,-0.005855,-0.07042,-4.289856417292357,-6.296025559067726,1.6488246071249246,8.156642905092239,-2.076347862764448,-5.032729963070154,-0.5489998459815979,0.2073028981685638,-3.0319247245788574,-0.1042020470266719,0.8692484762384719,-0.031700346717298,0.4822283912851121,-0.5920462608337402,0.0662963315844535,1.662036657333374,1.2801777572154998,-5.627729407629371,2.088143660628796,0.1792796850204467,-0.0939980745315551,-1.3056314935542643,0.0599824227392673,-0.6623833471979945,0.6824814017225056
1857,13.777016,-0.179139,-8.842877,0.717731,-0.693169,-0.015667,-0.064297,-5.558977358442545,-7.504211262261867,1.8046324239522216,8.360191547259689,-1.1129691331908107,-5.003883807814121,-0.5717654824256897,0.2433180063962936,-2.0584864616394043,-0.0693664585024257,0.8689506008383198,0.0072054665765817,0.4899603494135497,-0.6775875091552734,0.2260433286428451,1.2995885610580444,1.5730290691673754,-6.436477985852957,2.009472859495878,0.123387724161148,0.0225753504782915,0.5749759165756404,0.0156712178140878,-0.3848484449846669,0.3931767128689214
1858,13.783737,-0.171002,-8.765696,0.71188,-0.699981,-0.017854,-0.054172,-6.4332882499009365,-8.586596748879552,1.9249258598059416,8.483022977158427,-0.5282786454716697,-4.891790045028925,-0.5303133130073547,0.5169665217399597,-0.7573128938674927,-0.0460485352679271,0.8652982137477759,0.0259015068928692,0.4984652182963295,-0.0650508478283882,0.1962706893682479,0.834048867225647,-0.9444219540387392,-7.697881484493613,2.18854698562026,0.0141555368900299,0.0217717327177524,1.7047858560606837,0.0098072020336985,-0.3700410807467997,0.3108781496929004
1859,13.783348,-0.171363,-8.730201,0.712763,-0.699233,-0.0114,-0.053963,-6.804968768417835,-8.245020861247182,2.408174655929208,8.5899945746243,-0.408371980445832,-4.713341941848397,-0.3440518379211426,0.5403589606285095,0.5519171953201294,-0.0373342096760421,0.8601278873226113,0.0222165777324782,0.508224887118566,-0.5782760977745056,-0.3216917216777801,-0.2440761625766754,-1.5855577113509178,-7.211583822193742,1.1344237168908118,-0.031229292973876,0.0451149903237819,1.076319756837934,0.0199927054345607,-0.396203513344191,0.1324670357882045
1860,13.782678,-0.174469,-8.68651,0.716094,-0.695269,-0.007354,-0.061285,-5.620470814803243,-7.769780015012621,2.324424359574914,8.650930397102236,-0.7959254831381142,-4.549534942960739,0.5101074576377869,0.385863721370697,1.6358981132507324,-0.0492918155851994,0.8555420525145946,0.0030857585807295,0.5153722072966254,-1.1565905809402466,-0.0250095035880804,-1.5708239078521729,-0.1102700544893741,-6.49044513836205,1.8504636162787675,-0.1447777897119522,-0.1611758023500442,3.633238136427104,-0.1745990961790084,0.841954609189555,-0.5687869622750208
1861,13.785072,-0.188403,-8.605107,0.723186,-0.685662,-0.010839,-0.08217,-4.255006053185463,-6.475512357646227,1.0455009863346814,8.622477625077963,-1.6384367763623595,-4.374786863341927,1.1121041774749756,0.2742337882518768,2.23380708694458,-0.0849598823953911,0.8500454143941242,-0.0217910087923679,0.519355038672441,-0.0789160653948783,-0.2861173748970032,-2.306483507156372,-1.8976935694873327,-6.680057025113701,2.347737430623173,-0.1700031757354736,-0.0327495299279689,0.6798781604215502,-0.0397687852382659,0.3453973090840503,0.2640759386434219
1862,13.793664,-0.194659,-8.554298,0.722403,-0.68661,-0.006571,-0.081592,-3.175338593354821,-4.995693487095832,0.0310725991338491,8.45470464516878,-2.614725110261142,-4.2251162340953945,1.0627069473266602,0.0909642651677131,2.361260175704956,-0.1274366097578159,0.8443681493424235,-0.0496327219810806,0.5180145441269859,0.7376338839530945,-0.1161649227142334,-2.8363046646118164,-0.9863450330108404,-4.915258014377951,1.3965133953541518,-0.2065167427062988,-0.1266172081232071,0.6213424578879028,0.3006677329540252,0.5963722307497635,0.6401236576601863
1863,13.801587,-0.198963,-8.512207,0.722846,-0.687135,-0.00023,-0.073074,-2.0381296296596525,-6.0799547044575215,-1.749743188162148,8.160401380842924,-3.564787408274412,-4.107370729158818,0.5694715976715088,-0.0616004653275013,2.55993127822876,-0.1668818966730905,0.8383015369442021,-0.0816587940069959,0.5125745739634767,1.9106236696243288,-0.0854344964027404,-2.962360620498657,-3.989518548977375,-3.841858090509474,0.9894956059962512,-0.1754153370857238,-0.2208185195922851,0.7860979896720498,0.3132031261920929,0.5368593902796507,-0.2091085230506025
1864,13.819125,-0.198465,-8.415784,0.724884,-0.686481,0.00705,-0.056898,-1.2302443902671336,-6.54911769208312,-1.484896904467046,7.651494996371865,-4.548157809388638,-4.115740790358186,0.3292382657527923,-0.2681424915790558,3.357057809829712,-0.2027688473005097,0.8330164844889841,-0.126205835832505,0.4990396903713673,2.127138137817383,-0.6897315979003906,-3.0552332401275635,-5.864927805942297,-2.2659983279608187,-0.2308575413862243,-0.0349544994533062,-0.1591670513153076,0.7890873076811432,-0.0302899498492479,0.7237756082065403,-0.6526466738205403
1865,13.829144,-0.193522,-8.368683,0.723062,-0.688754,0.006205,-0.052541,1.0065577999562023,-4.631639810195565,-1.3128557457193732,6.881438260114193,-5.687967310971021,-4.057488215614855,0.6065986156463623,0.0273417700082063,3.8073763847351074,-0.2470884001050058,0.8210748332530438,-0.1808603007844198,0.4817395008302072,1.9248641729354856,-0.8453510999679565,-3.0953378677368164,-4.599805579039455,-0.4466942584469914,-1.2240671629369255,-0.0182192474603652,-0.1250140964984893,-0.451162818695791,-0.2205047756433487,0.1634142549767158,-0.3146513846212997
1866,13.838416,-0.187345,-8.323275,0.722766,-0.689299,0.002365,-0.049707,2.5833237175643444,-1.9126713583886623,-1.578774334821105,6.017398002779483,-6.747904818937182,-3.798304487726092,0.5488985776901245,0.955152153968811,3.65092396736145,-0.2904170591180299,0.7980407710574268,-0.2383076957222716,0.4711670566927491,1.773691177368164,-0.9724517464637756,-3.1136510372161865,-3.766843766057491,0.8314996314749121,-1.7922822070755065,-0.0552992261946201,0.1063457056879997,-1.3205913084074854,-0.321967601776123,-0.1869475629132241,0.0845647271428722
1867,13.855146,-0.181198,-8.231731,0.722343,-0.689992,-0.002758,-0.046089,2.841026559245586,-0.066862289917469,-2.28090261323452,5.193315661823749,-7.580067590495943,-3.4267250914961096,-0.0251501221209764,1.4934152364730835,3.400020837783813,-0.3212208655925193,0.7652707519088334,-0.2984543992299874,0.4712779061533543,1.5386359691619873,-0.9532397389411926,-3.029006242752075,-2.626586520707607,2.045197960610688,-2.5036761803537604,-0.0941340625286102,0.1241313740611076,-1.5642537881679832,-0.1552557647228241,0.0832435798080172,0.9048044485952704
1868,13.860223,-0.179437,-8.193861,0.72181,-0.690421,-0.003414,-0.047932,3.3105949128016827,0.5587544112235308,-1.8044748953029512,4.343368227249384,-8.173212931621075,-3.2410052437469363,-0.5432407855987549,1.437387466430664,3.275796890258789,-0.338077662703574,0.7314623477766596,-0.360843616601962,0.4695297199770668,1.4210875034332275,-0.8730849027633667,-2.804713726043701,-1.8033014676094048,3.1329817991405724,-3.381037399293482,-0.1107069849967956,0.0669699013233184,-1.779254090937227,0.1157536953687667,0.1327939570544753,1.1382551848124711
1869,13.863769,-0.177934,-8.146084,0.723573,-0.687874,-0.00572,-0.056906,4.533478418911994,0.3727490245312452,-1.2900181832283737,3.423799851699173,-8.578274910736084,-3.295625891728699,-0.8416591286659241,0.815837025642395,3.096806287765503,-0.3485128664292184,0.7004307181759972,-0.4212207970197753,0.4588120776733616,1.126340627670288,-0.7559405565261841,-2.492123603820801,-1.3868804746121168,4.27161056650579,-4.116157846726477,-0.1081437841057777,0.1085118502378463,-1.9059088785164056,0.2255965620279312,0.0690305510343751,0.6874567059170454
1870,13.86986,-0.170151,-8.066725,0.72353,-0.686595,-0.002563,-0.071314,6.014135201591253,0.3646937283694744,-0.3382987656578421,2.4559508448436853,-8.811286963275075,-3.53551952047497,-0.6968830227851868,-0.1501937806606292,2.716299057006836,-0.3604790484167288,0.6771071485099763,-0.4709429190304487,0.4356529146098934,0.767045259475708,-0.5964611768722534,-1.962488412857056,-1.0268640904039144,5.208007619521021,-4.4493943605586885,-0.0365017093718051,0.1877917945384979,-0.7503568872705102,0.1402857601642608,0.3216948003267869,0.1187252366889268
1871,13.874066,-0.168656,-8.025922,0.722511,-0.687939,0.003164,-0.068612,7.5295964634090655,0.1343476801693439,0.35629064168334,1.4887627861149608,-8.950546380883456,-3.7204435416713353,-0.0617089197039604,-0.926546275615692,2.2823197841644287,-0.3815769199275159,0.6604321914600572,-0.5035068521054703,0.4058438883644804,0.550883948802948,-0.0993301272392273,-1.0887266397476196,-1.4193787226349115,5.286836826086044,-4.614479416558146,-0.000771575490944,0.1595598459243774,0.6458816366650164,0.0829291716217994,0.7334554368302225,0.1680792328467592
1872,13.877915,-0.170102,-7.986896,0.722525,-0.688186,0.007803,-0.065544,8.836133819761871,0.5253624292314052,0.3041267392039299,0.5726299745040014,-9.078498807057738,-3.663790803340077,0.5903230309486389,-1.2975904941558838,1.8676538467407229,-0.4133164267319859,0.6460110204606511,-0.519106063064024,0.3773171944392671,0.0998318418860435,0.1008880287408828,-0.0294940192252397,-3.3767847102850674,5.100950097337365,-5.105176775121689,0.0098743690177798,0.0494984947144985,1.5011483665660024,0.2796119451522827,0.8930039745558053,0.4327663073921576
1873,13.882725,-0.182281,-7.899266,0.721762,-0.68805,-0.000147,-0.075145,10.133050530332326,1.7301514757245775,-0.2749871539592742,-0.1903795831885188,-9.187491096696258,-3.4240547032430766,0.6457899808883667,-1.1740413904190063,1.269890546798706,-0.4468420332138501,0.6326337005746294,-0.523786984585127,0.354618135924795,-0.935543656349182,0.3319389224052429,0.7377366423606873,-2.7955010718673465,5.680612856554984,-4.933666946771741,0.0619515627622604,0.1429519206285476,2.3189925437845287,0.3030990064144134,0.8056107916545122,-0.3276605037981644
1874,13.884366,-0.190743,-7.854131,0.72099,-0.688211,-0.007578,-0.08051,10.723365031945704,2.784112247368693,-0.0945589828774332,-0.3102333124507218,-9.269258694800731,-3.186694976888597,0.07632427662611,0.4669338762760162,-1.3491160869598389,-0.4654265671015871,0.635394981839813,-0.5086742071960323,0.3477096920932236,-1.360782027244568,0.6501768827438354,2.219855785369873,-4.653639460557699,3.9422166995763774,-2.556326112784445,-0.1264527589082718,-0.034599095582962,-0.7619514634743333,0.3787422478199005,-0.940927462986484,0.3642550081586465
1875,13.885361,-0.197228,-7.809312,0.721938,-0.687336,-0.010766,-0.079117,8.799666083586215,2.318945051380992,-0.7230281508401036,0.4708324186751618,-9.24582053606808,-3.2347368310019373,-0.3406809270381927,0.6478237509727478,-2.42710828781128,-0.4435433216686582,0.6506545486695143,-0.4915021306695981,0.3719458505304542,-1.2560971975326538,1.11534321308136,2.725859880447388,-1.854470513832569,3.391273254364729,-1.6297510733425615,-0.082909807562828,0.3817736506462097,0.9897112215083091,0.2990210056304931,-0.8911903492625802,-0.0779550540789961
1876,13.889499,-0.195542,-7.724851,0.723039,-0.68799,-0.002741,-0.06226,8.229438092190026,-1.1646417450219393,-1.2400012296497822,1.6059421816013753,-9.06278919675052,-3.384848189753294,-0.4707135260105133,-0.1208603531122207,-3.514910697937012,-0.4117575979303138,0.6804587984219572,-0.4577718367321765,0.3973367635379229,-1.0369030237197876,1.220431208610535,3.202856063842773,-4.752886601251364,1.9137655833661555,-1.0335726481318472,-0.0680383443832397,0.4790431261062622,0.1778205093340948,0.0977942645549774,-0.9335048387050628,-0.2509683640607633
1877,13.887766,-0.189252,-7.678876,0.72694,-0.684406,0.006746,-0.055681,6.716265233570337,-3.596306582131981,-1.0073094951063395,2.900044565403461,-8.636865046870708,-3.62831266272366,-0.6745139360427856,-0.9749687910079956,-4.211162090301514,-0.3775392392927208,0.7227085083908396,-0.4033421370978625,0.415296908529566,-0.9213133454322816,0.8391243815422058,3.3209545612335205,-4.699016479375958,0.2995677607253194,-0.0688122549414634,-0.0552997179329395,0.176207423210144,0.5215267600586637,-0.1584925055503845,-0.2168474832721985,-0.4106541000336408
1878,13.883749,-0.182107,-7.634306,0.730917,-0.679935,0.014454,-0.056921,4.74829605859071,-4.506611162513495,0.7367424956768751,4.205121201553941,-7.883533235442638,-4.041938179783523,-0.8385963439941406,-0.8787328004837036,-4.605944633483887,-0.3360843362554987,0.7699245459962323,-0.3365972115934384,0.4254008532453859,-1.239943265914917,0.6250419616699219,3.0009140968322754,-2.62527602263093,-0.2914841152518987,0.3705341980259865,-0.0445488132536411,-0.0644084364175796,-0.8449772449463605,-0.4617406129837036,-0.210288106490299,-0.3387295582905411
1879,13.883722,-0.17318,-7.547427,0.730667,-0.679903,0.008792,-0.061484,2.455645432156324,-5.035265619027614,1.6943144386678932,5.519888041591644,-6.857631268069148,-4.3213522102743385,-0.5522587299346924,0.1569773405790329,-4.691420078277588,-0.2870060907749072,0.8057961059830243,-0.2664963014427357,0.4441843772459111,-1.2573204040527344,0.4829449951648712,2.6888082027435303,-0.6749713914185762,-1.584342344211787,1.0876485217124223,-0.0473278798162937,-0.2605952024459839,-1.3175221300952136,-0.5177463293075562,-0.0407579076502472,0.4394080834941938
1880,13.887942,-0.174047,-7.511404,0.728422,-0.682731,0.002974,-0.057198,-0.0020715455770492,-6.010509412309527,0.9553776478171347,6.780505358290672,-5.64910245052576,-4.275836659768223,-0.3644630014896393,0.9852260947227478,-4.474517822265625,-0.2346481892219108,0.8236790898061624,-0.1988963465515897,0.4763751364136931,-1.5812596082687378,0.4851827621459961,2.402798891067505,-0.3497036645084619,-2.4633342330932617,0.6342039122223854,-0.0090969670563936,-0.4215220510959625,-1.3291983932331204,-0.295802354812622,-0.0966485755678266,1.2007162440963088
1881,13.893849,-0.171658,-7.472771,0.725063,-0.686571,-0.008532,-0.053215,-2.334292258116603,-6.423353131341933,0.5650000276148319,7.805791239592432,-4.353248108489812,-4.035993884426355,-0.2410098016262054,0.9483751058578492,-4.036190032958984,-0.1841847732131507,0.8290680797603002,-0.1357370109375215,0.5101936531007715,-2.9379892349243164,-0.0173450857400894,1.993921399116516,-1.1689940950125457,-3.3177500452533364,0.3537023787558078,0.0834799408912658,-0.3696633875370025,-1.883293142082542,-0.0478376820683479,-0.5196843105297535,1.257537763123214
1882,13.906145,-0.162937,-7.396259,0.720548,-0.692037,-0.020649,-0.038315,-3.8049639456152913,-6.33163930876255,0.8654843186631799,8.349307749673724,-3.400789855250716,-3.8592835648238655,-0.1186656057834625,0.7180922031402588,-3.673972129821777,-0.1505992134074307,0.8297018705101253,-0.0914522196828677,0.5296708124243621,-2.4941234588623047,-0.4453049004077911,1.732274889945984,-0.3936450975656509,-5.774138696992397,0.6257055484682321,0.1573984622955322,-0.1568679213523864,-1.982696057859808,0.0234254077076911,-0.7630866780493408,0.7874637981325388
1883,13.907991,-0.160797,-7.359924,0.721378,-0.691783,-0.01315,-0.029614,-6.486303216251731,-7.2195403341561555,1.1378797025635838,8.83606133904755,-2.2281290544241665,-3.6235093540951606,0.2669295072555542,0.55916827917099,-3.011528968811035,-0.113395983004585,0.8267064314970087,-0.0361113946868163,0.5499033390245847,-1.4760165214538574,-0.221368208527565,1.4105733633041382,1.5601245794087648,-6.71592445730865,1.0437462516218423,0.1934958547353744,0.0124539267271757,0.0149441640512959,-0.1816878616809845,-0.2900678735121153,-0.0543157330513233
1884,13.907597,-0.162295,-7.321774,0.724723,-0.688408,-0.00529,-0.029045,-6.437640599891543,-7.658751835632324,-0.2904004116684198,8.957987929061055,-1.4668974296569823,-3.711208388075233,-0.0034474316053092,-0.6212183833122253,0.014517668634653,-0.1022400940119025,0.829988864902619,0.0183700407358213,0.5480219651355345,-0.1190871894359588,0.0362330824136734,0.5531776547431946,-1.143757946947217,-8.011293353915214,0.7161077039271593,0.051616795361042,0.268185943365097,1.2793278623878954,0.0419446043670177,-0.6722828829869627,0.7846469140809029
1885,13.908604,-0.17393,-7.228895,0.732185,-0.679363,-0.001697,-0.048671,-5.522589701765775,-7.742474074935912,1.0864987671554087,8.855916963118315,-1.546130540847778,-3.918240780705213,-0.5296046733856201,-0.349742442369461,0.7807520031929016,-0.100000181124847,0.8364775724250135,0.0089418284390229,0.5387256439104705,-1.1029268503189087,-0.0314735807478427,-0.5153989195823669,-1.214096388542652,-7.114272033476829,0.102799316749908,-0.0248140431940555,0.1656399816274643,3.354002677373588,0.0348974056541919,0.470714272188209,-0.3110740010585636
1886,13.912091,-0.181752,-7.185111,0.73295,-0.678089,0.000539,-0.054581,-4.888733580067753,-8.227546579355002,1.7335235825061797,8.775869612935185,-1.8857105784878128,-3.949506272062659,-0.2793890833854675,0.3230680227279663,1.5561310052871704,-0.1053343532268995,0.8373466151440724,-0.0148130693015883,0.5362237567898256,-0.7117372155189514,-0.0472216494381427,-1.564201831817627,-2.0068997941374778,-7.757807837668061,0.9927677595347164,-0.0176213979721069,-0.0858585387468338,1.4669827698528766,0.0336117073893547,0.6995056017596274,0.0180745881561771
1887,13.918826,-0.190436,-7.13386,0.732455,-0.678623,0.005468,-0.054312,-3.4912738437741995,-5.948414482924342,0.1887654990553856,8.388613339623808,-3.651885261490941,-3.530622396083176,0.704170286655426,0.2676243185997009,3.082035541534424,-0.1658783431825366,0.8193707081031786,-0.0929692562567837,0.5408075110984633,1.2487226724624634,0.5764785408973694,-3.010854005813598,-1.120841181740165,-5.266432920482754,0.4960661921203136,-0.0387183241546154,-0.2846491932868957,-0.0597137835694244,0.1708594262599945,0.6278426335621625,-0.2353993130017072
1888,13.9317,-0.19614,-7.039667,0.733064,-0.678245,0.012066,-0.049551,-1.116985675355792,-5.287921698713302,-1.4197045935884118,7.857263068154454,-4.770718318279087,-3.416732689791917,0.8582324981689453,-0.3066482543945312,3.1045126914978027,-0.2117492903464751,0.8098649808182344,-0.1353646774294981,0.5300541409512721,2.234237670898437,0.2540794610977173,-3.227567434310913,-3.6052597039163112,-3.2263375437080857,-0.5233101728767157,-0.0464011318981647,0.0399470403790473,-0.0334412256780429,-0.0271523967385292,0.3329232100993394,-0.5139726914172992
1889,13.941327,-0.192345,-6.979833,0.730837,-0.680831,0.014705,-0.046154,0.3418167106509208,-5.009406955149769,-2.725092487645149,7.135574349224567,-5.822410268208384,-3.369496891364455,0.6959800124168396,-0.5414085984230042,3.1840803623199463,-0.2593504980172704,0.8008299238658283,-0.1745507543551811,0.5108236582084305,2.6719110012054443,0.0876106768846511,-3.218496799468994,-4.497593158799409,-1.6392349410027265,-0.9090957891136408,-0.0613784715533256,0.1542343199253082,-0.7601270975913852,-0.2172405421733856,0.2131614882358349,-0.3681424805838614
1890,13.950604,-0.186379,-6.93137,0.729295,-0.682785,0.01467,-0.041451,1.1835136187523605,-3.3241654652535915,-1.912801122248173,6.243299931052327,-6.751832221513986,-3.406516123943031,0.1793915629386901,-0.3510691225528717,3.396908760070801,-0.300032567306759,0.7907113647302701,-0.2201352272557111,0.4861033700256829,2.3842074871063232,-0.385254830121994,-3.221565961837769,-4.061262765717506,0.3309279446288943,-1.689703145480156,-0.0747649446129798,0.2423560172319412,-1.38796987728402,-0.3507600426673889,0.1779029634531587,0.1100755365642719
1891,13.964893,-0.182001,-6.839186,0.72928,-0.682674,0.010841,-0.044599,2.539612586131692,-1.0641250227838754,-0.9187161426350474,5.240345124024152,-7.581336587518453,-3.351492155857384,0.4229175448417663,0.1094772964715957,3.45099139213562,-0.3374380934826279,0.7729527106401763,-0.2709661510743776,0.4639579325458338,1.7751928567886353,-0.4097383618354797,-3.289050340652466,-2.341232871034741,2.218012149557471,-2.227877271620184,-0.1556656062602996,0.2069618999958038,-1.5003746057145295,-0.2915546000003814,0.3537591504443436,0.605674056373909
1892,13.968163,-0.180437,-6.79974,0.73121,-0.680425,0.0122,-0.046958,4.075580337144435,0.76172437672019,-1.6427786049589514,4.226313627186418,-8.261710130241513,-3.17061361065954,0.5247443914413452,0.0243252925574779,2.973494529724121,-0.373983966810702,0.7493351202245482,-0.316469876286484,0.4455105331439782,1.7957804203033447,-0.3452424705028534,-3.0556161403656006,-2.000529674583673,2.9391590166956183,-2.671190217065811,-0.2003337442874908,0.123811237514019,-1.7683008813768624,-0.099278524518013,0.3393334059352055,1.075039434703812
1893,13.969547,-0.176482,-6.761244,0.734843,-0.676022,0.016346,-0.052274,4.826889410573243,1.4734633640438315,-2.011483907057345,3.3051667502731084,-8.71472745423019,-3.0495594195663926,0.2692495882511139,-0.3033538162708282,2.391700506210327,-0.404295360944874,0.7295614570846709,-0.3510332407394153,0.4255127711149584,1.7830824851989746,-0.3224831223487854,-2.6169509887695312,-1.89400698992908,3.9292292077094313,-3.233357067081332,-0.1905287951231002,0.1131800487637519,-1.7467147802516818,0.1065994799137115,0.3936384486291557,1.189467193394527
1894,13.974374,-0.166437,-6.680938,0.737723,-0.672016,0.031333,-0.056362,5.525306559509039,1.4396481882035732,-1.6781141222342848,2.477761402374506,-8.982879209211468,-3.0559701633915304,-0.0309981126338243,-0.3878138661384582,2.076359510421753,-0.426895782723371,0.7157614063181117,-0.37880962097416,0.40242865413854,1.0233972072601318,-0.336436927318573,-2.1752712726593018,-1.427544493433833,4.980974641391635,-3.8624110491946335,-0.0946931093931198,0.1470929980278015,-1.158335557549819,0.2663963139057159,0.5587507944943383,1.1011050193306058
1895,13.978905,-0.164483,-6.643151,0.737856,-0.67189,0.038125,-0.05176,6.730201404464244,0.7908411656111478,-1.4321373741820451,1.7190860379613937,-9.136580409148335,-3.120586720208824,-0.1856636255979538,-0.1782374531030655,1.9323753118515008,-0.4430695545136702,0.7032250312084841,-0.4056848529471367,0.3802418723576373,-0.3018599152565002,0.0618398003280162,-1.4716315269470217,-1.547837344765663,5.942610765081644,-4.346394004811346,0.0578897669911384,0.0532373376190662,1.2088472358427942,0.2381813824176788,1.083118988524005,0.4650094116101041
1896,13.981805,-0.171279,-6.604107,0.738262,-0.671612,0.038468,-0.04926,8.293175528085232,0.0967348656117916,-1.324472826015949,1.0388239197235554,-9.214752613109347,-3.190542884488404,-0.0845888704061508,-0.0211954321712255,1.7022619247436523,-0.4549601700645683,0.6903434782214333,-0.4313911170299551,0.3610247141038024,-0.428226113319397,0.0201232992112636,-0.2579736709594726,-3.6903438792228695,5.138534270322323,-4.4484369137033815,0.1794070601463318,-0.1121405735611915,1.620726786018163,0.1856476366519928,1.1799163249127569,0.2403828187690116
1897,13.991235,-0.186611,-6.516319,0.734406,-0.675749,0.016336,-0.061198,8.944898145863414,1.7460878805249929,-1.2103133628726004,0.4878077380692586,-9.271362973603608,-3.158207133550942,0.1983022987842559,0.1530452519655227,1.2996782064437866,-0.4661414558905691,0.6756367179812861,-0.4522596402246084,0.3488387090526433,-0.4454453289508819,0.0063827740959823,0.8127619624137878,-3.038357057550549,5.314207063570619,-4.20567152891308,0.3301048278808594,0.0961117669939994,1.9029893378078937,0.0678785294294357,0.728002285990864,-0.2876950251672416
1898,13.998056,-0.196472,-6.468094,0.73188,-0.678179,0.00473,-0.066361,10.57909918435216,1.4693343014150857,-2.2855635907828806,0.15874566037748,-9.30046865657866,-3.1058792726814746,0.046861570328474,0.1280510574579239,0.4699977040290832,-0.4731368724632113,0.6648302386224255,-0.465141412147623,0.3431993853939709,-1.2205415964126587,0.4798894822597503,1.6477670669555664,-3.9752480315625673,5.298195839968323,-4.330649615451693,0.1739394664764404,-0.2571372389793396,1.0017571216762065,0.1089557185769081,0.2438156792945228,0.0575983623180305
1899,14.001054,-0.203721,-6.422333,0.731745,-0.678414,-0.000366,-0.065601,9.989252300250527,3.427101523593068,-1.677615232801437,0.2088499451796524,-9.3054651496917,-3.087893241874873,0.0091098863631486,0.4613033533096313,-0.5464236736297607,-0.4709590374628061,0.6630793769199286,-0.466652423728769,0.3475037353590505,-1.873212575912476,0.3039203882217407,2.224929094314575,-4.04109442243576,4.643264781537652,-2.9608915405541656,0.0338796861469745,-0.087366908788681,-0.2790160806817934,0.0886504352092742,-0.5738825683809816,0.1005638219159562
1900,14.005999,-0.2087,-6.332695,0.73342,-0.678069,0.003507,-0.048017,8.830136625173687,3.870616275221109,-1.6290636756002903,0.6826253402378409,-9.251135593611002,-3.181336372464895,-0.6309868693351746,0.6838151216506958,-1.6450746059417725,-0.4539469724995246,0.6712558175264384,-0.4600202607491834,0.3629450992261865,-1.5267590284347534,0.6041861176490784,2.601496934890747,-2.272500111070275,3.4085061287164686,-0.8638432734578847,0.0217518731951713,0.4576221108436584,-0.1386681919832713,0.1409946829080581,-0.9442319113593548,-0.0274748532030964
1901,14.005956,-0.206038,-6.285471,0.737317,-0.674164,0.009931,-0.042049,8.485277478086948,0.4805722703903913,-1.377312435799837,1.5824901404738425,-9.037747694474458,-3.4619673775300384,-0.9122853875160216,0.3611334562301636,-2.865102529525757,-0.4206262560860581,0.6946519643960956,-0.4404200926727169,0.3828345864398464,-0.931668758392334,0.985137104988098,3.24227237701416,-4.203698475274443,2.069049668580293,-0.3493236522149294,-0.0515993051230907,0.2671761810779571,0.5776928108515218,0.1367660462856292,-0.5393334157103672,0.0572088606769451
1902,14.005552,-0.202161,-6.238005,0.741532,-0.669252,0.012296,-0.045607,7.034080890908837,-2.776996277883649,-0.5506687199234962,2.767182155355811,-8.628381880685687,-3.750215287339687,-0.647146463394165,-0.3969480693340301,-3.76842999458313,-0.3828113813909074,0.7294164516205777,-0.3989478665176066,0.4027998050304328,-0.3828149735927582,0.369549423456192,3.476654052734375,-5.783128643655776,0.0710489279523491,0.2190980934768915,0.022198898717761,0.1309599727392196,0.0501199527287622,-0.0450453944504261,-0.4297202176945284,-0.0924597455758601
1903,14.009825,-0.197691,-6.143318,0.742192,-0.66781,-0.004378,-0.056232,4.714552194420993,-3.772991767293216,0.918399916292727,3.9970495290040966,-8.014260971549152,-3.9956969453513618,-0.3012357354164123,-0.7380988597869873,-4.167984008789063,-0.3477565899191184,0.767641514665653,-0.3383051099112316,0.4187379514540277,-0.7511059045791626,0.257125586271286,3.191603422164917,-2.3081010012835264,-0.0661605713889002,0.4656991109073162,0.157682180404663,-0.0865446925163269,-0.4381128195192664,-0.3349747955799103,-0.1866746825222857,-0.0692143968684133
1904,14.0164,-0.197513,-6.103838,0.73879,-0.671807,-0.012429,-0.052064,2.365676407417655,-4.073673334479332,1.123508355122805,5.192668596091866,-7.208403438591957,-4.1527717133745545,-0.1346866190433502,-0.2545587122440338,-4.216267108917236,-0.3120246124120345,0.7991034577102714,-0.2704923223954205,0.4369305107661085,-0.7149601578712463,0.2213487178087234,2.8874447345733643,-1.0893062257915735,-1.427162216117978,1.565922452032566,0.2752402722835541,-0.2388395220041275,-1.0669184528946876,-0.5003008246421814,-0.2099449190758168,0.4291442809700965
1905,14.027148,-0.194043,-6.060161,0.732461,-0.678816,-0.025071,-0.045619,0.0186515089780092,-4.524871041825413,0.8357125729948282,6.294858853375912,-6.247839912569522,-4.184453092056512,-0.1285181194543838,0.1885723024606704,-3.923900365829468,-0.2733944112545389,0.8192285259117692,-0.2054564700272036,0.4603344654436355,-0.8046895265579224,0.1894430369138717,2.492680311203003,-0.3036573681265115,-2.2973053203724323,1.07601478254199,0.3019518256187439,-0.3177715837955475,-1.4644246098026632,-0.3749087750911712,-0.3304087430603802,1.0373981977693736
1906,14.040926,-0.185206,-5.984655,0.723571,-0.688208,-0.039981,-0.03487,-1.6339397572040557,-4.919080203014612,0.78632398044765,7.175619359365105,-5.225901003608107,-4.167834842471778,-0.1777171194553375,0.1052886545658111,-3.490996837615967,-0.235478953626796,0.8312369945473097,-0.1467838348294316,0.4817149471545619,-0.7870069146156311,0.1146270632743835,2.2803380489349365,-0.4327946201711893,-3.6305589803457257,0.9842039293289184,0.2567092180252075,-0.3302986919879913,-1.5742527657434344,-0.1328214704990387,-0.511555291544646,1.180954362723604
1907,14.045883,-0.182271,-5.947756,0.72384,-0.688481,-0.034062,-0.029833,-2.764973247134685,-5.277139023414254,1.2742974670052527,7.777384060275554,-4.209585779747367,-4.238169192413985,-0.2102769762277603,-0.3085947632789612,-3.0683047771453857,-0.2001697227034253,0.8410121285489581,-0.0937288324969661,0.4938072573770286,-0.4297971129417419,0.1087194755673408,2.1292734146118164,-0.2479407416015863,-5.017767956259847,1.5758090552747248,0.1467570662498474,-0.2416703402996063,-1.921854051145166,0.0823476687073707,-0.6968599095564335,1.0651609417028725
1908,14.045794,-0.182585,-5.909476,0.726159,-0.686443,-0.024816,-0.029536,-3.464917751768231,-6.2699243186056615,1.6592501395493744,8.130769043645262,-3.27081995177418,-4.400312934264541,-0.2348154336214065,-0.4458257555961609,-2.645271062850952,-0.1693249137510732,0.8498450400653698,-0.0460100920587385,0.4969664952458775,-0.1899299323558807,0.1163120418787002,1.8365274667739868,0.8948433918774128,-5.7442392332911485,2.1621453009068965,0.0672890618443489,-0.033879566937685,-0.5059200621366501,0.1231733635067939,-0.4671133616194128,0.4405531618760898
1909,14.045705,-0.191822,-5.81664,0.734079,-0.677305,-0.014831,-0.046539,-4.963036833640933,-7.662319172725081,1.939782068154216,8.366545300200581,-2.391532440946996,-4.522377763704955,-0.5401919484138489,0.0746214687824249,-2.236469268798828,-0.1384580308888683,0.8547078528450479,-0.007182482466965,0.5002523020856497,0.1667829155921936,0.312466412782669,1.5164291858673096,0.811251500955224,-6.845473212763666,2.458251230740547,-0.1011435687541961,0.0464010573923587,1.340238258163631,0.163560077548027,-0.2991775192987174,0.4197563479650765
1910,14.047917,-0.198983,-5.772459,0.73603,-0.674708,-0.012081,-0.053696,-9.721140292757749,-8.665614171493052,2.325703293469548,8.813437419307231,-1.4991189065650106,-4.030674150708317,-0.6730878353118896,1.2161458730697632,0.8734866380691528,-0.0964421862735084,0.8399011916796133,0.0085539881034753,0.5340333875582325,-0.3521686494350433,-0.2976175844669342,-0.0498829819262027,-1.5545505786687135,-7.581840445387363,1.647596526634693,-0.2839763164520263,0.1601061820983886,3.7135394613713024,0.1481963098049163,0.4889040454059839,-0.7145471035469323
1911,14.052806,-0.205797,-5.729453,0.735575,-0.675259,-0.00556,-0.054068,-7.228280105450749,-8.61136878656447,1.3392606453031302,8.866810697576403,-1.9855172527603804,-3.68886971501708,-0.5926851630210876,0.8498143553733826,2.2637925148010254,-0.1038087911032668,0.8290450673571615,-0.0276457508934384,0.5487656002410387,-0.3696054220199585,-0.4765367805957794,-1.404516577720642,-2.34293207616806,-7.624018375903367,2.4170389303863047,-0.2783386707305908,0.0432307533919811,1.3584816247321665,0.0891221985220909,0.6943816828746349,-0.1161218401243444
1912,14.067168,-0.209934,-5.63348,0.736634,-0.675015,0.006609,-0.041004,-4.686024895855784,-6.897102277714014,1.6921955468177794,8.674315948864818,-2.87228766668886,-3.5604207374975085,0.219777300953865,0.0311192832887172,2.905851364135742,-0.1277705691943547,0.822105151890591,-0.0753263212616706,0.549676045233818,-0.0269042626023292,-0.5768148899078369,-2.5698909759521484,-0.7975111448943615,-6.205492470705509,1.5957260541439056,-0.1477638930082321,-0.2623768746852875,0.4526320144655182,0.1590074300765991,1.2048332509610802,0.2789907453111372
1913,14.076205,-0.206545,-5.58674,0.734854,-0.677364,0.012051,-0.03197,-1.91107152197659,-5.448169543814659,-0.2596341020047664,8.23759977133572,-3.9595468968227503,-3.554479072488844,1.1754441261291504,-0.641891598701477,2.7911648750305176,-0.1725942636146321,0.8175871804122257,-0.1130451324241735,0.5375716068182019,1.2783714532852173,-0.2507334947586059,-3.15596079826355,-1.7166852604299785,-5.352610736244917,1.46445880433321,-0.0469326749444007,-0.4223071038722992,0.4710845668053254,-0.116533875465393,0.9424087875854223,-0.7797732436299324
1914,14.086167,-0.202078,-5.532458,0.732149,-0.680552,0.014637,-0.024331,-0.738864894658327,-5.468174220967293,-2.0611106922745703,7.597804322716593,-5.01334078746736,-3.6483117869183417,1.1897528171539309,-1.225057601928711,2.869905471801758,-0.223964026351344,0.8160250245062698,-0.1418283846381357,0.5136419122358575,1.989181876182556,-0.6632572412490845,-3.369375705718994,-4.83573790293932,-3.378590882924199,-0.1903303006866946,0.0835605561733245,-0.0590019151568412,-0.1619857930761762,-0.5089007019996643,0.3972743209134787,-0.7815558161977678
1915,14.099422,-0.197068,-5.441993,0.732025,-0.68064,0.010305,-0.027604,0.9295178148955108,-4.626913950717449,-2.3307398263320325,6.76365008507967,-6.052871467220783,-3.712973351921141,1.0785257816314695,-0.8750025629997253,3.159632921218872,-0.2764509893624824,0.8118248380705545,-0.1739235280378566,0.4840102297166141,1.912846326828003,-1.1758960485458374,-3.56692886352539,-6.01589461247921,-1.1874930437773463,-1.334540631043911,0.1185765713453292,0.1610784232616424,-1.2330803443454206,-0.6917192935943604,0.0010098922827077,-0.2872458748939447
1916,14.102872,-0.199226,-5.396489,0.73211,-0.680253,0.00619,-0.035112,1.7236393173515796,-2.063549317598343,-2.036042009730637,5.849670615577698,-6.986084044981002,-3.6257960037276153,0.6342090368270874,-0.1860848665237426,3.222031593322754,-0.3223553853270273,0.799315136020493,-0.21438157382615,0.459589997632664,1.4543235301971436,-1.2770156860351562,-3.760650634765625,-3.875602831462025,0.6362178823933005,-1.993679516427964,0.0787310227751731,0.272152304649353,-1.5225247704632578,-0.6178450584411621,-0.0475805613111006,0.4700971997357904
1917,14.105057,-0.199934,-5.354662,0.73296,-0.678671,0.000854,-0.046635,2.580541977891326,-0.2254845796436071,-1.7577295107409356,4.927374568629265,-7.73777919511795,-3.4667180791884658,0.3832245171070099,0.2445141375064849,3.080829381942749,-0.3582877151038942,0.7803761654829561,-0.2603199346659149,0.4414481567222449,1.3496503829956057,-1.0265352725982666,-3.76690411567688,-2.8265777626544235,1.990649501082301,-2.5940771667689084,-0.0049480255693197,0.2087896764278412,-1.5074838531978427,-0.2747173309326172,0.0615306191664654,1.1208075717315078
1918,14.106906,-0.192751,-5.267234,0.734106,-0.67586,0.000883,-0.065583,3.5067937767282125,0.3023953853666782,-1.647311279952526,4.010999436162412,-8.303368420797586,-3.337117009024322,0.1713881343603134,0.2033366560935974,2.87646484375,-0.3865689169423122,0.7594868874106985,-0.3054918616464683,0.4247574515260512,1.5676043033599854,-0.8599434494972229,-3.395099401473999,-2.6270593989163635,2.9222914685249326,-3.410864966802299,-0.1182004213333129,0.1302217841148376,-1.560377531256527,0.0853391513228416,0.2261935498968698,1.2433997860468924
1919,14.109631,-0.189503,-5.227562,0.73337,-0.676797,0.006794,-0.063786,4.816553894519806,0.5286731612145901,-1.1592357943251728,3.056628919561207,-8.732705593991279,-3.2507340260788795,0.2594650685787201,0.1010701358318328,2.836505174636841,-0.4122943698261758,0.7381594480164714,-0.347652036508279,0.4053049525820417,1.6416643857955933,-0.7562963962554932,-2.828558921813965,-2.3082272580116987,4.014308122318983,-4.248877048911154,-0.2250508069992065,0.0813109949231147,-1.5185479757867753,0.3617597222328186,0.344148843392916,1.0977758018426595
1920,14.112642,-0.18929,-5.187369,0.732821,-0.677542,0.010496,-0.061643,6.623833033588528,1.1916817276388405,-1.2718331227183342,2.103331292888522,-9.05169614032805,-3.132600106346607,0.3296976387500763,0.0724220499396324,2.549257040023804,-0.4374634233215504,0.7149228537326909,-0.3854912005312786,0.3858854844573828,1.2486529350280762,-0.6196643710136414,-2.180231094360352,-1.988200938886404,4.978980252704024,-4.810478373998404,-0.3068430423736572,0.1156791299581527,-0.760865567933768,0.3941855430603027,0.575076637003757,0.349916832335107
1921,14.116926,-0.197463,-5.112739,0.729292,-0.680178,-0.002732,-0.074055,7.889994540411234,1.9875421827167272,-1.389045835952461,1.2721660079345107,-9.252297038605809,-2.991146101303398,0.4540148675441742,-0.0326298922300338,1.98911714553833,-0.4597413917185304,0.6929852875051786,-0.4150631294181775,0.3689603784454061,0.6153002381324768,-0.3214459121227264,-1.3118188381195068,-2.024796100834012,5.719461350387334,-5.314848284083604,-0.3014198541641235,0.1618018299341201,0.6637397302430122,0.2796879112720489,0.9109625328335912,0.0997055976514238
1922,14.118202,-0.204718,-5.067122,0.726446,-0.682456,-0.010873,-0.08007,9.310273426756265,1.7217869674831627,-2.1922592841416595,0.6473612807635217,-9.374106724241376,-2.80668414466083,0.5840625166893005,-0.3924611508846283,1.230248212814331,-0.4803380531998672,0.6761014973062128,-0.4312630710882083,0.3552104316285072,-0.2002528756856918,5.48372045159e-05,-0.248157188296318,-3.174605602905154,5.503882078686356,-5.637037918722629,-0.26898193359375,-0.0132758868858218,1.2314923445016146,0.2940237522125244,1.1601812584817408,0.2927177304337732
1923,14.116818,-0.2095,-5.031028,0.726285,-0.682922,-0.011943,-0.077361,9.497247950741649,2.726424028509855,-2.277145598788559,0.2790255974288098,-9.456227373567224,-2.5830840635895727,0.5862694382667542,-0.3663675189018249,0.4976380467414856,-0.4982271484910286,0.6656037796462654,-0.4343641829626221,0.3465100135846232,-0.8887580633163452,0.0918823331594467,0.5808753371238708,-2.948426611256599,5.711538156172633,-5.373793225005269,-0.0396568812429904,0.2087393701076507,0.7950573220014572,0.2827081382274627,0.7731335864197463,0.0377506818084162
1924,14.113343,-0.21147,-4.94097,0.72929,-0.68152,6e-06,-0.06056,10.39255603752136,1.916926093223691,-3.278824394531548,0.2237834565478376,-9.497568268737195,-2.4323944665588435,0.1761620044708252,-0.1129325255751609,-0.3919987976551056,-0.5062075334532181,0.6624633760418307,-0.4303020751586252,0.3460295941571062,-1.3678005933761597,1.0644456148147583,1.401999592781067,-3.850188988742232,5.271548071539402,-4.840883741395175,-0.1523777544498443,-0.346074104309082,1.4546832602500914,0.3351360261440277,0.6527109712284058,0.1227536154221743
1925,14.109805,-0.207648,-4.903513,0.732098,-0.679106,0.008073,-0.052748,8.991312106513977,2.86897664244473,-2.604161922931671,0.5555669768264517,-9.48295872862637,-2.436231122112274,-0.1812230199575424,0.3364604711532593,-1.2375187873840332,-0.4992207453537389,0.6691259499375597,-0.4200996114762356,0.3557603376004268,-1.6887061595916748,0.7467238306999207,2.021409034729004,-5.57838114709258,5.049330969259143,-4.25173769903928,-0.1673054546117782,0.0746950656175613,-0.8141376508507877,0.5132547616958618,-0.6897484701160341,0.480921522219479
1926,14.10605,-0.204447,-4.857503,0.735895,-0.674978,0.012697,-0.05199,7.862136811670661,-0.9585200374960898,-2.3798911029919982,2.127968598277867,-9.096078887411952,-2.983867926993966,-1.197842359542847,-0.2988015115261078,-3.0459938049316406,-0.4445607651266196,0.713572988179431,-0.3780853366587788,0.3875961051203792,-0.3054016530513763,1.3708295822143557,3.603502988815308,-5.279337994763255,2.2246681003153324,-0.5833709660857915,-0.1569371819496154,0.7597776055335999,0.4758166002959013,0.3882143199443817,-0.665888359644264,-0.4870881550904363
1927,14.102201,-0.200544,-4.774172,0.737099,-0.673165,0.006077,-0.059139,6.548126342958212,-4.0047213788062335,-1.0918798756718635,3.256877935661376,-8.57082284116447,-3.4791005908995865,-1.2302393913269043,-0.7067714929580688,-3.670599460601807,-0.4036519986844386,0.7524363554974725,-0.3335030620758492,0.3996002296213022,-0.5760390162467957,1.26685893535614,3.913978338241577,-5.519747171816229,1.7368454204052686,-0.8562057643167674,-0.1550852358341217,0.5121645331382751,0.7778012129046022,0.1755794733762741,-0.0933076859083957,-0.3717529626986011
1928,14.104427,-0.199141,-4.734889,0.734393,-0.676356,0.000245,-0.056652,4.489280380745232,-4.720120057681203,0.3656125967800617,4.404430598716438,-7.80424810180366,-3.983101375411451,-1.1802468299865725,-0.6261971592903137,-3.9622488021850586,-0.3584598696236399,0.7907669989396688,-0.2788713045177518,0.4103960369588356,-1.3127360343933103,0.9916601181030272,3.65904688835144,-4.697608950665593,0.6144856507956982,0.3673212273288518,-0.1521260142326355,0.1512816697359085,0.142438412970677,-0.1384366452693939,-0.0268034430478233,-0.4052870931077748
1929,14.108727,-0.194747,-4.696204,0.730791,-0.68059,-0.008302,-0.051691,2.423541736409068,-4.767023847675323,1.5065733142241835,5.522513129398226,-6.8242030457198615,-4.370636757925152,-0.9030773639678956,-0.143158882856369,-4.123754501342773,-0.309700559067184,0.821291902994689,-0.219818249759413,0.4257288313538241,-1.7555423974990845,0.6247965693473816,3.422224283218384,-3.1693525046825406,-1.300234602946788,1.9641548773884767,-0.1253329068422317,-0.1280563324689865,-0.9481398055180906,-0.3878239691257477,-0.194693774859514,0.0933223902871832
1930,14.115822,-0.183433,-4.63007,0.727448,-0.68552,-0.014528,-0.025889,0.238004453998804,-5.097942147693038,1.658575601288676,6.56452159744203,-5.689882204681634,-4.550024187782406,-0.5948013663291931,0.1105177029967308,-4.150728702545166,-0.2612950595078304,0.840949762252832,-0.1574489318271259,0.4469209725779627,-1.907886743545532,0.2774873971939087,3.056539297103882,-1.4243752157479523,-2.7395541437178847,1.1039496681720018,-0.0217865649610757,-0.2334696948528289,-1.3766263532318177,-0.3818376958370209,-0.3249532541334629,0.9108441671509296
1931,14.117463,-0.181223,-4.593392,0.726542,-0.686964,-0.008814,-0.011825,-1.4728069459617137,-6.082710140645504,1.4179197559982537,7.397260707584023,-4.456566151884198,-4.646501279240846,-0.4469754695892334,-0.1118556708097457,-3.972966194152832,-0.2153836055143062,0.8533487295706078,-0.0932822793105065,0.465515190503172,-1.7061591148376465,0.1811850517988205,2.683400630950928,-1.0788450375318526,-4.293070995424688,1.2941583517730235,0.094476468861103,-0.3539996147155761,-1.567511182528734,-0.1871679723262787,-0.2569381226527504,1.339375649984926
1932,14.116077,-0.18288,-4.564452,0.725827,-0.68782,-0.004068,-0.007857,-3.1749867111772296,-6.273979731476307,2.063448195311427,7.924333447864651,-3.23129984229058,-4.788946341148018,-0.3231461942195892,-0.3994839787483215,-3.50718092918396,-0.1737454340389728,0.8620761748702487,-0.0315115788270002,0.4750201646767075,-1.568904161453247,-0.1590504497289657,2.252959012985229,-1.0296224492013455,-5.675446852093935,1.1535972039163112,0.1943885684013366,-0.3702234625816345,-1.765069644370675,0.0056992191821336,-0.449298266932927,1.339692022457719
1933,14.106279,-0.192951,-4.481147,0.731353,-0.681055,0.000441,-0.03587,-4.361812815478444,-6.443789185649156,2.5796838997572658,8.185950248119235,-2.152891004218906,-4.95233716045022,-0.2652198076248169,-0.3547391593456268,-2.845094919204712,-0.1386583292176967,0.8671898027620786,0.0219267608135674,0.4777811900828904,-1.4569323062896729,-0.2889172434806824,1.7766953706741333,0.4095107752174138,-6.622233197176456,1.1495949825376273,0.2861558794975281,-0.128732681274414,-0.7504503377076238,0.0645126178860664,-0.4887237204030156,0.7149489623460918
1934,14.100475,-0.198315,-4.442681,0.735625,-0.675367,0.00706,-0.051818,-5.195185547348856,-7.975351102918386,2.363302079501748,8.320066457620262,-1.2688108522877095,-5.033583949550986,-0.4103739261627197,0.0016348042991012,-2.066922187805176,-0.1091316275450115,0.8676143569055437,0.062343290941148,0.4810912996616427,-0.5885295271873474,0.0266347285360097,1.3438024520874023,0.5073153158873319,-8.230448146015405,1.6311124248236415,0.2079963833093643,-0.0138965565711259,0.943104222503677,-0.028596494346857,-0.1938943863764405,0.2379181091559119
1935,14.099551,-0.203031,-4.40159,0.736302,-0.674253,0.019487,-0.053509,-6.811645177441835,-8.718581207048892,2.654147896850109,8.406333120709657,-0.7181647095222026,-4.998819510161876,-0.44570192694664,0.3122468888759613,-0.6189633011817932,-0.0882883350667142,0.8649916447588489,0.0815984481856455,0.4871717703890313,0.2621544599533081,-0.0736621543765068,0.7257097363471985,-0.9619032501935958,-9.051838179147245,1.318872521790862,0.0950864553451538,0.0889389440417289,0.9728935038287192,0.0048816744238138,-0.3457392178568989,0.4390147002624348
1936,14.105863,-0.206855,-4.312357,0.734695,-0.676276,0.034783,-0.040801,-6.816312000209093,-7.468410465562343,2.9515225314453244,8.498986269965767,-0.6600539544023573,-4.847879591631889,-0.320762574672699,0.5908815860748291,0.6656157970428467,-0.0827735140787188,0.8610572539972864,0.0758517156713467,0.4959591089274213,-0.2551270425319671,-0.05434550344944,-0.4257460832595825,-0.1052063413590192,-8.100510098981857,0.4749427035382017,0.0574230216443538,0.3332770466804504,3.1574633294463155,-0.0809859335422515,0.3473729565385728,-0.3244685028238221
1937,14.111447,-0.205381,-4.264719,0.732145,-0.679005,0.04075,-0.035426,-5.801627592420577,-8.283816748109459,2.276392734594643,8.578751296076177,-1.0134667025618254,-4.642012735649943,0.0327996537089347,0.539685070514679,1.5652450323104858,-0.0921503808807128,0.8565979122242604,0.0540074322763496,0.5048083500108748,-0.0331440493464469,-0.1520908623933792,-1.6088935136795044,-2.133758579856157,-7.990983556336164,1.2404735233366488,-0.1014381051063537,0.0631294175982475,1.0697358484029769,-0.0127912024036049,0.3301377806318923,0.1961706424790434
1938,14.117068,-0.202862,-4.217279,0.727446,-0.683808,0.046541,-0.032592,-5.500962391847372,-6.507890194159746,2.6231314118176696,8.538158004403114,-1.753601909416914,-4.493901026283204,0.7186651229858398,0.2427343428134918,2.382408618927002,-0.1183188060955607,0.8535822288272507,0.0228598185183772,0.5068289324092983,0.1465207934379577,-0.2774027287960052,-2.59800386428833,-0.4660656061321496,-6.670791184118389,0.5536877024184912,-0.1078618764877319,-0.1449749022722244,0.1840499783081933,0.2036922872066497,0.9967630397159606,0.8772487715411931
1939,14.118158,-0.205289,-4.12919,0.729409,-0.680678,0.045385,-0.050795,-4.413463507738709,-6.60493719446063,0.4585954163819551,8.262443120691179,-2.892711738297343,-4.41980264763236,1.5599849224090576,-0.5803228616714478,3.126012325286865,-0.165926101241344,0.8515822312938403,-0.0124469369818468,0.497113057118653,1.3124665021896362,0.242922767996788,-3.1275432109832764,-1.7784563646882772,-5.752628291451931,0.4036193060260266,-0.0518571883440017,-0.551111102104187,1.307610684672743,0.389670580625534,1.2342471961677073,0.671215180690214
1940,14.118286,-0.205684,-4.088986,0.729369,-0.680177,0.040224,-0.061329,-1.201876958438754,-6.430887618499994,-2.0904414161771534,7.62686792011559,-4.190689356097579,-4.520997123001516,1.6705944538116455,-1.3882850408554075,3.091463804244995,-0.2254042472843734,0.8534838343747089,-0.0455197366151327,0.4676390740507579,2.419752597808838,-0.2608024179935455,-3.2800097465515137,-5.2067251784950495,-4.348858349098265,-0.3688525285493582,0.1530550867319107,-0.3582727015018463,0.183078082802426,0.1664106547832489,0.5806832979043945,-0.2139349750926718
1941,14.120667,-0.205867,-4.051652,0.726571,-0.682753,0.039364,-0.066277,-0.0680804335355758,-6.270180339193344,-2.720975115454197,6.809254482913017,-5.3948190618991845,-4.549766413629055,1.3804279565811155,-0.6510694026947021,3.436362743377685,-0.2820833895849039,0.8517945688992419,-0.0801219983559825,0.4341145741170888,2.8369252681732178,-0.471320629119873,-3.351911783218384,-5.165286668169498,-2.3860689148440954,-0.9916817178636788,0.234980434179306,-0.3129647672176361,-0.2845883826551027,-0.1558870524168014,0.4704798789104446,-0.3619565584905445
1942,14.124488,-0.195431,-3.98089,0.72678,-0.682357,0.047196,-0.062869,1.112916233959794,-4.772918750932813,-2.927807601597905,5.886382097381353,-6.524869386011361,-4.352809424811602,0.4824699461460113,0.457324355840683,4.078423023223877,-0.3300716127163347,0.8387504371945117,-0.135754288866247,0.4112434099743358,2.89750599861145,-0.747028648853302,-3.4966354370117188,-4.821949616083503,-0.5365168604522943,-1.724348342403769,0.2144313007593155,-0.0636949688196182,-1.265331047347933,-0.371924877166748,0.2088353503987193,-0.1665895605445839
1943,14.127856,-0.193293,-3.950093,0.727993,-0.681269,0.04599,-0.061513,2.9198335539788007,-2.697617036220432,-1.694872657072544,4.8732928498297925,-7.469360313633084,-4.0779961661145085,0.1712691187858581,1.4759060144424438,4.310432434082031,-0.364567764782465,0.8147368069667035,-0.2100568437285707,0.3989616452726153,2.7365264892578125,-0.8338445425033569,-3.5712857246398926,-3.776234694737196,1.0961755270391702,-2.9720991632670164,0.0739934667944908,0.0355008170008659,-1.665098427186161,-0.3501456379890442,0.2774773816061206,0.3699786465024575
1944,14.132642,-0.193823,-3.913328,0.727978,-0.681804,0.038612,-0.060833,4.5422290038615465,-0.2520540221393108,-1.5821762522190808,3.835830208522081,-8.224017820706964,-3.717837743087113,0.1983647942543029,1.6589957475662231,3.8265228271484375,-0.3922626458817371,0.7790988822644919,-0.2873358737124428,0.3956930858993603,2.425943374633789,-0.9227360486984252,-3.4275527000427246,-3.3113784643948074,2.489883509583771,-3.9362168746396895,-0.0834990590810775,0.079987533390522,-1.503694836178422,-0.1332871317863464,0.5201078697040676,0.8207079691518098
1945,14.143369,-0.205171,-3.843755,0.723276,-0.687705,0.014232,-0.061086,5.441062926679849,0.2807207291752099,-1.810524696861208,2.839582497917116,-8.716689109691977,-3.4823066934645173,0.4733744859695434,0.3091654777526855,2.99685001373291,-0.4163661920464884,0.7472339273123074,-0.3452386031918121,0.386122861707624,1.769519329071045,-1.0685806274414062,-3.011289596557617,-2.9055817412644624,3.748392163565754,-4.737821718588471,-0.2078902423381805,0.0216262247413396,-1.853149786622822,0.1341978013515472,0.5670557545682415,1.031064026311785
1946,14.147339,-0.213051,-3.803388,0.719648,-0.691533,0.002469,-0.062313,6.340247562631964,0.9806482826739548,-1.7617174113333225,1.852561026949436,-9.070357001656294,-3.2352807286202907,1.0228644609451294,-0.8615627884864807,2.306828022003174,-0.4503391427675294,0.7241138982647808,-0.3749832995830772,0.3636499534604982,1.0837116241455078,-1.1271491050720217,-2.5409295558929443,-2.15251530277431,4.759375378748774,-4.8006847097367045,-0.1819586753845214,0.0358088091015815,-0.970279229677096,0.2138698250055313,0.7958432116821408,0.6228878606989979
1947,14.148578,-0.219736,-3.761243,0.718509,-0.692698,-0.00343,-0.06247,7.420748550677299,0.9372516240179538,-2.48240689009279,0.9938226023498922,-9.314562648382784,-2.9020027137339115,1.038283109664917,-1.0539979934692385,1.7357077598571775,-0.487260388123354,0.7060573056944889,-0.3865799245913014,0.3385503305672435,0.6557443141937256,-0.5601305961608887,-1.6881755590438845,-1.182047053331137,5.184498149117827,-5.084801511090993,-0.0482647977769374,0.0270347502082586,0.4915082730876282,0.0255958288908004,1.214112024503201,0.047639547789609
1948,14.146273,-0.223923,-3.689447,0.723184,-0.688681,-0.000698,-0.05218,8.184575452634691,1.0587269631326195,-2.889850211386382,0.3046648464023135,-9.45998000409901,-2.566385734505951,0.8714495897293091,-0.6490224599838257,1.4491453170776367,-0.5179274483223946,0.6900798663511704,-0.3932416921156881,0.317650552112361,0.2067785412073135,-0.2092143446207046,-0.390494167804718,-2.806692912489176,5.113465295517444,-6.004415771609544,0.0745490863919258,-0.1627473980188369,0.894421001746878,-0.013918463140726,1.375434366968274,0.4080396066863089
1949,14.144892,-0.22194,-3.647047,0.725065,-0.687448,0.008356,-0.04033,8.60129630536139,2.8348744663566348,-2.8552655124783515,-0.2239846051431261,-9.531306287688016,-2.2966071089752016,0.5162899494171143,0.0997566431760788,1.1599171161651611,-0.5380780413291607,0.6737834549005244,-0.4038690754914672,0.3055774717428937,-0.8012082576751709,-0.3032122552394867,0.4134684801101684,-2.9360020139694214,6.17828063865304,-6.679544399416447,0.2351283282041549,0.0020303833298385,0.4700213580206036,0.0310786664485931,0.7574144776318222,0.2956831195780076
1950,14.142746,-0.21504,-3.608815,0.730213,-0.682153,0.015481,-0.034896,10.29011623826623,2.2715397416055203,-3.5364606007173656,-0.5066596649901941,-9.540337150883676,-2.212615843471885,-0.0359517857432365,0.5507551431655884,0.3889592587947845,-0.54331376023624,0.6623250603355757,-0.4172978866685555,0.3033121371761071,-1.7279635667800903,0.645831286907196,1.0045760869979858,-2.495849432250857,5.706261092552542,-5.797863271450996,0.1630795747041702,-0.2881929278373718,0.9673249829813836,0.1118900328874588,0.5741220762252808,0.2327509173847735
1951,14.141658,-0.207264,-3.523155,0.733541,-0.678169,0.011946,-0.043143,9.57626595787704,3.410508700710535,-2.6628169409960507,-0.4161999706577509,-9.52365197354257,-2.301559324555099,-0.319577693939209,0.8203048706054688,-0.5113756060600281,-0.5344507940840615,0.6609234758162561,-0.4248847262030986,0.3114728005774602,-2.0146470069885254,0.7511426210403442,1.7111802101135254,-4.322667969048023,5.344930703136325,-4.864682257872819,0.1106994003057479,0.0958648696541786,-0.8430481035146862,0.1645670980215072,-0.6714025930210947,0.2500395953106694
1952,14.143131,-0.204545,-3.488677,0.732562,-0.679097,0.003267,-0.046569,9.38155996285677,2.493974870550632,-2.77207957200855,0.0342363261450664,-9.482349656817316,-2.5008500170171257,-0.7452437877655029,0.6366291046142578,-1.5543853044509888,-0.5146758474960613,0.6695456952272054,-0.4233396037063813,0.3280257609886284,-1.276621699333191,1.6616851091384888,2.444287300109864,-3.2429987556517124,3.8393390934258695,-1.8639304160952568,-0.0174352172762155,0.4183507561683655,1.6960346865892408,0.2069442570209503,-0.4095556007398292,-0.1897004052853211
1953,14.1468,-0.205566,-3.452733,0.72923,-0.682735,-0.00454,-0.045556,9.315608358043432,-1.1398439883738756,-2.590137781493365,0.897756429779902,-9.338528045859931,-2.855922515082359,-1.0971828699111938,-0.0915888622403144,-2.8422858715057373,-0.4843810547500024,0.6954800384181683,-0.4023916535018352,0.346068500785456,-0.7723020315170288,1.241854906082153,3.265448570251465,-7.496274624043703,2.8040783460766074,-1.6713433129251003,-0.0673211440443992,0.5768685340881348,0.564673937465623,0.12697334587574,-0.6117773416850716,-0.2281622926865704
1954,14.155447,-0.19746,-3.384614,0.718617,-0.69383,-0.027879,-0.037581,7.584753117963671,-2.633838099271059,-1.2745999570831656,2.065525147715956,-8.996444208705425,-3.3117920136317607,-1.2675291299819946,-0.6806310415267944,-3.765039443969727,-0.4470850696405511,0.7345063041826976,-0.3596594130632022,0.3622989032040939,-1.3208562135696411,0.7955373525619507,3.586735248565674,-5.513373545131087,1.7743284711033105,-1.3509827934093772,-0.0413542799651622,0.3181710839271545,0.410983733846806,-0.0760240778326988,-0.2096093487122096,-0.1014859691290184
1955,14.15847,-0.192081,-3.351762,0.716844,-0.696345,-0.027405,-0.022065,5.348079522556066,-3.211443925958872,0.5733578138545156,3.414399278408289,-8.35569248227477,-3.83336206484288,-1.3117969036102295,-0.360127180814743,-4.441102504730225,-0.4006867014907017,0.7774114290162345,-0.3017922261748526,0.3794773664451486,-2.0237512588500977,0.6177273988723755,3.309000253677368,-3.1225206108808514,0.6853165520831942,1.1855986083328722,0.1028253361582756,0.0438867323100566,-1.3672158430688082,-0.3041890263557434,-0.2680922616126946,0.1943875036556273
1956,14.159732,-0.189074,-3.31804,0.717354,-0.696302,-0.022138,-0.008739,2.1374299618452786,-3.692923374322056,1.3208414837762712,4.840918520447612,-7.414076233306527,-4.215130554392934,-1.0637025833129885,0.2962900400161743,-4.523991107940674,-0.3462977854699523,0.8110244346291418,-0.2390632075220242,0.4064060283926879,-2.364596366882324,0.2350692152976989,3.0536906719207764,-1.1263999849110842,-0.7957590405300259,1.7862644080907106,0.277212530374527,-0.0003504318883642,-1.3495296719916163,-0.4545792937278747,-0.1832068054823205,0.522667417993769
1957,14.157825,-0.190793,-3.243845,0.725212,-0.68822,-0.016863,-0.011701,0.754221453744173,-6.341461030074954,0.1542889366969466,6.119081430709362,-6.291393223091959,-4.3755648619771,-0.8731868267059326,0.4283326268196106,-4.240967750549316,-0.292228751717544,0.8315750701927598,-0.1776924832643673,0.4376191653657033,-2.8308653831481934,0.3644580245018005,2.910022258758545,-1.0682488247156143,-1.784296615149081,-0.2427496392318978,0.19920414686203,-0.1989822834730148,-0.0737004745075944,-0.3611761629581451,0.0925131653966847,0.6609007804900408
1958,14.156775,-0.195679,-3.204277,0.729579,-0.68344,-0.015545,-0.01957,-0.8520926299095153,-7.910993489298224,0.2190431484192609,7.077018115359544,-5.067226106911898,-4.517683468408882,-0.8934226036071777,0.006651135161519,-3.75262713432312,-0.2402011286537549,0.8461751320514694,-0.1196887893339351,0.4603974501662043,-2.6163671016693115,-0.1253410130739212,2.853764772415161,-4.353793175151944,-4.651320077699422,0.0705003541588783,0.0303807407617568,-0.3100781440734863,-1.2350031291015446,-0.1116412952542305,-0.3862529780203476,1.054285327423364
1959,14.158895,-0.197373,-3.162871,0.731437,-0.681388,-0.01185,-0.023853,-2.6386323478102685,-6.7858321062713856,1.8150532802015544,7.648500490731,-3.940041985885799,-4.706051784840226,-0.5590713024139404,-0.283408373594284,-3.034764051437378,-0.196709449793912,0.8574695047797455,-0.0684683672098436,0.470492954522254,-1.612869143486023,-0.6116348505020142,2.7462410926818848,-2.298504905420541,-6.748491094392538,0.5797445557495579,-0.094432845711708,-0.2637068331241607,-1.381485483700782,0.0173022504895925,-0.4327841718424111,0.7288938280031084
1960,14.165861,-0.206379,-3.082368,0.731966,-0.681055,0.00083,-0.019719,-3.499859301289916,-6.141285079210996,2.44148977329284,8.019812175935506,-2.9316911650329827,-4.822672669661045,-0.4957969188690185,0.0972659438848495,-2.902251720428467,-0.1608628412583315,0.8633634012367902,-0.0221701412033738,0.4777397106894944,-0.5452827215194702,-0.2663147151470184,2.2999823093414307,0.8722527898848056,-7.508467750662563,0.9835100287806242,-0.1313399523496627,-0.1673678010702133,0.0854603790746536,-0.0304958876222372,-0.1759516649886034,0.3046285877788439
1961,14.171319,-0.207365,-3.035844,0.733822,-0.679065,0.005918,-0.01847,-6.40081104466617,-8.462115213686227,1.8826243029102685,8.375876023125649,-1.91749687884897,-4.726336740238964,-0.7526564002037048,0.8000816106796265,-2.352097272872925,-0.1235763657133354,0.8606239365378567,0.0173939931905069,0.4937131408179618,0.4615226686000824,0.254637748003006,1.6919291019439695,0.3274439019054174,-8.773661873757838,1.3816564563535152,-0.2208709716796875,-0.0668133497238159,0.5423649654259904,-0.0490367077291011,-0.5154336308153346,0.3555020485889166
1962,14.177854,-0.205454,-2.991885,0.733703,-0.679141,0.015222,-0.014718,-8.82729701783359,-8.117398105418681,1.8705436967551707,8.640549288341402,-1.2599413171336054,-4.463614024569094,-0.6872004866600037,0.9934791326522828,-0.7375484704971313,-0.0962337725958757,0.8522792002811894,0.0346574642890002,0.5129893850866858,0.1774675250053405,-0.217047706246376,0.8153918981552124,-0.8966852203518152,-9.372415702414512,0.6302602160979062,-0.2866624593734741,0.0178717691451311,0.2148314672746695,0.1045330986380577,-0.579310000257194,0.792253151300922
1963,14.19164,-0.201842,-2.902083,0.732108,-0.680673,0.024611,-0.009828,-9.20469766756296,-7.0343474328905335,2.0156977253600954,8.818031761360167,-1.109080747450143,-4.145189295421541,-0.5894829630851746,0.8604092001914978,0.5897653698921204,-0.0842834040620276,0.8429703301063727,0.0273288155582577,0.5306131473553672,-0.7463338375091553,-0.3626495897769928,-0.5360541343688965,1.4801456182867287,-8.533630882367492,0.416812038141489,-0.2026626020669937,0.5353899002075195,1.79228483742401,0.0125993862748146,-0.1212168617084156,-0.4569082304799929
1964,14.196016,-0.202032,-2.858313,0.731919,-0.680741,0.020367,-0.021704,-5.296475007525086,-7.722166615444421,0.7184022446051239,8.687263108721375,-2.4012663378454744,-3.864682501257956,0.5009360909461975,-0.0326459370553493,2.9183082580566406,-0.1246099761795614,0.8341794577563869,-0.0344760647585977,0.5361234858732054,1.1847798824310305,0.1230680048465728,-2.3938148021698,-1.5928239029616116,-7.943592859607935,0.7718535565465688,-0.5114057660102844,0.1483616530895233,1.4991026860825716,0.1793032884597778,1.0298672177426516,0.6198743580967188
1965,14.198165,-0.203163,-2.818765,0.730977,-0.681238,0.015948,-0.036514,-2.0889058771729467,-8.326605504000186,-1.036042837637663,8.277019343054294,-3.5896354338049887,-3.8439386961758135,0.4953848421573639,-0.2897449433803558,3.4987151622772217,-0.1682548330981573,0.830164431938303,-0.0825429999809996,0.5250752694581999,2.349564790725708,0.078047476708889,-3.102536916732788,-3.934460094100237,-6.659747227534651,1.117966503086686,-0.3832238316535949,-0.0643554106354713,1.289021281145513,0.1522271782159805,1.0919574709527191,-0.0464371634296374
1966,14.197927,-0.204096,-2.738507,0.732107,-0.678027,0.020349,-0.062323,-0.3823626560509204,-6.844331641513109,-1.2396540236473084,7.6037237758934495,-4.832189855068922,-3.873462604562938,0.8032457828521729,-0.4178233444690704,3.805108308792114,-0.2159490485620468,0.8241398884460127,-0.1352223135262511,0.5058402957090694,2.341163396835327,-0.7970006465911865,-3.8783867359161377,-6.527508502343297,-3.776828276716172,-0.6102233537087217,-0.2076099812984466,-0.0261018928140401,0.7994408708479255,-0.3192000091075897,0.8176775154147297,-0.5805400169761851
1967,14.196535,-0.200682,-2.704612,0.733806,-0.675186,0.028045,-0.069758,1.7022048996567725,-4.498710764652491,-2.353238950648904,6.702640612843632,-6.094135790023207,-3.7558670294910654,1.221964955329895,-0.4688827693462372,3.715741872787476,-0.2728772813975574,0.8107292007326419,-0.1849705055142725,0.4837790666217202,2.303649425506592,-0.847199022769928,-4.267077922821045,-6.575523468449712,-2.010432059916854,-1.3281307640016078,-0.0881720557808876,-0.0637217164039611,-0.056545569896046,-0.6146220564842224,0.3457413732813671,-0.190283977326937
1968,14.196905,-0.198111,-2.671968,0.732886,-0.675518,0.036408,-0.072306,2.514168932795525,-2.0731769776433704,-2.555892397542298,5.714254429394006,-7.1058934967100615,-3.608877894413471,0.9185330867767334,-0.5604757070541382,3.1850218772888184,-0.3247936120441398,0.7954003687785897,-0.2265829148500794,0.4588111580396112,2.127518892288208,-1.2728371620178225,-4.322014331817627,-7.368976277863979,-0.0081882748916745,-2.290281413085013,-0.04019096493721,0.0731737241148948,-1.5788833481535314,-0.7003333568572998,-0.1331206591250374,0.2359864652398973
1969,14.19777,-0.198092,-2.601055,0.730588,-0.677048,0.047022,-0.075074,2.623827869649231,-0.390135043618083,-1.9197814826548096,4.748517592386901,-7.8584876415133476,-3.4447269043937325,0.6503621935844421,-0.1279456913471222,2.985405921936035,-0.3664313055032432,0.778058560888292,-0.2650604952121981,0.4359999321943787,1.5093199014663696,-1.3484439849853516,-4.127697467803955,-5.405625118073821,2.0976815965637563,-3.1168302902847524,-0.0427852757275104,0.2006438970565796,-1.889461893845349,-0.4684640169143677,-0.0509956441513262,0.8871909774281084
1970,14.196483,-0.204097,-2.564853,0.729199,-0.677717,0.045581,-0.083016,3.394426457698643,0.0238747965842485,-1.79938546320945,3.784887080009281,-8.413308220419287,-3.3258526876881715,0.1010217070579528,0.0321011021733284,2.9354584217071533,-0.3974508040004723,0.7584994521899124,-0.3070014278759007,0.4152850755853625,1.2402548789978027,-1.160069465637207,-3.7606124877929688,-3.7938469237953423,3.364132149460912,-3.418185226687789,-0.0803019106388092,0.2142478823661804,-1.7596937965512274,-0.066824771463871,0.3008312961214222,1.3032868301242588
1971,14.19355,-0.210844,-2.524502,0.728169,-0.67772,0.041255,-0.093611,4.966043614241481,0.087739073729515,-1.0946934717878698,2.795209395444393,-8.784974710410832,-3.343857130934298,-0.1076039746403694,-0.064951367676258,2.795224189758301,-0.4199332705241069,0.7400905993934033,-0.3503643448086224,0.3913651459534809,1.5616813898086548,-0.7631017565727234,-3.118565559387207,-3.212588419818878,4.402819948649406,-4.402430657070875,-0.0862991660833358,0.1477529257535934,-1.4498337743923069,0.2940463423728943,0.5574906018327921,1.2336372475758195
1972,14.183062,-0.222519,-2.453992,0.730188,-0.675159,0.045644,-0.094357,6.604257980024814,0.7780822218030691,-0.5926639873489737,1.839342941197008,-9.029099108594655,-3.3559722238808867,0.1497679650783538,-0.2176821231842041,2.445990085601806,-0.4409110457469326,0.7217182351520038,-0.387594837465134,0.3667293155979303,1.0678341388702393,-0.7195637822151184,-2.4232006072998047,-3.270715030094981,6.156652159690856,-5.631519447562098,-0.0166405215859413,0.1093559637665748,-0.7823874447163194,0.2845771312713623,0.6654131433479488,0.3816380315707996
1973,14.178012,-0.224098,-2.415086,0.73168,-0.674219,0.052362,-0.085626,7.830565615364908,1.460978561002016,-1.0142100682750343,1.0089769168619065,-9.190959065067767,-3.2678204776972533,0.3609090447425842,-0.3563990890979767,1.9138484001159668,-0.462692664725318,0.7036567223489638,-0.4141010656173663,0.3454028404968017,0.6644358038902283,-0.429675281047821,-1.7483826875686646,-2.7603274671554563,6.684108930853009,-5.594266113966703,0.0109172398224473,0.0986740216612815,0.6332667044375091,0.1487118899822235,0.8286592934824526,0.0242868411339935
1974,14.172738,-0.222683,-2.374697,0.732274,-0.673694,0.060352,-0.079182,8.883371956276893,1.6721984684497118,-1.2864277575209735,0.3534581947363913,-9.282468889507651,-3.1434441564440725,0.3886604905128479,-0.4283275604248047,1.3633798360824585,-0.4822435171188846,0.6891758503348234,-0.43047379586447,0.3273686234748804,0.2662839293479919,-0.07252237200737,-0.6617274880409241,-3.4343519331127403,6.304451442107558,-5.514576491180062,0.0303641352802515,-0.0677980706095695,1.3008135718785223,0.1397452801465988,1.211259703812003,0.1335703391212969
1975,14.156116,-0.213384,-2.299131,0.737728,-0.66498,0.071404,-0.091983,9.336813058635592,3.0866496715545653,-0.993374785517156,-0.0809789958768989,-9.34090178925395,-2.9851889464646577,0.460113525390625,-0.2077330350875854,0.7123542428016663,-0.4978532339688477,0.6779778424321065,-0.4388032894810246,0.3161325395774082,-0.6020498871803284,0.0551898330450058,0.2399414479732513,-2.846112484207749,7.57255823777914,-5.835476086008549,0.1625425368547439,-0.0045882491394877,0.4019391343867406,0.1096991524100303,0.8853493681494146,-0.0888233709680382
1976,14.147438,-0.208345,-2.260629,0.741173,-0.660022,0.070141,-0.100572,10.68204517956376,2.075241508957744,-1.9678470099046823,-0.1735943612727336,-9.388331648948787,-2.82833775806427,0.3430217206478119,0.0534858405590057,-0.3789165914058685,-0.5055189111331972,0.6722278189287294,-0.4385371697315269,0.3166158518409787,-0.9556961059570312,1.3056854009628296,1.1089844703674316,-2.268416056627035,6.688928898355364,-4.6939562733769415,0.0411165580153465,-0.5752342939376831,1.667918453042954,0.1989486664533615,1.1450591657388955,0.1085598073722328
1977,14.143499,-0.20625,-2.231873,0.740186,-0.661575,0.069088,-0.098336,7.420062906500696,2.5857921535044905,-1.984314745102823,0.8737506272271275,-9.402532608258724,-2.645622060567141,-0.0323653109371662,-0.18797168135643,-2.206130266189575,-0.4928036096098382,0.6897207761818,-0.3989667089014035,0.3496503592693561,-1.5038763284683228,1.215792894363403,2.8904128074646,-3.2402158469349143,4.037015628689527,-1.7680419381797312,0.061100710183382,0.5226125717163086,-0.7887246118485927,0.6793522238731384,-1.1869365058731287,0.4684229463806376
1978,14.14434,-0.201113,-2.167424,0.729108,-0.676566,0.060179,-0.083897,7.59491970719099,-0.7040887648314237,-2.733891295650601,1.8063617319628595,-9.224514128667115,-2.795666783823073,-0.6051524877548218,-0.9703132510185242,-3.1483211517333984,-0.4734243779159733,0.7169740624135884,-0.3584515776560356,0.3651436604696819,-1.4713908433914185,1.7867456674575806,3.656874656677246,-4.189963379910588,3.396901615640521,-1.2670863665826615,0.0912946388125419,0.6156971454620361,0.820832472314313,0.4567422568798065,-0.5257505517661571,-0.4583773166518658
1979,14.14115,-0.199328,-2.138335,0.72744,-0.679256,0.054438,-0.080491,6.703219874036312,-4.029827763012051,-1.894810707527399,2.9130913862422108,-8.784986985370516,-3.2416490946084258,-1.1515079736709597,-1.580612063407898,-3.778273820877075,-0.4430964426077123,0.7580014010812578,-0.3011843053607613,0.3720046160458614,-1.826984167098999,1.1741710901260376,4.2121453285217285,-7.677737106609344,1.0519275122508407,-0.9603536826640366,0.1223414987325668,0.5408011674880981,0.6084338034108281,0.0779827311635017,-0.3296630392596125,-0.5306048599295318
1980,14.135434,-0.1985,-2.107305,0.727605,-0.679188,0.054579,-0.079466,4.848897244241833,-4.375823220652341,0.3339385246217251,4.003962961654365,-8.067890270406007,-3.8791532174199816,-1.3208426237106323,-1.2711687088012695,-3.945577621459961,-0.4025818066935708,0.8008291893783684,-0.237601299174505,0.3743610440933555,-1.9222309589385984,0.5577386617660522,4.088092803955078,-6.226912275353074,-0.658136284212768,0.2516787225535139,0.1704165786504745,0.2417156547307968,0.343037411552295,-0.2691397368907928,-0.0672923518978059,-0.3533806359881535
1981,14.119377,-0.202395,-2.040346,0.728998,-0.67514,0.066299,-0.091395,2.9574142198324203,-4.629721993875504,1.8571084611207245,5.090246917015314,-7.138527938333153,-4.393317084027826,-1.0765944719314575,-0.2194868177175521,-4.041828155517578,-0.3555438780729564,0.8325402735095448,-0.175708660346506,0.3867710739431408,-2.205857515335083,0.0853432118892669,3.4766387939453125,-3.650795128166676,-2.0229677163630724,1.3266378950953484,0.2288168966770172,-0.0732245445251464,-0.4789986643981188,-0.6496462225914001,0.0191493024323135,-0.1800204670637845
1982,14.108821,-0.205646,-2.006758,0.732418,-0.669152,0.069475,-0.104753,0.2626175017297267,-4.564323346769809,2.148358767616749,6.196340026956796,-6.100348088666796,-4.534480289430916,-0.4289486110210418,0.6220144033432007,-3.904944896697998,-0.310027106651064,0.8471305748491836,-0.1164643179924497,0.4155587386255195,-2.187312126159668,-0.0293656345456838,2.641848564147949,-1.2480816602528095,-3.153382197612524,0.7075508879840373,0.2448303401470184,-0.3133772909641266,-0.7086999118886887,-0.7114112973213196,0.0343917016531573,0.742548551607132
1983,14.09925,-0.208875,-1.972154,0.734536,-0.664175,0.072478,-0.118636,-1.1131710855036974,-6.144183138740062,0.7822913639307022,7.142668691399693,-5.0496074481129645,-4.433298965804279,-0.1716281324625015,0.3874146640300751,-3.6350700855255127,-0.2723530236094936,0.8500998098897586,-0.0580143080640507,0.4469770628298873,-1.821480393409729,-0.0577477440237998,1.992845058441162,-1.836797494497895,-3.8424873283237218,0.0425795061873737,0.259871244430542,-0.4292522966861725,-1.3134065114699305,-0.5248916745185852,-0.0976826039238367,1.1565494047854097
1984,14.083301,-0.21545,-1.901227,0.732754,-0.662995,0.084927,-0.12766,-3.089869218122959,-6.466399661386013,0.8493588210314512,7.7714301203072065,-3.997159419119358,-4.449489637626708,-0.2434693872928619,-0.2250110954046249,-3.135014295578003,-0.2377471997684401,0.8525580323166106,-0.0023744627681339,0.4654195747985601,-1.797717809677124,-0.2861720025539398,1.6953481435775757,-1.7208809585541485,-5.021702957621216,-0.0878220941041596,0.1811192482709884,-0.4562460482120514,-1.553261854032427,-0.2128240466117859,-0.3817521229371428,1.3141675589703024
1985,14.07569,-0.21915,-1.865139,0.732108,-0.662192,0.093601,-0.129458,-4.60675028361082,-5.553694449603557,1.737016100797057,8.115002150192856,-3.0153029296994207,-4.607064756387472,-0.6027688384056091,-0.2780241072177887,-2.640549898147583,-0.2041525830117491,0.8561039332004512,0.0445082418348497,0.472680347330072,-1.5606627464294434,-0.4333603382110595,1.6714990139007568,-0.0644160658091306,-5.96811345512867,0.2533411393404007,0.0715339928865432,-0.1762309372425079,-1.3388494341537356,0.0818236619234085,-0.6307052564516663,0.939815629287064
1986,14.065938,-0.218705,-1.824038,0.732601,-0.658818,0.105933,-0.134284,-6.027350656995177,-6.7833782833784815,2.1838871771156785,8.356759234723448,-2.0673865576736628,-4.696900802396238,-1.2833462953567505,0.3698754906654358,-1.9969364404678345,-0.1657285830209964,0.8565874781451314,0.0757178152958335,0.4827615820258762,-0.6462287902832031,-0.1046517640352249,1.831116795539856,1.4824673392325638,-7.570729268786311,0.8555150786388664,-0.0575003810226917,-0.0024855793453752,0.4098730691911652,0.0962923318147659,-0.1252380435158964,0.0622665230924263
1987,14.050102,-0.214281,-1.748804,0.727055,-0.658512,0.135671,-0.139092,-7.965878341174125,-8.180511271935702,3.159817783617973,8.581936355853081,-1.321027215606719,-4.558031845410168,-1.4836199283599854,0.9852509498596193,-0.6809802055358887,-0.128124986451578,0.8517320854891655,0.0833510394165879,0.5011876962069284,0.7407766580581665,0.2353919297456741,1.8113547563552856,-0.1486953544735908,-9.317842400705814,1.2111714410066603,-0.2399566024541854,0.0772704780101776,0.9519351061478256,0.0896264016628265,-0.2469032335137017,0.192479167549964
1988,14.04072,-0.21272,-1.707564,0.724165,-0.65827,0.143258,-0.147454,-8.455218439909816,-7.40187200077176,3.8603082316964863,8.77155116521418,-1.1654795840855687,-4.227518619062006,-0.6496223211288452,1.0871444940567017,0.8666859269142151,-0.1119878747649858,0.843229614061444,0.0671363400149955,0.5214548835492298,0.1809631884098053,-0.2607147991657257,0.8340999484062195,-0.9918594125181436,-9.04554170935154,-0.0271404473166912,-0.234456330537796,0.3347968459129333,0.0016698511746712,0.2081848680973053,-0.2381089372865855,0.3467275713071227
1989,14.029601,-0.212283,-1.672352,0.722214,-0.655276,0.146132,-0.166331,-6.22805676921308,-6.882658741819858,2.503106563772261,8.825166435545682,-1.6471337314285337,-3.946360959774256,0.5627279281616211,0.4666405022144317,1.7746400833129885,-0.1271252723145135,0.8363270470605483,0.0420176539531068,0.5316302654921726,-0.903637707233429,0.1573415100574493,-0.9920360445976256,0.5459855305433273,-8.778111254382132,0.7761544686108827,-0.4201397001743316,0.0964618921279907,2.1728779995843768,0.2082969397306442,0.8484878834158182,0.0177921156696975
1990,14.002789,-0.209832,-1.6159,0.718937,-0.645191,0.164172,-0.199763,-4.546729822412133,-7.039772380548715,0.7996335438758134,8.672984992522,-2.47927385276407,-3.84745167273283,0.912717580795288,-0.225511834025383,2.3030505180358887,-0.1618460997386946,0.8342054491526651,0.0163311049878028,0.5269158013598245,0.2637502253055572,0.1712962090969085,-2.324923038482666,-1.4989607933938502,-8.576145497491956,2.0323058919422325,-0.4658413231372833,0.1650386154651641,1.2249464299894868,0.3437356352806091,0.8764522143360227,0.5295946234410628
1991,13.988832,-0.206913,-1.590275,0.717031,-0.638906,0.180043,-0.212718,-3.088664518508315,-6.382131478637456,0.2317690667405724,8.324483689540624,-3.494847902868688,-3.828757201395929,0.8760848641395569,-0.2425636947154998,2.869145154953003,-0.2037812841554139,0.8336366691132499,-0.0161922959385758,0.5130895110429475,1.6599222421646118,0.3746138513088226,-3.1348016262054443,-1.405250244039297,-7.482509133541583,1.3314134389340877,-0.428866297006607,0.0243056453764438,0.9429192213255913,0.5160500407218933,1.2270941095426675,0.5077622924698516
1992,13.975563,-0.203589,-1.563919,0.713995,-0.633524,0.194522,-0.225877,-1.3748703033447265,-6.127287533518672,-0.3719768711149692,7.799710458374023,-4.622079370167851,-3.7378196238860486,0.7842068076133728,-0.007590829860419,3.33728551864624,-0.2488306316615699,0.8289044870977414,-0.0591026230714171,0.497501338943708,2.809922218322754,0.0803493037819862,-3.4820380210876465,-3.981743238800764,-5.411566198560595,0.4242039019584655,-0.3652095198631286,-0.0627407357096672,0.0163010391450137,0.1774857491254806,0.890267023872584,-0.775035474518314
1993,13.949968,-0.199822,-1.518532,0.707998,-0.624952,0.211582,-0.251807,0.6283773980259895,-5.261309001597762,-1.1280275861129163,7.093371284267306,-5.785985786652565,-3.518070665284991,0.9697028398513794,0.2637169659137726,3.562387704849243,-0.2969586232198452,0.8170503433553095,-0.1086297233509022,0.4821243026018701,3.267317056655884,-0.4297495186328888,-3.5950703620910645,-5.518054980945587,-2.956848987165093,-0.5817243313899263,-0.3249110579490661,0.0696751475334167,0.5269432321494445,-0.4130782186985016,0.7996572170123457,-1.0928619455117732
1994,13.937176,-0.202673,-1.489783,0.706075,-0.621705,0.215392,-0.261817,2.4908950247138737,-4.345933693823218,-2.073512785468996,6.249885154661536,-6.841272253942489,-3.2103400563701987,0.8676994442939758,0.2584045231342315,3.362021207809448,-0.344404198875311,0.7992775837251581,-0.157598005906749,0.4665874466121295,3.374352216720581,-0.7647396326065063,-3.49327039718628,-6.488681051298975,-1.7764242743387817,-1.122035286895558,-0.2543460726737976,0.1169797480106353,-0.4156741201527416,-0.7770889401435852,0.6574364653803407,-0.4339687785170972
1995,13.92485,-0.205216,-1.467395,0.704464,-0.619786,0.213997,-0.271662,3.108702513408661,-2.1168068605333565,-1.7320976413562892,5.357344779029488,-7.695081040120124,-2.873149251954257,0.8629262447357178,0.5807503461837769,3.140148878097534,-0.3859969803885634,0.7778258555184673,-0.2036585062336104,0.4522350839828192,3.0462961196899414,-1.26723051071167,-3.322929859161377,-5.708816037732363,0.135929104141891,-2.611148128557205,-0.1767195761203766,0.1208186075091362,-1.134531853440404,-0.6961698532104492,0.5688143617385998,0.6317713513132185
1996,13.894601,-0.213788,-1.407491,0.70192,-0.617936,0.212712,-0.283227,3.6328646269395946,0.4405009567648172,-1.9276000474512576,4.471657630293071,-8.368899754372238,-2.4771321645602584,0.636130690574646,0.8460914492607117,2.819732189178467,-0.4215469604249026,0.7514231107852528,-0.2483181526147428,0.4427184243708609,2.382598400115967,-1.449292778968811,-3.2948691844940186,-4.171316547107696,2.0375237727209923,-3.9994896156325934,-0.2150006741285324,0.2010093778371811,-1.422741623196751,-0.328447163105011,0.5111015198951587,0.9619978696744887
1997,13.878174,-0.216075,-1.377773,0.702502,-0.61634,0.219069,-0.280403,4.325525112044811,1.6000684672623873,-2.1349019046723843,3.678291037857533,-8.814695310413837,-2.2229943218842148,-0.0079262228682637,0.8920234441757202,2.257365703582764,-0.4439900164410216,0.727220456450625,-0.290674344867776,0.435352388403374,1.8903112411499023,-1.3932660818099976,-3.046527862548828,-3.416161611905694,2.9317998861044643,-4.6861911923334,-0.3241914212703705,0.1510943174362182,-1.3706063622899354,0.0274850130081176,0.7055860907170921,1.021769982135296
1998,13.858667,-0.216012,-1.348496,0.703067,-0.615069,0.227086,-0.275351,4.352343560865521,1.6033949813365935,-1.7310145222947,3.036611090666056,-9.0562443051517,-2.2212135759472846,-0.5397450923919678,0.7243241667747498,1.7993407249450684,-0.4518237264368412,0.7104984558510596,-0.3293058082389774,0.4273228974662665,1.1300396919250488,-1.5855727195739746,-2.561731576919556,-3.3201486308276653,3.746526954215765,-5.503785632574558,-0.3453972339630127,0.1318313926458358,-1.409830557566881,0.3093436658382416,0.6096667427392676,1.117972056044638
1999,13.819841,-0.210063,-1.282564,0.704113,-0.612145,0.245156,-0.263442,4.248692924515903,1.3322206636637448,-0.6777250740408897,2.4579148383930325,-9.189541599485278,-2.3835614620678127,-0.637283444404602,0.5230944752693176,1.7834112644195557,-0.4534035561185019,0.6989805771504479,-0.3646285295130274,0.4158093344059967,0.0421728119254112,-1.5485873222351074,-2.07387638092041,-1.759627745577693,4.668047340616583,-6.030250470089912,-0.3106823861598968,0.1574980169534683,-0.8020188315771519,0.3220601379871368,0.966170259988308,0.5295493960598483
2000,13.798786,-0.205824,-1.252218,0.706773,-0.607629,0.248752,-0.263403,5.552773243105412,1.094642910644412,-0.0920776874557137,1.808498890122026,-9.298225846087933,-2.538252403694391,-0.4082020223140716,0.4157005846500397,1.9374874830245967,-0.4578370541362784,0.6855240727637155,-0.3993389539771503,0.4012112273668616,-0.714463472366333,-0.947720468044281,-1.4717859029769895,-1.722550937592983,5.405860680395365,-6.239580618268251,-0.1965519934892654,0.0692687109112739,0.8518366823870688,0.1174778938293457,1.4662269830495118,0.3200849174447358
2001,13.778868,-0.201659,-1.223544,0.706469,-0.606101,0.250046,-0.266497,8.837959866145253,0.630953970515728,-0.6997533659756183,0.6767469497237354,-9.45238998736143,-2.522842068594694,0.4119981527328491,-0.0683114305138588,1.0150997638702393,-0.4784582503615725,0.6559747068351178,-0.4453384511805787,0.3774236189854801,-1.9157015085220337,-0.1252774149179458,0.0721014514565467,-3.1855209646731613,6.084624449834228,-6.404495870658755,0.0354526042938232,-0.3048518002033233,4.2749931946814055,0.1405471265316009,2.0835336826153097,0.1299798038160428
2002,13.741899,-0.200357,-1.16019,0.705964,-0.604031,0.250907,-0.271676,9.798253343054652,0.9187643656909464,-1.0602715622261163,0.4342651676477864,-9.520982462072372,-2.309268145366758,0.7729250192642212,-0.3484571874141693,0.1155277267098426,-0.4925346694228161,0.6471202662185845,-0.4460664401047548,0.3737242687898134,-2.4232301712036133,0.5289272665977478,1.25428569316864,-5.167200392836332,6.301205007532238,-6.2388756848692895,-0.0425614453852176,-0.2299582064151764,0.4267326897837221,0.23625348508358,0.2986546827347017,0.1705049804226495
2003,13.724621,-0.200052,-1.135577,0.703941,-0.605503,0.247106,-0.277076,8.175054760095477,1.6090461389660835,-3.090060941302776,1.2880273016721009,-9.561386953175068,-1.758197858905047,0.1461608260869979,0.207840546965599,-2.56449294090271,-0.4952530843194168,0.6533720724699333,-0.4034204730006991,0.4063019519485296,0.4951216578483581,1.6445552110671997,3.4252333641052246,-3.668006375208497,2.393019756895304,-0.2706681217163801,-0.0606815516948699,0.6654365658760071,-0.1800688910490833,-0.1539109349250793,-0.416897999391891,-0.3661075406901538
2004,13.705791,-0.200918,-1.098705,0.700966,-0.607374,0.242779,-0.284258,4.831300212752819,-0.7683516859054565,-3.994561803841591,2.445127545273304,-9.310638168415426,-1.8718311062172053,-0.9399951100349426,0.4633052051067352,-3.285881519317627,-0.4622823169890176,0.677060719557749,-0.3701697032111972,0.4368732479510245,0.7201057076454163,1.800072431564331,3.6028835773468018,-3.843831728670001,3.3347640161573886,-2.4776333920806644,-0.0560210943222045,0.3193404674530029,0.4006432858899235,-0.2414325475692749,0.2867938020111993,0.148995040673064
2005,13.6668,-0.197982,-1.055771,0.692478,-0.607933,0.258264,-0.290159,1.6569693351358177,-2.753698404404521,-2.9450480747342107,3.6978120231464495,-8.777075481593608,-2.3365612259618938,-1.963124632835388,0.7615304589271545,-3.2610456943511963,-0.4073068778295828,0.7080835534953867,-0.3431459608296509,0.4636481863959792,-0.5536050796508789,1.509360909461975,3.4219021797180176,-5.12684558609426,2.1335081122264263,-1.697898288504034,-0.0386296957731246,0.0463627651333808,-0.5559958332303911,-0.3633985221385956,0.1044807578976731,0.1434668244366534
2006,13.645178,-0.199215,-1.020338,0.687531,-0.60543,0.272502,-0.294107,-0.4256646221607923,-2.168334218674898,-0.5003092365175486,4.8236622652202845,-8.037547739112377,-2.881051111119985,-1.960127234458924,0.9052748084068298,-2.9518423080444336,-0.3428743458525028,0.7359557930687386,-0.324440738580771,0.485329070413805,-1.210368037223816,1.0584816932678225,3.1731271743774414,-4.154284748286009,0.0030661095723509,1.174041368464753,0.0549592860043048,0.0084673594683408,-1.1422371671207248,-0.5714998245239258,-0.0123497065617062,0.1940850501103326
2007,13.62086,-0.201144,-0.998469,0.684705,-0.598898,0.283628,-0.303407,0.0472141711175441,-3.096992786392569,0.305269771759212,5.856139519330859,-7.194184359103441,-3.181154878418148,-1.1908977031707764,0.7972109913825989,-3.200707197189331,-0.2833749895186948,0.7562220342460098,-0.3005361894294884,0.5074494381797315,-1.04887855052948,1.2332452535629272,2.8209362030029297,-2.1322996132195,-1.829712504673004,2.174798446252942,0.0319496318697929,-0.1283798962831497,0.0134627127298386,-0.4682610929012298,0.2197284090033732,0.8261407347902655
2008,13.566684,-0.208378,-0.941932,0.678568,-0.585325,0.300827,-0.326257,-0.2236164476841688,-5.740103156399727,-0.4048521357566118,6.839393016067147,-6.22057898067832,-3.270696325394511,-0.5786486864089966,0.2584186494350433,-3.517427444458008,-0.2319650898455111,0.7739282529422524,-0.260373108278938,0.5286142159763262,0.4855856597423553,1.1886000633239746,2.770757913589477,-3.83915204642117,-3.799972128677368,2.3897803365826604,0.0072648404166102,-0.2415357232093811,-0.2849603212400339,-0.1724821925163269,0.2706313881688751,1.1003351309366525
2009,13.542312,-0.212331,-0.918668,0.671179,-0.584115,0.314834,-0.330465,-2.9662948609024284,-5.345042931339145,0.2263710070893168,7.59309073819816,-5.208598571151494,-3.374297861905396,-0.1235198825597763,-0.3642538785934448,-3.077766180038452,-0.1911270379330804,0.7920229820722277,-0.211520474830855,0.5398418827961425,0.2219718694686889,0.785567581653595,2.613137006759644,-3.1832769851386544,-3.72685954619348,2.2163012539863587,-0.0015729967271909,-0.330877274274826,-0.6759132753785699,-0.0730239376425743,0.1330973695809952,0.6398263552140444
2010,13.517353,-0.21647,-0.896439,0.665688,-0.581387,0.329683,-0.331902,-3.93637498781085,-4.244202919620276,0.9174442230030894,8.052308085870742,-4.340805975545942,-3.533857724742591,0.0376940853893756,-0.5026411414146423,-2.541952133178711,-0.1628384848957395,0.8079024859542374,-0.1657412903065139,0.5415783812747379,0.1443170309066772,0.4412003457546234,2.3166842460632324,-0.8634721020579338,-4.95192799512744,3.481269751632213,-0.0338136404752731,-0.3207646608352661,-1.245619800183922,-0.0567175522446632,-0.1326482375740073,0.4838805546881631
2011,13.461264,-0.218801,-0.83735,0.658096,-0.572897,0.352555,-0.338237,-5.165379022628069,-3.870529765981436,1.1942574233457446,8.40099409776926,-3.5492508164465426,-3.6050688575193286,0.0135095454752445,0.0664997100830078,-2.312300443649292,-0.1380010386674682,0.817419297016896,-0.1250322231197927,0.5451132350019346,0.8837791085243225,0.330926239490509,2.018599033355713,1.2289292160153389,-6.336595469865203,4.268623075127602,-0.0840938612818718,-0.1214648261666297,-0.7830126639425754,-0.0757344290614128,-0.289299428156577,0.1711909533928148
2012,13.434891,-0.215601,-0.810798,0.647838,-0.573487,0.366675,-0.342006,-6.879519859272241,-5.254675262671709,0.4161921526774764,8.716323198989032,-2.826952148924768,-3.493489473997056,-0.3754833936691284,0.7072990536689758,-1.7124342918395996,-0.1123242915077233,0.8181037087566554,-0.0939399890338127,0.5561159648728187,1.7190324068069458,0.6445325016975403,1.606193780899048,1.0727245088249444,-7.544540934562683,4.973686237949132,-0.2473933547735214,0.0399224422872066,0.371368201164715,-0.1290699243545532,-0.2214064982834272,-0.1236805758076719
2013,13.407218,-0.212408,-0.784908,0.640719,-0.573107,0.377626,-0.344132,-7.763093669116497,-6.89416213260889,-0.1761219983205199,8.942985590240358,-2.366610035005957,-3.2546193430796264,-0.9211156368255616,0.8818027377128601,-0.2075246721506118,-0.0879096555129135,0.8114697746868651,-0.0863493356490595,0.5712551824040304,1.1481361389160156,-0.0810291990637779,0.8912196159362793,-1.6967869662612676,-7.122851061251759,4.718199903273582,-0.3658376038074493,0.1405117064714431,0.1986804698755033,-0.1203470379114151,-0.2914131141086108,-0.0674986515922471
2014,13.350279,-0.209218,-0.741291,0.633411,-0.555253,0.387169,-0.374946,-7.352329678967594,-5.116299057638645,0.8394824469223618,8.95734144785106,-2.510729313735664,-3.1036490294113754,-0.6937557458877563,0.3511703312397003,1.5630820989608765,-0.0806779896681806,0.8039568913822208,-0.1090659644351071,0.5790068565532812,-0.4585534036159515,-0.8444293141365051,-0.3888133764266968,-0.540253124371171,-6.367385160404443,3.820928407466411,-0.4143952131271362,0.6240412592887878,1.428484696893394,-0.2422792613506317,-0.010098853186774,-0.6269645355533808
2015,13.322092,-0.211085,-0.723024,0.626091,-0.544185,0.393832,-0.395942,-3.804568808817863,-6.087868546321988,-0.0643465077042579,8.727645972514152,-3.202082807895541,-3.121736767026782,-0.2612709701061249,-0.1508125513792038,2.4067931175231934,-0.0982980991664487,0.798411857315715,-0.1473186542786586,0.5754764897256924,0.3153689205646515,-0.8953744173049927,-1.412401795387268,-1.9023188912004232,-7.857975015816092,4.8282758964955805,-0.6832491755485535,0.3096418082714081,0.0659331056088441,0.0724129453301429,0.2231852714589796,0.3256802897663787
2016,13.29368,-0.212595,-0.710314,0.61977,-0.52856,0.405892,-0.414441,-1.907965372654796,-5.768679262542724,-0.3004974427908659,8.307365381479263,-4.010736401312053,-3.327465383581817,-0.2672775685787201,-0.7422646284103394,2.575956344604492,-0.1233375721638858,0.7961135659025076,-0.1893586889053863,0.5613681627037181,1.1960855722427368,-1.1554299592971802,-2.0429389476776123,-1.6184119332045317,-6.396508963558078,2.9041595995068548,-0.9310802817344666,-0.042576864361763,2.8534169620022176,0.3337523341178894,1.9142004676520823,0.3358436275906861
2017,13.239676,-0.213054,-0.691934,0.605204,-0.493698,0.432484,-0.450498,-0.4328331986159086,-5.786836850523948,0.0020893734946846,7.720332970276474,-4.849253510333598,-3.61269453009218,-0.0997383967041969,-0.7338745594024658,2.8370680809021,-0.1535047016015124,0.793989760732349,-0.2318974166405614,0.5405923212854272,2.423170804977417,-1.4613415002822876,-2.2457616329193115,-4.2772611396133895,-5.387066548076271,1.5658581546247003,-0.9396827816963196,-0.0927023589611053,-0.0064791819769365,0.3174175322055816,1.137357870646566,-0.4359499423969536
2018,13.212676,-0.211515,-0.679462,0.595808,-0.485822,0.440318,-0.463799,0.7856734075844287,-3.404290556848049,0.7251090487673878,7.054737894490361,-5.737519569647312,-3.6717721574828026,0.527851402759552,0.159768134355545,2.889326572418213,-0.1890411915169749,0.7820794558145684,-0.2748817984662973,0.5263602158799517,2.1712968349456787,-1.9806926250457764,-2.448927879333496,-4.121288487613201,-2.994344897344708,-0.7550609002429991,-0.9704086184501648,-0.0486107766628265,-0.2251682071708142,-0.1538682878017425,0.9253134950734674,-0.9577150777887552
2019,13.185765,-0.211187,-0.665988,0.5864,-0.484283,0.446549,-0.471379,1.0722972233235837,-1.0102017094165086,-2.068569191586972,6.013791502720117,-7.07292237047851,-3.1588708581566807,0.0921755209565162,0.3340987265110016,1.766735553741455,-0.2468689408243515,0.7396286874146999,-0.3376492194830184,0.5272553031450101,1.4261763095855713,-2.4218106269836426,-2.389430046081543,-4.860650810399651,-1.1515800188750027,-3.324638343462348,-0.9617325663566588,0.4051492512226105,-1.4933854774795472,-0.4817507863044739,0.4462375276554375,0.6101609925296158
2020,13.130116,-0.210836,-0.648068,0.579053,-0.480709,0.444139,-0.486165,0.1776759497642517,0.4282844492703676,-1.2529469282016157,5.521870155319571,-7.483097747084498,-3.1116829905241725,-0.3663075268268585,0.425283133983612,1.9888286590576167,-0.2620290301917065,0.7235719201879939,-0.3675531995819764,0.5221963858887124,0.682606041431427,-2.2027783393859863,-2.575294256210327,-2.860245054456592,0.1910351975530385,-4.815475159372389,-1.0063116550445557,0.4648517966270447,-1.0867404669567942,-0.2033728957176208,0.6724932378020138,1.036825366317481
2021,13.097235,-0.215642,-0.635525,0.578911,-0.476838,0.439483,-0.494309,1.0951643041700123,0.4490022431284189,-0.6944874082714318,4.9504929938882585,-7.820299072894453,-3.241280553556978,-1.144025206565857,0.5865302085876465,2.122920751571656,-0.2686838746941375,0.7064038116711977,-0.4077413058880728,0.5123958959160608,0.4418206214904785,-1.895000457763672,-2.6385304927825928,-2.4420307483017445,0.7762351326316594,-5.563389329665899,-0.9632905721664428,0.5077433586120605,-1.1948021977469323,-0.0036133893299847,0.6006199147894978,0.8877362632859498
2022,13.068256,-0.217913,-0.632784,0.579456,-0.474984,0.438269,-0.496529,1.765791528904438,-0.0121487029552459,0.7258239190384745,4.352591398146748,-8.048081992608308,-3.5289860270529982,-1.341715931892395,0.7215873599052429,2.248025417327881,-0.2667635290341235,0.6879112206328826,-0.4546497117948138,0.4989079322757093,0.5694366097450256,-1.4874272346496582,-2.491314649581909,-2.6660908481001853,1.6162413111671805,-6.227991302761435,-0.9384690523147584,0.4323156177997589,-1.1023802999634296,0.0517693907022476,0.7892798345785588,0.8208431398387998
2023,12.997889,-0.225037,-0.611404,0.580725,-0.476292,0.44277,-0.489755,2.390639291499555,0.0845329711645841,1.8034359076440327,3.686593002256751,-8.249808095523715,-3.810524794612825,-0.9886450171470642,0.5873004198074341,2.4568839073181152,-0.267223156082252,0.6652716907746747,-0.5016934003112766,0.4840549081237592,0.4892469942569732,-1.2467085123062134,-2.1614022254943848,-2.1834213131695983,2.566785839739442,-7.1031263700842855,-0.87168288230896,0.3507318198680877,-0.6468612222868949,0.1427088379859924,0.9684412005949764,0.8133945043332874
2024,12.961916,-0.222131,-0.602976,0.580443,-0.477056,0.447977,-0.484582,3.838801333287358,-0.0832148743033409,1.9641782582640648,2.906263586048781,-8.476055476233363,-3.9850338047787535,-0.4210811257362366,0.3078918755054474,2.62141227722168,-0.2774646800103635,0.6380440570103777,-0.544132303955097,0.4688636950052318,0.2405772507190704,-0.6767781972885132,-1.755658745765686,-1.160429095762968,3.658449442312121,-7.2205749379009,-0.8078086972236633,0.2886004149913788,0.2719404980060644,0.1180407181382179,1.1614650877472013,0.2278592180867679
2025,12.922512,-0.219045,-0.5942,0.582856,-0.473367,0.453908,-0.47976,6.186065301179886,-0.2781213603317737,1.3362442200914024,2.057021377134323,-8.706269422486423,-4.017449927476048,0.1299163550138473,-0.0248877722769975,2.404707193374634,-0.2975530409578977,0.6090007486842255,-0.5778849655411114,0.4545648493778291,0.0186051651835441,-0.0003808027831837,-1.1024439334869385,-1.9841677378475664,3.992912283068895,-7.488458397334813,-0.7224730849266052,0.1856799274682998,0.7482820537578314,0.1012133359909057,1.2274082900583745,0.3343344286041334
2026,12.847779,-0.206647,-0.580133,0.586223,-0.46624,0.45529,-0.481324,7.844163348084687,2.6205752975940704,0.2845031703233718,0.8743221435047686,-8.996932869005203,-3.802782509922981,0.0789917558431625,1.09551203250885,1.1322059631347656,-0.3288700651346672,0.5576118408926558,-0.6188351810694457,0.4449231008475573,-0.8424856662750244,1.0148521661758425,0.3541873395442962,-1.638385630697012,4.648403313469887,-6.096044253993034,-0.5112490057945251,0.0486686937510967,3.284607361847162,0.3155976235866546,1.3514667775340377,0.2041654040926136
2027,12.815049,-0.203654,-0.571426,0.58547,-0.465902,0.454901,-0.482934,8.326239593297244,1.6004612659722566,-0.9916130365416408,0.872433480213955,-9.011714258551596,-3.7680607406318174,-0.0854817330837249,1.9299228191375728,0.2718560397624969,-0.3144673459381314,0.5353448803940155,-0.6368072609125026,0.4571572927716428,-0.6344493627548218,1.6761932373046875,1.4578380584716797,-3.9039895525127646,3.511146418979764,-5.550968239510059,-0.6338592767715454,-0.0318214669823646,0.5588101234661415,0.7233790159225464,0.4787484524967149,0.5249971395829692
2028,12.784376,-0.202583,-0.562377,0.585676,-0.469402,0.452629,-0.481427,6.533700927242636,3.518265311074257,-1.854772711649537,1.1564750243749469,-9.013857115799189,-3.6855604443386194,0.0246771555393934,1.948148250579834,-0.2189429402351379,-0.2892620834748655,0.5162608927131599,-0.6491424944764896,0.4779291431289924,0.9109209775924684,1.8364330530166624,2.227914810180664,-3.344807855787873,4.225540304726362,-2.24468446790576,-0.7304922342300415,0.1413696706295013,-0.8184284799125046,0.8583999872207642,-0.2624090831434354,0.2035828366979956
2029,12.719548,-0.195079,-0.543583,0.584145,-0.477212,0.437282,-0.489721,6.101416010159253,3.322884777793288,-2.861666903953254,1.640833462240547,-8.944469691318274,-3.670762688179314,-0.5450447797775269,1.603920578956604,-1.0883628129959106,-0.2577037338667567,0.5084129907502015,-0.6547312726289118,0.4964191018476488,0.0526321083307266,2.5565879344940186,2.471698045730591,-1.6698282321870326,4.118965013101697,-1.921034697586298,-0.7586071491241455,0.3828667998313904,0.1076652788184583,0.7141021490097046,-0.3706752139318734,-0.1521760727288201
2030,12.688039,-0.191628,-0.539202,0.581767,-0.475647,0.43728,-0.494058,5.067050165823102,1.3041098369449375,-2.6019232040941715,2.364103020621091,-8.730773749145865,-3.788799869538844,-0.5558850169181824,1.170924186706543,-1.7594542503356934,-0.2181289196586672,0.5164871977849886,-0.6530053631962862,0.5091608592651993,-1.0292669534683228,2.430020570755005,2.5131208896636963,-4.533715442538261,2.7086311821877955,-0.2149013724394142,-0.7230273485183716,0.5832740068435669,-0.2978927036525681,0.4395603239536285,-0.5077718274831772,-0.1901455917695537
2031,12.654632,-0.188555,-0.539755,0.576935,-0.472365,0.445887,-0.495179,4.359412184077501,-0.9505535886615514,-2.3311989682763814,4.130725593522191,-8.058526814255117,-3.763989253409207,0.3882457017898559,-0.1130150333046913,-3.3619537353515625,-0.1549418823902962,0.5709831118841695,-0.6048870385792854,0.5329942786577714,-0.2980401515960693,1.4301884174346924,2.4036457538604736,-2.689334945565462,-0.6347416723608971,3.351341641470789,-0.6210006475448608,-0.0505337640643119,-0.071941639008373,-0.2707940340042114,0.4507887612190097,-0.144257572955545
2032,12.588628,-0.191747,-0.538428,-0.569159,0.459235,-0.460998,0.502635,1.9883622669279573,-1.4289432543158531,-2.5014997130975125,5.226863126638532,-7.453843595549464,-3.64561246483177,0.5697420239448547,-0.4121573269367218,-3.8882336616516113,-0.1248270808200472,0.6145646033705086,-0.5551439925231919,0.5463914799142344,-2.0334317684173584,0.5143312811851501,2.2013680934906006,-1.7605086200654505,0.0506656998109072,3.6831875777274368,-0.5073567628860474,-0.2367621213197708,-0.5261984416641294,-0.4574377238750458,0.016270322063053,0.4842827057482674
2033,12.546702,-0.196173,-0.533483,-0.569407,0.449002,-0.461541,0.511031,0.1015033951878547,-3.3660791918754573,-2.6373940381869674,6.292959741756319,-6.586017974457144,-3.632271629482508,0.1670903116464615,-0.3400387465953827,-4.051605701446533,-0.0902169464833094,0.6606419954102207,-0.4987448972428985,0.5537747993138595,1.435766577720642,1.0980288982391355,2.6430158615112305,0.0799929896473884,-4.780919686558843,3.8756303039908406,-0.4337928295135498,-0.2378090918064117,-0.3552969910034909,-0.4107633531093597,0.0001345336494618,0.8572503779988735
2034,12.50706,-0.201674,-0.528729,-0.568761,0.441793,-0.461649,0.51789,-2.767275094336271,-4.759522093743086,-1.9665356350451704,7.17290659327507,-5.55380141710937,-3.7249309162184594,-0.5085000991821289,-0.0773573070764541,-3.308785915374756,-0.0484697045302148,0.6985294798737558,-0.449416493984471,0.5547361132453377,1.1467348337173462,0.5467180013656616,2.351114511489868,-3.021002018123865,-4.413771843035519,3.385037574845552,-0.4616105258464813,-0.2214318662881851,-0.851274226198718,-0.2688848078250885,0.0468129379394697,1.0152239214926957
2035,12.418877,-0.213951,-0.516165,-0.56213,0.437164,-0.472626,0.519156,-3.926491891700029,-3.806391932591796,-0.1391179633110761,7.748085485076904,-4.621496309582889,-3.8443843941167,-0.7782527208328247,0.2692976891994476,-2.3020527362823486,-0.0072536859840373,0.7220560592290675,-0.4179044213508824,0.5513058897996261,0.7885143756866455,0.0605423636734485,1.6408517360687256,-0.4762444703191518,-5.379620323723555,3.924027547413111,-0.5661801695823669,-0.2195609956979751,-1.4345225157529116,-0.1368849277496338,-0.0076025873831415,0.8785605847921222
2036,12.377887,-0.217092,-0.511173,-0.560215,0.433574,-0.480111,0.517365,-4.287129038155078,-3.4739845630601045,0.4310907388627529,8.156907108986378,-3.876513808827102,-3.822028185401857,-0.6172314286231995,0.4937064051628113,-1.7339695692062378,0.0285911604875951,0.7333614935897638,-0.3962954983689088,0.5516460654956978,1.0303629636764526,-0.0983161032199859,0.8248971104621887,1.6969658299595116,-6.128340257441997,4.182929828011989,-0.6659525632858276,-0.1068447902798652,-0.7716798074148595,-0.1439152657985687,-0.0801169539537746,0.5025954842912033
2037,12.33574,-0.216742,-0.504411,-0.555913,0.432478,-0.485984,0.517439,-4.460725609651208,-4.900157768140733,0.0651169075548648,8.415647477021812,-3.3047713212147354,-3.798125916288793,-0.625014066696167,0.1873919069766998,-1.1937521696090698,0.0560684243811045,0.7403996528628674,-0.3813907213732497,0.5506413032358566,1.7239127159118652,0.1149052530527114,0.2614915370941162,1.139427224266529,-6.675327658504247,4.162034339499473,-0.7464832663536072,0.1211044639348983,0.191831773024518,-0.1120777428150177,-0.1554752969373017,0.6162883893687278
2038,12.234651,-0.208978,-0.483544,-0.55233,0.432357,-0.486249,0.521115,-6.122681501027941,-5.379062105318903,1.102305992618203,8.58915637023449,-2.711992475314438,-3.87838194078654,-0.7340026497840881,0.0918790102005004,0.0808851942420005,0.089341473880637,0.7450881729830464,-0.3776057027505819,0.5424716950061452,0.2061897218227386,-1.001268982887268,-0.7356809377670288,-1.693788368967175,-5.099913740026951,2.330778697037697,-0.7785983681678772,0.5108184814453125,1.0766002542797477,-0.1000405997037887,0.008832001884756,0.1646160319819115
2039,12.192926,-0.20515,-0.477003,-0.553726,0.425015,-0.485773,0.526094,-5.635067495432495,-5.574914932286739,1.1460662238895891,8.547913090220094,-2.847586940674484,-3.872313726788759,-0.3111611604690552,0.2884831726551056,1.1569373607635498,0.0915570105717748,0.7373301702638975,-0.3921444594907891,0.5423875547703131,0.0579080954194068,-1.1033339500427246,-1.3542505502700806,-2.0911989565461875,-5.653624311864376,2.2676900804400444,-0.9210896492004396,0.5780981779098511,0.975863532615453,0.0235611647367477,0.2028429415835067,0.4313865800041705
2040,12.145873,-0.199278,-0.468622,-0.55325,0.421476,-0.487487,0.527852,-3.948487450408935,-6.175634508058429,0.1309118605017662,8.400355799865721,-3.3402696278363466,-3.8009234380528327,-0.2955294549465179,0.3920598924160003,1.9698253870010376,0.0810767350840073,0.7205512490328415,-0.417850529322405,0.5473878516800212,0.7601442337036133,-0.9643761515617372,-1.5862442255020142,-2.848383351749181,-5.781385599380731,1.9372049111425875,-1.1184523105621338,0.2912697494029999,1.533175928337127,0.2524289488792419,1.0382205470029264,0.8852021416984498
2041,12.079262,-0.186853,-0.463115,-0.535981,0.422394,-0.508616,0.524993,-3.3243577729552984,-4.5596462948694825,-0.2047039496824145,8.144635656434296,-4.03464071625173,-3.681983754895627,-0.5083842873573303,0.6279915571212769,2.5683960914611816,0.0660838900982605,0.694365869584713,-0.4534147768894478,0.5548910918301928,1.661329746246338,-1.559281349182129,-1.9410935640335083,-3.8701217697024335,-4.651372684669495,0.2418488179346546,-1.155855655670166,0.103673905134201,-0.0144753284050617,0.2775046229362488,0.9408923186078668,0.6414492802407592
2042,12.040284,-0.180241,-0.458787,-0.525644,0.421268,-0.521077,0.524128,-2.2193244011998177,-2.8141531653672454,-0.5990425824701786,7.766839285385608,-4.831131285926699,-3.536491872638464,-0.5944873094558716,0.9229013323783876,2.885380983352661,0.0501822190331504,0.6589443583996056,-0.4960879334251892,0.5631792676814193,1.9537190198898315,-1.469864845275879,-2.320375442504883,-1.7011749720871447,-2.9680723919689656,-0.9765743112333118,-1.259351134300232,-0.0903206095099449,-0.0573838793171336,0.0006523652700707,0.7715138031981885,-0.1341017608505673
2043,12.005651,-0.173848,-0.456211,-0.515692,0.420071,-0.530486,0.525535,-0.3117342915982007,-2.6932243542194363,-1.991832865647972,7.313576462203263,-5.565573687967658,-3.421457087965309,-0.9528696537017822,0.8103342056274414,2.603292465209961,0.0374769613685265,0.6194553119355631,-0.5391853892204368,0.5693414629776014,2.322449207305908,-1.351567029953003,-2.33255386352539,-2.5326456697285176,-2.2835655488334594,-1.6085001955211162,-1.2918109893798828,-0.0575889684259891,0.5945300004165619,-0.3736753761768341,0.6833632260583341,-0.0276930648143286
2044,11.925605,-0.170604,-0.448538,-0.505694,0.418133,-0.537587,0.529564,0.1383276897162199,-3.426139400562644,-1.895210228239,6.841817028343677,-6.093954003715515,-3.496232050703466,-1.3436777591705322,0.631443202495575,2.3621251583099365,0.0317393691690223,0.5833744816995396,-0.5813195711202463,0.5663341275328841,2.383894681930542,-1.5852292776107788,-2.021324157714844,-4.434236246654391,-1.99127274754718,-3.316363267070055,-1.2239903211593628,-0.019351914525032,-0.5847615436613559,-0.5370032787322998,0.5393783873632549,0.4843216495191678
2045,11.886413,-0.173207,-0.445237,-0.503572,0.417383,-0.535495,0.534277,-0.3354308090060949,-2.2397125247120857,-0.4692331302523613,6.317642932114005,-6.5588289387583725,-3.6386189526826143,-1.267246127128601,0.7817602157592773,2.6408090591430664,0.0271579765080866,0.5448367916263047,-0.6234346824859485,0.5601290523507477,1.6295078992843628,-1.8245611190795896,-1.8792243003845213,-2.7055191876471043,-0.7425573194354772,-5.016600666046142,-1.1295981407165527,-0.0256158038973808,-0.5482306791216135,-0.5282589793205261,0.6421507795736193,0.8438394730880856
2046,11.84598,-0.178851,-0.443266,-0.504651,0.414594,-0.53072,0.540162,0.4983978499382734,-1.2963064697176216,-0.0942316506192088,5.704229878985881,-7.016660969552397,-3.79455039588958,-1.3940149545669556,0.8805781602859497,2.8011269569396973,0.0220283724948632,0.4991764089855464,-0.6665516740294543,0.5532146894312595,1.0178993940353394,-1.5513681173324585,-1.9712882041931152,-1.144770338860154,0.3480728484362363,-5.377904751977324,-0.952798306941986,0.042103536427021,-0.8404843174412846,-0.4312360882759094,0.5370017578924074,1.115586914473772
2047,11.754427,-0.194715,-0.439753,-0.510706,0.412906,-0.524124,0.542202,1.5460346792578696,-1.2858850289463997,0.4776180967599153,5.020661339613795,-7.412547708564996,-4.0021822157174345,-1.2806432247161863,0.7138744592666626,2.832016468048096,0.0154187322472792,0.4506691369568675,-0.7077795067903001,0.5437901079685823,0.4015648066997528,-1.2536669969558716,-1.905870795249939,-1.26824123570621,0.9005860271826386,-6.102253630027175,-0.7580002546310425,0.0096747847273945,-0.9629030018206686,-0.2316067367792129,0.6419621981989592,1.5345086382456123
2048,11.710705,-0.199044,-0.438317,-0.513824,0.416189,-0.521567,0.539202,2.4532374942317605,-0.7954869455903768,1.296046941998601,4.248432812274992,-7.759146392795443,-4.232834845648705,-0.8189687728881836,0.3460466265678406,2.876547574996948,0.0018819619879709,0.4037059089357931,-0.7435294624745296,0.533087320312944,-0.1735565513372421,-1.2090765237808228,-1.7159998416900637,-1.1306582268774508,1.382549751931429,-6.7228446119606495,-0.5366089940071106,-0.0258982572704553,-1.3951093737751246,0.0019654666539281,0.6726408295791596,1.636748531014472
2049,11.65882,-0.200247,-0.435344,-0.514974,0.424601,-0.51946,0.533551,3.647692778237164,0.405661114051938,1.3178241817817091,3.3445722934663293,-8.114690015503763,-4.374470929260552,-0.2508600354194641,-0.1622592210769653,2.905260801315308,-0.0231768699497768,0.3583325226015702,-0.7711249920358076,0.5257630414436604,-0.7254202961921692,-0.8136661648750305,-1.56577730178833,-0.1946855367541313,2.333935699763894,-6.883223389965296,-0.3299455046653747,-0.0539863742887973,-1.027536509772763,0.1250444203615188,0.8928313214026391,1.227266397369653
2050,11.564334,-0.1927,-0.436331,-0.514874,0.433556,-0.527716,0.518122,5.976935059487819,0.985197032019496,0.5061939106419682,2.362219106570631,-8.405276305133103,-4.465605198386311,0.0179416984319686,-0.8807522058486938,2.430042028427124,-0.0588061323549589,0.3218717383282998,-0.7899880250590359,0.5185164662025473,-1.195775032043457,-0.2344708442687988,-1.2263445854187012,-1.1776911962091925,3.315049846383929,-6.835123668184876,-0.1921528577804565,-0.0404128842055797,0.1482988842356018,0.1663575768470764,1.1887827182617037,0.7976737150449306
2051,11.512402,-0.18668,-0.438067,-0.518094,0.430183,-0.528684,0.516735,8.60004484399557,1.734782058134675,0.59952481302917,0.6887097016528249,-8.705950273534656,-4.461223914562165,0.1918988227844238,-0.5190592408180237,1.457681655883789,-0.1317258863675073,0.2796239025473425,-0.8057726650154435,0.5051626147672024,-0.6229269504547119,1.054677128791809,0.2128965109586715,-1.5414917751312256,4.1026024918437,-5.048485166084766,0.0209764428436756,0.2187824547290802,0.971920567143336,0.345597892999649,0.716822939524427,0.2891968993638642
2052,11.468295,-0.183315,-0.437792,-0.520788,0.427585,-0.52572,0.519201,10.474578487169742,0.454140190538764,-0.0190013453289866,0.2960369379843585,-8.73777807494998,-4.442293880903721,-0.0709434077143669,0.5782760381698608,0.7014620900154114,-0.1432904746084994,0.261156542431848,-0.8113514726795991,0.5029650784214668,0.3564604520797729,2.0870895385742188,1.1395630836486816,-3.46363355717659,3.791682439237833,-3.587845920039713,0.0310307573527097,-0.0968034118413925,1.1256314116913824,0.5567470192909241,0.6300593597635626,0.325421858025901
2053,11.386694,-0.182245,-0.436069,-0.52878,0.430508,-0.514662,0.519787,9.289707608589527,1.967611739844084,0.2467021397173404,0.3901993775585666,-8.742005337256193,-4.426679839925468,0.1695848256349563,1.3550697565078735,-0.0835466757416725,-0.1288678058764396,0.2462174015970397,-0.8155212111907526,0.5076369937911626,0.7661613821983337,1.563554286956787,1.9729841947555544,-4.764599250876903,2.816288131569326,-2.286167401894927,0.07237009704113,0.0900537893176078,-0.114495417099446,0.4786197543144226,-0.1935881517051719,0.1006474085461813
2054,11.348752,-0.179215,-0.431511,-0.534185,0.435734,-0.504826,0.51955,8.040444629597664,4.083966180434823,-0.2712397841244935,0.7634837876081466,-8.777049178108573,-4.30707204824835,0.2915188372135162,0.9343974590301514,-0.9191595911979676,-0.1056437374540846,0.240636549352468,-0.8134455200539981,0.5188832011266244,0.994416892528534,1.816139578819275,2.23013687133789,-1.1206816072642802,2.438340661612153,-0.9069277974247932,0.0509507618844509,0.5813660025596619,-1.0175310293912887,0.3301900029182434,-1.2556195084117352,-0.3759533004652708
2055,11.311244,-0.175205,-0.426859,-0.53776,0.442188,-0.496465,0.518465,7.891171767497062,3.104455961880088,-0.7236024435967207,1.3935425628498197,-8.748787544742227,-4.205611323158442,0.1729843765497207,0.1567870378494262,-2.17067551612854,-0.0819883003492737,0.259447817764173,-0.8044335464723942,0.528063927781389,-0.0185430012643337,2.178037405014038,2.1347591876983643,-1.935264298468828,2.5209596158489584,-0.3848629484340548,-0.0289464108645916,0.7188483476638794,0.8045170050684363,0.1115211546421051,-0.5794777215069159,-0.4089624571522697
2056,11.236497,-0.175686,-0.428125,-0.534585,0.451919,-0.496465,0.513333,7.835234191697835,-0.7472644742131233,-1.218354338248074,2.328450692481548,-8.570368083134293,-4.159021421419084,0.1657501757144928,-0.2779482007026672,-3.266336441040039,-0.0552456151787857,0.3038980416916122,-0.7872083989064342,0.5337571651673668,-1.0742483139038086,1.7590796947479248,2.005897283554077,-4.0260207719445225,1.015829193909466,0.6402531292587519,-0.1137918531894683,0.2214430719614029,0.9642713675644248,-0.0535185597836971,0.2166660074917599,-0.1420595514546148
2057,11.197986,-0.177701,-0.428996,-0.533003,0.449598,-0.500783,0.512822,6.228875099858641,-2.7289731284707783,-0.7996423117041588,3.499514433375001,-8.190980643501877,-4.102635225069522,0.3751737773418426,-0.0493396110832691,-3.869905948638916,-0.0218852165245392,0.362013058194068,-0.7603438247339086,0.5388365470180613,-0.8489861488342285,1.3039292097091677,1.931967496871948,-3.1042309209525585,-0.9213499982699752,1.9810458064347505,-0.1092268824577331,-0.1833332329988479,0.2546445500891655,-0.2047294825315475,0.3412855263836681,0.0913643424214329
2058,11.156706,-0.184846,-0.434246,-0.53242,0.443602,-0.504362,0.515136,4.423819482058287,-3.171313575622439,-1.211709201145172,4.8261786319553845,-7.590323611572384,-3.9070933637470007,0.5422454476356506,0.5226553678512573,-4.320163726806641,0.0222751367164246,0.4196318138336972,-0.723267218009299,0.5479940920698283,-0.2318387627601623,1.1677541732788086,1.847226619720459,-0.8534230017304419,-2.029623082599044,2.660160873529315,-0.0708922743797302,-0.4572146534919739,-0.4841289399586617,-0.2938500940799713,0.2469876603941433,0.3444107822647318
2059,11.073422,-0.198418,-0.430286,-0.528252,0.438282,-0.508527,0.519865,2.4899685575187203,-4.470802767029404,-2.2340762723907828,6.233304606738686,-6.656248864024877,-3.607028174893558,0.5192546844482422,0.7394262552261353,-4.828884601593018,0.077209361095395,0.4770239651326142,-0.6755408131795273,0.5568944763281464,0.4815587103366852,1.07328462600708,1.745139479637146,-0.1025479358047246,-2.9434046914413567,2.924638908433914,-0.0381959117949008,-0.4683301448822021,-1.2866776406288143,-0.2241817116737365,-0.0194459587077726,0.7697280157599597
2060,11.03121,-0.205461,-0.428061,-0.522863,0.442585,-0.510843,0.519397,-0.796463681668043,-6.24601795783937,-2.829493065579235,7.493346169376373,-5.382919365268945,-3.323306510336697,0.2049031108617782,0.533737063407898,-4.688325881958008,0.1360207358735615,0.5327108828210295,-0.6210157752449241,0.5586206480704096,0.2591232359409332,0.7390105128288269,1.5439436435699463,-0.1004050785571336,-3.076902184522152,2.791052275764942,0.0039213807322084,-0.4092494547367096,-1.4479688573032616,-0.0423314832150936,-0.0741637903035618,1.004057872899249
2061,10.986262,-0.209995,-0.42309,-0.51999,0.444276,-0.513524,0.518191,-4.047907609581947,-6.447974362379312,-1.9549366749271748,8.3426553060472,-4.028901880338788,-3.2153418101802465,-0.2662706971168518,0.2384828925132751,-3.740748405456543,0.1878661666563572,0.5793118359414303,-0.5730048873048933,0.5484245154030114,0.2254347801208496,0.5299863815307617,1.3645230531692505,0.1575187123984098,-3.847451964993775,3.3813644392907616,0.0452895686030387,-0.3711715340614319,-1.763434882775694,0.0483637005090713,-0.1662716902344487,0.7978976599939167
2062,10.892472,-0.206008,-0.413147,-0.519769,0.44618,-0.51317,0.517127,-6.024805064165592,-5.408384061393141,-0.4975196057990193,8.831109854120015,-2.8611884727865458,-3.161568718938529,-0.5575834512710571,0.4687277674674988,-2.819291830062866,0.2315421909362949,0.6100200547262524,-0.5376529361225356,0.5340348411986037,0.2850696146488189,0.2152152955532074,1.0428036451339722,1.2922750222444537,-4.350338650783896,3.885952960562706,0.084859699010849,-0.1758412420749664,-1.1089318404987454,-0.020736975595355,-0.359655149680376,0.5754459817728027
2063,10.847826,-0.198433,-0.404447,-0.521077,0.451114,-0.510163,0.5145,-7.571912925612926,-6.013984979465604,-0.0907756649464368,9.121711925840378,-1.9462867738731204,-3.0293188878312707,-0.616218090057373,0.4995472729206085,-1.7732362747192385,0.2694807511348003,0.6257511128995165,-0.5127258788652158,0.5224251441626768,0.37808558344841,0.2753519415855407,0.7107004523277283,1.7715274422079323,-4.86719862460792,3.966301339519024,0.0218657031655311,-0.0476928651332855,-0.0678552236446878,0.0194717291742563,-0.2978114003109745,0.6430570076983422
2064,10.806834,-0.191341,-0.395619,-0.521586,0.456832,-0.508263,0.510804,-7.444554373678565,-6.628648324915766,-0.0711257925808429,9.238110692343117,-1.4676437179796398,-2.945119678665697,-0.4341446161270141,0.1247192472219467,-0.5685670375823975,0.2909870846298171,0.6310608276913501,-0.5019178722373747,0.5149439145697872,0.2694182097911834,0.0503950789570808,0.4495130479335785,-0.8316746957808733,-5.235358567783236,3.442562712097168,0.0,0.0,0.0,0.0,0.0,0.0
2065,10.736364,-0.183355,-0.391721,-0.517213,0.458205,-0.51548,0.506773,-6.8611705481112,-6.404605176252126,0.4550090823277831,9.23606954190433,-1.3771490619316695,-2.9948084232032297,-0.2273241579532623,-0.2435774207115173,0.3118042349815368,0.2961283111338544,0.6309881664350718,-0.5045261772520222,0.5095246448415408,-0.4851794242858886,-0.6627624034881592,-0.2383066266775131,-2.6560487620353697,-5.048062556758523,2.33731832793951,0.0,0.0,0.0,0.0,0.0,0.0
2066,10.698825,-0.179832,-0.392174,-0.51777,0.446799,-0.520832,0.510901,-5.546538148108125,-7.03319943189919,0.133258423627913,9.145770846819875,-1.6626903431311248,-3.124215139839053,0.2085685729980468,-0.4639439880847931,1.2194124460220337,0.2844230844782471,0.6268464125104714,-0.5160951599724198,0.509718418321269,-0.348427951335907,-0.4942074120044708,-1.0499250888824463,-1.7834879291146992,-5.398809592840075,2.8867501995444296,0.0,0.0,0.0,0.0,0.0,0.0
2067,10.66407,-0.174785,-0.391671,-0.515714,0.435648,-0.52555,0.517733,-4.845902738600969,-6.819763601967692,0.1248810559049248,8.951658726039529,-2.2571038044959306,-3.3081212161645293,-0.1122343316674232,-0.5606549382209778,2.052644729614258,0.2615068647618542,0.615526214790709,-0.5383258553367481,0.5127834676200679,-0.1103717237710952,-1.0958421230316162,-1.6999907493591309,-2.849792634025216,-4.444473563030362,2.3788790033400056,0.0,0.0,0.0,0.0,0.0,0.0
2068,10.592461,-0.169309,-0.387075,-0.504634,0.429158,-0.535923,0.523406,-1.4851760136693717,-5.92943271907866,-0.3799681621298194,8.14494662207961,-4.307574737073481,-3.357828957663476,0.5547134876251221,-0.0007835454307496,3.470766305923462,0.1913608230819351,0.5548824595198754,-0.6027496058803264,0.5405361573057499,0.7365300059318542,-1.3917949199676514,-2.39616060256958,-2.869065489771962,-2.86864171140194,0.6850830355882644,0.0,0.0,0.0,0.0,0.0,0.0
2069,10.552847,-0.172301,-0.385181,-0.501334,0.428307,-0.538634,0.524491,0.8745371014297008,-5.457289254337549,-1.940974200548232,7.4369351308465,-5.467603143081068,-3.3117551887527106,0.5992646813392639,-0.5028014183044434,3.414163827896118,0.1442331176657042,0.5164670534748297,-0.6341248321314972,0.5570856205339608,0.7080053687095642,-1.4259247779846191,-2.760683536529541,-3.544873916536569,-1.3264488022640346,-1.14781803599298,0.0,0.0,0.0,0.0,0.0,0.0
2070,10.512912,-0.177075,-0.382337,-0.502432,0.424691,-0.535351,0.529717,2.040865776625276,-4.12503878005743,-1.9668664744347333,6.5469847717076535,-6.458678127223253,-3.4048230562895534,0.3206665515899658,-0.8424677848815918,3.236929178237915,0.092785451223109,0.4829044220329956,-0.6636271394503833,0.5637313827087419,0.6171079874038696,-1.477143406867981,-3.0360641479492188,-4.587838077870011,-0.2996455021366477,-1.916716980517656,0.0,0.0,0.0,0.0,0.0,0.0
2071,10.430165,-0.193379,-0.379954,-0.512219,0.414372,-0.521576,0.542113,2.5514146676063536,-1.5123480982333422,-0.6882783244982361,5.597400904861092,-7.270332363760471,-3.461471702967584,0.3202262222766876,-0.1528341323137283,3.1218724250793457,0.0465790483498641,0.4466962177766821,-0.6906145341005697,0.5668726077240963,0.4444060027599334,-1.3690056800842283,-3.174744367599488,-3.2064035937041044,1.0449231864467263,-2.872607984684408,0.0,0.0,0.0,0.0,0.0,0.0
2072,10.388042,-0.200659,-0.378566,-0.515718,0.415774,-0.518656,0.54052,3.292591346338391,0.0971048679679632,-1.2195064308926462,4.7303781245842575,-7.910282126158475,-3.349826268471777,-0.0280477702617645,0.5783459544181824,2.7935996055603027,0.0147007510216532,0.4022020703464458,-0.7134613537168524,0.5735767127159508,0.3677226901054382,-1.1701924800872805,-3.155755519866944,-2.073138399198651,2.2646605034857985,-3.677014149789512,0.0,0.0,0.0,0.0,0.0,0.0
2073,10.344974,-0.203912,-0.375982,-0.517718,0.42133,-0.51559,0.53723,3.2393282504454253,1.022670145845413,-1.0549436452016234,3.963626859612763,-8.3227394762218,-3.3454499530836936,-0.581596314907074,0.6129520535469055,2.507464408874512,-0.0036795392787389,0.3568282479101625,-0.7370509304521915,0.5739476702472172,0.5831476449966431,-0.7589542865753174,-2.918321132659912,-0.7725631661206483,3.312368644475937,-4.102316076117754,0.0,0.0,0.0,0.0,0.0,0.0
2074,10.256209,-0.19544,-0.375687,-0.513109,0.433777,-0.525359,0.522068,3.826801391153037,1.088370990768075,-0.1756441516757011,3.20392142149955,-8.578331609359383,-3.5096319227635857,-0.7219691872596741,0.3377087712287903,2.383735656738281,-0.0198222090010607,0.3151232770250137,-0.761340096663578,0.5662735435406598,0.9325010776519777,-0.4852369129657745,-2.497078895568848,-0.8254185579955577,4.093555846557021,-4.289376232559979,0.0,0.0,0.0,0.0,0.0,0.0
2075,10.211985,-0.18939,-0.377298,-0.512847,0.431507,-0.532775,0.516663,4.737812366238236,1.4234090010643003,0.6643316317215562,2.432970951272547,-8.751610785469412,-3.695989776155352,-0.4770657122135162,0.1886098682880401,2.28295373916626,-0.0383850856076466,0.2766861160446784,-0.7822325890568933,0.5568514302084117,0.9245771169662476,-0.2085428535938263,-1.5726873874664309,-0.4584598073035478,5.717936917299032,-4.945859488868713,0.0,0.0,0.0,0.0,0.0,0.0
2076,10.168031,-0.183044,-0.376722,-0.516155,0.428321,-0.530678,0.518175,6.433764050719142,1.1021037480443716,0.3631634500622749,1.68766740186885,-8.886850446042418,-3.787620304365456,-0.0740467086434364,-0.0468758307397365,1.9791086912155151,-0.0592402385268025,0.2419025362602384,-0.7966166257641087,0.5507955850060913,0.5319121479988098,0.2954436242580414,-0.4363455176353454,-0.7800520605713128,5.441888271588087,-5.314886862528324,0.0,0.0,0.0,0.0,0.0,0.0
2077,10.090144,-0.177832,-0.367279,-0.523056,0.436185,-0.514463,0.52104,8.113890389558673,0.7530114934325218,-0.4508218597710132,1.038843208945915,-9.004477877557278,-3.7430712608039376,0.4031411111354828,-0.5103920102119446,1.4032939672470093,-0.083112867352543,0.217613100905736,-0.8021770727103406,0.5497715865480001,-0.1957646459341049,0.5426657795906067,0.6576467752456665,-2.7159365367650983,5.072503755053877,-5.9163107871770855,0.0,0.0,0.0,0.0,0.0,0.0
2078,10.051877,-0.172687,-0.361896,-0.525939,0.4456,-0.505245,0.519188,8.528630297601223,1.7525696437597271,-0.7075488421574234,0.5295328102512284,-9.12476663723588,-3.553681200109422,0.7108132839202881,-0.6757917404174805,0.9096585512161256,-0.1085258631430346,0.205292991300451,-0.7994010932457458,0.5541073432264729,-0.9063370823860168,0.712441086769104,1.4438517093658447,-3.347198550316691,4.7952013098895545,-4.943102883636951,0.0,0.0,0.0,0.0,0.0,0.0
2079,10.016914,-0.167148,-0.354642,-0.52852,0.455342,-0.496232,0.516802,10.023984590935706,1.7655559665828942,-1.887426150234044,0.2366665016596205,-9.234568489691616,-3.2919805209636688,0.6762452721595764,-0.2250454127788543,0.1934427917003631,-0.1261047325814105,0.1991835939419255,-0.7925718807314506,0.5623640779258411,-1.0311293601989746,1.4670755863189695,2.124310255050659,-4.021898139056563,3.890661868906021,-3.461081534606218,0.0,0.0,0.0,0.0,0.0,0.0
2080,9.946117,-0.158534,-0.348386,-0.526975,0.467285,-0.494861,0.508975,9.48652138954401,3.3283401205897327,-2.4121666481748223,0.3829763675024732,-9.30576500942111,-3.0702555861145258,0.5382925868034363,0.3386662900447845,-0.8769715428352356,-0.1232128185092371,0.2027817793649994,-0.7844864701317288,0.5729565510682328,-1.4446700811386108,1.2241029739379885,2.6863956451416016,-5.027070037612319,3.409553007420897,-3.486198147945106,0.0,0.0,0.0,0.0,0.0,0.0
2081,9.90976,-0.159847,-0.347677,-0.525719,0.465953,-0.498619,0.507826,8.00149092182517,3.862884219664335,-3.156207484166324,0.9164614955760538,-9.31283480167687,-2.932846180287003,0.0517103336751461,0.355347603559494,-1.7299537658691406,-0.1032048719349514,0.2175460754610718,-0.77602012834137,0.5829366888197693,-1.2408146858215332,1.5144367218017578,3.1050708293914795,-3.957741600966453,1.9939976424664256,-1.2449012766510248,0.0,0.0,0.0,0.0,0.0,0.0
2082,9.871031,-0.164485,-0.347075,-0.527678,0.458171,-0.500382,0.511129,7.789561989325285,1.3962930306017398,-3.558440085074305,1.7579152425713835,-9.150661541470884,-3.0570383771449325,-0.7927459478378296,-0.0072009423747658,-2.728377342224121,-0.0726885437906581,0.2501546547689778,-0.7702520531887621,0.5821088283886666,-1.0519895553588867,1.6174932718276978,3.344282627105713,-4.469376533618569,0.9819351076141,-0.5038787655673921,0.0,0.0,0.0,0.0,0.0,0.0
2083,9.785999,-0.175813,-0.340784,-0.53239,0.44405,-0.500344,0.518687,7.320498370420933,-2.7346365610599515,-2.696194017679989,2.866531002858281,-8.708152167493104,-3.481595038063824,-1.4150310754776,-0.2823539078235626,-3.553159475326538,-0.0328196226597108,0.3021196770038835,-0.7656602681897244,0.5669312764261761,-0.4753156006336212,1.497385859489441,3.4788005352020264,-5.071272751954198,-1.2641338003873823,1.2990560606867074,0.0,0.0,0.0,0.0,0.0,0.0
2084,9.743021,-0.18155,-0.332823,-0.527847,0.447254,-0.503242,0.517773,5.104806188243627,-4.37951915256083,-0.4585124142736196,4.10299470603168,-7.956606070438027,-4.003531584499776,-1.5405868291854858,0.1480807662010193,-3.8927195072174072,0.017167409900695,0.3608575344405421,-0.7575652713928471,0.5436745998716371,-0.2230005264282226,0.9856160879135132,2.998769044876098,-3.272456905326247,-1.837677930594236,1.939239047318697,0.0,0.0,0.0,0.0,0.0,0.0
2085,9.700958,-0.186147,-0.324633,-0.522702,0.452635,-0.508439,0.513219,2.776976988661289,-4.845921443301439,0.6452887853384017,5.399821400231122,-6.958092460727691,-4.312459294244647,-1.2498949766159058,1.0602048635482788,-4.223705291748047,0.0795177129007671,0.4135690261581908,-0.7408339200734074,0.523261760391325,-0.7218441963195801,0.6155263185501099,2.3378701210021973,-0.452890482738614,-2.2195985419660804,2.596758368676901,0.0,0.0,0.0,0.0,0.0,0.0
2086,9.612274,-0.184776,-0.306749,-0.516997,0.457645,-0.517344,0.5056,-1.1704624139994382,-5.8719853232383725,0.5835176810801029,6.770200821897388,-5.711910496616364,-4.208189649213851,-0.7975707054138184,1.7527756690979004,-4.358783721923828,0.1556128323919179,0.4593094915857429,-0.709642694731446,0.5111034438345423,-1.6530770063400269,0.3973136842250824,1.8525810241699217,0.2367337034106254,-2.7402956097349525,2.5309318515479564,0.0,0.0,0.0,0.0,0.0,0.0
2087,9.564407,-0.179892,-0.294588,-0.513096,0.461557,-0.518172,0.505168,-5.983180675879121,-5.176708225893974,0.3063286331623792,7.775989975568652,-4.545397404764592,-3.878627439980209,-0.1314965486526489,0.9543021321296692,-2.972348690032959,0.2181094688689413,0.4947302097031272,-0.6730505091802275,0.5046517389414059,-1.8365051746368408,-0.0218629781156778,1.6975557804107666,-0.1968915223658084,-4.502074395866692,2.1038801589429377,0.0,0.0,0.0,0.0,0.0,0.0
2088,9.520403,-0.175173,-0.284173,-0.513179,0.463157,-0.51795,0.503847,-5.141974181643128,-5.052242472791671,-0.1388864926427602,8.196524833625555,-3.809146199735999,-3.804961023005843,-0.1948677003383636,-0.2532921135425567,-1.784863829612732,0.245292587234798,0.521454063332747,-0.6496804493110521,0.4958148676426261,-1.5295292139053345,-0.2895276546478271,1.5716273784637451,0.3114887924045324,-5.812539447057247,2.3817384844243525,0.0,0.0,0.0,0.0,0.0,0.0
2089,9.434878,-0.173292,-0.26783,-0.517614,0.457507,-0.511047,0.511463,-4.557385656461119,-4.765058685082197,1.359641462291777,8.378231646341085,-3.184588652259112,-3.9791964769273993,-0.5473446249961853,-0.2972948849201202,-1.6285017728805542,0.2616442825913805,0.544509691205182,-0.637488627565678,0.47818371021955,-1.0301969051361084,-0.3808015286922455,1.2550712823867798,1.7288263646006583,-6.55195320776999,2.4857827962666748,0.0,0.0,0.0,0.0,0.0,0.0
2090,9.395534,-0.172631,-0.262392,-0.521442,0.450091,-0.506417,0.518708,-5.01904689015448,-6.660257515144348,1.903482674282789,8.523858845415711,-2.614879716300964,-4.083702561062574,-0.4084244668483734,0.0282338801771402,-1.2001802921295166,0.2790103342372178,0.5614307822164328,-0.6269021953300339,0.4625390548200331,0.0112500470131635,0.177692636847496,0.7957891821861267,1.810816665545106,-7.626564553254842,2.589857503247261,0.0,0.0,0.0,0.0,0.0,0.0
2091,9.356622,-0.168946,-0.258575,-0.524817,0.439006,-0.504817,0.526308,-6.872592105835675,-8.7250588786304,1.7182079399526118,8.718072673004865,-2.240085303547233,-3.891993117509782,-0.0254146791994571,0.4653517305850982,0.660172164440155,0.3018680572974156,0.5618396226815922,-0.6186862408888634,0.4587365679409966,0.1404216140508651,-0.130760371685028,-0.8838610053062439,-2.9763398695766923,-7.181236030203103,1.0840414371311664,0.0,0.0,0.0,0.0,0.0,0.0
2092,9.282481,-0.155317,-0.249428,-0.517847,0.436509,-0.513215,0.527167,-5.698832403856516,-8.739766618418694,0.9126870916038752,8.633673557353019,-2.7194813697651026,-3.772859665346145,0.3388325870037079,0.0514090843498706,1.8641785383224487,0.2912618884382377,0.5441351716259989,-0.629507130331442,0.4720213306379329,-0.0767391994595527,-0.6224009990692139,-2.1190571784973145,-4.708679210734367,-6.239093127012253,1.7456413058012723,0.0,0.0,0.0,0.0,0.0,0.0
2093,9.246717,-0.152424,-0.242566,-0.512597,0.443312,-0.518697,0.521222,-4.711871284773945,-6.128415076243877,1.3998819950044157,8.301378123763204,-3.599675181782245,-3.781513511922956,0.8989713191986084,-0.5466552376747131,2.812592029571533,0.2596770624417689,0.5195031799682539,-0.6503229825364993,0.4896573346242897,-0.3948197066783905,-0.9196138381958008,-3.2756290435791016,-1.7264941222608088,-4.448374954383075,0.8283692244946956,0.0,0.0,0.0,0.0,0.0,0.0
2094,9.207243,-0.155016,-0.23647,-0.513317,0.447595,-0.517569,0.517965,-1.5577397300988436,-4.70033632980287,0.07460019069314,7.684651416042446,-4.76439145334512,-3.7969858063429593,1.501388669013977,-0.8273770213127136,3.11560583114624,0.2069705701558701,0.4923977917673003,-0.6716671873179808,0.5133914883343352,0.6941378116607666,-0.3536003828048706,-3.816421508789064,-2.227275652465224,-3.640051908095181,0.5378045621752738,0.0,0.0,0.0,0.0,0.0,0.0
2095,9.121166,-0.168113,-0.220982,-0.528831,0.444176,-0.494332,0.527902,1.6458885536730288,-3.1243016490787268,-2.0906687951922414,6.174022981208562,-6.723498691955208,-3.584187397532165,1.2248995304107666,-0.5700650215148926,2.4044642448425293,0.0984083769081679,0.4439431493549662,-0.6968910839943306,0.5545927505790328,1.8630574941635127,-0.7750055193901062,-3.55501651763916,-5.23887622051537,-0.2813645800366997,-1.491134483682364,0.0,0.0,0.0,0.0,0.0,0.0
2096,9.080614,-0.175406,-0.213526,-0.534279,0.444295,-0.486128,0.529932,1.286912033906579,-1.281156831380725,-1.5209940537646411,5.464437957048416,-7.418325707444547,-3.358389514155686,0.8584221601486206,0.1068895012140274,2.4338696002960205,0.0594391254478279,0.4149032703138783,-0.7064598232754391,0.5702954661967199,1.738805055618286,-0.8758090138435364,-3.366772651672364,-3.9767560980379577,1.4417574354425071,-1.9622249322392045,0.0,0.0,0.0,0.0,0.0,0.0
2097,9.037901,-0.181565,-0.209646,-0.536868,0.446366,-0.485455,0.526179,1.9841066553100943,0.3982680811911821,-1.5420397644028068,4.752577389171719,-8.0236495621413,-3.033877866309881,0.7098240256309509,0.618324339389801,2.459768056869507,0.030418684191672,0.3757648436137662,-0.7165790325745296,0.5868474008290026,1.5548269748687744,-0.7138104438781738,-3.1263368129730225,-2.4988188034504653,2.827663219803572,-2.796261242584884,0.0,0.0,0.0,0.0,0.0,0.0
2098,8.947483,-0.182589,-0.204233,-0.53593,0.451571,-0.49276,0.5158,2.875512181693315,1.3741039951473473,-1.825161417239904,4.055701624459028,-8.500445236602426,-2.732052974307537,0.4693485498428345,0.4723879694938659,2.149742603302002,0.0073322136198819,0.3354665385840968,-0.7257810487990763,0.6005417107735179,1.668722152709961,-0.587471067905426,-2.6979262828826904,-1.8192863877266643,3.581905131813884,-3.405381566955149,0.0,0.0,0.0,0.0,0.0,0.0
2099,8.900597,-0.177498,-0.203647,-0.535811,0.449622,-0.499947,0.510685,3.4734871349319816,1.6488187619060275,-1.6357728178501127,3.406401265391707,-8.834266856846213,-2.5539307420805093,0.3342173397541046,0.1246230900287628,1.8115932941436768,-0.0146904095304944,0.303418222034518,-0.7335881763785083,0.6079227294799341,1.545350432395935,-0.5210633277893066,-2.1895620822906494,-1.310004155680537,4.523278804197907,-4.211916853043436,0.0,0.0,0.0,0.0,0.0,0.0
2100,8.854546,-0.171079,-0.203069,-0.536588,0.445506,-0.504645,0.508853,3.822820212562382,1.9088322186172009,-1.4814949870690703,2.795201796659827,-9.076621907269956,-2.443798634757101,0.258089154958725,-0.033305425196886,1.6551345586776731,-0.0367897280110793,0.277535928583305,-0.7399816623311919,0.6115941402768746,1.124772548675537,-0.3685013353824615,-1.6370608806610107,-0.862158681371808,5.340525746175646,-4.690973165912926,0.0,0.0,0.0,0.0,0.0,0.0
2101,8.770653,-0.162237,-0.196054,-0.541548,0.44367,-0.499043,0.510724,4.975478382062912,1.5128934571564197,-1.87990291512236,2.1982975413925945,-9.259033068862555,-2.3681587257526813,0.2428129613399505,-0.2881286144256592,1.5066672563552856,-0.0596639299552507,0.255409175977826,-0.7453245238678314,0.6129418454756684,0.6615334749221802,0.1528146713972091,-0.8695138692855835,-1.3354495625823737,5.487264705884456,-4.943729491102695,0.0,0.0,0.0,0.0,0.0,0.0
2102,8.733856,-0.16129,-0.189493,-0.544404,0.449396,-0.493163,0.508388,6.457379319584369,0.4509393486708402,-2.3348244652971624,1.6338251909136772,-9.394179205933211,-2.291371254148334,0.4036934971809387,-0.5930353403091431,1.3214449882507324,-0.0850483536762696,0.2396080766483146,-0.7479407675567931,0.6131388933164527,0.3008541762828827,0.3052085638046264,-0.1018977090716362,-3.334229763150215,5.082698401331902,-5.416671997267008,0.0,0.0,0.0,0.0,0.0,0.0
2103,8.697732,-0.162146,-0.182199,-0.549655,0.456509,-0.481848,0.507249,7.691207413557171,1.2994196333020924,-2.6324308628216384,1.123046144438535,-9.508988657417891,-2.1185639333337543,0.6644868850708008,-0.5630553960800171,1.0589444637298584,-0.1115828215557608,0.2280028662484811,-0.7456751247231272,0.6160622272657872,-0.7780020236968994,0.219187393784523,0.7124003767967224,-3.7575767560184,5.429063276806473,-5.664670606535672,0.0,0.0,0.0,0.0,0.0,0.0
2104,8.626748,-0.152997,-0.168599,-0.553444,0.472249,-0.467661,0.50197,8.913986874771117,2.295538456830382,-3.7045723110616207,0.793603396866098,-9.585732874402405,-1.9116262332499023,0.3777871429920196,-0.2212402373552322,0.4099559187889099,-0.1296787586565264,0.2198780449194202,-0.7410259498320863,0.6210617235829629,-1.3043262958526611,1.0038646459579468,1.4186904430389404,-3.0308500429213043,4.741221882420778,-4.12854532687366,0.0,0.0,0.0,0.0,0.0,0.0
2105,8.593327,-0.149629,-0.166708,0.547415,-0.479283,0.474002,-0.495929,9.345548153755068,2.320809676209092,-3.843688813067972,0.8461198391102254,-9.587212883827087,-1.8814467835634945,-0.1633064001798629,0.2856327295303345,-0.6702238917350769,-0.1284494248913255,0.2218525998815947,-0.7393974000732405,0.6225542471005879,-1.5235941410064695,0.9403611421585084,2.1392531394958496,-5.384706248685717,4.114931812062859,-3.846057588025927,0.0,0.0,0.0,0.0,0.0,0.0
2106,8.558391,-0.14975,-0.167259,0.542162,-0.478593,0.483647,-0.493046,7.349141696581244,3.228371679884196,-3.446946918530762,1.2879409385628997,-9.510758005177976,-2.014226922155172,-0.6786676645278931,0.4644031524658203,-1.432441473007202,-0.1066561864782199,0.2328529885513234,-0.7405919790343324,0.6212307218650146,-1.771472692489624,1.0167049169540403,2.6937739849090576,-3.488644079792499,3.414272437158227,-2.2942200677081943,0.0,0.0,0.0,0.0,0.0,0.0
2107,8.474023,-0.158602,-0.167756,-0.54354,0.455672,-0.493015,0.503848,7.277844639086723,0.947322351655364,-3.384871278367936,2.015098882684112,-9.299493674066662,-2.372585163892805,-1.2620564699172974,-0.0959787666797638,-2.375412940979004,-0.0754115815155468,0.2599593495422604,-0.7439014152763636,0.6110195129403444,-1.368625283241272,1.427201747894287,3.2734971046447754,-3.652534080788493,2.1793144623726604,-0.8710895913243293,0.0,0.0,0.0,0.0,0.0,0.0
2108,8.43143,-0.165288,-0.165729,-0.544184,0.446122,-0.494685,0.510025,6.517797255668044,-2.3445471101492643,-2.407045651899278,2.9928689795732497,-8.864355705639719,-2.938757450157404,-1.6255393028259275,-0.5895348787307739,-3.14224624633789,-0.0390689577379271,0.3077334014789323,-0.7450738795865198,0.5904562645308272,-0.4165947735309601,1.3858991861343384,3.84063982963562,-5.340177371129394,-0.0712500034824013,0.6972254549331963,0.0,0.0,0.0,0.0,0.0,0.0
2109,8.390119,-0.171809,-0.161355,-0.540028,0.444693,-0.498409,0.512062,4.574349358482658,-3.533369356703758,-0.28646482578516,4.038791113929451,-8.173378935837745,-3.6130905436724414,-1.7963594198226929,-0.5049013495445251,-3.409092426300049,0.0016667855100896,0.3642413581170931,-0.7426604813950706,0.5619438272864317,-0.1794977933168411,1.0268625020980835,3.705903291702272,-4.439138631743193,-0.8100152371585368,0.698717008665204,0.0,0.0,0.0,0.0,0.0,0.0
2110,8.300842,-0.176497,-0.149275,-0.53127,0.448977,-0.509585,0.506453,2.592031924676895,-3.388414357802272,1.495635448363423,5.079140416589379,-7.264736151188612,-4.19479942176491,-1.6090412139892578,-0.0190011840313673,-3.5975682735443115,0.0495188362895425,0.4179469451544643,-0.7342993910845282,0.532609327862915,-1.0070242881774902,0.7767302393913269,3.0743603706359863,-1.962764299812913,-0.9297495778247712,1.252284372639656,0.0,0.0,0.0,0.0,0.0,0.0
2111,8.252249,-0.174984,-0.142542,-0.526306,0.45131,-0.513276,0.505835,0.838377992811799,-4.317700117507576,2.057236481189728,6.094182551774383,-6.204367266067862,-4.531793242304027,-1.14534330368042,0.296049416065216,-3.7162721157073975,0.1021457782065428,0.4672664065117027,-0.7160441764826503,0.5084378858622426,-2.001573085784912,0.5029422044754028,2.467843770980835,-0.8805389721930027,-2.1254655294157563,1.4235656529307366,0.0,0.0,0.0,0.0,0.0,0.0
2112,8.205343,-0.17045,-0.134735,-0.520967,0.454107,-0.515115,0.506988,-1.1092360841423272,-5.455102557948232,2.134410906285048,6.973234500280023,-5.073548880192637,-4.6694218438401816,-0.703899085521698,0.1879930049180984,-3.5904741287231445,0.1514886179273456,0.513954076710013,-0.6884224480906461,0.4888527479652378,-2.333580017089844,0.1964525282382965,2.020459651947021,-0.7931108641088008,-3.7794013420745727,1.276162091833353,0.0,0.0,0.0,0.0,0.0,0.0
2113,8.118707,-0.161351,-0.123019,-0.52165,0.448032,-0.516581,0.510189,-3.31711846935153,-5.722051366880536,2.7876304846227167,7.586578579825162,-4.00364468948543,-4.752372806510329,-0.3252091407775879,-0.1201212778687477,-3.029314041137696,0.1894779175601026,0.5568159222302519,-0.6574645273789301,0.470950714965938,-2.1335597038269043,-0.0823231786489486,1.7257970571517944,-0.6240893454432487,-5.379415741062164,1.3536369611799717,0.0,0.0,0.0,0.0,0.0,0.0
2114,8.07399,-0.160144,-0.116996,-0.521117,0.443442,-0.515621,0.515685,-4.597469829568267,-5.561957251036167,3.4127591099858283,7.924962977939844,-3.1550328874289986,-4.838507659913599,-0.0540249049663543,-0.1992961466312408,-2.2665696144104004,0.2132577751986631,0.5917685674149687,-0.6296865911304617,0.4558794113145487,-1.4702990055084229,-0.2703868746757507,1.5123391151428225,0.7218798575878143,-6.393637207514047,1.6497008054375648,0.0,0.0,0.0,0.0,0.0,0.0
2115,8.035885,-0.1595,-0.113318,-0.520983,0.438634,-0.514459,0.521066,-5.487306206938624,-5.845308328714967,3.5093700569570063,8.127212812468409,-2.532452192983031,-4.868827687114477,-0.0038544312119483,0.0458720847964286,-1.579905390739441,0.2297404728082152,0.6163641624251308,-0.6069072028317316,0.4460697109917501,-0.3874427378177643,0.1122256889939308,1.355895757675171,1.7570476659566163,-7.559153981804847,1.9525071096926927,0.0,0.0,0.0,0.0,0.0,0.0
2116,7.961166,-0.154949,-0.109996,-0.517865,0.418869,-0.521597,0.5332,-5.910471413499117,-7.462170109868049,2.8760809214919805,8.265766127634048,-2.154589478699863,-4.817178748419881,-0.1334735006093979,0.2643674612045288,-0.6220270991325378,0.2423950488126231,0.6280741197821691,-0.5925627883327156,0.442308487247557,0.6683573126792908,0.3672082424163818,1.048686385154724,-0.6710965958118439,-8.556680334043502,1.965619689244032,0.0,0.0,0.0,0.0,0.0,0.0
2117,7.925196,-0.15173,-0.107096,-0.513249,0.415769,-0.52592,0.535836,-5.297648142957687,-7.308150345501303,2.629710790207982,8.351902442342043,-2.3529027044318616,-4.569463047745824,0.0261194109916687,0.4894151985645294,1.3671618700027466,0.2495707450647685,0.6094567880775749,-0.6012821283636443,0.4524784954145052,-0.4132663309574127,-0.0016950194258242,-1.468345284461975,-1.174890167313814,-7.560183909374475,2.000463623610139,0.0,0.0,0.0,0.0,0.0,0.0
2118,7.889313,-0.149864,-0.102735,-0.507207,0.418687,-0.52922,0.536068,-4.321359224537015,-6.498133939298987,2.187362744271755,8.245605383136867,-2.9649478302076457,-4.4033454338282345,0.1878774464130401,0.5194337964057922,2.199190616607666,0.237799561117364,0.5835629669248635,-0.6196469978606692,0.4679136547411403,0.1598720103502273,-0.2402368038892746,-2.6905112266540527,-2.058538795959949,-6.771798320221901,2.033003957208991,0.0,0.0,0.0,0.0,0.0,0.0
2119,7.808343,-0.153858,-0.095278,-0.502009,0.421551,-0.527946,0.539958,-1.3525029887139797,-5.243431399601698,-2.08768831807673,7.691901241040229,-4.711360120381415,-3.848137024648487,0.4640522301197052,0.1317492425441742,2.482746362686157,0.1923889941625624,0.5146512062850375,-0.6567606245490301,0.5165135285495115,2.423234701156616,-0.2230202108621597,-4.020761013031006,-5.123161344623566,-3.39470264429152,0.7294739659786224,0.0,0.0,0.0,0.0,0.0,0.0
2120,7.766802,-0.159014,-0.093185,-0.503172,0.418453,-0.523296,0.545781,-0.3647854983061552,-5.608271842965483,-1.9792279433578253,7.105960716727376,-5.58058128748536,-3.8121968194782734,0.5635522603988647,-0.370840460062027,2.9915342330932617,0.1573426509563441,0.4817670621227794,-0.6799032555934088,0.5299768249685088,2.561619281768799,-0.9443186521530152,-3.9747509956359854,-6.319002530029416,-0.930732305251807,-0.7138000115066766,0.0,0.0,0.0,0.0,0.0,0.0
2121,7.725532,-0.164427,-0.093467,-0.504458,0.416639,-0.52028,0.548856,1.4499989018261432,-3.2679888200014826,-1.8373636039480563,6.3046700532943,-6.526240674364567,-3.718829676733911,0.9328940510749816,-0.2952814698219299,3.087160587310791,0.1120483465426724,0.4450669949138563,-0.7010869490070574,0.5457449939387168,2.224525451660156,-1.1816874742507937,-3.689800977706909,-4.867390932309627,0.5380047609224915,-1.233558775512129,0.0,0.0,0.0,0.0,0.0,0.0
2122,7.640644,-0.172515,-0.094155,-0.503573,0.419772,-0.524923,0.542827,2.16790225699842,-0.562360911282897,-1.8905793535679576,5.463164868372679,-7.353317520961165,-3.500413720302284,1.0655895471572876,-0.2548816204071045,2.701221704483032,0.0679016258684981,0.408518223808318,-0.7152512105702796,0.5629545181206346,1.684873104095459,-1.2703336477279663,-3.171347618103028,-3.0670559132903814,1.7972183483034372,-2.053449948388338,0.0,0.0,0.0,0.0,0.0,0.0
2123,7.598671,-0.1716,-0.092297,-0.500711,0.427429,-0.528922,0.535569,2.565095986956358,0.984260627952218,-2.1181626590564844,4.652225794367492,-8.013338596007227,-3.211479874055087,1.239670991897583,-0.4698686599731445,2.300501823425293,0.0254732599954034,0.3777005596878162,-0.7218602272125229,0.5793196685877221,1.2593196630477903,-1.2117470502853394,-2.639338254928589,-2.036575385954976,2.8525334571659564,-2.963310584394633,0.0,0.0,0.0,0.0,0.0,0.0
2124,7.553405,-0.167895,-0.092454,-0.497957,0.434299,-0.53629,0.525182,3.0727713683277367,1.1989198621988295,-2.422389059242606,3.868169758851826,-8.521437755748629,-2.9313465893790123,1.079106688499451,-0.8399946093559265,1.9870412349700928,-0.0175857237150075,0.3547565429648311,-0.7236054687536188,0.5918055746993477,1.0685899257659912,-1.0009688138961792,-2.097569465637207,-1.5054969171643255,3.4800644674956795,-3.704593646110594,0.0,0.0,0.0,0.0,0.0,0.0
2125,7.460145,-0.160396,-0.090544,-0.501972,0.434942,-0.540802,0.516123,3.68334101472348,1.1811416289240122,-1.7090248088046909,3.1033225739359853,-8.903488277110457,-2.695857917593419,0.9934985637664796,-0.6835035085678101,1.9350929260253904,-0.0594340627213572,0.3359148533202415,-0.7243008444581979,0.599180269024993,0.8539969325065613,-0.9228990077972412,-1.6521371603012085,-1.502382000014186,4.0195606360197065,-4.464276580131053,0.0,0.0,0.0,0.0,0.0,0.0
2126,7.416665,-0.15958,-0.087989,-0.509042,0.434548,-0.532355,0.518308,8.085688961946964,1.010558852291107,-3.944078986316919,0.9024433454871176,-9.622651861476898,-1.6614955803886056,0.8024343252182007,-0.4103188514709472,1.4893321990966797,-0.157920888087491,0.2557894663116564,-0.7206139401192688,0.6247786500510399,-0.3265271782875061,0.0030731572769582,-0.1663192361593246,-4.047378032749891,4.742562775635719,-5.703607947695255,0.0,0.0,0.0,0.0,0.0,0.0
2127,7.376469,-0.160723,-0.084227,-0.51651,0.435491,-0.523082,0.519567,8.966827653598784,2.133873730668425,-4.000679409939051,0.3898623641565442,-9.69536229290068,-1.4206911204077302,0.4109636545181274,-0.2870950996875763,1.0173351764678955,-0.1823277036153111,0.2399900769949271,-0.7175234140310741,0.6279503181858159,-0.9028395414352416,0.5186641216278076,0.6365580558776855,-2.7934534916877745,5.006165196749568,-5.0846764234066,0.0,0.0,0.0,0.0,0.0,0.0
2128,7.297339,-0.158516,-0.069624,-0.53149,0.444936,-0.499133,0.520016,10.766434942865372,1.672317710915208,-3.9458220305919647,0.1894324019988998,-9.703817986556889,-1.4037231806024908,-0.276538074016571,0.1630851924419403,-0.1377390325069427,-0.1904466365709369,0.2340478179136074,-0.7188821762409217,0.6262269758684756,-1.0529710054397583,1.0707976818084717,1.6823426485061646,-4.355720343822241,3.9974937656402574,-3.863621594028175,0.0,0.0,0.0,0.0,0.0,0.0
2129,7.260606,-0.153879,-0.063679,-0.5345,0.452157,-0.490389,0.519021,8.978803922596573,3.0568443158775565,-2.9049077875256537,0.5194427933914587,-9.667084292921423,-1.5646185298271476,-0.5762993097305298,0.8176809549331665,-1.3391902446746826,-0.1710181150390488,0.2399949312930036,-0.7226173118394126,0.6252834630855363,-1.4590636491775513,0.9379793405532836,2.492466449737549,-3.609729542806744,3.7043203821271655,-2.694415317569673,0.0,0.0,0.0,0.0,0.0,0.0
2130,7.224148,-0.15025,-0.060708,-0.533687,0.45728,-0.490182,0.515553,7.023971000304818,2.9190894576132296,-2.779771003293991,1.2692444213993848,-9.55102805624604,-1.8268221900589765,-0.8994705080986023,0.5002049803733826,-2.3076202869415283,-0.1338935866602307,0.2594512704793558,-0.7251393300248989,0.6236429583759329,-1.258992075920105,1.2739369869232178,3.0507030487060547,-1.9327514388650653,2.57872528385818,-1.1926147707052528,0.0,0.0,0.0,0.0,0.0,0.0
2131,7.14955,-0.151005,-0.059973,-0.530696,0.453636,-0.499933,0.512488,6.725187960216402,-0.5797843397706747,-3.118782301135361,2.3171133059091864,-9.265622384124994,-2.224776090734452,-1.2511276006698608,-0.5346871018409729,-3.24369478225708,-0.0933304484125657,0.3019169736785988,-0.7226881461222703,0.6147011526480127,-0.7829171419143677,1.521086573600769,3.4713001251220703,-3.548466388070583,1.5850634980931877,-0.3619916298039257,0.0,0.0,0.0,0.0,0.0,0.0
2132,7.107316,-0.156558,-0.056794,-0.532369,0.444382,-0.501198,0.517599,5.853080716282129,-4.270395345497131,-2.183821126142144,3.499418279524148,-8.691361776211858,-2.895625579917431,-1.8695687055587769,-1.2164474725723269,-3.786087036132813,-0.0536418995675637,0.366803362357288,-0.7163037872676142,0.5911738895470834,-0.3761005997657776,1.1005367040634155,3.4638094902038574,-5.123228564640879,-0.334791049797833,0.7417610544912516,0.0,0.0,0.0,0.0,0.0,0.0
2133,7.065593,-0.164261,-0.054319,-0.534449,0.435284,-0.500565,0.523762,3.9050583507880567,-5.029622060182691,0.2371551436930894,4.61380984673351,-7.796863252249359,-3.753938107255101,-2.1737866401672363,-0.8198583722114563,-3.825215578079224,-0.0090199722950675,0.4350204146514191,-0.7086288324429485,0.5554466833715994,-0.7962297201156616,0.6811198592185974,2.798433542251587,-3.029984950524568,-0.5808491925232112,1.3544225585997105,0.0,0.0,0.0,0.0,0.0,0.0
2134,6.981187,-0.177015,-0.044269,-0.530922,0.432495,-0.501921,0.528342,2.5639380490928887,-5.000693487340212,1.5866320625841617,5.402469868913292,-6.965677216768264,-4.296869803185761,-2.0501081943511963,-0.1297748684883117,-3.833963632583618,0.0315202778015795,0.4789274959600641,-0.6997912816388856,0.5290815261453161,-1.3277071714401243,0.4005686640739441,2.0707082748413086,-0.7054863566696643,-1.1984512217737733,1.651982778894901,0.0,0.0,0.0,0.0,0.0,0.0
2135,6.938389,-0.177832,-0.0375,-0.526572,0.435646,-0.505399,0.526789,0.3929822497427463,-5.189577059817314,2.424410920459032,6.4240598183065645,-5.735315922123194,-4.691272441120446,-1.536591410636902,0.6151362657546997,-3.768660306930542,0.0928822805814956,0.526515046371303,-0.6796839236118091,0.5021799496191244,-1.2056872844696045,0.3296679258346557,1.693544864654541,0.1374129129588603,-2.4263588396564124,1.282877663823962,0.0,0.0,0.0,0.0,0.0,0.0
2136,6.895121,-0.174637,-0.029256,-0.518929,0.443609,-0.511376,0.521936,-1.3149345978200435,-5.907135547074676,2.184920904077589,7.309117144706845,-4.506294643910229,-4.737138997021317,-0.8836963176727295,0.7600030303001404,-3.5188379287719727,0.1516564145093401,0.5648247432809753,-0.6499999102028972,0.4852560410366326,-1.0838892459869385,0.1633803248405456,1.5918148756027222,-0.3960124112188816,-3.425875196668505,1.1671534355819224,0.0,0.0,0.0,0.0,0.0,0.0
2137,6.806834,-0.162152,-0.012475,-0.503612,0.455715,-0.523296,0.514646,-3.3018846598625182,-6.202790810531377,1.9120155248284336,7.940800598540902,-3.3774574949800966,-4.659062946911156,-0.3969478905200958,0.3524397313594818,-3.066548585891724,0.1980210744923757,0.5989401922034817,-0.6154809024273251,0.4724845011114912,-0.977757692337036,-0.0174118783324956,1.605633020401001,0.0396264924675226,-4.344650668275356,1.432975286310911,0.0,0.0,0.0,0.0,0.0,0.0
2138,6.76426,-0.158611,-0.007439,-0.502429,0.451507,-0.524871,0.517897,-4.899116442394257,-6.256288591963052,2.089455912271142,8.297537814947962,-2.4274809755541384,-4.629106200064719,-0.1356994658708572,0.0964994877576828,-2.5408530235290527,0.2291214932266638,0.6295722656885632,-0.5828014202151065,0.4598746848373816,-0.6024349927902222,-0.0359708592295646,1.6129120588302612,1.2242366742849349,-5.438200522986054,2.082105549508333,0.0,0.0,0.0,0.0,0.0,0.0
2139,6.721624,-0.158931,-0.004604,-0.502402,0.446435,-0.523057,0.524118,-5.736621744024753,-7.878040483245253,1.867387570811808,8.531552322527766,-1.6407067671209572,-4.548744084843993,-0.0123580358922481,0.6521887183189392,-1.998196601867676,0.2538541727561939,0.653008687507182,-0.5527214984639006,0.4512611602123971,-0.1916428804397583,0.2921190857887268,1.4356979131698608,1.3896703975915907,-6.28423107637763,2.121888109320402,0.0,0.0,0.0,0.0,0.0,0.0
2140,6.646698,-0.155129,0.001137,-0.499978,0.438506,-0.519084,0.536923,-9.294249928194285,-9.409766066643597,0.1661252127021551,8.813017148068546,-1.0873120562996714,-4.161599455213547,-0.8232437968254089,1.4549800157546997,-0.718005359172821,0.2831013727809497,0.6569214793394752,-0.5297515388859975,0.4557095960441235,-0.1187897101044654,0.1334509253501892,1.0063283443450928,-1.4934236175328492,-7.187887889307737,1.849094081491232,0.0,0.0,0.0,0.0,0.0,0.0
2141,6.607183,-0.151822,0.003817,-0.497108,0.432646,-0.523534,0.540013,-10.730627131903171,-9.14255656094849,0.2498807697534561,9.00156462045908,-0.9901535584483296,-3.7632223606899378,-2.4069488048553467,1.160172462463379,1.6191192865371704,0.3144550030926651,0.6298205432779855,-0.5433203675263393,0.4574354606200684,-0.9594727158546448,-0.4477639496326446,0.1537266671657562,-2.0883231088489294,-6.745041830721497,0.5900152264058589,0.0,0.0,0.0,0.0,0.0,0.0
2142,6.570208,-0.148004,0.005778,-0.492707,0.429284,-0.52897,0.54143,-6.949679437169432,-10.2050928532362,1.6819909636676311,9.04580299063623,-1.4982145050711928,-3.478390689064562,-2.2334237098693848,1.119758129119873,3.028667688369751,0.3348952961551547,0.576534640032035,-0.5873298725296829,0.4587991023860316,-0.3901360034942627,-0.06059056147933,-1.123270869255066,-1.5261860694497822,-8.09106773237586,2.231278458365798,0.0,0.0,0.0,0.0,0.0,0.0
2143,6.488301,-0.150452,0.014566,-0.490128,0.429965,-0.529556,0.542656,-4.57819755834341,-8.465669106775522,2.274492746192217,8.878034102380274,-2.583870830053091,-3.2671891940563915,-0.3697247505187988,0.5237200260162354,4.017581939697266,0.3282655212824884,0.5152123770126685,-0.6333533693794755,0.4750384524378799,0.4671446084976196,-0.3273282349109649,-2.2569775581359863,-1.957708185467124,-6.385671343201398,1.8624585899770256,0.0,0.0,0.0,0.0,0.0,0.0
2144,6.446362,-0.155207,0.018766,-0.493785,0.428954,-0.523414,0.546088,-1.6949264330863951,-6.161534086513519,-0.0560688009634613,8.31923176036179,-4.106298716013133,-3.1778982147097588,1.5701266527175903,-0.7281500101089478,4.142380237579346,0.2799911950575259,0.4659723292867213,-0.6670063754024671,0.5094870534900038,1.107757568359375,-0.3115397989749908,-3.059894323348999,-0.8225631685644388,-4.89364590202868,1.0393448017925024,0.0,0.0,0.0,0.0,0.0,0.0
2145,6.403337,-0.161948,0.022303,-0.498931,0.426378,-0.514678,0.551703,1.2955951065778732,-5.894235733491182,-2.7780305893674493,7.386080557399988,-5.586410139769315,-3.226179430536926,2.250252246856689,-1.9599782228469849,3.6326422691345215,0.2021270691311278,0.437682855397245,-0.6876940373673546,0.5428216528005704,1.943893790245056,-0.3763271570205688,-3.354116678237915,-3.0135610544681546,-3.50264980879128,0.3209142078757286,0.0,0.0,0.0,0.0,0.0,0.0
2146,6.316752,-0.175399,0.027837,-0.50758,0.42687,-0.504961,0.552412,2.573581491228938,-5.301845594647526,-3.387734851105511,6.241420693176984,-6.8410963128536935,-3.227146229742467,2.282968282699585,-1.982079267501831,3.475053310394287,0.1143146946711652,0.4197614731122513,-0.6988125413350338,0.5677971342781667,2.2010338306427,-0.7498838305473328,-3.314882278442383,-4.666839133870601,-1.6734795943014322,-0.9857143338918686,0.0,0.0,0.0,0.0,0.0,0.0
2147,6.272601,-0.179148,0.027759,-0.509573,0.429913,-0.505062,0.548108,3.666243457189202,-3.4066035099655387,-3.2456653445124624,5.024858206781745,-7.884152244123816,-2.9599560132697222,1.5374183654785156,-0.6559643745422363,3.60201382637024,0.0380135475693163,0.388946650988039,-0.7068495346953386,0.5896093957258741,2.177927255630493,-1.0002349615097046,-3.171900749206543,-4.413270030993223,-0.2618178757846355,-1.5924306658603251,0.0,0.0,0.0,0.0,0.0,0.0
2148,6.223436,-0.176196,0.02598,-0.509057,0.434786,-0.506651,0.543255,4.859079031038284,-0.8168757705777883,-2.7841563787713643,3.8619507382065055,-8.617776315519214,-2.6437977677494287,0.3784995675086975,0.6669183373451233,3.4031944274902344,-0.010303392135296,0.3381768453740423,-0.7214101417909826,0.6042331705509503,1.9694122076034544,-0.9355689883232116,-3.08291244506836,-3.233729992046952,1.215808745418489,-2.315646886618435,0.0,0.0,0.0,0.0,0.0,0.0
2149,6.130714,-0.165093,0.019425,-0.506563,0.436417,-0.524147,0.52745,5.693334975484013,0.9312193581163882,-2.084084740626812,2.8574066161602736,-9.027810822349789,-2.550341193155944,-0.4849133491516113,1.043630599975586,2.7783725261688232,-0.0339065910813043,0.281330226991746,-0.7422159494275555,0.6073048063134248,1.7419065237045288,-0.903931438922882,-2.9305899143218994,-2.7468992457836863,2.311138761544228,-3.289633081054687,0.0,0.0,0.0,0.0,0.0,0.0
2150,6.082956,-0.158968,0.016115,-0.506825,0.432536,-0.529377,0.525168,5.924390633258224,1.7876760284543036,-1.1037632056891915,2.0934913052670656,-9.181718943035602,-2.7356387238398194,-0.9203649163246156,0.6025128364562988,1.9249253273010247,-0.045455905950697,0.2362830123045866,-0.76396930099335,0.5987111253673324,1.6008572578430176,-0.8403444886207581,-2.6475796699523926,-1.960714381545782,3.1051147180497645,-4.118042053037882,0.0,0.0,0.0,0.0,0.0,0.0
2151,6.038112,-0.15544,0.015632,-0.511923,0.431255,-0.525436,0.525234,5.80259263806045,1.6775474282622336,0.2369184123277664,1.5426684176951646,-9.198333393228053,-3.030054508629441,-0.7295883297920227,0.1734970062971115,1.3659156560897827,-0.0551558460941559,0.2080872690615957,-0.781786082390017,0.5852077105901047,1.2664713859558103,-0.6892178654670715,-2.2757232189178467,-1.56613872513175,4.020719158405066,-4.805221476383507,0.0,0.0,0.0,0.0,0.0,0.0
2152,5.951787,-0.154031,0.021658,-0.520128,0.440243,-0.50924,0.525669,5.5135161684721705,1.820622604766488,0.8677318053290247,1.0971740365572271,-9.204192056128385,-3.201479873566329,-0.2115867584943771,-0.0056900191120803,1.181500792503357,-0.0664145203898267,0.1883099144072035,-0.7923190122773724,0.5765060045617717,0.7892382144927979,-0.5304072499275208,-1.7509301900863647,-1.5098849229902027,4.542781961569189,-4.952631174960732,0.0,0.0,0.0,0.0,0.0,0.0
2153,5.911762,-0.151638,0.026638,-0.526932,0.44604,-0.496202,0.526474,6.418673449093103,1.4269430204093456,0.2862006218910217,0.65230209816657,-9.25119404579997,-3.187523536667228,0.2721950709819793,-0.2191276997327804,1.117937088012695,-0.0816195231669206,0.1707569858906995,-0.7958395069498873,0.575169405779179,0.1044455021619796,-0.1235056072473526,-0.9962961673736572,-1.9612620785564183,4.846543959113955,-5.334184852716327,0.0,0.0,0.0,0.0,0.0,0.0
2154,5.873425,-0.147916,0.030287,-0.530646,0.452338,-0.487456,0.52554,7.69646869508624,1.1759189258396625,-0.5906424183934926,0.2461458575414493,-9.322936508974433,-3.031934623287618,0.5750440359115601,-0.4142079353332519,0.8396247625350952,-0.0996936466889066,0.1582363277441211,-0.7934399214477958,0.5792024267840011,-0.848358154296875,0.0126456767320632,-0.0066668004728853,-3.176680071091652,5.318257800266147,-6.286515972444414,0.0,0.0,0.0,0.0,0.0,0.0
2155,5.797243,-0.143964,0.032622,-0.523461,0.466275,-0.493677,0.514645,8.192467082667351,2.8148294571936128,-0.8134510568261146,-0.0361703697974327,-9.397686921793222,-2.802242070560157,0.5954311490058899,-0.2345636337995529,0.4311561286449432,-0.1146698745825808,0.1508218541405625,-0.7874816489292416,0.5864948869631885,-1.5220545530319214,0.3833607137203216,0.9296836853027344,-1.8103081315010785,5.567031485560536,-5.125395387285948,0.0,0.0,0.0,0.0,0.0,0.0
2156,5.757736,-0.145948,0.03021,-0.520448,0.464525,-0.500847,0.51235,10.28403253443837,1.4003998813986778,-2.3216367746829984,-0.061240490813204,-9.441176519429684,-2.6515698630556463,0.1551316678524017,0.0251967031508684,-0.508031964302063,-0.1180689148152709,0.1507228737224652,-0.7826078569243253,0.5923405123664711,-1.2186720371246338,0.9682762622833252,1.8191614151000977,-4.053127974578738,4.343262428787351,-3.410790732522309,0.0,0.0,0.0,0.0,0.0,0.0
2157,5.71014,-0.151421,0.02946,-0.521801,0.455253,-0.504542,0.51566,8.936601442161201,2.1678134096711874,-1.8851009221568704,0.3457182846667245,-9.436461181345582,-2.646523977842927,-0.0964404642581939,0.5611259937286377,-1.4155093431472778,-0.1019245867095102,0.163083526439659,-0.7799608511418097,0.5955470621045212,-1.393928289413452,0.9788783192634584,2.434901714324951,-3.7698102146476495,4.209657675939798,-2.561140527328849,0.0,0.0,0.0,0.0,0.0,0.0
2158,5.61844,-0.166149,0.030407,-0.522293,0.441114,-0.50636,0.525573,7.374474875280261,-0.9627753568530082,-2.084633314420283,2.2084673454903063,-9.090628220790624,-2.941694964914024,-0.6709614992141724,0.0498051531612873,-3.427450895309448,-0.0255776268618183,0.2240175103435727,-0.7744681134234233,0.591067871492718,-0.7765836119651794,1.327733039855957,3.5573086738586426,-4.74030476757586,1.0875088209807873,0.5314642532378435,0.0,0.0,0.0,0.0,0.0,0.0
2159,5.574432,-0.170331,0.03377,-0.517542,0.441653,-0.510297,0.526014,5.93407616097033,-4.264498688673973,-1.5976377329841256,3.528407642643153,-8.544630999809502,-3.2726182333678007,-0.8446772694587708,-1.0886589288711548,-4.348717212677002,0.016064841628099,0.2905538000071899,-0.7631746699778257,0.5769617966469117,-0.8190906047821045,1.0413105487823486,3.653687238693237,-5.2239007697016,0.2324921203181147,0.7029764196753502,0.0,0.0,0.0,0.0,0.0,0.0
2160,5.527766,-0.173439,0.036333,-0.513967,0.440565,-0.515976,0.52489,4.166948122765124,-6.431722315758466,-0.0321706235036253,4.798590075545013,-7.662346060732006,-3.799002406862378,-0.8692959547042847,-1.5167945623397827,-4.6419219970703125,0.0517109772471132,0.3741772073882461,-0.744101223916618,0.5510271781264449,-1.628009796142578,0.6433876156806946,3.2531545162200928,-3.980808588299155,-0.5474404055267572,0.923400281863287,0.0,0.0,0.0,0.0,0.0,0.0
2161,5.429747,-0.166971,0.046215,-0.500341,0.441803,-0.525299,0.527759,1.2365385219752787,-5.592256527709961,1.747126575922966,5.895189088693261,-6.566397328186035,-4.2777971461862325,-0.5733197927474976,-0.9241981506347656,-4.435231685638428,0.0882482953166818,0.4534316557640785,-0.7158957248193886,0.5235506367256888,-2.274821281433105,0.1413627564907074,2.7268178462982178,-2.0362819559663534,-1.917669897328317,1.3036474801301956,0.0,0.0,0.0,0.0,0.0,0.0
2162,5.381333,-0.16114,0.051306,-0.497764,0.442519,-0.52628,0.528619,-0.949280499985814,-5.314790416416526,1.8806062410861253,6.800560304325819,-5.4273944668114185,-4.5239559728071095,-0.3417033553123474,-0.276257187128067,-3.940242528915405,0.1274168931551023,0.516744816316296,-0.6809055475693274,0.5030978739473281,-2.412409543991089,-0.0433456860482692,2.34690809249878,-0.5915694701105356,-3.043825844350457,0.9750970782876014,0.0,0.0,0.0,0.0,0.0,0.0
2163,5.334426,-0.156388,0.054933,-0.500857,0.436642,-0.524706,0.532137,-2.257768405884504,-5.581162302243709,1.6174141543388365,7.488650120514631,-4.297314039821923,-4.650118592955172,-0.4542839229106903,-0.1664289832115173,-3.500431776046753,0.16563313845306,0.5666894220806041,-0.6449443126537286,0.4852583143879057,-1.978748083114624,-0.0661669000983238,1.941161513328552,0.1536094300001859,-4.403909497451782,1.1776233916699883,0.0,0.0,0.0,0.0,0.0,0.0
2164,5.247174,-0.154474,0.062494,-0.501907,0.428371,-0.524358,0.538179,-3.772064715576172,-5.941670853883028,2.326253620828688,7.951891316875815,-3.195200647166371,-4.767441488565504,-0.521058976650238,-0.0685255974531173,-2.9983890056610107,0.2009176957642998,0.6069449616007904,-0.6121190053302564,0.4653603026669311,-1.1990714073181152,-0.1324789673089981,1.7048015594482422,0.3722153560459613,-5.609085497435927,1.0553823288798332,0.0,0.0,0.0,0.0,0.0,0.0
2165,5.207749,-0.152569,0.061747,-0.500225,0.420971,-0.530302,0.539758,-4.795991583484411,-6.742757519176602,2.5091823765546084,8.253070312190056,-2.229662693732232,-4.804773440355063,-0.4513476490974426,0.1858540773391723,-2.4033658504486084,0.2319907632680145,0.6367062347676914,-0.5827353096908767,0.4485589331867165,-0.4347322285175323,-0.0008315161103382,1.5013110637664795,1.035354270851612,-6.24819939353168,1.0521329716950654,0.0,0.0,0.0,0.0,0.0,0.0
2166,5.167861,-0.150317,0.060179,-0.496878,0.411274,-0.537754,0.542943,-5.751903484308719,-8.398909692710637,2.005721982529759,8.467677523988485,-1.461759336116165,-4.725684706071019,-0.6098824739456177,0.4770202040672302,-1.5215595960617063,0.2603268834958017,0.6539937937025536,-0.5596739938954699,0.4373638096849483,0.2311648428440094,0.2396960854530334,1.32181978225708,0.2325572945088148,-7.248379475149512,1.2552753711491822,0.0,0.0,0.0,0.0,0.0,0.0
2167,5.087184,-0.144578,0.060484,-0.483487,0.405876,-0.545525,0.551279,-7.244044660815596,-8.636424317365885,2.350069672963023,8.616222071814537,-1.047522774485871,-4.564407810182869,-0.7972825169563293,0.653265118598938,-0.0903841778635978,0.2832255290948481,0.6542812155489164,-0.5519385110208149,0.432508219874533,0.3799713551998138,0.0530402399599552,0.7634449601173401,-1.2094833417892454,-7.834432227665186,1.1255535972148178,0.0,0.0,0.0,0.0,0.0,0.0
2168,5.049262,-0.145375,0.061527,-0.477105,0.406665,-0.547673,0.55412,-7.184709843793511,-7.333197692996263,2.968432749713957,8.712658831262589,-1.1295570607025176,-4.357070004865527,-0.4539393186569214,0.6400794982910156,1.2602243423461914,0.2947046463364518,0.6376380304517898,-0.5617530478772539,0.4370359424985075,-0.2010084092617035,-0.0755277499556541,-0.3887559771537781,-0.0918739815771579,-7.049715682414174,0.598340571680665,0.0,0.0,0.0,0.0,0.0,0.0
2169,5.006854,-0.148534,0.061774,-0.474611,0.406056,-0.546268,0.558081,-5.274619734069705,-7.426027367863059,2.001085554900765,8.70506296930611,-1.744662816157937,-4.165144580474496,0.3869373798370361,0.4168572425842285,2.1882481575012207,0.2852824614933702,0.6125434981891023,-0.5806494139357384,0.4541483387965297,0.2605855762958526,-0.0220571216195821,-1.5431164503097534,-1.4070061477959157,-7.190795301187038,2.1241543006867167,0.0,0.0,0.0,0.0,0.0,0.0
2170,4.917317,-0.162856,0.058918,-0.478893,0.400319,-0.534033,0.570276,-3.689442546468973,-6.280043561559915,0.8830144223958253,8.520194477689266,-2.692526727344096,-4.040667429195344,0.8315125107765198,0.0517830848693847,2.687061548233032,0.2572671687120497,0.5851258918106778,-0.603029348166534,0.4772808223789518,0.6327822804450989,-0.1148163527250289,-2.424750566482544,-0.4361877697408199,-6.169305889558792,1.4436030633091923,0.0,0.0,0.0,0.0,0.0,0.0
2171,4.87127,-0.169854,0.055902,-0.480976,0.402032,-0.531855,0.569353,-2.021284293320775,-6.3446437517642975,-0.636423926359415,8.14729815364182,-3.794650933654606,-3.923333135408163,0.8226901292800903,-0.0250138714909553,3.086852788925171,0.2191134573794807,0.5537840041002333,-0.6271822648659798,0.5019511888997005,1.441514253616333,-0.1023696437478065,-3.0129802227020264,-2.561134682109952,-4.889690442401171,0.9634002107530832,0.0,0.0,0.0,0.0,0.0,0.0
2172,4.824006,-0.173236,0.053161,-0.481913,0.406356,-0.532512,0.564859,-0.5960737957924604,-5.862148404356837,-1.2035352470397949,7.556766209885477,-4.926872464326023,-3.845985984094441,0.6659552454948425,-0.2213896214962005,3.453397035598755,0.1766861440084162,0.515986455596274,-0.6556284655640695,0.5221985473950225,1.7191988229751587,-0.6235427856445312,-3.340361833572388,-4.368282303753495,-2.986528962896764,-0.1317594172418117,0.0,0.0,0.0,0.0,0.0,0.0
2173,4.735766,-0.169195,0.045936,-0.479112,0.420337,-0.539251,0.550433,1.140537231335044,-4.431893482920527,-1.6639800906807185,6.736087539893388,-6.0930175996482365,-3.697386491210759,1.1687383651733398,-0.1843736320734024,3.6474592685699454,0.1267459945990428,0.472884688249951,-0.6818315875694025,0.5435267320462339,1.975616216659546,-0.6253325343132019,-3.33253026008606,-4.372933928951621,-1.620910472021997,-0.8540162914484739,0.0,0.0,0.0,0.0,0.0,0.0
2174,4.687338,-0.164214,0.041955,-0.480244,0.418993,-0.542692,0.54708,2.5626632068514823,-2.255359591177106,-2.5711764759138225,5.778137411239743,-7.1391884480685,-3.437373034499585,1.1461031436920166,-0.2316893488168716,3.298107862472534,0.0741381812185783,0.429478807597111,-0.7005749083449683,0.5650189514529426,2.2400693893432617,-0.925502359867096,-3.236445903778076,-4.722210892480612,-0.3652455170333385,-1.4732700334288178,0.0,0.0,0.0,0.0,0.0,0.0
2175,4.647921,-0.161926,0.037658,-0.484849,0.41628,-0.539617,0.54813,3.0678441410586235,-0.4944143332600593,-2.762439929264784,4.821648879571259,-7.928686382377148,-3.1714395400896667,0.824720025062561,-0.0583558268845081,2.932137489318848,0.028045779202666,0.3886569769251325,-0.7145937082649562,0.5809604658263547,2.059359550476074,-0.9059668779373168,-3.1662135124206543,-3.179228586530685,1.3840195322230455,-2.58985867229104,0.0,0.0,0.0,0.0,0.0,0.0
2176,4.560555,-0.161311,0.036678,-0.499325,0.420948,-0.521359,0.549238,3.520613043244183,0.4156476705372333,-2.6402432901382444,3.905901231352985,-8.486651104527711,-2.981791705241799,0.1618735641241073,0.325834721326828,2.777587890625,-0.0072246882295828,0.3465559211995375,-0.7293339844970931,0.5898463843352657,1.816161155700684,-0.9367555975914,-3.0311148166656494,-2.602328862285614,2.670432092174888,-3.474734504644573,0.0,0.0,0.0,0.0,0.0,0.0
2177,4.520112,-0.161172,0.042922,-0.505787,0.43001,-0.507069,0.549684,4.347278970952332,0.6849620395570993,-1.8797499165177345,3.00621215301007,-8.842306370916962,-2.991104307988286,-0.533113956451416,0.6150166988372803,2.743440628051758,-0.0311937808850033,0.3001179990462023,-0.7499553758408516,0.5886621644453356,1.3414020538330078,-0.8312151432037354,-2.6090054512023926,-1.867833853274584,4.085733190107345,-4.271844083000719,0.0,0.0,0.0,0.0,0.0,0.0
2178,4.479753,-0.157673,0.048637,-0.513707,0.439642,-0.493092,0.54743,5.503047965949773,1.0807213527977466,-0.5988575812920928,2.131013665062189,-9.040991790962218,-3.1447754050478336,-0.5777248740196228,0.6204376220703125,2.5708348751068115,-0.049226502069928,0.2525689653807101,-0.7723650915168753,0.5807217358272386,0.6364741921424866,-0.791166365146637,-1.873539447784424,-0.9418500577241182,5.842849245125055,-4.675048451550305,0.0,0.0,0.0,0.0,0.0,0.0
2179,4.408957,-0.150286,0.054789,-0.519378,0.459026,-0.486279,0.532049,6.606978929421305,1.8022288699418303,-0.1724734126850962,1.3223176938086747,-9.15751447610557,-3.2498873461216684,-0.1513823717832565,0.2587321400642395,2.177600145339966,-0.0676761348064352,0.2103231283961375,-0.7883288136220475,0.5742139964734239,0.3997921943664551,-0.2315600663423538,-0.8995336890220642,-0.3324187677085399,5.05144284684658,-4.185955021052062,0.0,0.0,0.0,0.0,0.0,0.0
2180,4.369887,-0.150808,0.053404,-0.519719,0.460291,-0.489533,0.527619,8.229502389597892,1.1309925733983517,-0.845101455847919,0.6163240452039986,-9.241798440945148,-3.221749339134991,0.3062749207019806,-0.4229270815849304,1.5984152555465698,-0.0908351778932361,0.1810475925017744,-0.794660475921523,0.5722633765273221,0.5535154342651367,0.1327607929706573,0.1809646189212799,-2.782693612742424,4.60539010117352,-4.93141303036511,0.0,0.0,0.0,0.0,0.0,0.0
2181,4.327494,-0.153972,0.050109,-0.522111,0.453122,-0.49245,0.528747,9.231040315565467,1.6149579933583735,-1.2435367102995514,0.0503816404388286,-9.32294176967144,-3.041486587747931,0.6704729199409485,-0.831342875957489,1.0067765712738037,-0.118252909040856,0.1672462006283899,-0.7918973260085084,0.5752771118412485,-0.8705745339393616,0.0029448461718857,0.7208149433135986,-3.735145728501677,5.620557324042916,-6.268115807878971,0.0,0.0,0.0,0.0,0.0,0.0
2182,4.247447,-0.162024,0.046918,-0.524338,0.436271,-0.497053,0.536354,10.02882677026987,2.9184786322385072,-1.7041861366018651,-0.2863709369566291,-9.39733737770319,-2.7889813147097824,0.5667533278465271,-0.4786705076694488,0.2791664898395538,-0.139561498887243,0.1631506394758627,-0.7845892827362578,0.5816563289865463,-1.5490249395370483,0.7312478423118591,1.289417386054993,-3.135064450633525,4.286301939681172,-4.654716442139447,0.0,0.0,0.0,0.0,0.0,0.0
2183,4.203203,-0.167852,0.047532,-0.519858,0.436372,-0.500704,0.537236,10.909225457209349,2.3091414502471683,-2.3041759367942807,-0.1526757658792659,-9.436530154928564,-2.6643910584449766,0.108913667500019,0.3465890288352966,-1.0469655990600586,-0.137271488137171,0.1688050517833531,-0.77932726898818,0.5876312055625529,-1.7510778903961182,0.5970012545585632,1.810695052146912,-4.949067344999313,3.860082606247067,-4.395767107528448,0.0,0.0,0.0,0.0,0.0,0.0
2184,4.161513,-0.171157,0.049078,-0.515946,0.438677,-0.504457,0.535617,8.34793587679863,2.912222494453192,-2.1352187155365945,0.4937013626851141,-9.422804996436836,-2.6715903222993016,-0.1869800090789795,0.7071040272712708,-1.973423957824707,-0.1094139509956618,0.1855374020316402,-0.7757506492639188,0.5931402828615182,-1.884563565254212,0.8819210529327393,2.1066064834594727,-2.500932434603572,3.476990466877818,-2.766950684687495,0.0,0.0,0.0,0.0,0.0,0.0
2185,4.066356,-0.169946,0.056198,-0.510157,0.4431,-0.509697,0.532552,7.289715109622478,1.3498311391562223,-2.442233285136521,1.4443328388884662,-9.28691008682549,-2.799572266829013,-0.5820252299308777,0.1499509364366531,-2.864223957061768,-0.0719873245669503,0.2177160009287545,-0.7715816276783488,0.5933627982119934,-1.1035497188568115,1.2558410167694092,2.4331746101379395,-2.240759987938404,2.288918746429682,-0.6358588398225605,0.0,0.0,0.0,0.0,0.0,0.0
2186,4.021268,-0.16513,0.062293,-0.503293,0.448847,-0.512118,0.531947,6.624103667223453,-2.1572288872927428,-2.4353400184914467,2.599258661060035,-8.929869503557681,-3.1099300093770026,-0.9864546656608582,-0.7204325199127197,-3.606037378311157,-0.0342024667599452,0.2720190916087289,-0.7645704103908165,0.5833248539840968,-0.2684572339057922,1.4045816659927368,2.8835668563842773,-3.1779280253261324,1.0406555921301246,0.114490229467675,0.0,0.0,0.0,0.0,0.0,0.0
2187,3.976214,-0.160014,0.066178,-0.500949,0.450417,-0.515282,0.529774,5.4277521942079066,-4.999982708722353,-1.1767208898723125,3.769722828625144,-8.28409556505084,-3.651486033040285,-1.3801110982894895,-1.1324748992919922,-3.891834974288941,0.0015637390168635,0.3409889437143813,-0.7549175605067379,0.5601996279671112,0.4681731164455414,1.0575547218322754,2.9682719707489014,-4.499506883466244,-0.1616214715421199,0.8160047598969191,0.0,0.0,0.0,0.0,0.0,0.0
2188,3.891116,-0.157952,0.071622,-0.500741,0.442806,-0.516419,0.535251,3.594054711551964,-4.821944355386496,1.281458444675803,4.838623395247757,-7.400905201566219,-4.240841041971743,-1.1826082468032837,-0.7367817163467407,-3.9471940994262695,0.0391600179441878,0.4097835957637645,-0.7404729028304843,0.5312662890612891,-0.6184738278388977,0.6843782067298889,2.633561611175537,-1.865423285001516,0.2040945856124162,0.9069956019639968,0.0,0.0,0.0,0.0,0.0,0.0
2189,3.850671,-0.157726,0.072664,-0.500857,0.439088,-0.514819,0.539728,1.8984329896777867,-4.919145669466257,2.4288451035141945,5.890503561225533,-6.378643051999807,-4.559085738377273,-0.5962632298469543,0.0334447771310806,-4.112565040588379,0.0840552129639222,0.4707378816139579,-0.7147408841367375,0.5103783164052509,-1.9605262279510496,0.4650512337684631,2.228057146072388,-0.4236515287727117,-0.7070997832156717,1.3743711216509342,0.0,0.0,0.0,0.0,0.0,0.0
2190,3.810267,-0.155257,0.072422,-0.501451,0.431254,-0.515502,0.544816,-0.3534767533063888,-5.84516979702711,2.077771319696307,6.878573518332838,-5.281881834027171,-4.577915234270692,0.0419399179518222,0.1862507909536361,-4.0368475914001465,0.1304350727108757,0.5254503104269879,-0.6762475089979452,0.499577716330322,-2.245533943176269,0.2570430636405945,2.051302194595337,-0.5681804112166166,-2.5572499496310948,0.9868120660007,0.0,0.0,0.0,0.0,0.0,0.0
2191,3.733683,-0.146574,0.078365,-0.499825,0.426783,-0.518271,0.547199,-2.554074242204428,-6.005446868222951,1.7314730797171591,7.598357864946126,-4.22452762055248,-4.537478009942173,0.4611553251743316,-0.3277057409286499,-3.5645055770874023,0.1647534131640915,0.5765803610023056,-0.6315869595386409,0.4914359591626956,-2.041615724563598,0.0390770174562931,1.9878028631210327,-0.9657587565779684,-4.321154934136569,1.0384908153116703,0.0,0.0,0.0,0.0,0.0,0.0
2192,3.694643,-0.144588,0.082984,-0.497476,0.433082,-0.518325,0.544332,-3.8454777423113584,-5.263682160469889,1.968846834596992,7.971137284615636,-3.2896035626992584,-4.6701057344511145,0.4127928018569946,-0.9330922961235046,-3.0297091007232666,0.1829077834094627,0.6245649875028774,-0.5899387235681369,0.4779494796018576,-1.2501660585403442,-0.0544957034289836,1.8868203163146973,-0.2401590016841888,-5.680580123329162,1.6478011092960834,0.0,0.0,0.0,0.0,0.0,0.0
2193,3.656787,-0.145183,0.090339,-0.498515,0.437912,-0.516071,0.541651,-4.463878520724177,-6.320877676251531,2.3074492593765257,8.100371567294001,-2.438458881164342,-4.96067361164093,-0.0368412286043167,-0.8735061883926392,-2.484526395797729,0.1949682054896865,0.6661914017405992,-0.5559792887126618,0.4572345603342529,-0.2492862045764923,0.1623559147119522,1.708044171333313,1.1148925024688243,-6.476168191206455,1.926595838844776,0.0,0.0,0.0,0.0,0.0,0.0
2194,3.567729,-0.15608,0.097143,-0.509761,0.436332,-0.500893,0.546685,-5.776012089648843,-8.53411603553593,2.576557876691222,8.167671664106845,-1.7280308303087948,-5.145237567353249,-0.6310566067695618,0.0061803138814866,-1.3519117832183838,0.2118713534963027,0.69077830603305,-0.5340032220924731,0.439063247302382,0.7416570782661438,0.5138031840324402,1.4404969215393066,-0.3578168283373117,-7.701509611862898,2.393750409257412,0.0,0.0,0.0,0.0,0.0,0.0
2195,3.527734,-0.162348,0.100812,-0.514199,0.43549,-0.49598,0.547678,-7.12658031090796,-8.329585981115699,3.4509394952982664,8.332810203859209,-1.3639378443114458,-4.987419579747319,-1.0646711587905884,1.265546202659607,0.2192140519618988,0.23569774229831,0.6872942341835206,-0.5309559848888968,0.4360722635440008,0.5102547407150269,-0.0391328856348991,0.7299235463142395,-2.1265864962697028,-7.663660065940022,1.822679537296295,0.0,0.0,0.0,0.0,0.0,0.0
2196,3.484872,-0.167408,0.101585,-0.515894,0.436841,-0.496976,0.544094,-6.725666683644056,-8.698635566607118,2.901936078238487,8.60541660016179,-1.4593633808903397,-4.470737885099649,-1.0285258293151855,1.994584560394287,1.498715043067932,0.2606138840948291,0.657379589351678,-0.543871555310277,0.4518145341043352,-0.1571501493453979,-0.04390175268054,-0.5304419994354248,-1.1942401799499989,-7.591105701860785,2.4626725543141363,0.0,0.0,0.0,0.0,0.0,0.0
2197,3.397411,-0.167327,0.103603,-0.513459,0.446651,-0.503607,0.532206,-6.400539826509356,-8.353663022273778,1.9881085844278328,8.791150184175372,-2.0045508929237723,-3.855885446818173,-0.6345400810241699,1.6690033674240112,2.4493868350982666,0.2747215597801479,0.612762084848367,-0.566672811133106,0.4774229564382721,0.0212821755558252,-0.5051294565200806,-1.7866066694259644,-2.3178362133562564,-7.11048316258788,2.6612989376485348,0.0,0.0,0.0,0.0,0.0,0.0
2198,3.3498,-0.163851,0.101862,-0.512702,0.447542,-0.51122,0.524878,-5.238461794495582,-6.5948132753312585,1.2755644182011483,8.67429198346734,-2.956405627311766,-3.4909488496035337,0.2730985879898071,0.4592511653900146,3.095846652984619,0.2623058710310418,0.5683282046116798,-0.5958119778933373,0.5031966079105106,0.7072415947914124,-0.649145781993866,-2.764378309249878,-1.1317273174136877,-6.096416594436764,1.9960838010907167,0.0,0.0,0.0,0.0,0.0,0.0
2199,3.302356,-0.158605,0.100235,-0.513803,0.444996,-0.516853,0.52043,-2.7663626556664704,-5.171920407095551,-0.1853095133826136,8.219904540169239,-4.131947244271636,-3.395667982192337,1.187331199645996,-0.4768235683441162,3.195589542388916,0.2205952788025901,0.5341032997009908,-0.6227877225804745,0.5274531386378433,1.4646145105361938,-0.6495739817619324,-3.307658195495605,-1.9998668267607689,-4.3623564208358525,1.2344079396873713,0.0,0.0,0.0,0.0,0.0,0.0
2200,3.214262,-0.151798,0.102476,-0.521508,0.440489,-0.510103,0.523254,-0.5608575209826231,-5.104881007045507,-2.189957729201019,7.519903336912393,-5.30989563011229,-3.3803020707562563,1.2845836877822876,-0.8963910341262817,3.1889071464538574,0.1636819563341481,0.5066005457161092,-0.6447505918102592,0.5485077532181338,1.8142225742340088,-0.9425459504127502,-3.4899752140045166,-4.434186562293768,-2.562273038490116,-0.3746066716292873,0.0,0.0,0.0,0.0,0.0,0.0
2201,3.173911,-0.152321,0.105612,-0.524639,0.444416,-0.504024,0.522694,1.050471760484576,-5.319006572806835,-3.1835140087649223,6.650028382074833,-6.365594769856333,-3.380339772418141,0.7256658673286438,-0.7540310025215149,3.318100929260254,0.1061421576538661,0.4769229167076622,-0.6670036687993605,0.5624806045823113,1.9158048629760744,-1.258803367614746,-3.4616904258728027,-5.467492668443918,-1.1657169730380177,-1.2722704912222922,0.0,0.0,0.0,0.0,0.0,0.0
2202,3.13621,-0.152322,0.110238,-0.528975,0.450429,-0.494469,0.522302,1.8478484653443097,-4.24322442997694,-1.97076085152477,5.624005418670177,-7.289644382473826,-3.3766879719123244,0.1516948938369751,0.1079325526952743,3.811211585998535,0.056993393191872,0.4337016137522457,-0.6957485800989113,0.5697267328829897,1.865752935409546,-1.3125048875808716,-3.427840232849121,-3.9467484977871177,0.4094128678008913,-1.9796995063923293,0.0,0.0,0.0,0.0,0.0,0.0
2203,3.058447,-0.146426,0.119714,-0.536326,0.458496,-0.474954,0.525885,3.5894305588826536,-2.530826053085923,-1.527858094315231,4.498632730980217,-8.084916224008799,-3.250670020931959,-0.1832932531833648,1.067777395248413,3.973889827728272,0.0211443232692784,0.3703811863633745,-0.7270184481391101,0.5777672806397716,1.6745328903198242,-1.126188039779663,-3.346656084060669,-3.1805875999242064,1.853423927389085,-3.2324832068562506,0.0,0.0,0.0,0.0,0.0,0.0
2204,3.021734,-0.143313,0.12147,-0.53274,0.462313,-0.477011,0.524325,4.918283499678969,-0.611272533968091,-1.1318296087443829,3.374782138291001,-8.637977392026782,-3.188507579268515,-0.5396657586097717,1.2041953802108765,3.593071699142456,-0.0028636028789444,0.299945757771182,-0.7567041618849412,0.5808813583402114,1.6029465198516846,-1.057058334350586,-3.071871280670166,-2.796339860779047,2.8629513908058404,-4.236799949887395,0.0,0.0,0.0,0.0,0.0,0.0
2205,2.984363,-0.142642,0.120381,-0.527041,0.463305,-0.48454,0.5223,6.019340953540802,0.4553367068469524,-0.4408507931157946,2.372185497050732,-8.927367749869823,-3.293205386583507,-0.650643527507782,0.7509101033210754,2.83353042602539,-0.0213555805882147,0.2390044682064665,-0.7815264633494698,0.5758794084382804,1.3537514209747314,-0.9471813440322876,-2.6754961013793945,-2.311768876141309,3.8378117377281193,-4.93094482833147,0.0,0.0,0.0,0.0,0.0,0.0
2206,2.901443,-0.150863,0.116171,-0.524992,0.445138,-0.494744,0.530532,6.184643743944168,1.170147356700897,0.4326593033537268,1.538901612507552,-9.05844444554448,-3.427356375136972,-0.2656364142894745,0.3072934150695801,2.2560322284698486,-0.0399427372349577,0.1939579317435575,-0.7982022730661106,0.5689095895620507,0.9635367393493652,-0.854863703250885,-2.335944414138794,-1.9794599985480308,4.455324042868614,-5.314419245016574,0.0,0.0,0.0,0.0,0.0,0.0
2207,2.857573,-0.157452,0.116106,-0.525596,0.435024,-0.496805,0.536366,8.434948389819263,0.3983995986163616,-0.5783657051444053,0.1404837078394833,-9.198736713331938,-3.396159565101564,0.3015692234039306,-0.5037181377410889,1.500137209892273,-0.0858281562573187,0.1355458234798011,-0.8091867992759997,0.5652235135982466,0.0887440368533134,-0.1467371582984924,-0.6593497395515442,-3.022467999023199,4.78043920956552,-5.94539659640789,0.0,0.0,0.0,0.0,0.0,0.0
2208,2.814255,-0.163206,0.118718,-0.521793,0.433242,-0.501016,0.537602,9.106942226731777,1.923264648595452,-0.5253691512331367,-0.4135958891065791,-9.251017520189285,-3.2276918809264896,0.5468831658363342,-0.4438940286636352,1.1371780633926392,-0.1101455081457046,0.1191357468575134,-0.8064571677970717,0.5685960356242921,-1.16813063621521,-0.0883971005678176,0.3380517661571502,-3.7082466156601903,5.492842798277735,-6.399944783225656,0.0,0.0,0.0,0.0,0.0,0.0
2209,2.727821,-0.166137,0.129403,-0.511749,0.442665,-0.514248,0.526982,10.259867230474947,3.7077234685689207,-1.1567705732554197,-0.6947321037475019,-9.348762439626457,-2.878959399537742,0.4435621201992035,0.3336142003536224,-0.6197428107261658,-0.1238317090842606,0.108815923141846,-0.7968344739933146,0.5812742664788051,-2.1949663162231445,0.7353079915046692,2.2254018783569336,-3.940315249869227,5.4943333290964365,-4.622126131919026,0.0,0.0,0.0,0.0,0.0,0.0
2210,2.683403,-0.163122,0.136056,-0.502775,0.450012,-0.521753,0.521996,9.64637234428227,3.455740758100152,-2.0455939741909503,-0.2548170753781683,-9.4132626765877,-2.7378710129365325,0.3085298538208008,-0.2247796654701233,-1.7257628440856934,-0.1088227363839139,0.1236330269804417,-0.7901312884344632,0.5903939741538239,1.947191596031189,1.817585825920105,3.134750843048096,-1.90732298309803,1.422708743840456,-0.4476683641761541,0.0,0.0,0.0,0.0,0.0,0.0
2211,2.638058,-0.158544,0.143125,-0.495025,0.455656,-0.528123,0.518086,9.712910809072852,0.3339923006355762,-2.72246213914156,0.5852985731475054,-9.42223216498494,-2.655064134912193,0.1863357722759246,-1.579284906387329,-3.2072842121124268,-0.093757410736422,0.1723460552160487,-0.7782463852580714,0.5965224283738635,2.677520513534546,2.387879133224488,3.532928705215454,-5.548488697654008,2.905415737047792,-2.130463922224939,0.0,0.0,0.0,0.0,0.0,0.0
2212,2.54946,-0.151984,0.150236,-0.488858,0.449289,-0.537488,0.51987,7.783532061511278,-1.7828274193793534,-2.326489183150232,1.761700606328994,-9.247707372727987,-2.7471231176674364,-0.2352067232131958,-2.5532586574554443,-4.178256034851074,-0.0815741621009878,0.2551848988813578,-0.7582512548442929,0.594374693008098,-0.8368698358535767,2.1901302337646484,3.2380003929138184,-5.697319076684117,2.104849880757928,-1.933901485683024,0.0,0.0,0.0,0.0,0.0,0.0
2213,2.506768,-0.153383,0.153083,-0.486629,0.442654,-0.538695,0.526362,5.934612167543173,-3.135762954291701,-0.7916855074808001,3.042446372690797,-8.753991543126105,-3.2064813351154324,-0.9399611949920654,-2.362338066101074,-4.529838562011719,-0.0646261288390062,0.3514562532213949,-0.7348221266032186,0.5764879588129609,-3.4107048511505127,1.6071678400039673,2.830296754837036,-4.848112231343984,1.4858648727163672,-0.3462473865747451,0.0,0.0,0.0,0.0,0.0,0.0
2214,2.467359,-0.153818,0.153974,-0.484888,0.435679,-0.539915,0.532503,4.094896155250073,-4.822584406855702,0.4109989679485559,4.305011316326261,-7.914868869426846,-3.871966520786285,-1.434266448020935,-1.3004159927368164,-4.528129577636719,-0.0304900864888772,0.4390750995534667,-0.7103720249811515,0.5492313326291869,-3.903408765792847,1.0400402545928955,2.560624122619629,-3.09177008330822,-1.1293594192385672,2.1281606137186286,0.0,0.0,0.0,0.0,0.0,0.0
2215,2.394254,-0.149044,0.152151,-0.476096,0.419598,-0.552064,0.540829,2.2096078938275574,-6.696885994839668,0.997446272739768,5.467400313985348,-6.7869590644747015,-4.4961239630296825,-1.7426927089691162,-0.3527610898017883,-4.234805583953857,0.0205725724104333,0.5090075703294349,-0.6856747137025668,0.5199407108312564,-2.814880609512329,0.5777813792228699,2.538703203201294,-2.2867092536866664,-3.209847596678137,2.279082412070036,0.0,0.0,0.0,0.0,0.0,0.0
2216,2.358538,-0.146642,0.152667,-0.469656,0.416354,-0.559595,0.541227,-0.0924281083285808,-7.312348966234922,1.9125737432330845,6.4399050376921885,-5.509498165002465,-4.933906016224622,-1.7270052433013916,0.2517443895339966,-3.665626525878906,0.0791611389848499,0.5608784554125076,-0.6610405022725109,0.4921120807505597,-2.042886018753052,0.3379389345645904,2.4535484313964844,-1.6756676058650015,-4.104832735113799,2.0838076772511003,0.0,0.0,0.0,0.0,0.0,0.0
2217,2.321349,-0.146657,0.154822,-0.46572,0.415235,-0.563131,0.541819,-2.03399413729012,-7.468355520504713,2.5840824269771576,7.184969371512532,-4.273557608920336,-5.126724590063095,-1.5220712423324585,0.6582781076431274,-3.03230094909668,0.1357759001865739,0.5964071588961909,-0.6369369704999519,0.4692277760714416,-1.145570158958435,0.1873407363891601,2.3579015731811523,-0.9879390242040156,-5.627765063464642,2.364034485429525,0.0,0.0,0.0,0.0,0.0,0.0
2218,2.243753,-0.155869,0.159958,-0.471155,0.410785,-0.550847,0.553024,-4.795921440857649,-6.837076555818319,3.42389074485302,7.765629325073957,-3.1757743544235826,-5.07738568187654,-1.3371244668960571,1.096697211265564,-2.2814762592315674,0.1890365530337677,0.6172309864313292,-0.6147361521277682,0.453200364127115,-0.2798193395137787,0.1064237207174301,2.1361513137817383,0.3307727540671825,-6.460813385686278,2.4750036280989645,0.0,0.0,0.0,0.0,0.0,0.0
2219,2.200569,-0.162243,0.161639,-0.475426,0.407576,-0.541371,0.561043,-7.18055213959217,-9.019417088013888,3.1448341494977474,8.533276077580451,-1.86028402241692,-4.460148394285143,-0.772537350654602,1.3861103057861328,-0.684501051902771,0.2697658596828395,0.6195936218971303,-0.5860955719630324,0.4470146349524264,0.2866629958152771,-0.1085016280412674,1.1544196605682373,-1.862843789902329,-8.494912736916541,2.904977930152416,0.0,0.0,0.0,0.0,0.0,0.0
2220,2.164001,-0.16738,0.159859,-0.476231,0.407288,-0.538327,0.563493,-9.059970047676565,-7.963073805147409,2.846150478130579,8.76144302817583,-1.724763791336864,-4.053725648210943,-0.1556179225444793,0.9831926822662354,0.4859475791454315,0.2919843883723385,0.6071399657743065,-0.5814323264447198,0.4561388438608367,-1.0693275928497314,-0.4934013187885284,-0.2365822196006775,-0.1591927830904722,-7.812385231029987,1.596357337784767,0.0,0.0,0.0,0.0,0.0,0.0
2221,2.079964,-0.173144,0.15368,-0.472832,0.412389,-0.547074,0.554143,-7.013850588306784,-7.972045047110319,1.4933452915996313,8.774338165584206,-2.101558584127575,-3.842506033024192,0.4405606687068939,0.1466633081436157,1.37487530708313,0.2871546358452729,0.5914117559321608,-0.5883412389891332,0.4707749145993523,-0.2590762376785278,-0.2824065089225769,-1.4996075630187988,-1.6838006434381008,-8.846248971062899,3.262154707020521,0.0,0.0,0.0,0.0,0.0,0.0
2222,2.037338,-0.172428,0.152094,-0.468894,0.418608,-0.550946,0.548967,-5.632979583242535,-6.645526979002356,1.21070557706058,8.58548031207025,-2.8021424095779657,-3.82203140027225,0.8927425742149353,-0.2166284471750259,2.074172258377075,0.2613145692974102,0.5758151677915733,-0.6027489246787526,0.4866676452922119,0.4364396929740906,-0.5746616721153259,-2.456932783126831,-1.1560042650580409,-7.443020588240027,1.7227777320861817,0.0,0.0,0.0,0.0,0.0,0.0
2223,1.99243,-0.168971,0.14949,-0.46819,0.422472,-0.555113,0.54237,-3.797317814776301,-5.3645203697472805,-0.3764776896655559,8.255321305987238,-3.725963766397536,-3.759954591065645,0.83338463306427,-0.1427444964647293,2.5310184955596924,0.2257604237577226,0.5534498373092548,-0.6208040001179224,0.507275012553405,1.5436720848083496,-0.4745634198188782,-3.1402952671051025,-0.8017880915611982,-5.840514080175757,1.505369491392374,0.0,0.0,0.0,0.0,0.0,0.0
2224,1.903947,-0.159341,0.14602,-0.472858,0.420354,-0.557663,0.537327,-2.139156054985523,-5.613363613146543,-1.5918769775003194,7.767925327056646,-4.681554180182516,-3.729984400215745,0.3185855448246002,-0.2185214012861251,2.9255383014678955,0.1889329807223356,0.523736429180845,-0.644884824458743,0.5235724438563315,2.375396728515625,-0.5970854759216309,-3.451019763946533,-3.963428998953104,-4.175442394866049,0.4329559482127428,0.0,0.0,0.0,0.0,0.0,0.0
2225,1.861297,-0.158241,0.145143,-0.479988,0.419428,-0.552148,0.537424,-0.3491360937535762,-5.642641730079054,-1.7350825023859735,7.099736727645992,-5.662777924656868,-3.700951782476902,0.2359768450260162,0.0759628117084503,3.425445795059204,0.1518378683229756,0.4834734280764679,-0.674499423771221,0.5368883852882265,2.390678882598877,-1.1589299440383911,-3.5506718158721924,-6.481989444705843,-2.2293626878723503,-1.3672037142395972,0.0,0.0,0.0,0.0,0.0,0.0
2226,1.821154,-0.160841,0.146553,-0.487181,0.422116,-0.543228,0.537937,1.4252332938820125,-3.864015854042768,-1.9439228212207555,6.259703953364491,-6.6206409595489495,-3.62678472250402,0.0960849076509475,0.1403362900018692,3.472027063369751,0.1140016665732786,0.4345942701783491,-0.7043027581645129,0.5496261573512974,2.217275381088257,-1.414434552192688,-3.569117546081543,-6.498536090359091,-1.0268122140862046,-1.9395611188799144,0.0,0.0,0.0,0.0,0.0,0.0
2227,1.741811,-0.163734,0.156051,-0.506833,0.427082,-0.511079,0.547284,2.3162357924222943,-1.700430291199684,-1.4147086849972603,5.330843725594878,-7.427462369102239,-3.547573823145032,0.2832594513893127,0.1613229215145111,3.2906460762023926,0.0774196717663667,0.3847219915971777,-0.729975966174733,0.5595803974529593,1.6613328456878662,-1.4979735612869265,-3.630786895751953,-5.32338055010736,0.7529056949704885,-2.7811095584213734,0.0,0.0,0.0,0.0,0.0,0.0
2228,1.704334,-0.161099,0.160197,-0.514426,0.429882,-0.498877,0.549262,3.245079945839941,-0.2754951034814119,-1.7533973267555236,4.366685682211816,-8.089097309085727,-3.415983040468394,0.3566508293151855,-0.0163125470280647,3.007456064224243,0.0407368512829531,0.3374770439221276,-0.7485158027635898,0.5693626543180922,1.1815143823623655,-1.3899896144866943,-3.641792297363281,-3.9720384218662974,2.2499112626433373,-3.682840079464018,0.0,0.0,0.0,0.0,0.0,0.0
2229,1.672147,-0.157571,0.162989,-0.514283,0.436953,-0.498341,0.544281,5.245118329775333,0.4899585228949785,-0.6923489349380135,2.465707684226334,-8.864128911146521,-3.3938062799736857,0.0916747972369194,-0.3633368015289306,2.4655449390411377,-0.0315151466784508,0.2630847784459929,-0.7770600736347347,0.5709386628167435,0.8436141014099121,-1.050244688987732,-2.9003474712371826,-2.654384628215432,4.721723985746503,-4.788329086032509,0.0,0.0,0.0,0.0,0.0,0.0
2230,1.599769,-0.158749,0.162325,-0.508141,0.442206,-0.510712,0.534246,6.594772358798981,0.5085661927312612,-0.477801344372332,1.558681540993601,-9.085645171681046,-3.34543884716779,0.2693173587322235,-0.0163166504353284,2.432981491088867,-0.0634294132230931,0.2268054810990492,-0.7868476298927897,0.5704444368357269,0.8162804841995239,-0.6100119352340698,-1.9009777307510376,-2.190501042297482,5.6449476689338685,-5.037701906263828,0.0,0.0,0.0,0.0,0.0,0.0
2231,1.554306,-0.161754,0.16048,-0.511481,0.433384,-0.511733,0.537304,8.376390986910462,0.5926309618622064,-0.8789669005706906,0.7248674220312387,-9.232108821579814,-3.226939601254463,0.3093671500682831,0.322987824678421,2.1976981163024902,-0.0888073418862656,0.1876612998124377,-0.793291474621782,0.5723506065598513,0.1223086565732956,-0.3228688240051269,-0.9238960146903992,-3.2259409456059336,6.163142690753936,-5.862696685889363,0.0,0.0,0.0,0.0,0.0,0.0
2232,1.509021,-0.16656,0.159686,-0.514211,0.423297,-0.511964,0.542495,9.55851052095592,1.792367401140928,-1.0079439936175942,0.0585485346157569,-9.293252733850478,-3.1308830732956525,0.1465538442134857,0.478704571723938,1.6256263256072998,-0.1052806618176062,0.1515925758991171,-0.7979036881196222,0.5738339913338448,-1.1328074932098389,-0.1208439916372299,0.0619437508285045,-3.2021503201738,7.06932346920371,-6.106274556106329,0.0,0.0,0.0,0.0,0.0,0.0
2233,1.422155,-0.172456,0.165578,-0.506715,0.424621,-0.520062,0.540807,10.391136818373203,2.666298937892914,-1.0777060966297984,-0.3173834399336949,-9.286863909596203,-3.134292004956305,-0.1639163941144943,0.4830029010772705,0.679496169090271,-0.1107498912082886,0.1269070412937195,-0.8023085531302289,0.5726516970848288,-1.339532494544983,0.5068787932395935,0.8027591109275818,-2.4015397479593754,6.22768267520368,-4.630300670546293,0.0,0.0,0.0,0.0,0.0,0.0
2234,1.378922,-0.173973,0.169937,-0.502389,0.43045,-0.525083,0.535356,10.890732353663443,1.638726406958699,-0.6366834540784359,-0.2577832865063101,-9.253634424689412,-3.236386059513688,-0.2351237535476684,0.5495327115058899,-0.5734583139419556,-0.1022430932191379,0.1216489651989319,-0.8063568029295406,0.5696811603684294,-1.4218581914901731,0.9412553906440736,1.9185386896133425,-5.573004130229354,5.441834495574236,-4.50465155287832,0.0,0.0,0.0,0.0,0.0,0.0
2235,1.334004,-0.172601,0.175154,-0.497223,0.436615,-0.531205,0.529111,8.990842735436559,2.756909183144569,-0.1597159301817417,0.1892746358876116,-9.24220293009281,-3.2735692504823204,-0.042549692094326,0.4753265678882599,-1.4613885879516602,-0.0811570624510456,0.1313657570717619,-0.806007828229402,0.5714087889930777,-1.7261542081832886,0.8872731328010559,2.7791714668273926,-4.342689012813568,4.646279745444655,-2.539272978913784,0.0,0.0,0.0,0.0,0.0,0.0
2236,1.241481,-0.161181,0.18425,-0.485424,0.445039,-0.542559,0.521473,8.101313816580175,2.1685329561173914,-0.3052241790518164,0.9683706195767968,-9.184739752161502,-3.297449892285466,-0.0711352080106735,-0.0998403877019882,-2.6695220470428467,-0.0543885800346821,0.1620659435276529,-0.8011602780325635,0.5735142744701244,-1.0388602018356323,1.1193170547485352,3.432968854904175,-3.240982155132293,3.26547596039772,-1.1838989648081362,0.0,0.0,0.0,0.0,0.0,0.0
2237,1.195687,-0.157815,0.187857,-0.48386,0.440936,-0.545758,0.523071,7.430785960566997,-1.468162335026264,-1.1712196621075273,2.0833229624740777,-8.977142126864194,-3.352774889144301,-0.1069836765527725,-0.8831083178520203,-3.757392883300781,-0.0244763053621466,0.2190472519739107,-0.7892795733156469,0.5731117579776593,-0.5613687634468079,1.5892308950424194,4.144837379455566,-4.23278077737391,1.62277889624238,0.0257622177660465,0.0,0.0,0.0,0.0,0.0,0.0
2238,1.152025,-0.158787,0.189642,-0.485093,0.430313,-0.545473,0.531014,5.92637391602993,-4.572693115708232,-1.172247836111486,3.3320033192723986,-8.496654027625917,-3.5881738368198275,-0.4756210148334503,-1.558114767074585,-4.274003505706787,0.0035980722068958,0.296786518604664,-0.77127408593816,0.5630639764186405,-0.8940239548683167,0.99637633562088,4.178020477294922,-6.929192529457807,0.5906500171780585,-0.2984087999485433,0.0,0.0,0.0,0.0,0.0,0.0
2239,1.073328,-0.162681,0.189727,-0.488062,0.408559,-0.543512,0.547238,4.236793520146608,-5.088807824122905,0.3909381766945123,4.500397110304236,-7.726905918926,-4.026383467777073,-0.6860907077789307,-1.3894509077072144,-4.367825984954834,0.0318789928331219,0.3793257116886089,-0.7492665982938161,0.5419367283316525,-2.081822872161865,0.6420725584030151,3.654715061187744,-4.493461758083105,-0.4402772310115396,0.3273498669464141,0.0,0.0,0.0,0.0,0.0,0.0
2240,1.039704,-0.160484,0.187339,-0.485228,0.397478,-0.546545,0.554846,2.5799837594866752,-5.307313796925545,1.3581822033941744,5.615967073643208,-6.71187781226635,-4.42515453005433,-0.7030028700828552,-0.515364408493042,-4.509656429290772,0.0702458176096587,0.4540861027208197,-0.720712084238742,0.5190813397915602,-2.162049531936645,0.2576793432235718,3.0591185092926025,-2.8570985731244085,-2.7211083864450454,1.3791373131394389,0.0,0.0,0.0,0.0,0.0,0.0
2241,1.00424,-0.157862,0.18627,-0.478514,0.389812,-0.553581,0.559124,0.4431979407638311,-6.580304272985458,1.1256383528888223,6.698705611482263,-5.484826080560684,-4.605909448872507,-0.6489996910095215,0.2713774442672729,-4.421555042266846,0.1212797457063912,0.5166960936669818,-0.6840037828645431,0.5004549613110185,-1.744801044464111,0.1723117232322693,2.4592230319976807,-1.144319087961316,-3.8771231728971,1.0240846888184547,0.0,0.0,0.0,0.0,0.0,0.0
2242,0.939519,-0.153321,0.185828,-0.467126,0.387076,-0.560827,0.563417,-4.917757429978251,-6.7561652822822325,1.3907137691646814,8.20634246328473,-2.918803334148228,-4.506317440263927,-0.6260390281677246,0.712042510509491,-3.2355759143829346,0.2237432594500947,0.603289284357764,-0.6048142566419432,0.4692340912171301,-1.040086030960083,-0.1461880207061767,1.8388357162475584,-0.3519727784842252,-5.856565051266551,0.920048560282588,0.0,0.0,0.0,0.0,0.0,0.0
2243,0.901141,-0.154403,0.186617,-0.464544,0.386762,-0.559414,0.56716,-6.700790016540885,-7.769888151562213,1.1166080742150544,8.604478442528844,-1.8681196844786403,-4.317805039186776,-0.8154257535934448,0.7888856530189514,-2.2127010822296143,0.2669778659816361,0.6250731603054881,-0.5739602232727885,0.4567011569617347,-0.5329240560531616,0.0495933108031749,1.7184642553329468,0.8350421263873576,-6.961884254226088,1.2553916910052298,0.0,0.0,0.0,0.0,0.0,0.0
2244,0.86038,-0.157749,0.18664,-0.464337,0.384591,-0.555908,0.572229,-7.7170637393474575,-8.550102709218859,1.060131569233537,8.848624468022585,-1.1462641576144843,-4.069194435499608,-0.9578596949577332,0.9267706274986268,-1.064515233039856,0.3026357311076825,0.6308749829345363,-0.5562984216415281,0.4482639353614962,0.3256514072418213,0.1233688816428184,1.5193415880203247,-0.571721444824338,-8.390591946220397,1.6890601714015006,0.0,0.0,0.0,0.0,0.0,0.0
2245,0.789204,-0.16577,0.181601,-0.465586,0.380993,-0.551038,0.578301,-8.3436074922055,-8.395138942000269,1.423327752521634,9.00635419282317,-0.8406434535257518,-3.788051096998154,-0.9836692810058594,0.8247359395027161,0.2313032299280166,0.3288170322364152,0.6211850262261347,-0.5543158164426017,0.4458056167097892,-0.0886275470256805,-0.2361031621694564,0.6270270943641663,-0.6008820728570222,-8.468139880803227,0.9911229149371384,0.0,0.0,0.0,0.0,0.0,0.0
2246,0.748069,-0.16931,0.177578,-0.464197,0.381521,-0.55447,0.575782,-7.333478848025202,-8.372845861649512,1.7240651415482162,9.0715184466511,-1.0369649939838796,-3.578074759870767,-0.2368394583463668,0.4457249045372009,1.3731043338775637,0.3370557007966598,0.601643579063633,-0.5660883667065133,0.4516218905921406,-0.5971893668174744,0.0087579935789108,-0.8440402150154114,0.2464782678335905,-8.182400446683168,1.271587039002776,0.0,0.0,0.0,0.0,0.0,0.0
2247,0.712254,-0.169267,0.174732,-0.460885,0.385165,-0.559501,0.571132,-6.192291043826938,-7.477981426984071,1.057051723396778,8.991711334964632,-1.7323627220332622,-3.5097616866230963,0.6481788754463196,-0.1720707863569259,2.263296842575073,0.3191459511005419,0.5807493616309256,-0.5845324864155756,0.4681856606963263,-0.1603794991970062,-0.212808221578598,-2.0876882076263428,-0.8762509196102619,-7.593384168186783,1.5961556777328252,0.0,0.0,0.0,0.0,0.0,0.0
2248,0.627923,-0.163344,0.166806,-0.450968,0.397826,-0.574803,0.554945,-2.093629983085394,-6.48235009471178,-1.5998364120721815,8.24373549761176,-3.9997640486598014,-3.4947251532718537,1.093274712562561,-0.3441335558891296,3.2788331508636475,0.2315387667522368,0.5296695882861712,-0.630580307447956,0.5178884386028225,1.8806804418563845,0.0919932797551155,-3.2151968479156494,-3.527144198578596,-5.50223431147933,0.8710743937551975,0.0,0.0,0.0,0.0,0.0,0.0
2249,0.593185,-0.159961,0.162288,-0.450653,0.398736,-0.580711,0.548357,1.0448989287883044,-5.0903457012146704,-1.7734467198327182,6.647222677004337,-6.300518194311857,-3.5054680810824035,0.2939475178718567,-0.2133060842752456,3.884400606155396,0.1329222347256032,0.4483523909620722,-0.6911651558186459,0.5510014846053669,2.5829052925109863,-0.8213902711868286,-3.407630920410156,-5.44712324963212,-1.84740495936051,-0.6995050172377377,0.0,0.0,0.0,0.0,0.0,0.0
2250,0.554132,-0.158914,0.159401,-0.457119,0.396647,-0.578062,0.547318,2.497874800598621,-2.863968458893895,-1.1449395579472184,5.592881381610035,-7.291337742388248,-3.424393725939095,0.282528817653656,0.2763439118862152,3.843780994415283,0.0877342287866072,0.3937098156617592,-0.7208245793140151,0.5636552790037324,2.400885581970215,-1.0420782566070557,-3.518350124359131,-4.569841817930341,0.0645481677561998,-1.965817257642746,0.0,0.0,0.0,0.0,0.0,0.0
2251,0.484021,-0.161443,0.162968,-0.471861,0.400908,-0.557143,0.553364,3.684480540147424,-1.4035165521144866,-1.5656979956269264,4.515809783491492,-8.067346665048598,-3.2704397202849385,0.0839249119162559,0.4861264526844024,3.516954183578491,0.0503109588594927,0.3352246081972847,-0.7445605987012435,0.5750850709488827,2.241645336151123,-1.13471519947052,-3.5311522483825684,-4.417237765580415,1.501684373138845,-3.151290193769336,0.0,0.0,0.0,0.0,0.0,0.0
2252,0.450775,-0.158924,0.167034,-0.478424,0.406829,-0.545041,0.555455,4.671477607326209,-0.844862678655982,-1.6248688542589544,3.4590813006997108,-8.573326932939887,-3.271572815968096,-0.4602674841880798,0.2307409942150116,3.146168231964112,0.0189006280152566,0.2805749472715914,-0.766864715682486,0.5769219221939609,2.0233914852142334,-1.1097973585128784,-3.3487935066223145,-3.803506732544303,2.751094359385967,-4.098490380349755,0.0,0.0,0.0,0.0,0.0,0.0
2253,0.417099,-0.154412,0.170284,-0.480248,0.418354,-0.537732,0.552437,5.777312650853395,-0.7539613415032624,-0.4552309083849191,2.426269261676818,-8.843643172478675,-3.47470118689686,-0.6712075471878052,0.0072097391821444,2.8842580318450928,-0.0108665834256584,0.2328555712039382,-0.7892646822009173,0.5680856873421767,1.5234397649765017,-1.1007797718048096,-3.008631467819214,-3.3705946234732864,3.828413210263848,-4.812613632461428,0.0,0.0,0.0,0.0,0.0,0.0
2254,0.364255,-0.147261,0.169532,-0.471805,0.437972,-0.541138,0.541064,6.83149787890315,0.3081318831920623,0.6456126104652882,1.4606702257052062,-8.978433920240402,-3.663952131381631,-0.3976968228816986,0.2158840298652649,2.58891224861145,-0.0380340085659613,0.1883597248932822,-0.8070503026096514,0.5583402447357783,0.9778496623039246,-1.0228792428970337,-2.659250497817993,-2.664184722217917,4.615148109599947,-5.242314962792396,0.0,0.0,0.0,0.0,0.0,0.0
2255,0.330426,-0.14889,0.165165,-0.468383,0.435183,-0.547301,0.540089,7.92409437841177,0.934390389367938,0.640698534938693,0.662560238134861,-9.039063453248144,-3.745229607881605,-0.1304647624492645,0.3698519468307495,2.082402229309082,-0.0579713429320308,0.1468844665230803,-0.8181555649154995,0.5528886147000363,0.3678356111049652,-0.6649496555328369,-1.9838860034942627,-2.099093509188294,5.1773804260671135,-5.453344900625944,0.0,0.0,0.0,0.0,0.0,0.0
2256,0.303981,-0.151982,0.159846,-0.46784,0.424903,-0.553717,0.5422,8.747128087097407,1.127705806812644,0.3667506608992815,0.0639829122559866,-9.075259386745095,-3.715641109825672,0.3182445466518402,0.1639824211597442,1.4847575426101685,-0.0729651940982165,0.1145174703714992,-0.8223932911491605,0.5524773339474139,0.0217647403478622,-0.2992883026599884,-0.929167866706848,-2.873962614163756,5.445101388415694,-5.761812299382687,0.0,0.0,0.0,0.0,0.0,0.0
2257,0.235489,-0.160141,0.151489,-0.464794,0.40663,-0.563425,0.54879,9.18116130915284,2.337690668383241,-0.158027538703382,-0.3630174291877076,-9.145452282389998,-3.5212612780198453,0.6702571511268616,-0.0836656838655471,0.8720191121101379,-0.086774679679362,0.0939511584761751,-0.8189673588375621,0.5594065478489108,-0.8174900412559509,-0.1431662440299987,0.1271684914827346,-3.109346656531095,6.057737611952423,-6.259040521019696,0.0,0.0,0.0,0.0,0.0,0.0
2258,0.208113,-0.16413,0.150361,-0.456733,0.406104,-0.569769,0.549398,10.497802710890769,1.7231377975702284,-1.268666183120012,-0.5576757856739685,-9.22432123644352,-3.2819624002963304,0.5776415467262268,-0.0580001361668109,0.0478682927787303,-0.0949489143428995,0.0856095534369609,-0.8124066207687111,0.5689035021846892,-1.6813416481018066,0.6155573725700378,1.040441393852234,-2.83751416721046,5.876638702002167,-5.552145466595888,0.0,0.0,0.0,0.0,0.0,0.0
2259,0.172527,-0.167027,0.14965,-0.449548,0.405809,-0.57747,0.547499,9.99520390213132,2.558289814072847,-1.1934534134864807,-0.3850280393352732,-9.300062413865328,-3.087229809530079,0.5104635953903198,0.174910619854927,-0.9234785437583924,-0.0899565439560066,0.0913643859514578,-0.8056410300943331,0.5783623014880938,-2.084904670715332,0.7345679998397827,1.855983018875122,-4.564760569143295,5.274742483666539,-4.760926992104947,0.0,0.0,0.0,0.0,0.0,0.0
2260,0.104028,-0.165692,0.147649,-0.435649,0.402918,-0.590392,0.547088,8.490563309535384,3.2791315607845783,-1.1891902030840515,0.1545999936738051,-9.356065456116198,-2.9343741205066443,0.2923131883144378,0.164066195487976,-1.8599680662155151,-0.0715427641108867,0.1106185246652926,-0.7983576843112187,0.5875970716333513,-1.6563340425491333,0.97584331035614,2.501798629760742,-3.169659963196516,4.22093719484508,-2.020011789166927,0.0,0.0,0.0,0.0,0.0,0.0
2261,0.066288,-0.163819,0.146938,-0.430803,0.400058,-0.592393,0.550848,7.6846818111807105,1.644579224640131,-1.6803960956916213,1.0347011407051234,-9.322483504509924,-2.8620018349960445,0.1100287213921547,-0.2074901610612869,-2.842519998550415,-0.0438526876188646,0.1472840129577256,-0.790081578998081,0.5934267842838262,-0.943159520626068,1.4732669591903689,3.107797622680664,-2.552499540233612,3.5862954757273195,-0.9017486412212252,0.0,0.0,0.0,0.0,0.0,0.0
2262,0.029439,-0.162059,0.144847,-0.428889,0.390874,-0.5928,0.558444,7.280863110125065,-2.27978383833766,-2.524666069151461,2.1772809107184408,-9.113474843370916,-2.8938614928543567,-0.0530743822455406,-1.1006017923355105,-3.681703805923462,-0.0146577617887228,0.2062544965997174,-0.7778206489167929,0.5934975844619667,-0.8882544636726379,1.5249921083450315,3.836824417114258,-6.476726409611105,2.0876947478175163,-1.2411357866376638,0.0,0.0,0.0,0.0,0.0,0.0
2263,-0.024441,-0.158646,0.13535,-0.419076,0.368616,-0.601532,0.571539,5.779379520255327,-4.130720917347073,-2.0620205005958674,3.369165175192058,-8.651773277667164,-3.156889913472533,-0.4718683958053589,-2.0208773612976074,-4.03585958480835,0.0079339398342347,0.2846649068973147,-0.761526411923263,0.5822203703669125,-1.5384242534637451,0.8063143491744995,3.9453916549682617,-6.884177914211153,0.6664741967082023,-0.2756921604234725,0.0,0.0,0.0,0.0,0.0,0.0
2264,-0.051259,-0.15826,0.128953,-0.408929,0.357886,-0.609674,0.577055,4.749150045071542,-4.203131489041447,0.0048877720415592,4.457602801455557,-7.899707540652155,-3.727572078377008,-0.8882355690002441,-2.100627183914185,-4.391111373901367,0.027631341749043,0.3718223128304411,-0.7428333901120545,0.5560425168822452,-1.9476099014282229,0.509489119052887,3.559968948364258,-4.162852670145035,-0.9860893046841024,1.923340636441112,0.0,0.0,0.0,0.0,0.0,0.0
2265,-0.066981,-0.157161,0.120201,-0.399148,0.342404,-0.618933,0.583405,3.397056513941288,-5.8351183586120605,1.2455699696928262,5.563393421319127,-6.806865541949867,-4.34576184438765,-1.1301684379577637,-1.025221586227417,-4.865641117095947,0.0623570067892247,0.4560737818744084,-0.7166372170861598,0.5239651918834264,-1.5073776245117188,0.2482157498598098,3.107062339782715,-2.0313369007796047,-2.8834380062565206,2.1904747388124464,0.0,0.0,0.0,0.0,0.0,0.0
2266,-0.117941,-0.155042,0.101909,-0.381473,0.307567,-0.631874,0.600513,-0.2342494853794574,-7.3295146205693475,1.6351976483106612,6.711313164120912,-5.388035685369372,-4.700822944276035,-1.2377768754959106,0.3950024247169494,-4.818183898925781,0.1198545900080642,0.5254092793821912,-0.6808967345633365,0.4959431623771613,-0.978350818157196,0.403733342885971,2.673732280731201,-1.273875442200899,-3.5521474146708845,1.3822773647308348,0.0,0.0,0.0,0.0,0.0,0.0
2267,-0.128121,-0.156629,0.092454,-0.371528,0.295211,-0.636843,0.607658,-5.494437373992801,-6.736620039334893,2.028523012402653,8.199138230994343,-2.833452909120917,-4.573410616327822,-0.8683629035949707,0.8650082945823669,-2.273789882659912,0.2334755166761027,0.5954982714121242,-0.6152729942388848,0.4607713376389898,-0.6425232887268066,-0.0574321039021015,2.05417275428772,-0.8326292200267315,-5.999949439850449,1.5561714578688144,0.0,0.0,0.0,0.0,0.0,0.0
2268,-0.151271,-0.159085,0.083522,-0.361713,0.285542,-0.64128,0.613507,-6.267394507867097,-7.267763974577188,1.8122379305198788,8.528567753759026,-2.069322932563722,-4.3762782709434624,-0.915627419948578,0.7900313138961792,-1.3208949565887451,0.2708557289554892,0.6052841572042078,-0.5972932200322588,0.4511197837795828,-0.1560412049293518,0.1374581903219223,1.8007726669311523,0.8560603644967079,-7.212657004383206,2.352307807278633,0.0,0.0,0.0,0.0,0.0,0.0
2269,-0.18589,-0.163296,0.062939,-0.348032,0.26362,-0.646659,0.625468,-6.313966873949766,-7.882679248961806,1.892246409997344,8.732558294475078,-1.6200564855411648,-4.157908491741121,-0.9630443453788756,0.8737308382987976,-0.4166516661643982,0.2993784809937781,0.6026904430110636,-0.5905578376295074,0.4453965815016677,0.7226477265357971,0.2809997498989105,1.4849704504013062,-0.2427589550495147,-8.630513632017374,2.8263819478213787,0.0,0.0,0.0,0.0,0.0,0.0
2270,-0.203816,-0.165357,0.050874,-0.339889,0.255811,-0.651318,0.628348,-6.873540200340748,-7.554572499233484,2.3308722205400465,8.879282641136646,-1.4407421209201217,-3.90550872490406,-1.0973559617996216,0.9133220314979552,0.3662508726119995,0.3228220607878116,0.5884521802268204,-0.5940114095110138,0.4434641306372175,0.1223419457674026,-0.3086953461170196,0.5958440899848938,-1.1067302388012408,-8.376943360096215,1.8562451222896568,0.0,0.0,0.0,0.0,0.0,0.0
2271,-0.227359,-0.167067,0.037633,-0.329875,0.251423,-0.658007,0.628487,-6.254245687958598,-7.6328329659998415,2.494858959908784,8.940838641339539,-1.6035481260716915,-3.695999420766532,-0.3912966549396515,0.5001966953277588,1.2536627054214478,0.3337964991001518,0.5669721838644153,-0.6057937563893572,0.4473660062660451,-0.9799505472183228,-0.2265646159648895,-0.8457909226417542,-0.2430260815531015,-8.043955268067121,1.8046809392690657,0.0,0.0,0.0,0.0,0.0,0.0
2272,-0.25624,-0.162015,0.008455,-0.310341,0.246904,-0.670952,0.626539,-5.43319000134766,-6.488813737767934,1.9397154326587915,8.863630313974618,-2.158144833093881,-3.5984479780748484,0.3092037737369537,-0.0216597467660903,1.8623276948928835,0.3231895571086511,0.5451481416524816,-0.621516930088533,0.4605199516037201,-0.6803414821624756,-0.4960377812385559,-2.060974359512329,-1.2560235591679811,-7.509985169488191,2.1027707363963124,0.0,0.0,0.0,0.0,0.0,0.0
2273,-0.281449,-0.15941,-0.007811,-0.301517,0.240405,-0.677111,0.626748,-2.398326631131768,-6.23439941623807,-0.6304436829060316,8.14186794528663,-4.024904627396166,-3.698723000511527,0.764569103717804,-0.5853962898254395,2.9288463592529297,0.2500933088976287,0.5001908176538623,-0.6621114187016236,0.4988698246387018,2.2658724784851074,-0.2032260000705719,-3.068871021270752,-3.026390140902996,-5.909406999137997,1.321019470691681,0.0,0.0,0.0,0.0,0.0,0.0
2274,-0.301267,-0.154119,-0.023409,-0.293662,0.230087,-0.68228,0.628742,-0.3125818483382463,-5.847833463278413,-0.921253259897232,7.479624518015981,-5.093368848428129,-3.779312202486396,0.4667368233203888,-0.4524557590484619,3.351480484008789,0.2051224478528398,0.4657618400307701,-0.6897515518757347,0.5150082467920267,2.75279188156128,-0.7382075190544128,-3.187904119491577,-4.827444706368446,-4.186531944157183,0.171349066563975,0.0,0.0,0.0,0.0,0.0,0.0
2275,-0.339921,-0.145103,-0.054547,-0.271817,0.210414,-0.691851,0.634968,1.4290128124207258,-4.339345547604561,-1.2666589349508284,6.66877575264275,-6.161024383425712,-3.706695879086852,0.707653284072876,-0.0426684953272342,3.4849600791931152,0.1603970760977522,0.421923583873583,-0.7148212213259196,0.5341197444198039,2.837467908859253,-1.0093544721603394,-3.3018453121185303,-4.985286659371853,-2.077505800627917,-0.9969546898305416,0.0,0.0,0.0,0.0,0.0,0.0
2276,-0.352691,-0.146593,-0.067298,-0.262667,0.203109,-0.694611,0.638176,3.4522014780580994,-1.116730239289999,-1.6707865558251738,4.95024807921648,-7.80945093114376,-3.267703281058371,0.7986059784889221,0.2431218177080154,2.7364182472229004,0.0852036987100213,0.3305731479709364,-0.7465439637637483,0.5710812273150655,2.4550085067749023,-1.4502909183502195,-3.2745048999786377,-5.189820805445313,0.6939011328160762,-3.3708392458841203,0.0,0.0,0.0,0.0,0.0,0.0
2277,-0.370214,-0.149253,-0.078767,-0.255697,0.193395,-0.692252,0.646532,3.6877909798696633,0.0355102893203496,-1.895168434923887,4.145288664142787,-8.373916121229529,-2.977330634179711,0.7728714942932129,-0.0102208722382783,2.358416080474853,0.0529192637613207,0.2918399331973856,-0.7527490054053112,0.5877056622025792,1.9723187685012813,-1.5195056200027466,-3.151313304901123,-4.308658148396015,2.008533532819152,-4.451628695482016,0.0,0.0,0.0,0.0,0.0,0.0
2278,-0.40074,-0.147667,-0.106411,-0.247065,0.153,-0.686731,0.666297,4.047869907920062,0.6168558870583772,-1.6386065799713134,3.371910674507916,-8.784824488285183,-2.7617858492702245,0.7288591861724854,-0.4579495191574096,2.0262999534606934,0.0195367116833526,0.2623419146929557,-0.7562992828024445,0.5990045465257938,1.3099673986434937,-1.4874026775360107,-2.935542106628418,-3.377985902768373,3.190799781858921,-5.322500844663382,0.0,0.0,0.0,0.0,0.0,0.0
2279,-0.41065,-0.145473,-0.118987,-0.230206,0.140115,-0.693663,0.667986,4.459802941848338,1.100878005641699,-1.2882792306065558,2.6249390457615256,-9.101252490657568,-2.539151398360729,0.9670650362968444,-0.7357064485549927,1.8134551048278809,-0.016984682961933,0.2410473194939778,-0.7558815221013925,0.608482429448558,0.2243098616600036,-1.408289074897766,-2.510615110397339,-2.601875273299217,4.4507372996002434,-6.11099047871232,0.0,0.0,0.0,0.0,0.0,0.0
2280,-0.419592,-0.144183,-0.130652,-0.209921,0.130016,-0.702147,0.667846,4.891300800207257,1.2080717214256524,-1.4968423399351536,2.0807637795105576,-9.30421368832588,-2.2961717862978577,1.184074640274048,-0.7907457947731018,1.7413758039474487,-0.0457286150117706,0.2276218792741445,-0.7518380541476775,0.6171196629743473,-0.4663974642753601,-1.0295594930648804,-1.894084334373474,-1.7940888181060552,5.354840102732181,-5.860199023854732,0.0,0.0,0.0,0.0,0.0,0.0
2281,-0.434007,-0.145017,-0.160318,-0.182029,0.090875,-0.711627,0.672454,5.886527058809995,1.1098282048165795,-2.271989531199634,1.3725427371799943,-9.527391160070897,-1.8749172356642785,1.3127775192260742,-0.7595375180244446,1.671077013015747,-0.0842190151253107,0.2102364505975936,-0.7425596355153998,0.6303276310248039,-0.7647218704223633,-0.3744843006134033,-0.8310956954956055,-2.241847198653221,5.73804505482614,-5.94746521937549,0.0,0.0,0.0,0.0,0.0,0.0
2282,-0.445114,-0.145985,-0.174255,-0.169389,0.071134,-0.714454,0.675132,7.137992516282201,1.2049223174840211,-2.937106760340929,0.7160366114523261,-9.679498368814588,-1.4017846137553454,1.2746020555496216,-0.5336031913757324,1.5074431896209717,-0.119530058056134,0.1924889014315983,-0.7310397694905428,0.6436159771425712,-1.162215232849121,-0.1879368424415588,0.0884350836277008,-3.408781438526511,6.080002635252475,-6.398951096013188,0.0,0.0,0.0,0.0,0.0,0.0
2283,-0.452148,-0.146319,-0.190421,-0.152148,0.056552,-0.718903,0.675892,7.914169196724891,2.853631773796677,-3.1263737791776656,0.1836195875342935,-9.7588098059386,-0.9499048424292356,1.0190114974975586,0.0406788140535354,1.115523099899292,-0.1450445365488757,0.173420753181142,-0.7199700756889644,0.6561482267634164,-1.4227380752563477,0.6278606057167053,0.778647780418396,-2.0108704513341187,5.939786939832568,-5.351565611106157,0.0,0.0,0.0,0.0,0.0,0.0
2284,-0.474881,-0.146067,-0.213392,-0.116989,0.037371,-0.727515,0.67501,9.15562997753322,2.8528187038481234,-3.745262048846483,-0.0581127689804183,-9.783134684377908,-0.6762297939818352,0.3744805455207824,0.7045062780380249,0.1051035970449447,-0.1504065834746731,0.1569230471226665,-0.7140401109159397,0.6655071313397789,-0.9711354970932008,0.9748506546020508,1.4611995220184326,-3.773686763820052,5.283800234869122,-4.0854157947212455,0.0,0.0,0.0,0.0,0.0,0.0
2285,-0.48911,-0.145603,-0.224595,-0.10231,0.029672,-0.730841,0.674184,8.000001560050249,3.3541333180159327,-3.804572315949201,0.1208315156526397,-9.786006440421938,-0.6244017723932862,-0.116870142519474,1.0298868417739868,-0.8654894232749939,-0.1323547264411292,0.149891228007867,-0.7137003931701651,0.6713022135335195,-0.5783570408821106,1.388849854469299,2.135708808898926,-2.915304093855619,4.616062301835417,-2.490990301781893,0.0,0.0,0.0,0.0,0.0,0.0
2286,-0.504044,-0.145112,-0.236033,-0.088165,0.023286,-0.735556,0.671299,7.730867223772406,1.2592770080059763,-4.941052380847931,0.6455461941655725,-9.754202019882202,-0.7804914749018848,-0.7987788915634155,0.4115553796291351,-1.740703821182251,-0.1024008796140469,0.1586223033051473,-0.7173792270191804,0.6706116148719825,-0.3418595492839813,1.998934864997864,3.095577478408813,-4.985490072989464,3.347829249435663,-2.261707498899102,0.0,0.0,0.0,0.0,0.0,0.0
2287,-0.533407,-0.146098,-0.258025,-0.064806,0.010644,-0.745458,0.663309,7.268977442020177,-0.8092202873885631,-4.672579138827324,1.492902662398666,-9.603910920649769,-1.3063416876502334,-1.9369752407073968,-0.5090186595916748,-2.639411687850952,-0.0697089891339205,0.1937308942628015,-0.7273742049320172,0.6546264683438656,-0.699357271194458,1.3023957014083862,3.57195782661438,-6.726381553915143,2.1547399930864573,-1.2983195631057023,0.0,0.0,0.0,0.0,0.0,0.0
2288,-0.548921,-0.145383,-0.268359,-0.058326,0.00476,-0.745629,0.663787,6.443094773644209,-2.5843974842756987,-2.3334464549422265,2.5725711451426148,-9.186246065071224,-2.272698410121351,-2.8127551078796387,-0.7200362682342529,-3.3628978729248047,-0.0307303824784025,0.2488413063142795,-0.7442804426115404,0.6190156071735777,-1.412028193473816,1.3627525568008425,3.4792251586914062,-4.3002936401546,1.1166916608452797,0.6107850427120923,0.0,0.0,0.0,0.0,0.0,0.0
2289,-0.563296,-0.143654,-0.277277,-0.052968,0.002043,-0.743672,0.66644,4.865215049575269,-4.1087259431600565,0.2600578803747892,3.83770740057081,-8.38137345149815,-3.3458839605867863,-2.810595989227295,-0.056268461048603,-4.056529998779297,0.0231168826353326,0.3106561100166674,-0.7576842249311497,0.5734744017809725,-1.551366686820984,0.8721878528594971,3.158005714416504,-3.483728250700235,-0.4011263932317495,2.090878638550639,0.0,0.0,0.0,0.0,0.0,0.0
2290,-0.579238,-0.137888,-0.290656,-0.028549,-0.009983,-0.743065,0.668535,1.902682463815808,-4.809056816762686,1.3453291515618562,5.222610729891062,-7.257718965902924,-4.027433561351895,-2.115451097488404,1.0382744073867798,-4.234090805053711,0.093432548852955,0.3658872543248794,-0.755955347451897,0.5347226611413962,-1.7609622478485107,0.5832734107971191,2.891862154006958,-2.297092116013169,-1.396571409151703,1.5567922201156614,0.0,0.0,0.0,0.0,0.0,0.0
2291,-0.584741,-0.136969,-0.297622,-0.014897,-0.020962,-0.746072,0.665368,-0.1890197660773992,-6.839820886090397,0.3824348445042967,6.54083560142815,-5.979481821361183,-4.1992409113436935,-1.556264877319336,1.4949190616607666,-4.042275428771973,0.1703667565913182,0.4095235738529886,-0.739183426209503,0.5068267640168551,-1.7955127954483032,0.2953565716743469,2.718329906463623,-3.021619273239374,-2.9555288444772363,1.4402771337568758,0.0,0.0,0.0,0.0,0.0,0.0
2292,-0.588343,-0.136382,-0.305351,-0.005843,-0.031125,-0.747134,0.663919,-3.435531498286128,-6.922897813227772,0.1306815588772296,7.576303269526362,-4.701699727110564,-4.08216117683947,-1.202226638793945,1.2760025262832642,-3.3146817684173584,0.2397089344606448,0.4438956325178267,-0.7149048612188323,0.4841563313481455,-1.8124322891235352,-0.0379866063594818,2.535356283187866,-2.5727590689301487,-4.623893433852493,1.6424913124501703,0.0,0.0,0.0,0.0,0.0,0.0
2293,-0.599766,-0.134484,-0.317618,0.004604,-0.042592,-0.741629,0.669441,-4.432692524343729,-6.5784408172011375,0.4659843575894832,8.212688032919168,-3.6214565132185816,-3.95059552860409,-1.030406832695007,0.798744797706604,-2.5039331912994385,0.2910118895833167,0.4686290172300864,-0.6941261832707545,0.4624800560377365,-1.2932456731796265,-0.2762855589389801,2.307250499725342,-1.1742016005277631,-6.119892747092247,2.0761270596206187,0.0,0.0,0.0,0.0,0.0,0.0
2294,-0.605074,-0.13272,-0.323505,0.010421,-0.044399,-0.738515,0.672693,-5.196807011070847,-6.635282063841819,0.593118453118205,8.60974323118925,-2.697764627997577,-3.842499018761516,-0.933616816997528,0.5291087031364441,-2.066887140274048,0.3303071474768257,0.4880351234623375,-0.6765608909392195,0.4415703207233521,0.2879554033279419,-0.1287566125392913,2.057854413986206,0.3040326311796903,-8.232742978954315,2.9341005642622706,0.0,0.0,0.0,0.0,0.0,0.0
2295,-0.609707,-0.131767,-0.328188,0.015134,-0.045478,-0.73631,0.674945,-5.945186753049493,-7.770332972720265,0.9689403092235326,8.837679880160092,-1.9513225760832429,-3.775992118152976,-0.8740021586418152,0.4198518395423889,-1.3745537996292114,0.3603201825322207,0.5010771679766091,-0.6644122907145105,0.4214822369887487,1.2633624076843262,-0.0156563743948936,1.406433343887329,0.2072644478201866,-8.61476368969977,2.696102540004253,0.0,0.0,0.0,0.0,0.0,0.0
2296,-0.465457,-0.111643,-0.405852,0.030156,-0.058301,-0.732623,0.677462,-7.171564531016349,-6.743361914810538,1.623717053875327,8.97260097630322,-1.507206643691659,-3.659385846379399,-0.5218249559402466,0.5035555958747864,-0.5327554941177368,0.3814523486317466,0.5045886317409092,-0.6572420208011069,0.4097770061920846,0.8123986721038818,-0.3068287372589111,0.600795328617096,-0.0282353298813104,-8.065428264206647,2.0679659649968145,0.0,0.0,0.0,0.0,0.0,0.0
2297,-0.451099,-0.109627,-0.416534,0.033958,-0.058035,-0.732444,0.677498,-7.525172217226028,-7.481537073639035,0.9661910105153918,9.040403761941194,-1.4488349726133047,-3.513172371849417,-0.1451901942491531,0.3473804593086242,0.5241912007331848,0.3909576195187483,0.498828007434516,-0.6559668908278292,0.4099149556874636,0.3001923859119415,-0.3218234479427337,-0.6391767263412476,-0.3514794420093298,-7.826208589199185,2.5068226616859435,0.0,0.0,0.0,0.0,0.0,0.0
2298,-0.449054,-0.109232,-0.419856,0.038484,-0.055703,-0.732826,0.67704,-6.931953226342797,-7.408727858015895,0.5298366520360112,8.977647738298772,-1.8581790129616853,-3.481288456332684,0.235319897532463,-0.2406831085681915,1.769964575767517,0.3825462840971019,0.4833286255056992,-0.666250513961917,0.4197165020536778,0.3467215299606323,-0.5767989754676819,-1.6414064168930054,-1.0899427701294422,-7.227687984776496,1.4597785375624894,0.0,0.0,0.0,0.0,0.0,0.0
2299,-0.445691,-0.106241,-0.432887,0.043426,-0.043493,-0.731637,0.678918,-4.455356191572546,-6.251721137917041,-0.1717450984105467,8.696684432539344,-2.7251880569741127,-3.620969314223528,0.5492512583732605,-0.7291420698165894,2.6631956100463867,0.3520752583240193,0.4600163063822478,-0.6877521742753204,0.43752139078352,1.2063366174697876,-0.963260054588318,-2.354980945587158,-2.6877117282778022,-6.720231214591861,1.1971359013915062,0.0,0.0,0.0,0.0,0.0,0.0
2300,-0.445521,-0.104837,-0.435022,0.048151,-0.041123,-0.731491,0.678904,-2.063395003819465,-4.3159272626161576,-0.8465367493480443,8.234899864727257,-3.761959793408215,-3.7688857932791113,0.6604973077774048,-0.5063198804855347,2.834477186203003,0.3121602192194972,0.4311082933279771,-0.7115513626655303,0.4586899083489095,1.6893573999404907,-0.8803465366363525,-2.924107551574707,-1.4255851760596037,-4.865782620330155,0.2085450987478718,0.0,0.0,0.0,0.0,0.0,0.0
2301,-0.445449,-0.103301,-0.444033,0.048793,-0.039599,-0.732878,0.677452,-0.6674918493181466,-3.818102244129777,-2.6450457219839096,7.712879147139191,-4.73234007230699,-3.779794140784442,0.306030124425888,-0.2141275107860565,2.731680393218994,0.2769453379387507,0.3970680274744739,-0.731473067794679,0.4801931152584516,2.400631666183472,-1.0162540674209597,-3.2274169921875,-4.112515983092784,-3.574661152034998,-0.6701279699753969,0.0,0.0,0.0,0.0,0.0,0.0
2302,-0.445147,-0.104138,-0.447281,0.054963,-0.039955,-0.731665,0.67827,0.2734270650357008,-3.88644863512516,-3.167438487754762,7.146801845681667,-5.510194330573082,-3.83814491520524,-0.4799064397811889,0.0500409603118896,2.6546103954315186,0.2496824520943514,0.3585032826583416,-0.7531044574262559,0.4919021360555018,2.426055669784546,-1.3500862121582031,-3.2268786430358887,-5.1188066565454005,-2.1563357378453016,-2.210932420429588,0.0,0.0,0.0,0.0,0.0,0.0
2303,-0.44588,-0.10496,-0.454858,0.0486,-0.047062,-0.730657,0.679384,0.1989946321249008,-2.5267799925655123,-1.8755828599661588,6.569262654489278,-6.150404205211997,-3.897136910139024,-0.8898866772651672,0.7834924459457397,2.8510231971740723,0.2336380052499211,0.3089948605231188,-0.7766729390544053,0.4967036434034513,2.089531421661377,-1.462498664855957,-3.1289315223693848,-4.058388087064028,-0.645802141688019,-3.335173473741114,0.0,0.0,0.0,0.0,0.0,0.0
2304,-0.446655,-0.105967,-0.459711,0.043302,-0.053197,-0.729383,0.680659,0.5816770216494799,-1.2915724269330502,-1.514780293816328,5.981877192065119,-6.718378864723444,-3.905242767444253,-1.1790928840637207,1.1101449728012085,2.9254775047302246,0.2264345531545508,0.2486464637023331,-0.7983025157577504,0.4996152760415712,1.6613600254058838,-1.3160747289657593,-2.9515631198883057,-2.88467923848927,0.6437009316250681,-4.154662057165801,0.0,0.0,0.0,0.0,0.0,0.0
2305,-0.447561,-0.106978,-0.463207,0.043574,-0.053357,-0.728337,0.681748,1.4241665414333342,-1.0322674107521772,-0.8439379650264978,5.324041059842705,-7.170716974276304,-4.050408778747916,-1.4055306911468506,0.7799559831619263,2.912602663040161,0.2187419908553247,0.1859131790371185,-0.819725359060081,0.4956194539204971,1.4852476119995115,-1.0584274530410769,-2.5528042316436768,-2.353801845228672,1.33050479965657,-4.796394903588295,0.0,0.0,0.0,0.0,0.0,0.0
2306,-0.447885,-0.107087,-0.464727,0.043873,-0.054016,-0.728166,0.681859,2.8313708421498536,-1.372847857606411,0.3376765421062708,4.578233506439626,-7.509489494925737,-4.337938018894195,-1.271672248840332,0.4067352712154388,2.8344662189483643,0.2044005631407367,0.1269188622310308,-0.8396814244094192,0.4868747795846068,1.4776370525360107,-0.9182868599891664,-1.9263319969177248,-2.8305262080192564,1.5978528370395302,-5.6188703938692806,0.0,0.0,0.0,0.0,0.0,0.0
2307,-0.447889,-0.107179,-0.466472,0.040327,-0.056355,-0.729519,0.680441,4.815960312540829,-0.2084738236099481,1.954019267821312,2.948286033742129,-8.056310307249426,-4.75119441038072,-0.3337947428226471,0.2233890146017074,2.65496826171875,0.1627516218284351,0.0210988322411789,-0.8612771537887359,0.4809037259535131,0.0049905534833669,-0.5581150054931641,-1.3336691856384275,-1.4462977092206477,3.3191894304066896,-6.894213570535182,0.0,0.0,0.0,0.0,0.0,0.0
2308,-0.447442,-0.107719,-0.473613,0.027777,-0.064427,-0.731995,0.677688,7.2146274276733395,0.1869260086685419,1.879668667975068,1.5994766388490795,-8.476251875588297,-4.665323468610644,0.3018799126148224,0.815034806728363,1.7213029861450195,0.1326618085586886,-0.0648713528495143,-0.8565378014069878,0.494505453176237,-1.0600515604019165,0.3085846602916717,-0.7632589936256409,-2.693967866063118,3.625558395579457,-6.371598978707194,0.0,0.0,0.0,0.0,0.0,0.0
2309,-0.447193,-0.108252,-0.475062,0.023491,-0.069222,-0.732132,0.677229,2.907994063103198,3.629624914366007,0.4666968897730111,1.863949559187144,-8.740199164617062,-4.0379482333645225,0.3589561581611633,2.3178672790527344,0.1532267332077026,0.2081673810481731,-0.1535840988405516,-0.8260084696429271,0.5007877811986581,0.5456399321556091,1.5179040431976318,0.7905211448669434,0.0809726483345031,3.0674177323400973,-1.8790347539857029,0.0,0.0,0.0,0.0,0.0,0.0
2310,-0.448587,-0.107812,-0.476689,0.026236,-0.069983,-0.730533,0.678775,3.998369087170064,2.9182155973881483,-1.5267057094097136,2.297034540607035,-8.767549528357385,-3.744877141182125,0.2368748933076858,1.9464837312698364,-0.8045092821121216,0.2475582614717519,-0.169434607832813,-0.8137736194536896,0.4977744059279096,1.466770887374878,2.65435004234314,0.8990457057952881,0.8088730813860893,1.4850491724193096,0.0356365460485219,0.0,0.0,0.0,0.0,0.0,0.0
2311,-0.450605,-0.108285,-0.474048,0.033957,-0.066885,-0.725087,0.68456,4.377267866502702,-0.4162234245985746,-1.9904402422457927,3.5514293295294044,-8.43558727224469,-3.521161032515764,-0.262238472700119,0.5424292087554932,-1.7183210849761963,0.3108272397899109,-0.1498218616091479,-0.8106063488103276,0.4731353932796043,-0.305984616279602,1.154292345046997,0.6375648975372314,-3.6632115421473976,-0.753671418645978,2.6555519184291363,0.0,0.0,0.0,0.0,0.0,0.0
2312,-0.450343,-0.10897,-0.478991,0.031895,-0.070494,-0.722484,0.687044,5.253774514439701,-0.830768686851859,-0.7291907651230692,4.394857299207151,-8.054711055359244,-3.460811485493183,0.0575365908443927,1.0777579545974731,-2.8818185329437256,0.342652907301205,-0.1204892812478203,-0.8135936444799776,0.4540226857124894,-0.2296128869056701,0.9140551686286926,0.3331559598445892,-1.873794222983718,-1.784828237807751,4.435368465554714,0.0,0.0,0.0,0.0,0.0,0.0
2313,-0.450088,-0.10989,-0.482164,0.027656,-0.076674,-0.721004,0.68812,2.490643095779419,-2.9282658667594195,-1.5559601532056926,5.607745188742876,-7.431445885780453,-3.0817589769035574,0.2354778051376342,1.914248824119568,-3.4607856273651123,0.3971165143564355,-0.0800075065234629,-0.8066751402828299,0.4303169621345378,0.4640718698501587,0.6920489072799683,-0.0791407376527786,-0.385491017204523,-2.519349258042872,4.312354664826393,0.0,0.0,0.0,0.0,0.0,0.0
2314,-0.447503,-0.11012,-0.48388,0.029099,-0.081062,-0.721027,0.687533,0.8875947359234094,-3.844879191896319,-1.7523790896236895,6.793303465065359,-6.608205256345868,-2.520522101214528,0.1468875110149383,2.104403257369995,-3.222883701324463,0.4583608345421933,-0.0411474335821997,-0.7917182258767808,0.4017392918736613,0.7521475553512573,0.5229830741882324,-0.4790616333484649,-0.07861001085639,-2.048761498311162,3.085821404036879,0.0,0.0,0.0,0.0,0.0,0.0
2315,-0.446361,-0.109912,-0.483957,0.031281,-0.081688,-0.720939,0.687456,1.2375614352822304,-4.016201973241567,-0.6210265968717634,7.719746694821119,-5.779674703809619,-1.780807457859069,0.3504304587841034,2.7921221256256104,-2.6308672428131104,0.5178298346858649,-0.0116555525658686,-0.7685441181169758,0.3755748156013377,0.6178824305534363,0.0875780284404754,-0.8626312017440796,-0.0978916344314813,-1.2361451387435196,1.633820660869032,0.0,0.0,0.0,0.0,0.0,0.0
2316,-0.444221,-0.109916,-0.486795,0.031955,-0.086874,-0.720038,0.687733,2.639816589158773,-3.8006729704231024,-0.7086954549092799,8.401494448506831,-5.006248783379793,-0.7230378685165196,0.4868782758712768,2.9637997150421143,-2.4620962142944336,0.5805720714753334,0.008432049868856,-0.7326619759126635,0.3550655988803548,0.6489875912666321,-0.0814479067921638,-1.2020124197006226,0.5371124882578849,-2.87533565608263,1.8671312579631805,0.0,0.0,0.0,0.0,0.0,0.0
2317,-0.440561,-0.110533,-0.488492,0.032766,-0.091282,-0.720607,0.686527,2.205109997886419,-3.352356079210341,-0.4170569528132676,8.925981848469377,-4.049467990766465,0.3147048683742061,0.661967396736145,2.422247886657715,-3.146127223968506,0.6378713887685133,0.0361734019032795,-0.6947272866162723,0.3304021494519518,0.8148722052574158,-0.0718185007572174,-1.457430720329285,0.8762345529973506,-2.1398545586436986,0.8239908632799983,0.0,0.0,0.0,0.0,0.0,0.0
2318,-0.4384,-0.112039,-0.488503,0.030161,-0.082959,-0.721645,0.686612,-0.6442226174116135,-4.196517331598699,-0.8763006770361215,9.300607188266516,-2.8764029930531976,1.1812619673680511,0.5095936059951782,1.8826663494110107,-2.9660723209381104,0.6859110626969007,0.0740270640282744,-0.6590086443259509,0.2995889709263105,1.4466509819030762,0.0815583243966102,-1.7228903770446775,0.2652349907517433,-2.517109077900648,0.3278618350565433,0.0,0.0,0.0,0.0,0.0,0.0
2319,-0.438858,-0.112389,-0.486422,0.036218,-0.07763,-0.720719,0.687914,-0.8888818531244993,-4.556195569893718,0.0575192920327186,9.428550262090564,-1.9066525364905595,1.907222445333004,0.5827468037605286,2.150867223739624,-2.0723299980163574,0.7228965918974783,0.1022696780694392,-0.6263382711819868,0.2732431314520112,1.8408043384552,0.1130609065294265,-1.9550020694732664,-0.8139087374657392,-2.3968559740573165,-0.0731321639671921,0.0,0.0,0.0,0.0,0.0,0.0
2320,-0.441294,-0.114479,-0.492456,0.017239,-0.091925,-0.713452,0.694435,-0.4785293663859367,-3.06946414347589,-0.2871943091034889,9.264351633536815,-1.1774006157647818,2.992642185080052,1.3147073984146118,3.1236793994903564,-1.488751769065857,0.7629141468763936,0.1220671664889914,-0.5766431463197087,0.2656018630613225,1.54359769821167,-0.0133874155580997,-2.324540615081787,-1.3005892616033554,-1.2362123587608336,-1.383640762038529,0.0,0.0,0.0,0.0,0.0,0.0
2321,-0.437642,-0.114979,-0.494753,0.012748,-0.095477,-0.71465,0.692818,-1.187856031870842,-2.6355676995426416,-2.5264631817013026,8.922324495005608,-0.3693050580898299,4.052916377654672,1.84131121635437,2.1280548572540283,-1.7150053977966309,0.797517346824121,0.1498110832852736,-0.5204953569384496,0.2657204403005423,0.8140953183174133,0.0686110481619834,-2.7793948650360107,-1.6316221279114484,-1.5630974577397108,-1.3400652396842836,0.0,0.0,0.0,0.0,0.0,0.0
2322,-0.437341,-0.114332,-0.493908,0.015391,-0.092071,-0.713869,0.69403,-2.697646262314916,-2.898060698109865,-2.898429531422257,8.620452256730198,0.4832089025042951,4.650236666376888,1.5187757015228271,1.32333242893219,-1.441274881362915,0.8174383441381237,0.1838298458274212,-0.4786548830693499,0.2624704595153728,0.8563011288642883,0.0421621277928352,-3.0792813301086426,-2.648688170139492,-2.124515535214543,-0.80050711183995,0.0,0.0,0.0,0.0,0.0,0.0
2323,-0.432776,-0.11286,-0.494357,0.020914,-0.092092,-0.718185,0.689415,-2.594178289055824,-1.2165120713822544,-3.392563294175267,8.359116026982665,1.1514195676162835,4.996977681687474,1.2100194692611694,1.0662204027175903,-0.9132947325706482,0.8286541821627179,0.2118154071610382,-0.4476150929559543,0.2609734662134,0.2136281877756118,0.072891816496849,-3.812234401702881,-3.785410227100551,-3.239964502522349,-1.5541329377785325,0.0,0.0,0.0,0.0,0.0,0.0
2324,-0.432054,-0.113066,-0.49571,0.018836,-0.094493,-0.716849,0.690539,-2.1488497660040853,-1.6683594748087227,-4.038863886904716,8.168171430322527,1.521265710312873,5.209328638991713,0.1193264946341514,0.63576340675354,-0.3373920917510986,0.8360426087902294,0.2251167881587943,-0.4286263841341015,0.2581368395143395,-0.604703962802887,-0.1462787240743637,-4.191936016082764,-5.420372020828723,-3.281824453130364,-1.9283634330391883,0.0,0.0,0.0,0.0,0.0,0.0
2325,-0.431745,-0.111498,-0.498003,0.011097,-0.092888,-0.716537,0.691248,-2.083787803506851,-2.927939703544974,-2.598356451523304,7.99043235219419,1.3809858636155723,5.515092039486766,0.0438607484102249,1.0560457706451416,1.0802005529403689,0.8419164900321912,0.2161767448454744,-0.4148206551707781,0.2690128487118428,-0.7669426798820496,0.1484654992818832,-4.637571811676025,-2.8588357721805573,-2.2436504486829043,-2.590321613627672,0.0,0.0,0.0,0.0,0.0,0.0
2326,-0.43313,-0.108909,-0.494014,0.019037,-0.078823,-0.715376,0.694018,2.368804184049368,-0.8211139926694333,-2.3689684347003697,7.85398799200654,1.1774012002866714,5.753171896809339,0.5227421522140503,0.3642653524875641,0.2273975163698196,0.8424992352947377,0.2096308944880449,-0.4033915524432804,0.2890073277661079,-0.1176115274429321,1.0938035249710083,-3.944322109222412,-1.7903803189769387,4.008575716146827,-3.155640205672383,0.0,0.0,0.0,0.0,0.0,0.0
2327,-0.435344,-0.108937,-0.495419,0.02273,-0.094568,-0.710218,0.69723,-0.0326350261449813,-1.1031970962390305,-3.443791377109289,7.872448362326621,1.3816728229664266,5.682071238669753,0.5360163450241089,-0.6244198679924011,-0.2917738258838653,0.83998905728768,0.2223501110089647,-0.4010678614857235,0.2900405775982528,-0.3564837574958801,1.9257742166519165,-3.410479784011841,-0.8257119879841804,4.211039485687017,-4.592075569309294,0.0,0.0,0.0,0.0,0.0,0.0
2328,-0.436693,-0.109314,-0.497114,0.007571,-0.103239,-0.712112,0.694393,0.0532183799684047,-0.9710250065431,-1.213330664867163,8.022872732549905,1.4889208992861211,5.439395285728573,0.266255259513855,-0.3170133531093597,0.1921926736831665,0.8331386187364795,0.2331618351002292,-0.410248184914856,0.2884651071298893,0.9049615859985352,2.6425790786743164,-2.1793053150177,-1.1593319481760265,2.685283624348044,-2.895371312895417,0.0,0.0,0.0,0.0,0.0,0.0
2329,-0.433167,-0.115184,-0.498382,-0.009446,-0.115407,-0.718345,0.685983,1.1188847869753835,-0.5119853535249829,-0.7945978877961635,7.892740039727092,1.405621415439248,5.647943928140402,-0.1119077876210212,1.5577558279037476,0.4158907234668731,0.8359334789730142,0.2285417968252442,-0.3997544720143471,0.2986307800696563,1.2155969142913818,2.4451334476470947,-1.6825978755950928,-1.2099401456460357,3.7823499627470967,-3.322081936977804,0.0,0.0,0.0,0.0,0.0,0.0
2330,-0.432397,-0.115522,-0.499449,-0.006757,-0.115699,-0.718244,0.686071,0.513460394513607,-0.4550393313355743,-1.9767244361042973,7.496041984331607,1.159084403155744,6.215808113014698,-0.7001234889030457,1.7602821588516235,0.5182639956474304,0.8487861210575538,0.2067211185666785,-0.3746309726805504,0.3106127512867684,0.2074030488729477,1.6658836603164673,-1.2227272987365725,-1.5362453989103435,1.7948340835154055,-2.5865093618631363,0.0,0.0,0.0,0.0,0.0,0.0
2331,-0.432493,-0.115487,-0.499435,-0.006395,-0.115316,-0.71748,0.686939,1.6049954022705557,0.4403353909395635,-0.9688637368559836,7.073536702984571,0.8677966872587799,6.736645758298039,-0.6417295932769775,1.5472042560577393,0.0529252775013446,0.8616141222946028,0.1811465913131214,-0.3517279824433388,0.3179535041961409,0.1740576177835464,1.116218328475952,-0.9991494417190552,-1.264817106476426,-0.4088368214786052,-1.4666823256015775,0.0,0.0,0.0,0.0,0.0,0.0
2332,-0.434167,-0.114594,-0.502518,-0.010963,-0.116466,-0.715328,0.688928,1.187647357556224,0.9833093185767532,-2.197753205382824,6.93049250614047,0.8894052194114774,6.880961290252208,-0.2293484210968017,-0.3493052124977112,-0.9138694405555724,0.8690172404131464,0.1747534918538047,-0.3444268305802566,0.3092579934950047,-0.1743797361850738,0.6198492050170898,-0.7999579310417175,-1.1286115234807133,0.739195149526,-1.0315583856999873,0.0,0.0,0.0,0.0,0.0,0.0
2333,-0.435195,-0.114694,-0.501435,-0.00928,-0.111224,-0.714158,0.691029,-1.1163397786676883,-1.4578110368818045,-0.95865038587749,7.068474743419885,1.0289497375715524,6.719249217817187,-0.5453324317932129,-0.6087751984596252,-0.6455685496330261,0.871488692622296,0.177556222864519,-0.3548061663077599,0.2882599424668418,-0.154977798461914,-0.0261674989014863,-0.4125452041625976,-1.3417331728965043,-0.7512947526425123,-0.2525251467823982,0.0,0.0,0.0,0.0,0.0,0.0
2334,-0.437532,-0.114155,-0.501238,-0.00703,-0.10773,-0.707755,0.69816,0.4156646216720342,-0.9785146316461264,0.6882265943109989,7.097938738313317,1.003055198662728,6.692049660724401,-0.2143714278936386,0.1015957370400428,-0.1788967102766037,0.8734535874341292,0.1734683742760072,-0.35876058360919,0.2797826656670609,-0.0863183215260505,-0.1005941182374954,-0.4486984014511108,-0.2147071650415659,-0.4065717991560697,-0.1615624348312616,0.0,0.0,0.0,0.0,0.0,0.0
2335,-0.440862,-0.112999,-0.503996,-0.012694,-0.10946,-0.701805,0.703795,-0.2675859377920627,-0.7811030309289694,0.5934031152784824,7.102882039934396,1.1065648191064597,6.670454499509931,0.4035413265228271,-0.3406604826450348,-0.2353413701057434,0.8739745707364839,0.1777420317007393,-0.3582028002551173,0.2761645437269154,-1.0740309953689575,-0.7363954782485962,-0.3339396715164184,-0.5013040927737951,-1.0298147569030522,-0.471745697595179,0.0,0.0,0.0,0.0,0.0,0.0
2336,-0.441664,-0.112101,-0.503621,-0.012643,-0.105363,-0.703061,0.703167,1.2438836240410804,-0.3506150802649557,0.3795972829908132,7.246404375684261,1.268192720389366,6.484728514280915,0.0672840923070907,-0.71944260597229,-0.4531694650650024,0.8703418130774273,0.1880400986520532,-0.3660762042873648,0.2704336481372978,0.1014433205127716,-0.3655315339565277,-0.4385855197906494,0.5211398431003094,-2.077777749437093,0.5822960303306579,0.0,0.0,0.0,0.0,0.0,0.0
2337,-0.442651,-0.112207,-0.500174,-0.009774,-0.094989,-0.705148,0.702601,0.015583938100934,-0.5567638219282031,0.7603671168923377,7.386689044687151,1.401617878886312,6.296243001210689,0.2204344719648361,-0.5603674054145813,-0.277157723903656,0.8674139508194288,0.1956570857793413,-0.3750989846456444,0.2619390227501671,0.7333786487579346,-0.1244803741574287,-0.4254703223705292,-0.7535974766269325,-0.0299608384996652,-0.1253299687162041,0.0,0.0,0.0,0.0,0.0,0.0
2338,-0.445502,-0.111325,-0.499568,-0.006229,-0.092717,-0.70236,0.70573,0.053587213280797,0.4795747837856411,0.0911947671413421,7.51373604645431,1.6068226176977156,6.09362667145729,0.426056295633316,-0.750110924243927,-0.6037594079971313,0.8634289367722537,0.2078988014376495,-0.3822166803007705,0.2553020083769187,1.4767394065856934,0.0902646780014038,-0.1776306927204132,-0.1839028614550829,0.7478256152272224,-0.3026975831836462,0.0,0.0,0.0,0.0,0.0,0.0
2339,-0.445007,-0.11269,-0.502331,-0.005732,-0.101954,-0.702148,0.704671,0.3544078966766595,0.5602944802723825,-0.0996791023701429,7.75400376920998,1.949127842517942,5.678617298823594,0.7587103843688965,-1.6714575290679932,-0.8384977579116821,0.8548832634265111,0.2289258560266933,-0.3975726746662895,0.2422878238332718,1.2408159971237185,0.2232408970594406,0.0228626616299152,-0.2332914540022611,0.51696109611094,-0.1656149250924587,0.0,0.0,0.0,0.0,0.0,0.0
2340,-0.445734,-0.112836,-0.504042,-0.007798,-0.105468,-0.701499,0.70478,-0.4288736473351717,-1.0697685816287994,-0.5217296256870031,8.126530675423146,2.429525340863317,4.922122054928541,0.9938219785690308,-2.3660647869110107,-0.8604769110679626,0.837246079114177,0.2614506855823856,-0.4250707508720966,0.2235563008797134,0.2348538488149643,-0.0720109939575195,0.091545321047306,-0.6497869735404849,0.1013455742776393,0.2488397362679243,0.0,0.0,0.0,0.0,0.0,0.0
2341,-0.446476,-0.111217,-0.502647,-0.000831,-0.098166,-0.702027,0.705351,-0.6454951215654611,-1.435489899480343,1.5692407828003168,8.334622806239128,2.8371453338980674,4.319148855011165,1.1712381839752195,-0.0319151580333709,-0.1443939805030822,0.8208364316279698,0.2920184134189873,-0.441032818353221,0.2155059385556538,0.5934380888938904,0.1548089385032653,-0.0265853144228458,0.4311459761813282,-0.5511585492670535,-0.558164628636837,0.0,0.0,0.0,0.0,0.0,0.0
2342,-0.446914,-0.111026,-0.502431,-0.00039,-0.0969,-0.703193,0.704365,-1.5445277818262575,-1.1519985365480183,-0.3895695186898112,8.090423589253426,2.816117743438482,4.773352758435904,0.1213753223419189,2.73238468170166,0.9441620111465454,0.8282413316040586,0.2929063228253407,-0.4133190415696524,0.2395608888927022,0.429790049791336,0.0559592209756374,0.0121187381446361,-0.0230158416673541,-0.0386024101167917,-1.0065221441209316,0.0,0.0,0.0,0.0,0.0,0.0
2343,-0.448033,-0.111242,-0.50306,-0.003458,-0.096486,-0.703251,0.704355,-0.3122252899855375,1.004227603442967,-1.849468175500632,7.732156094539165,2.4562916211053727,5.509155050653219,-1.0049076080322266,1.0493791103363037,0.3643370270729065,0.8443288521326501,0.2670562913082757,-0.3844375010916305,0.2607635985832348,-0.0212186798453331,-0.0492954030632972,0.0277895107865333,0.5034317524522542,-0.1246393561035394,-0.6464303565889596,0.0,0.0,0.0,0.0,0.0,0.0
2344,-0.448376,-0.111424,-0.502594,-0.002221,-0.095868,-0.701246,0.70644,1.6204618514716624,-0.1431545253507793,0.1295692137211561,7.763910830718278,2.33235266835615,5.518352502587438,-0.5410357713699341,-0.5366640686988831,-0.7417054176330566,0.8482873065695606,0.2550118762128606,-0.3919327353875703,0.2485284743496759,-0.0742201134562492,0.1022409126162529,-0.0930223315954208,0.6136787183269858,0.6628688656926155,-0.3739958097219467,0.0,0.0,0.0,0.0,0.0,0.0
2345,-0.44871,-0.110927,-0.501631,-0.000145,-0.092132,-0.70219,0.706004,0.7590601259469986,0.0187977855809032,-0.7841068889200687,7.5170964627981185,2.0593692554347216,5.951691897159814,-1.4969545602798462,0.9934361577033995,0.2469913363456726,0.86672625797329,0.2222936363169537,-0.3835801133923288,0.2285549153722075,0.0219495631754398,0.3008384108543396,0.0267914254218339,-0.0325640067353844,0.5857979009717702,-0.5267915852516889,0.0,0.0,0.0,0.0,0.0,0.0
2346,-0.448846,-0.111054,-0.500661,0.001922,-0.092094,-0.701442,0.706749,0.24618074619174,-0.3366341934464871,0.3695563659697771,7.3016890405327075,1.712402030152827,6.318495749551057,-0.9178413152694702,0.4972968399524688,-0.0452268533408641,0.8805120681028584,0.1915185809851101,-0.3757219786085067,0.2164531778751094,-1.149982213973999,0.124667227268219,-0.0083876680582761,-0.2876578349620103,0.7968506351590157,-0.9950433032512664,0.0,0.0,0.0,0.0,0.0,0.0
2347,-0.448623,-0.111458,-0.501514,0.00353,-0.101263,-0.699704,0.707212,-0.7840303165525198,-0.5357869387425482,0.4943488668084144,7.176997077459096,1.5432972171179948,6.502256572186947,-0.2810063660144806,0.3608105182647705,0.4859309494495392,0.8867799711525992,0.177416797383457,-0.37013573073454,0.2124718022084641,-1.3092522621154783,0.3290170729160309,0.0045411130413413,0.3267693636447191,0.7615186250150203,-0.4335714497625828,0.0,0.0,0.0,0.0,0.0,0.0
2348,-0.449168,-0.11119,-0.500888,0.005286,-0.1007,-0.699992,0.706995,0.5630851339042187,0.102513741274178,1.2734195151269436,7.178714987292885,1.3588468047827482,6.541403756704926,0.1635461449623108,0.0681996122002601,0.4556839168071747,0.8869411585713147,0.1687729222937626,-0.3714793644260931,0.2164581705084441,-1.6089189052581787,0.2993759214878082,-0.0189607515931129,0.4018134987130761,0.279625919675827,0.0603618219822645,0.0,0.0,0.0,0.0,0.0,0.0
2349,-0.449423,-0.110761,-0.499781,0.007071,-0.098153,-0.700454,0.70688,1.5767741009145977,0.3228020674489438,2.5799481036514043,7.163857025378942,1.4077565277718007,6.547347175279259,0.9464130997657776,0.3223214745521545,0.1484091579914093,0.8860998514473301,0.172893899339919,-0.3691692005797805,0.2205645837738663,-3.2893290519714355,-0.0547063611447811,-0.1492706090211868,0.7177887888818979,-0.2328758589386939,1.5640756551221011,0.0,0.0,0.0,0.0,0.0,0.0
2350,-0.447457,-0.112945,-0.498221,0.006426,-0.100069,-0.699648,0.707416,-0.1407283211171626,0.0290485459603369,-0.8220739237427711,7.086456974834204,1.70300671755895,6.561424215948581,1.1364182233810425,0.0189152192324399,0.098512552678585,0.8847674600386924,0.1905211276769346,-0.359391400170713,0.227433698677026,-3.4028398990631104,-0.2196062058210373,-0.0913203656673431,0.4039814904019236,-0.8990829291433096,1.554657838435471,0.0,0.0,0.0,0.0,0.0,0.0
2351,-0.449468,-0.11301,-0.498679,0.006115,-0.104562,-0.694311,0.712013,0.289829333782196,0.2210832759447395,-1.1259387971401214,7.11169546098709,1.836583267225325,6.497779134511947,0.2512717545032501,0.2097662836313247,0.1605296432971954,0.8822272738758555,0.1997647205547267,-0.3588864922948114,0.2301513099453298,-2.8946728706359863,0.239280417561531,-0.2138918936252594,-0.4475146349191665,2.4459552282691,0.0779088768497109,0.0,0.0,0.0,0.0,0.0,0.0
2352,-0.450136,-0.112606,-0.497584,0.007374,-0.10221,-0.693765,0.712874,0.0024462241083383,-0.0095528412431478,-0.648727527615428,6.936548152917623,1.8038570556655524,6.693337946969271,0.0102730207145214,1.079772710800171,0.2657540142536163,0.8872775937432474,0.1946961774477048,-0.3476034067023362,0.2323867919846049,-1.7946139574050903,0.2357177436351776,0.027759350836277,-0.8738616863861679,-1.6373890208750963,-0.1099680028028786,0.0,0.0,0.0,0.0,0.0,0.0
2353,-0.451565,-0.110826,-0.494002,0.01313,-0.094569,-0.696596,0.711082,-0.3877624692678451,-0.1065581943593919,-2.8420635010778903,6.679125881743431,1.6550081180654466,6.987174178305268,-0.6951529383659363,0.7281413674354553,0.2464895844459533,0.8949331829371173,0.1817554205394784,-0.3327434653088354,0.2352473706951086,4.212492942810059,-0.4139651954174042,-0.1960242837667465,-1.770979745197296,-4.765041733947396,0.805707749222964,0.0,0.0,0.0,0.0,0.0,0.0
2354,-0.452584,-0.111711,-0.494903,0.011436,-0.09917,-0.696249,0.710825,-0.1909101098686456,-0.5379192745961249,-2.0507430275171994,6.639093731084466,1.3015201127126812,7.099216503164172,-1.2034626007080078,-0.1368713825941085,0.2771169245243072,0.8997210017143509,0.1592142620160587,-0.3356955705100888,0.2290448963107967,6.429714202880859,-0.6761705875396729,-0.1437517553567886,-1.2730354842454197,-3.022910482093692,-2.680748903527856,0.0,0.0,0.0,0.0,0.0,0.0
2355,-0.452648,-0.112448,-0.495394,0.011164,-0.103609,-0.696466,0.709983,0.3982394396185875,-1.2075872989095746,0.6563251431375742,6.638468292662501,0.8999324586447328,7.1617907404989,-1.2015795707702637,0.5501315593719482,0.1864788383245468,0.9033423061173712,0.134618747164113,-0.3416549167723086,0.221635987242634,3.7196505069732666,-0.0217270515859127,-0.0489507429301738,2.55403215662837,2.5433453429192303,-3.829258428916335,0.0,0.0,0.0,0.0,0.0,0.0
2356,-0.452911,-0.112521,-0.49395,0.013647,-0.101833,-0.697354,0.709324,0.89695585398674,0.9380706853158772,1.790713204193115,6.440972959184646,0.454905804616399,7.380874805450439,0.0564198531210422,0.3703582286834717,0.1958087980747223,0.9106092312557555,0.1054401369709972,-0.335503327836114,0.2170500728168259,1.7142935991287231,0.5975319147109985,0.0122419754043221,1.6876581956490873,1.1621505127280949,-1.3277344581604005,0.0,0.0,0.0,0.0,0.0,0.0
2357,-0.454111,-0.112814,-0.493366,0.011732,-0.101378,-0.697205,0.70957,1.1599568020761013,0.1835554727895185,-0.2294973224163055,6.355891121965646,0.482930597019568,7.452504455900192,0.018801100552082,-0.0170443523675203,-0.1793752908706665,0.9131389809411404,0.1046621386142344,-0.330263331457114,0.2148239440709387,-1.241968035697937,0.0414370596408844,0.1062211990356445,0.0415408016562461,-1.218444062358141,0.9024211336553096,0.0,0.0,0.0,0.0,0.0,0.0
2358,-0.454548,-0.113404,-0.49408,0.002679,-0.10439,-0.696314,0.7101,-0.0569008678734302,-0.4092933330744505,-0.095094697189331,6.4405900973469015,0.5489051077844574,7.374813897976279,0.0392256267368793,-0.4038966596126556,-0.2765021026134491,0.9129957591983012,0.1064007881323384,-0.3356605342034419,0.2060328492435697,-3.482562780380249,-0.0799425840377807,-0.3153100609779358,-0.0212859491348266,1.5015075552672146,0.3662988254785537,0.0,0.0,0.0,0.0,0.0,0.0
2359,-0.455806,-0.113121,-0.491619,-0.000341,-0.113417,-0.694417,0.710579,-0.3123199825316667,-0.3502505212688818,0.3532131339341401,6.447461152160168,0.5929626415019854,7.36539374320209,0.0825448036193847,0.3326985836029053,0.1067079603672027,0.9137357086450308,0.1072219138467976,-0.3361144192033871,0.2015379462953423,-1.7113571166992188,-0.122741974890232,0.5452878475189209,-1.5693939275354143,-0.0182090259075164,2.5113269873678683,0.0,0.0,0.0,0.0,0.0,0.0
2360,-0.455087,-0.113117,-0.490916,0.000244,-0.115043,-0.696159,0.70861,-0.1093237135499715,-0.1648891681011766,-0.3287923939049244,6.349211205810308,0.5784873952953145,7.451392110744118,0.0416127741336822,0.2468889355659485,0.1471412628889084,0.915991384128848,0.1050840813083886,-0.3302151671067039,0.2021756463790372,0.2507798075675964,-0.3791688084602356,0.2386894226074218,-2.3696043945163487,-1.769917084401846,2.239948671555519,0.0,0.0,0.0,0.0,0.0,0.0
2361,-0.454219,-0.1132,-0.493047,-0.002372,-0.115664,-0.695959,0.708701,0.6019242753863334,0.0792607298500835,-0.754281074976921,6.342457639896869,0.5587941952446476,7.45864427382946,-0.035778135061264,-0.0683252364397049,0.0217793695628643,0.9164081678457784,0.1035709039658207,-0.3301333857913952,0.2011994264143261,1.6038278341293335,-0.219765618443489,0.1865583807229995,0.0144748078152537,-0.5416583149939775,0.752947780546546,0.0,0.0,0.0,0.0,0.0,0.0
2362,-0.453228,-0.112655,-0.492809,-0.000514,-0.112969,-0.69599,0.709109,0.2394710194200277,0.153319032218866,-0.3154571115136146,6.35056905016005,0.5393533625198528,7.453170810854434,-0.1661006957292556,0.02331811375916,-0.1029845476150512,0.9172573086029888,0.100994192652526,-0.331352115997084,0.196583302020181,-0.7058865427970886,0.3473387658596039,-0.2632658779621124,2.2180621261790394,1.0675041438281536,-3.7047602348491546,0.0,0.0,0.0,0.0,0.0,0.0
2363,-0.451294,-0.112244,-0.492929,0.001683,-0.109869,-0.697966,0.707651,-0.2296639111548662,-0.2098962576285004,0.3620820845663547,6.373633699405193,0.50991947050374,7.435532862833142,-0.1988235265016555,0.1482731252908706,-0.0032402309589087,0.9179552911304132,0.0977355927202896,-0.333678093695596,0.1909572376384352,1.340632081031799,-0.0417607873678207,0.384166419506073,0.8183613329604268,-1.5485452007740734,1.112319437110424,0.0,0.0,0.0,0.0,0.0,0.0
2364,-0.451046,-0.112048,-0.492723,0.001596,-0.105997,-0.696276,0.709903,-0.2332037757188081,0.2942781664172187,0.9982318701595068,6.3186658454209566,0.4512164120465516,7.486070625415444,-0.0519427731633186,0.3923361599445343,0.1827975809574127,0.919646849348473,0.0932605056452874,-0.3310877545177209,0.1895603054178858,1.1867210865020752,0.0949816182255745,-0.2302887737751007,1.5338690251678226,-0.4029045088201761,-2.096240457844734,0.0,0.0,0.0,0.0,0.0,0.0
2365,-0.449681,-0.111157,-0.489701,0.007362,-0.097626,-0.696764,0.710588,-0.0931371333807706,-0.2059700606280937,-0.1326893915683031,6.207928173419833,0.3967578958239406,7.581199809396266,-0.0022991145960986,0.1590827256441116,0.1391898244619369,0.9222054926136788,0.0888504426139611,-0.324918400975725,0.1899225840627736,-0.2049829065799713,0.1156497150659561,0.130483329296112,-0.1368532332494854,0.6637269438266754,-0.5256640425264835,0.0,0.0,0.0,0.0,0.0,0.0
2366,-0.44779,-0.110707,-0.4902,0.009996,-0.096358,-0.698587,0.708937,-0.3504799095779657,-0.8439639031853526,0.3463122685045003,6.241113819184899,0.492465098888427,7.548268430653214,0.484863668680191,-0.2904248237609863,0.2071488201618194,0.920660079504523,0.0955219256135564,-0.3256086169908779,0.1929755174239242,-1.203614592552185,-0.5222347378730774,-0.1889420002698898,-2.437653848391771,-0.8124012555122375,-0.4518962110042572,0.0,0.0,0.0,0.0,0.0,0.0
2367,-0.446301,-0.110177,-0.489765,0.014984,-0.094236,-0.699611,0.708124,1.002507647782564,-0.0521351147763431,-1.040523782444,6.33078239967227,0.557461448803544,7.468655380234122,0.1199176013469696,-0.0796882957220077,0.0905124694108963,0.9178548398794002,0.1013725829526387,-0.3300426282238696,0.195801047224503,1.406277418136597,-0.1113176569342613,0.2973537445068359,0.7269377254992723,-0.9431120404839516,2.708385682994128,0.0,0.0,0.0,0.0,0.0,0.0
2368,-0.445527,-0.10994,-0.491795,0.018387,-0.109979,-0.696967,0.708381,0.4838426703631878,0.2623685319373384,-0.6640478463441133,6.308506854978203,0.5528570237480104,7.487821852996945,-0.257247120141983,0.160288780927658,-0.1707892715930938,0.9192240900526082,0.0993598159506181,-0.3291731618055674,0.1918323854716356,-0.7668420076370239,0.1431321054697036,-0.0337065383791923,0.9655801851406692,1.0068751953423023,-2.9302701923191545,0.0,0.0,0.0,0.0,0.0,0.0
2369,-0.445642,-0.11029,-0.493153,0.015478,-0.114954,-0.694533,0.710049,-0.5815601172715426,0.1263881359996274,0.0814233147114515,6.241752117088437,0.4744068430958315,7.548897376206517,-0.3670043051242828,0.1510593444108963,-0.0600213445723056,0.92233191527408,0.0917114651978258,-0.3266532646740096,0.18490675070583,-2.109913110733032,0.3926231563091278,0.0271981544792652,1.2042647303581238,0.3363268810629845,-1.1860977900266647,0.0,0.0,0.0,0.0,0.0,0.0
2370,-0.445231,-0.110175,-0.492488,0.018572,-0.114887,-0.694365,0.71015,-0.2558873166918754,-0.0330149653732776,0.0223252290546894,6.2392959561079735,0.3749367438338696,7.55651954164803,-0.1936186403036117,-0.1022360399365425,0.1782070249319076,0.9230401642580796,0.085477942004789,-0.327747230916235,0.1824061755215393,-1.5943008661270142,0.4051492214202881,0.3971465826034546,-1.3545356635853647,2.1685066526323555,1.048648052188754,0.0,0.0,0.0,0.0,0.0,0.0
2371,-0.444828,-0.109858,-0.491672,0.015987,-0.11013,-0.694749,0.710591,0.6813198836624622,-0.1418538362820632,-0.3320142785608768,6.265605870884657,0.2629105663921683,7.5394591012537475,-0.2653424143791199,-0.1007081419229507,0.1319119930267334,0.9225980004712248,0.0798174340976804,-0.3304901709675859,0.1822586644404608,-0.355738878250122,-0.2617119550704956,0.5701813101768494,-1.3889663409754631,-2.6970927200853825,1.3520797948658465,0.0,0.0,0.0,0.0,0.0,0.0
2372,-0.444321,-0.110149,-0.491784,0.014699,-0.113744,-0.69454,0.710254,1.0657488245934248,0.3287100493837148,0.6311942090123891,6.268288826358318,0.1939742284133098,7.539318231478333,-0.2097284495830536,0.1540967375040054,-0.1994007229804992,0.9235201589618282,0.0744730565755737,-0.3317461570773261,0.177507513084546,-0.6024363040924072,-0.0893538743257522,0.2909700870513916,0.7289189624443649,2.2581752331197262,-0.7950909320101142,0.0,0.0,0.0,0.0,0.0,0.0
2373,-0.443423,-0.110243,-0.491678,0.014526,-0.115318,-0.694496,0.710046,-0.2947404866993427,0.4026453464273363,0.0012017770051956,6.244181974583864,0.2074271641012281,7.558938293227553,-0.1740259826183319,0.0082520591095089,-0.2428471744060516,0.9253964329091648,0.0723287630746413,-0.3307112680576261,0.1704112998453046,-1.3354681730270386,-0.2246483713388443,0.0280299261212348,1.6850582422837614,-3.930185485520959,-0.711932464069128,0.0,0.0,0.0,0.0,0.0,0.0
2374,-0.441081,-0.109957,-0.490646,0.015137,-0.113519,-0.696343,0.708513,-0.800453043565154,-0.0099508641174063,0.6342553501486778,6.28122955647409,0.2020854925460182,7.528326297342777,-0.0026359600014984,-0.1808471828699112,0.0049277739599347,0.9255826096276526,0.0704776265423617,-0.3334592600262479,0.1647258890670054,0.0673774927854538,0.7449987530708313,-0.2180165350437164,1.2101868138834833,-0.1513333017617464,-1.3096931900352238,0.0,0.0,0.0,0.0,0.0,0.0
2375,-0.439857,-0.109744,-0.490661,0.01362,-0.112779,-0.696631,0.708379,0.3903150763601064,-0.1981716801031492,0.2582774266988039,6.30940935677588,0.2315408474752679,7.503873993131518,0.2407302409410476,0.0149474684149026,0.0873537883162498,0.9247945581172572,0.0726432414725816,-0.3348609476271618,0.165366481821505,1.0820019245147705,-0.1693290770053863,0.0017057119403034,-2.368983047747612,-0.8442372402340174,0.9040744538202882,0.0,0.0,0.0,0.0,0.0,0.0
2376,-0.438777,-0.109775,-0.490898,0.014147,-0.116551,-0.696583,0.707805,0.5733470001995563,-0.0443070332328788,-0.7376753926128149,6.299957053297757,0.2769934522803872,7.510273338779807,0.0988518223166465,-0.0421604476869106,-0.0466237813234329,0.9248642332265444,0.0751713719400967,-0.3338141705860636,0.1659623303339336,1.18807852268219,-0.059693232178688,-0.1390306949615478,0.5781128994271159,0.4595493561059236,1.6593568147942424,0.0,0.0,0.0,0.0,0.0,0.0
2377,-0.438173,-0.11058,-0.493644,0.008496,-0.119425,-0.694237,0.709718,-0.2297685405731201,-0.0114324992435984,-0.5990601181268692,6.2918871440887445,0.2791341723698191,7.516956177544594,-0.1815637797117233,0.0473411343991756,-0.0164633821696043,0.9256238044249484,0.0740149613812039,-0.3335621218352266,0.1627226983221485,0.6907593011856079,0.1221192851662635,0.3019084930419922,-0.5856573234573006,1.3156021218180656,-0.3705795715376734,0.0,0.0,0.0,0.0,0.0,0.0
2378,-0.438372,-0.110411,-0.492849,0.007724,-0.114322,-0.693071,0.711705,0.0427694666683673,0.001722823470924,-0.474019195485115,6.276127264899015,0.2183942012575455,7.532125689625739,-0.3032931983470917,0.1330259889364242,0.0224153324961662,0.926438567222122,0.0697462458229396,-0.3333225500965218,0.1604470100582289,-1.003896951675415,-0.3118809461593628,0.812863290309906,-2.685493175445497,1.2150877376675604,-0.8744681278467178,0.0,0.0,0.0,0.0,0.0,0.0
2379,-0.437863,-0.109844,-0.49133,0.010372,-0.110143,-0.693511,0.711901,-0.084393270432949,-0.1661572518082335,0.1052858363360166,6.2442240601599215,0.1199191226486116,7.560797657358646,-0.2805564403533935,0.1733968257904052,0.065545879304409,0.9277208590663588,0.06305672060137,-0.3324611984450482,0.1575668422079194,-1.75055730342865,0.2148088961839676,0.7248026728630066,0.2157061129510402,1.9654934325158595,0.2266822649955749,0.0,0.0,0.0,0.0,0.0,0.0
2380,-0.434095,-0.109087,-0.491652,0.010444,-0.109808,-0.696136,0.709385,0.1247112522959709,-0.0501861041669966,0.3015390607982873,6.192838740837574,0.0582665393366012,7.60366590822637,-0.1298732310533523,0.1894868910312652,-0.0030510015785694,0.9292299676997549,0.0584559358419793,-0.3300057991446074,0.1555979946833723,-3.831944227218628,-0.4595221281051636,0.8591547012329102,-0.2829877973243594,1.2300374695181846,-1.0793214228719472,0.0,0.0,0.0,0.0,0.0,0.0
2381,-0.432851,-0.109319,-0.49294,0.008313,-0.114741,-0.695286,0.709467,-0.1805804390341043,0.0289531022122479,0.0047778819262981,6.137653444710374,0.0317998082967009,7.648436777845024,-0.1054257228970527,0.1816207617521286,-0.011897106654942,0.9308569503495098,0.0555613101568254,-0.3270339190060411,0.1531898981965335,-2.9493660926818848,-0.3402645289897918,0.5849903225898743,1.9525772523194551,-1.5512608894735571,-0.0332558249244466,0.0,0.0,0.0,0.0,0.0,0.0
2382,-0.434192,-0.110873,-0.493259,0.008409,-0.116302,-0.695204,0.709292,-0.1573842723637819,-0.0724064709079917,0.1269680913120508,6.095453302362561,-0.0103430509059224,7.682169536098837,-0.1348645091056823,0.1147599071264267,0.0373612567782402,0.932119013827836,0.0521175868784068,-0.3249647862863446,0.1511152733686341,-1.9366037845611568,0.0650621205568313,-0.0044228211045265,1.9473045726135367,-1.6527058324724435,-1.6759750643789768,0.0,0.0,0.0,0.0,0.0,0.0
2383,-0.432303,-0.110535,-0.492743,0.01103,-0.117064,-0.69787,0.706507,0.3935679406762123,-0.0594439171194797,0.2703630012899637,6.069279581186175,-0.0381198964300099,7.702776855319738,-0.0193362459540367,0.0576574020087718,0.0596939027309417,0.932805516721482,0.0500860128005351,-0.3236650600334768,0.1503532167424511,-0.6061258316040039,0.0229298993945121,-0.3881621658802032,1.1049892403528094,-3.1422184140414,-0.1949742905676365,0.0,0.0,0.0,0.0,0.0,0.0
2384,-0.432575,-0.110131,-0.492697,0.009162,-0.11322,-0.700352,0.704702,0.6860878287166357,-0.1348965827563777,0.1015220998883247,6.058976798358559,-0.033146464532148,7.710906970283388,0.0215234328061342,-0.0252165757119655,-0.070572942495346,0.9332440958690548,0.0497717016779275,-0.3230726491883985,0.1490040899642417,1.5568759441375732,-0.1530518382787704,-0.3787159919738769,-0.1813485007971525,0.6472329051434993,1.282607030189037,0.0,0.0,0.0,0.0,0.0,0.0
2385,-0.433375,-0.109549,-0.492179,0.005801,-0.103279,-0.699185,0.707419,0.1369979024171829,-0.3723369731316343,0.1329705465972423,6.082988373064994,0.0184441041718702,7.692028082290292,0.1223806515336036,-0.127237319946289,-0.1276516169309616,0.933202084639395,0.0517395507991174,-0.3242510120291396,0.1460074673937458,2.724447965621948,-0.4896577298641205,-0.4512207508087158,-0.8224491867959499,-2.636749018281698,1.7678572292625905,0.0,0.0,0.0,0.0,0.0,0.0
2386,-0.43476,-0.10986,-0.492386,-0.000307,-0.097838,-0.694697,0.712618,0.0530003533035516,-0.309796017012,-0.2502215460151434,6.13840513986051,0.0724709281460614,7.647556487879156,0.0563188791275024,-0.1356969326734542,-0.1375572234392166,0.93241144706434,0.0542570236808543,-0.3273214060651117,0.1432686040847512,1.521454095840454,-0.7119544744491577,-0.6157165169715881,-0.0802919725939631,0.4948123926669359,0.0366471113305538,0.0,0.0,0.0,0.0,0.0,0.0
2387,-0.43397,-0.109788,-0.492669,-0.000547,-0.098104,-0.695661,0.711639,-0.1032283192843198,0.0756614175833296,-0.3019254297673702,6.162653445932269,0.0865457631585653,7.627883234637975,-0.0704415291547775,0.0103088170289993,-0.1164087131619453,0.9324185660918144,0.0540005084633532,-0.3288923028565726,0.1396763329861339,0.4735250174999237,-0.3802282512187958,-0.7206827402114868,0.4160527442067861,-0.6132692607432604,-1.9880635762423275,0.0,0.0,0.0,0.0,0.0,0.0
2388,-0.433466,-0.109573,-0.493064,-0.000153,-0.099016,-0.695658,0.711517,-0.2471919690608978,0.0756598010149784,0.0725695616483688,6.155034203100204,0.0489884279481833,7.6343661669164895,-0.130118727684021,0.0736995339393615,-0.0244866367429494,0.9330015360382804,0.0509476175968617,-0.3288768779048808,0.1369402768226158,1.7311066389083862,0.2366073429584503,-0.5840842723846436,0.5000301273152232,-0.5028413853436708,-0.5512193395435809,0.0,0.0,0.0,0.0,0.0,0.0
2389,-0.436586,-0.109813,-0.492197,-0.001191,-0.092732,-0.698257,0.709815,0.0861526813209056,-0.0987185137096792,0.1587766035050153,6.1601692279011,0.0327282414033659,7.630309585002064,-0.0108444280922412,-0.0155937066301703,-0.02289729565382,0.9331368503733704,0.0495334694197528,-0.3294069375267567,0.135251643534963,2.2946150302886963,0.2457166910171508,-0.3849282264709472,-0.3013675036236644,0.366091320207715,-1.093874848881364,0.0,0.0,0.0,0.0,0.0,0.0
2390,-0.436753,-0.109783,-0.49245,-0.005757,-0.091526,-0.698213,0.709992,0.2933399722516536,0.2313720302470028,0.0060451253831386,6.151700674763322,0.0571292150028981,7.6369953463763,0.0079839676618576,0.0742053091526031,-0.1032644212245941,0.9336269716886608,0.050001475001053,-0.3288182846994525,0.1331128721836241,1.822406530380249,0.1209707632660865,-0.3228563964366913,0.1664160123422741,-0.3355506359934807,-2.204927919317782,0.0,0.0,0.0,0.0,0.0,0.0
2391,-0.438511,-0.110567,-0.494017,-0.008238,-0.100218,-0.697483,0.709511,-0.3199117528349161,-0.1066749160742387,0.1918465139359235,6.111037240463495,0.0644770661482121,7.669514637187123,-0.0348340570926666,0.1197890415787696,-0.0142398178577423,0.9348506235719372,0.0491629592451109,-0.3264147588898562,0.130731244632644,2.520785093307495,0.5841872692108154,-0.4093163013458252,0.5915794069826602,-0.8573977505803108,-1.4419307461827993,0.0,0.0,0.0,0.0,0.0,0.0
2392,-0.438628,-0.110939,-0.495791,-0.010012,-0.105597,-0.697207,0.708979,-0.0883300253599882,-0.1294590861438773,-0.0856125830948352,6.099122930786013,0.0667608388369903,7.678972785884142,0.0091121736913919,-0.0120566980913281,0.0144324153661727,0.9353035418498844,0.0486818463044614,-0.3257474905945369,0.129328541310503,-0.1522600501775741,0.4851905405521393,0.0077552152797579,-1.315097679427266,3.059091218021512,-1.1474918727785348,0.0,0.0,0.0,0.0,0.0,0.0
2393,-0.440331,-0.111209,-0.495271,-0.009192,-0.10121,-0.697155,0.709681,0.6283107625305652,-0.0292230120446765,-0.1584036785393953,6.083234456780552,0.0615446887910133,7.691609564617275,-0.020274169743061,0.0888898447155952,-0.0490405112504959,0.93574141506117,0.0480162235128144,-0.3248561296849144,0.1286503752749232,-3.1027092933654785,0.162302017211914,0.4828674793243408,-2.0622128082975744,4.577772026407718,-0.2918018028989434,0.0,0.0,0.0,0.0,0.0,0.0
2394,-0.440946,-0.111062,-0.495073,-0.009187,-0.099087,-0.697167,0.709968,0.5715349823415279,0.1118575520096812,-0.4783955108731985,6.06923165039122,0.0690542150377528,7.702599745187163,-0.0724990889430046,0.0387324690818786,-0.137780413031578,0.9364009676352264,0.0473690566572138,-0.3240877885248084,0.1260018022296687,-4.488778591156006,-0.1530783027410507,1.0155867338180542,-1.7514695735633372,1.4786813909530638,0.1917304863408207,0.0,0.0,0.0,0.0,0.0,0.0
2395,-0.44143,-0.111733,-0.496154,-0.009975,-0.100582,-0.696445,0.710457,-0.2964747631460428,0.0234662203499348,-0.2946060466647148,6.066500764122605,0.0621264798674965,7.704809237930178,-0.1538677960634231,0.0725666880607605,-0.0866864398121833,0.9369647043998884,0.0456582674302699,-0.3241594713711673,0.1222010141496415,-4.459738254547119,-0.4651543200016022,1.338759183883667,0.5526487878248095,-0.805656457427144,-0.3249362299334257,0.0,0.0,0.0,0.0,0.0,0.0
2396,-0.441572,-0.111746,-0.496094,-0.010596,-0.100522,-0.696439,0.710462,0.2058423060625791,0.2203974856376648,0.4025117101103067,5.976884790605307,-0.0734532308814115,7.774435147342086,-0.1487224698066711,0.1867671757936477,0.0484004095196723,0.9393064568819972,0.036428541297923,-0.3198235056236141,0.1186987070833088,-3.16240668296814,-0.0769404545426368,0.6761020421981812,1.702480940119177,-1.5360025300651787,-1.5484484624013304,0.0,0.0,0.0,0.0,0.0,0.0
2397,-0.441127,-0.111809,-0.495417,-0.011497,-0.095912,-0.698581,0.70898,0.101991470965743,-0.0274316214161459,0.2372732171148061,5.94232025770247,-0.1060451302707195,7.800510668841004,-0.0393395163118839,0.0391793251037597,0.0527403876185417,0.9400152038281404,0.0343949121735507,-0.3179648284165861,0.1186877734774106,-2.001694679260254,-0.0984291806817054,0.3542540669441223,1.3866301531128584,-2.033222568395734,-1.3311270232081414,0.0,0.0,0.0,0.0,0.0,0.0
2398,-0.441267,-0.111937,-0.495099,-0.016842,-0.08954,-0.699462,0.708839,0.0873076965749263,-0.1447552659451495,0.4717337148964405,5.944883386188745,-0.1242932369464542,7.798287732094526,0.0726061686873436,-0.0385900177061557,0.1647355109453201,0.9397313424081732,0.0340375050480453,-0.3181814371187247,0.1204448064646077,-0.5216010808944702,0.0789871513843536,-0.256543219089508,0.5877005197227001,-3.5661797394156456,1.4733216174855828,0.0,0.0,0.0,0.0,0.0,0.0
2399,-0.440182,-0.112266,-0.495247,-0.017055,-0.091608,-0.700666,0.707378,0.3442337086647749,-0.4524987434746697,0.1647737980931997,5.94129325274229,-0.1236060310004279,7.801034400454163,0.1597508192062378,-0.0036100836005061,0.1610036641359329,0.9394030474423594,0.0350935396419372,-0.3178464684100557,0.1235474846031891,0.5246920585632324,0.0786872208118438,0.104233480989933,-0.8833100443415344,0.0724134943038225,0.2429755204096436,0.0,0.0,0.0,0.0,0.0,0.0
2400,-0.43894,-0.112687,-0.494117,-0.019369,-0.085749,-0.703569,0.705168,0.8343810321301222,0.2905310523107647,-0.5551806443899869,5.9840060207873575,-0.0780456549718976,7.768910246440768,0.10701534897089,-0.291590929031372,-0.1972543746232986,0.938504282318112,0.0379658012324244,-0.3200850079019818,0.1237492763624534,-1.5719259977340698,0.0645018965005874,-0.0064883022569119,-0.4869182784162461,2.0529303084284067,-0.9312026992425322,0.0,0.0,0.0,0.0,0.0,0.0
2401,-0.440981,-0.110995,-0.486466,0.006121,-0.074535,-0.6977,0.712476,-0.2565080789387226,0.0425657699229661,-0.0142266782730817,6.047034431630372,-0.0358321645187446,7.720263996693491,0.0297427624464035,-0.0851007029414177,-0.0635947212576866,0.9375896427448488,0.0396991796771932,-0.323728384381686,0.1206210931109575,0.0982746928930282,0.2222083806991577,0.0460112579166889,0.2439296062640845,-3.953182330226898,1.5010995589882137,0.0,0.0,0.0,0.0,0.0,0.0
2402,-0.441808,-0.10983,-0.481463,0.024268,-0.062812,-0.697429,0.713483,-0.363547480943799,-0.0161278905182145,-0.1670066717118024,6.058455404832959,-0.0396869128512917,7.711285740467906,-0.0194262452423572,-0.032321773469448,0.0673461630940437,0.9374112942993654,0.0394152460170281,-0.3244692345601994,0.1201092802194965,0.8999258279800415,0.5850964188575745,-0.0034821259323507,0.0841707137234508,1.851526861596108,-0.8405871932938694,0.0,0.0,0.0,0.0,0.0,0.0
2403,-0.441481,-0.108906,-0.479892,0.023203,-0.057311,-0.699536,0.711918,0.2289619003653526,-0.1766757597457617,-0.1888514237731695,6.074522158014774,-0.0516712053253315,7.698564206060767,0.0125604746863245,-0.0206361152231693,0.0696216896176338,0.9369614288410164,0.0391938535472949,-0.325493925214118,0.1209166260964599,-0.6357343196868896,-0.2966163158416748,-0.1184725612401962,-1.071864530994743,0.96549513720572,-0.623898499046266,0.0,0.0,0.0,0.0,0.0,0.0
2404,-0.441724,-0.109881,-0.479564,0.019671,-0.075854,-0.706279,0.703583,0.4742039044022559,-0.024607622637134,-0.1671639081001281,6.049995035001635,-0.0680180860562017,7.7177271716922515,-0.0677198022603988,0.0932252928614616,-0.0194692406803369,0.937435399132662,0.0382321941183834,-0.3241044812884254,0.1212824000017667,0.8811870217323303,0.1654403954744339,-0.1512257158756256,0.992970004108548,-0.7224222939014434,0.546109156922996,0.0,0.0,0.0,0.0,0.0,0.0
2405,-0.441176,-0.111187,-0.477043,0.024096,-0.074257,-0.71284,0.696968,-0.1105360119491815,-0.2123377872954122,0.5072913504898547,6.032294543138146,-0.0638931881459197,7.73160547491908,0.0344552174210548,0.0684617161750793,-0.0632241144776344,0.9380430707413644,0.0376807248860787,-0.3230758180105934,0.1194883267298829,-0.0260682962834835,-0.0003223197418265,-0.092888168990612,-0.05191708811149,0.9529261630117892,-0.9045850336909294,0.0,0.0,0.0,0.0,0.0,0.0
2406,-0.440607,-0.112745,-0.47372,0.029569,-0.068627,-0.719418,0.690546,0.3636795828908681,-0.0610559143268037,0.0977899276226759,6.037817105951905,-0.0275296133143478,7.727508560994267,0.106057085096836,-0.056673165410757,-0.0860756412148475,0.9380642609033126,0.0393124323856905,-0.3232046523757571,0.1184426250103979,0.4306177496910095,0.0431508012115955,-0.1960229575634002,-0.1699760429114103,-1.881483023920655,0.5513827134117484,0.0,0.0,0.0,0.0,0.0,0.0
2407,-0.444827,-0.113477,-0.465899,0.042003,-0.042729,-0.72163,0.689682,0.3391466146588325,0.1696735893661156,-0.1525572905987501,6.051576166713238,0.0275486742078443,7.716738160654902,0.0772703289985656,-0.0446435548365116,-0.157589390873909,0.93801331231594,0.041711291385909,-0.3237530210493959,0.116512133030099,0.5805662274360657,-0.0592048093676567,-0.2877529263496399,-0.275888486713171,-0.1356160926699638,0.321683730943501,0.0,0.0,0.0,0.0,0.0,0.0
2408,-0.449342,-0.112166,-0.461059,0.046849,-0.036551,-0.716867,0.694674,-0.3257973037421703,-0.1431027220983058,-0.131630237904191,6.067840488293767,0.0798060705068521,7.703591678833961,-0.0398821607232093,0.0189658235758543,-0.1731553524732589,0.9381356887374636,0.0432898540440355,-0.324579897347796,0.1125848524696559,0.0995724499225616,-0.0936619043350219,-0.2332424968481063,-0.654326078274846,-0.0103273327469825,0.1042851348608732,0.0,0.0,0.0,0.0,0.0,0.0
2409,-0.454246,-0.108804,-0.459497,0.04551,-0.039114,-0.710532,0.701102,-0.1976952399641275,0.100906863199966,-0.3588911795705556,6.028772798752784,0.0773113858805969,7.734228809159994,-0.0731110721826553,0.1166602745652198,0.1133042201399803,0.9391399045457276,0.0423378006463469,-0.3222911413831148,0.1111396806765847,0.6953932046890259,-0.2620185911655426,-0.2714015245437622,-0.5338777441203594,-0.1492681859254837,-0.0866769974559545,0.0,0.0,0.0,0.0,0.0,0.0
2410,-0.46211,-0.100826,-0.4606,0.030575,-0.046878,-0.700099,0.711849,0.2455821957767009,0.0189980847928207,0.0094195702522993,5.97859393261075,0.0366672248201095,7.77338183889687,0.0023162940051406,0.1118865758180618,0.1500625610351562,0.9399509110606948,0.0404729668143751,-0.3194210018513712,0.1132458216705426,2.312941074371338,-0.1276009231805801,-0.3459243774414062,-0.1397419404283165,-2.173128467214108,0.1499288417913019,0.0,0.0,0.0,0.0,0.0,0.0
2411,-0.46596,-0.097285,-0.458613,0.032978,-0.044488,-0.699428,0.712555,0.7438806769937276,0.0378294484163401,-0.0646177258610725,5.945518176960944,0.0112516696338425,7.798786329266428,-0.0655702278017997,0.0725944563746452,-0.0216328799724578,0.940538076053312,0.0391288665132238,-0.3175554773612577,0.1140856194257996,3.7584304809570312,-0.2963168919086456,-0.3944739103317261,-0.6002051965087651,-2.0282395192861555,-0.0961703635968267,0.0,0.0,0.0,0.0,0.0,0.0
2412,-0.469404,-0.094547,-0.456965,0.03447,-0.04544,-0.700678,0.711194,-0.0446785151600837,-0.2754219103810377,0.2017436385720968,5.935313009288906,0.0068225189468241,7.806561639443039,-0.0294416770339012,-0.004740129224956,-0.0581436939537525,0.9409888957930423,0.0381362069871515,-0.3170516638804129,0.1120886584256479,2.502352237701416,-0.4925348460674286,-0.6814610958099365,-0.0699979575946927,0.4499772256404161,-1.7518641258388756,0.0,0.0,0.0,0.0,0.0,0.0
2413,-0.479573,-0.089161,-0.458985,0.023175,-0.062102,-0.701624,0.709458,0.2170043360680341,-0.0189640523757669,-0.207237559813261,5.942528347495198,0.0203107428605435,7.801046675413846,-0.0430222041904926,0.026683310046792,-0.1179631799459457,0.941109514467132,0.038141851431363,-0.3174941239301352,0.1097976212621209,2.979954242706299,-0.4238685965538025,-0.7504153847694397,0.861838071115315,-0.7945248225599527,-0.2157838543623685,0.0,0.0,0.0,0.0,0.0,0.0
2414,-0.484992,-0.086246,-0.461465,0.015048,-0.068751,-0.702391,0.708304,-0.4861217212110758,0.0907950728998053,-0.146501643821597,5.926196805897355,0.0070678554561774,7.813483547660708,-0.1239467486739158,0.0760115757584571,-0.0151690682396292,0.9417328831209232,0.0364701411787699,-0.3166909261760212,0.1073121079315813,3.4921364784240723,0.0841690748929977,-0.7871190309524536,0.8574465581580996,0.3729956927686929,-0.8784750254005194,0.0,0.0,0.0,0.0,0.0,0.0
2415,-0.49039,-0.081033,-0.46416,0.007932,-0.072217,-0.70279,0.707678,-0.0625637159407138,0.1906564456348307,0.1729366462826728,5.898130987364054,-0.0339858333991607,7.834621028235555,-0.0987398028373718,0.1122805029153823,0.0212020762264728,0.9424146904610696,0.0337393261273178,-0.3152890183316413,0.1063444327459292,3.954442262649536,0.3886327445507049,-0.5487697720527649,0.404101901911199,0.4503706088721751,-2.337433771012724,0.0,0.0,0.0,0.0,0.0,0.0
2416,-0.503322,-0.070649,-0.469704,-0.005013,-0.060728,-0.703375,0.708203,-0.0140986679792404,0.0090489240087335,0.2440752983450889,5.866125491294264,-0.0539402325361268,7.85850108551681,0.0293562989681959,0.0334520898759365,0.0534293130040168,0.9430519027739688,0.0324595182630991,-0.3134873513249547,0.1064195950243154,2.382551908493042,0.4498780369758606,-0.4034227132797241,-0.521899429295957,1.1250468167364596,-1.9516174673765896,0.0,0.0,0.0,0.0,0.0,0.0
2417,-0.511502,-0.06375,-0.473503,-0.010169,-0.074961,-0.701131,0.709009,0.6505512359112501,0.0822048113448079,-0.341340909832716,5.853746486714482,-0.0394084475363604,7.8678131037414065,0.0196793265640735,0.0062008709646761,-0.0203909054398536,0.9432468788213256,0.0333089724012581,-0.3126398586934644,0.1069212861690793,1.0791590213775637,-0.0110068684443831,-0.2600370943546295,-1.1637126474782824,1.5699223353236913,-0.6436497859597206,0.0,0.0,0.0,0.0,0.0,0.0
2418,-0.51997,-0.055603,-0.479614,-0.024928,-0.075574,-0.696342,0.713285,-0.0690752897918224,0.047298967890744,0.1698719980150461,5.837305639523267,-0.0365249782216502,7.880032533845305,-0.0353246442973613,0.0835924372076988,-0.0404769666492939,0.9437352270750048,0.0328757730114612,-0.3116878678685615,0.1055167176387645,1.9217368364334104,0.2521438598632812,-0.0956328883767128,0.0676724372565746,-0.578267505466938,-0.2309393379181623,0.0,0.0,0.0,0.0,0.0,0.0
2419,-0.537611,-0.037708,-0.494482,-0.053284,-0.054464,-0.681637,0.727713,-0.2640297066152096,0.0246012522618519,0.0743500153243541,5.822618358001113,-0.042857035353966,7.890859632807969,-0.0349749512970447,0.0870223045349121,0.0094197830185294,0.9441617304743828,0.0320322545385847,-0.31088915061188,0.1043096212847849,1.0681582689285278,0.1813962906599044,-0.0283876098692417,0.253638953243196,-0.3406242859959602,-0.5523153180867433,0.0,0.0,0.0,0.0,0.0,0.0
2420,-0.545729,-0.029195,-0.501738,-0.059313,-0.044854,-0.675006,0.734055,0.1934989573180675,0.2519658871981315,-0.0749023885101079,5.792603158965706,-0.0647693407927872,7.912770435842871,-0.0039471294730901,0.0746411383152008,0.0737333446741104,0.9446655421970124,0.0309048304865641,-0.309202016481545,0.1050997217337304,-1.4566744565963743,-0.4271949231624603,-0.0948952585458755,-0.6915130686357617,1.602677772977948,0.3183025640726089,0.0,0.0,0.0,0.0,0.0,0.0
2421,-0.5515,-0.022668,-0.510084,-0.072663,-0.036934,-0.671585,0.73643,0.4653554120361804,0.0103432792347855,-0.1516179639220237,5.772887235626578,-0.0884540261989925,7.926937492883205,-0.0737891122698783,0.0575314350426197,0.0125598534941673,0.9450508771881672,0.0294908476226591,-0.3081703338766448,0.1050725789818813,-0.9113792181015016,-0.0315775498747825,0.0710413753986358,-0.8598781692191958,2.047825678765774,0.5089531462222338,0.0,0.0,0.0,0.0,0.0,0.0
2422,-0.553513,-0.012861,-0.522343,-0.089771,-0.004762,-0.677282,0.730211,0.1617383759200573,-0.0284961636414285,-0.1231131694495678,5.75179008706212,-0.0995935886443126,7.9421268787086,-0.0581587702035903,0.0179113466292619,-0.0493116229772567,0.9455838023942672,0.0283830606585464,-0.3070156744962323,0.1039569803513958,-0.5984484553337097,0.0389002338051795,0.2248760163784027,-0.5103805486768483,-0.192192550894618,1.5596283203244208,0.0,0.0,0.0,0.0,0.0,0.0
2423,-0.550704,-0.008812,-0.528994,-0.096567,0.00739,-0.680747,0.726088,-0.214514857339859,-0.0202067025307565,-0.0165419694781303,5.7618795194,-0.1140182371749077,7.934615772426127,-0.0932428687810897,0.0201637335121631,-0.0211170241236686,0.9455605068148466,0.0271519226855743,-0.3077498249602545,0.1023139424811189,-1.5694931745529177,-0.1362587958574295,0.0642888024449348,0.3506809851080179,-0.2991355067878961,-1.2628823390215635,0.0,0.0,0.0,0.0,0.0,0.0
2424,-0.547152,-0.005256,-0.533074,-0.091895,0.017087,-0.683425,0.724012,-0.3219762841492891,0.1357016155289486,0.0846399386703968,5.7403539162904025,-0.1527602384254802,7.949552644795179,-0.1310828179121017,0.1011354327201843,0.0369937419891357,0.9460735932202534,0.024605747217637,-0.3067249004994593,0.1012876753965353,0.2608026266098022,0.3986839354038238,-0.3027980029582977,2.220685168159008,-2.197626364132762,-0.93953418199718,0.0,0.0,0.0,0.0,0.0,0.0
2425,-0.534532,0.0007,-0.543326,-0.088435,0.022743,-0.685342,0.722474,-0.0978583166837692,0.2435111799226142,0.3250830179929733,5.703880919417738,-0.2059522509767674,7.974566090020537,-0.0992431715130806,0.1158449202775955,0.0913686826825141,0.9467206452699468,0.0216054617766853,-0.3048663511276729,0.1015362288040416,0.543628454208374,-0.069871574640274,-0.3388329744338989,0.0204661571845412,0.9290484438180924,1.0000918188124894,0.0,0.0,0.0,0.0,0.0,0.0
2426,-0.528346,0.002069,-0.547402,-0.082899,0.020614,-0.684393,0.724092,0.289396787583828,0.0846827183661982,-0.0314361717492341,5.661540491816401,-0.1921224630667828,8.005025525692105,0.1210312470793724,-0.0386992245912551,-0.0734123066067695,0.9476231065931876,0.0218068342501304,-0.3022941434874822,0.1007633806975428,-0.3445591926574707,-0.0174650885164737,-0.0211734399199485,-0.957426981562376,0.9595207389712334,-0.1525204657196998,0.0,0.0,0.0,0.0,0.0,0.0
2427,-0.520835,0.003353,-0.551917,-0.079337,0.020354,-0.684018,0.724852,-0.2874725415229797,-0.0377064111251384,-0.0348579628914594,5.66320345659256,-0.1599648086425848,8.004556739136577,0.0608347728848457,-0.0741744190454483,0.0079534128308296,0.947646741968894,0.0234189293753386,-0.3022130868557102,0.1004218850428812,-1.2650728225708008,0.1638350933790207,0.2423593401908874,-0.785801710139215,0.2762006214022636,0.7054501163125038,0.0,0.0,0.0,0.0,0.0,0.0
2428,-0.503686,0.004827,-0.561432,-0.073489,0.031383,-0.686024,0.723177,0.1738163517266512,0.1007778756585903,-0.1096843635559082,5.685243438965082,-0.1556948945047333,7.989001442608237,-0.003894951660186,-0.018455496057868,-0.000250096025411,0.9472562905379566,0.0237096251459813,-0.3034998002966173,0.100155987852314,-0.7904402613639832,-0.0254720412194728,0.0047373212873935,-1.479177650037408,-0.7587561745643615,0.5135831441104411,0.0,0.0,0.0,0.0,0.0,0.0
2429,-0.494921,0.004638,-0.566769,-0.071568,0.025982,-0.687706,0.721986,-0.0426151528894901,0.0214917921715416,-0.2209095268130302,5.674824920803308,-0.1645452317680232,7.9962290557742115,-0.0635980144143104,0.0272356066852808,-0.0011733887949958,0.9475035486115322,0.0230088689848761,-0.3029461607907694,0.0996561807498859,-2.104113817214966,0.0999376475811004,0.0340565256774425,0.4407584386572241,1.2332552625209092,-0.176845344159007,0.0,0.0,0.0,0.0,0.0,0.0
2430,-0.486176,0.004179,-0.572251,-0.073353,0.020477,-0.689332,0.720431,0.0217599963873624,0.1227544922050088,-0.1819277619898319,5.664319308879971,-0.1930842573036439,8.003036397701502,-0.1079066842794418,0.0442532710731029,0.0029857596382498,0.9477515706375924,0.0212230638196553,-0.3025033825178004,0.0990360806982657,-1.4559301137924194,-0.0004708708147518,0.5595651865005493,-0.5930307748347521,-0.0999257706075906,-0.2270914303183555,0.0,0.0,0.0,0.0,0.0,0.0
2431,-0.471624,0.001871,-0.584066,-0.071767,0.007781,-0.689677,0.72051,-0.1814882015287876,-0.0247493509290739,0.2608715348452329,5.6369759594023225,-0.2273899566072039,8.021420195654034,-0.0412704944610595,0.1091679185628891,0.0934549048542976,0.9482097194029542,0.0193294085715993,-0.3010776667431198,0.0993829765538153,-3.1055245399475098,0.0249813310801982,0.7161617279052734,-0.3266851924926042,2.544023388311267,-1.8794886352330444,0.0,0.0,0.0,0.0,0.0,0.0
2432,-0.463699,0.000648,-0.588481,-0.072255,0.006034,-0.68983,0.720331,-0.1743430059492588,-0.0638898682442493,0.0787947197735309,5.605140559202432,-0.2481045173285528,8.043086084017157,-0.0044912584125995,0.0647539347410202,0.0875086635351181,0.9487128399910314,0.0182578037536618,-0.2993048656154385,0.1001361031881602,-4.667234897613525,-0.4702118635177612,1.2093130350112915,-0.7991603734061121,2.573698980128765,0.3536410039573908,0.0,0.0,0.0,0.0,0.0,0.0
2433,-0.455875,-0.000391,-0.592228,-0.07268,0.004754,-0.689956,0.720177,0.3336018400132656,0.1752740397216752,-0.1986088476777076,5.583666978541016,-0.2617645381622016,8.057575797140597,-0.0499653331935405,0.030755016952753,-0.0098723946139216,0.9490847184082014,0.017443298927347,-0.2981169248436086,0.1003010682073724,-2.0247573852539062,-0.2281460016965866,0.8469810485839844,0.7904889911726116,-3.0667922939181325,0.2918395410934463,0.0,0.0,0.0,0.0,0.0,0.0
2434,-0.442939,-0.001085,-0.600811,-0.077459,-0.000535,-0.683596,0.725739,-0.0701923111230135,-0.0825435509130358,0.1955851159423589,5.571918088558316,-0.2780830558816902,8.065158799615501,-0.0531721524894237,0.0574980564415454,0.0103382766246795,0.949364984550667,0.0162720725568505,-0.2975341426052577,0.0995731972255771,-1.8450161218643188,-0.0318560637533664,0.4328832030296325,1.786539717900753,-0.3716910399109125,0.097366112720035,0.0,0.0,0.0,0.0,0.0,0.0
2435,-0.436926,-0.001105,-0.603736,-0.079294,-0.001119,-0.680378,0.728559,-0.2061369050949811,-0.0914310601152479,0.2644084767997264,5.567502610203624,-0.2920901183210313,8.067712575751543,-0.0186435170471668,0.0188202150166034,0.0268417373299598,0.9494614291104349,0.0154166487623179,-0.2973608431112302,0.0993068374532032,-0.8453304171562195,0.2751160562038421,0.3806876540184021,1.103484973269701,-1.099219717040658,-1.1020751064717769,0.0,0.0,0.0,0.0,0.0,0.0
2436,-0.43181,-0.001011,-0.606208,-0.081008,0.00072,-0.677457,0.731088,0.1537666663885116,-0.0130433685063384,0.0834995364636182,5.574510443139076,-0.2907209853922948,8.062921249821782,0.0526966154575347,-0.0620140880346298,0.0137425893917679,0.949272967020822,0.0157133881509499,-0.2977558011230053,0.0998769433173969,-1.390133261680603,0.3968608975410461,0.1751095801591873,0.8272372978553175,0.4560416402459144,-0.8372716390050947,0.0,0.0,0.0,0.0,0.0,0.0
2437,-0.423058,-0.001876,-0.611289,-0.090883,0.014867,-0.675096,0.73196,0.1581587638676166,-0.0425441882788203,0.1012105497211217,5.586279206866026,-0.2731912104532122,8.055385593619942,0.0811293944716453,-0.0605787150561809,-0.0117749255150556,0.9490364515267532,0.0168221529885051,-0.2983398368294465,0.1002002007435562,-1.1339433193206787,0.3296025395393371,0.1720182001590728,0.1810275982797145,-0.6001163491815328,-0.2292179209530353,0.0,0.0,0.0,0.0,0.0,0.0
2438,-0.418132,-0.002362,-0.61143,-0.095101,0.020518,-0.675863,0.730578,0.1606575949460268,-0.1625098534828983,0.0667138213574886,5.603681592565775,-0.2385189611258916,8.044391905918717,0.1230349764227867,-0.1085872054100036,-0.0076337764039635,0.9487272582485654,0.0188187815649258,-0.2991588309139193,0.1003312293639698,0.960869073867798,0.3761870265007019,-0.029873052611947,-0.1893070585861802,-2.750775794956088,0.5526220459483564,0.0,0.0,0.0,0.0,0.0,0.0
2439,-0.414401,-0.003557,-0.612015,-0.096073,0.02909,-0.676814,0.729278,0.5308990205705165,0.0483511940571479,-0.1470300516098737,5.628334387785196,-0.1906564273685216,8.02844264163673,0.095184601843357,-0.0552943125367164,-0.1253438591957092,0.9483497828513174,0.0213716528524488,-0.3003441226811734,0.099847383609143,-0.41533163189888,0.0253002196550369,-0.0957106575369834,-0.7021063588425517,1.8559920243114232,-0.1028955801986157,0.0,0.0,0.0,0.0,0.0,0.0
2440,-0.408143,-0.007362,-0.612637,-0.099089,0.030804,-0.678553,0.727185,-0.0812117177873849,-0.0727907027189154,-0.0278477918684482,5.646533476820588,-0.1310157227350399,8.016849818998574,0.1122401505708694,-0.0745970383286476,-0.1312320381402969,0.9482574810505136,0.023994326040669,-0.3011290364840466,0.0977412954166143,-0.4672925472259521,0.2687802910804748,-0.1148310899734497,0.4718295764863491,-0.3136877637535333,-0.5535974668517708,0.0,0.0,0.0,0.0,0.0,0.0
2441,-0.405907,-0.008691,-0.612078,-0.098221,0.027705,-0.678409,0.727562,-0.1053343516528606,-0.1089509073153603,-0.1725730736672878,5.657188726347685,-0.0950050187450367,8.009842570585011,0.0583318471908569,-0.0324657633900642,-0.0560087300837039,0.9482229025649034,0.0255017634485636,-0.3015979745145187,0.0962382592071488,-0.3322644233703613,0.4931468367576599,-0.0415927581489086,0.5476698303684592,0.3668605510145425,0.5709839243300259,0.0,0.0,0.0,0.0,0.0,0.0
2442,-0.403665,-0.009776,-0.610493,-0.097085,0.037932,-0.679108,0.7266,-0.2680272518187761,-0.244318276788108,0.0908896467149257,5.669794525420666,-0.0824903868205379,8.001062467280029,0.0941631272435188,-0.1264311820268631,-0.0208402089774608,0.9481017512614264,0.0258862831682205,-0.30230653507738,0.0950977442021305,-1.2713783979415894,-0.0341121368110179,-0.1146752908825874,-0.6995797629743814,0.8205196800380945,0.0970648282185196,0.0,0.0,0.0,0.0,0.0,0.0
2443,-0.399973,-0.0132,-0.605778,-0.086933,0.063608,-0.68559,0.719974,0.2980056259751319,-0.1414329439888708,0.2893494413107633,5.681961933076382,-0.0578843076865188,7.992643013980984,0.096837043762207,0.0928816199302673,0.0216859132051467,0.9477579170436308,0.0276470200970982,-0.302860132502346,0.096262127235923,0.4533419907093048,-0.0192514304071664,-0.2433298081159591,0.1060819551497697,-2.7519974457055327,1.6253380792059002,0.0,0.0,0.0,0.0,0.0,0.0
2444,-0.397457,-0.015399,-0.604811,-0.085213,0.067813,-0.687583,0.717892,-0.2482043609738349,0.0277501470301183,-0.0561643702924251,5.653862796795368,-0.030742896822025,8.012695037406683,0.1312671154737472,0.1157371997833252,0.0911431089043617,0.948118113912512,0.0294613280012079,-0.3009955026640545,0.0980090068889588,0.0704561099410057,-0.0252750199288129,-0.2536662518978119,0.0329170579567551,0.653856122675538,-0.5404419249415398,0.0,0.0,0.0,0.0,0.0,0.0
2445,-0.395957,-0.017283,-0.603755,-0.082981,0.071672,-0.689281,0.716148,-0.0303045373708009,0.0350003944362979,0.165222710904479,5.502850397551059,-0.0840815467358101,8.116769744387268,-0.0257057547569274,0.2279727011919021,0.1418562978506088,0.9504622131960166,0.0269439818435759,-0.2922908483014853,0.1022823766082506,-0.0432459488511085,0.1309283822774887,-0.1348042637109756,-0.2605246211037039,0.1487187353491783,0.0427893404126167,0.0,0.0,0.0,0.0,0.0,0.0
2446,-0.395803,-0.01906,-0.601786,-0.08239,0.082983,-0.689178,0.715094,0.4519213454455137,-0.14929342083144,0.1116740760684013,5.447541182783246,-0.1082329043722711,8.153708605206011,-0.0950980857014656,0.1813500076532364,-0.0621196515858173,0.9514308933703368,0.0253504365600181,-0.2891952883480526,0.1024827589293944,-0.0411950498819351,-0.0770749896764755,-0.0522362142801284,-0.6914066856518387,-0.2381540916025638,0.1886354429349303,0.0,0.0,0.0,0.0,0.0,0.0
2447,-0.394694,-0.019808,-0.601261,-0.082212,0.089323,-0.689802,0.713748,0.3019546558618545,-0.2762619779343717,0.2902273931890726,5.427967882785201,-0.1012736415525898,8.166841058501602,0.0108066219836473,-0.0202505961060524,-0.1903321593999862,0.952084612843582,0.0247262976252948,-0.2880895587178136,0.0996393139800997,0.6584924459457397,-0.0372686199843883,-0.1149617210030555,-0.1852633361533284,-0.9360738124102354,0.0601060936555266,0.0,0.0,0.0,0.0,0.0,0.0
2448,-0.394389,-0.020517,-0.599779,-0.079765,0.095501,-0.691218,0.711853,0.7557453023105859,-0.0495118170680478,0.1168190377414226,5.4468830111354585,-0.0172265884581371,8.1548484228909,0.0758629888296127,-0.0175508186221122,-0.4177201390266418,0.95232685260698,0.0276232630287994,-0.2888864891805497,0.0941016202791667,0.4307876825332641,-0.0507708974182605,-0.0110128792002797,-0.3546206626445055,0.8088345029413699,-0.3026993367493152,0.0,0.0,0.0,0.0,0.0,0.0
2449,-0.394489,-0.02258,-0.599792,-0.08082,0.092205,-0.692317,0.7111,-0.2623585585325956,-0.2977599989173002,0.1829413229465484,5.477378102642297,0.1424361296820454,8.133167921480537,0.3053731620311737,-0.2580452263355255,-0.4514589011669159,0.9525136674773116,0.0338162298454651,-0.29013840273814,0.0859872373555913,0.0542015060782432,-0.0452435612678527,0.0093057071790099,-0.3765399412468075,0.3400812651604414,-0.1099954753316938,0.0,0.0,0.0,0.0,0.0,0.0
2450,-0.394915,-0.023221,-0.599017,-0.079651,0.090952,-0.693441,0.710298,-0.044334816288948,-0.0251457663681358,0.0036041619718074,5.574342100834846,0.3571916091110557,8.060366304641962,0.415367066860199,-0.3925111293792724,-0.454655647277832,0.9511465681813548,0.0437480805094841,-0.2951640001946866,0.0792750257028319,-0.3181395530700683,-0.202957883477211,0.0015303425025194,-0.110643271715939,-0.2744651759117841,-0.2173240695416927,0.0,0.0,0.0,0.0,0.0,0.0
2451,-0.39489,-0.023748,-0.596247,-0.073927,0.099174,-0.694929,0.708359,-0.0931049846768379,-0.0275004762681201,-0.3022586072444915,5.700025413033366,0.6036053238084539,7.957119865179061,0.3915265798568725,-0.4446570575237274,-0.5139350891113281,0.9489805994293165,0.0552423064813448,-0.3020729787354854,0.0716666871312656,-0.5252746939659119,-0.172094240784645,-0.1077232435345649,0.4201560878723859,-0.3855822026193142,-0.5055776784397661,0.0,0.0,0.0,0.0,0.0,0.0
2452,-0.395124,-0.024938,-0.592611,-0.074488,0.120018,-0.696344,0.70367,-0.3526917404085397,-0.1263826195742934,-0.3106739688903093,5.829727313223481,0.8284824025455861,7.842084203723073,0.2654212117195129,-0.3998689353466034,-0.4213156402111053,0.9464314352250108,0.0655857703501775,-0.3096182835571354,0.0640517389674679,-0.5515177249908447,-0.1563223600387573,-0.1881171613931656,0.4521496012434363,-0.2483803020626306,-0.3200079066857695,0.0,0.0,0.0,0.0,0.0,0.0
2453,-0.395162,-0.025912,-0.591221,-0.074087,0.12835,-0.697017,0.701573,-0.2236971117049455,-0.1093029630228877,-0.2650298235684633,5.938356614768505,0.9637336074259132,7.744515225374698,0.0014021366368979,-0.4311349987983703,-0.4823434352874756,0.9443463033727666,0.0706022563036873,-0.3164726237097511,0.0554115554593595,-0.0667507499456405,-0.1395595222711563,-0.315174251794815,-0.129727911414206,-0.9450999994307756,0.2371608427815139,0.0,0.0,0.0,0.0,0.0,0.0
2454,-0.394481,-0.026346,-0.59107,-0.077032,0.135803,-0.695541,0.701318,-0.4368769210487604,-0.1211597703594714,0.2174246073067188,6.046491410794854,1.0695630491193384,7.646330745476484,-0.0025562704540789,-0.3425424098968506,-0.373049259185791,0.9422041747717764,0.0736385985916185,-0.3236093314769813,0.0458888389309121,0.2096611410379409,-0.2530200183391571,-0.348109632730484,-0.3973609032183885,-0.7849597063571214,0.6596062106348574,0.0,0.0,0.0,0.0,0.0,0.0
2455,-0.393791,-0.026895,-0.59084,-0.086602,0.149188,-0.693991,0.699013,0.0303203194618225,-0.182503442985937,0.2369622514694929,6.096292091274261,1.1271656355213373,7.598361956599354,-0.0641830191016197,-0.0113361114636063,-0.1951106041669845,0.941177549339968,0.0749332391828072,-0.3270724256367552,0.0399178535166884,0.1291633695363998,-0.350359559059143,-0.2903406023979187,-0.2949383473590016,-0.0329459917902946,0.5805082701310516,0.0,0.0,0.0,0.0,0.0,0.0
2456,-0.393651,-0.027253,-0.591131,-0.089489,0.148087,-0.696449,0.696434,0.2461369070500135,0.0735365069843828,0.1276864687144756,6.050762512242794,1.1335901156108823,7.633716763097047,-0.1289081126451492,0.1688585877418518,-0.1485560089349746,0.942291302841007,0.0737487222447646,-0.3245764663685569,0.036033935620446,-0.1011342853307724,-0.4318540096282959,-0.2696341872215271,-0.0834255944445729,-0.0945984381049871,0.3153738171443343,0.0,0.0,0.0,0.0,0.0,0.0
2457,-0.39369,-0.027957,-0.591078,-0.091464,0.149395,-0.699564,0.692767,0.574492663103342,0.2011820591665804,0.2680149768590927,6.015097909143567,1.1603704243782906,7.6578405660063025,-0.0214131437242031,-0.0258549079298973,-0.3273498117923736,0.9431275189817652,0.073287885442381,-0.3227811818581655,0.0308487419455386,-0.0031310226768255,-0.4176221489906311,-0.324748694896698,0.352419060947001,-0.5212982485324144,0.1380079562425613,0.0,0.0,0.0,0.0,0.0,0.0
2458,-0.395693,-0.028421,-0.590963,-0.094119,0.152234,-0.704875,0.686381,0.6680027214497327,0.2381938390910625,0.2395107669085264,6.049977499344944,1.282273852711916,7.6107772015362976,0.1477555185556411,-0.3701687455177307,-0.5172804594039917,0.9420903559885238,0.0771808554530694,-0.3255786781036981,0.0225247160808568,-0.018880158662796,-0.3968887329101562,-0.3212425708770752,0.2855430347651243,-0.3507189790308475,-0.1833800066247582,0.0,0.0,0.0,0.0,0.0,0.0
2459,-0.39624,-0.028642,-0.590663,-0.096995,0.152787,-0.708081,0.682546,0.7194792261868714,0.3181679779075086,0.4057447006821632,6.180011407968402,1.5114508571326732,7.462798470899462,0.3753891289234161,-0.6765943765640259,-0.7164899706840515,0.9382832872663298,0.0860600562338165,-0.3348086682663176,0.0110097693423188,0.186475932598114,-0.3852680921554565,-0.420906513929367,0.482450923743844,-1.0847603990554808,0.3672505732454359,0.0,0.0,0.0,0.0,0.0,0.0
2460,-0.396921,-0.027601,-0.591612,-0.1041,0.150305,-0.710458,0.679574,0.2723632351964712,0.7897801122508943,0.1453489666551351,6.612313276186585,2.196537545982748,6.900936156788468,0.4855149090290069,-1.3288846015930176,-0.8146630525588989,0.922813872214553,0.1148860549241341,-0.3673572718627667,-0.0162615600826669,-0.3513108193874359,-0.3091841340065002,-0.5638280510902405,0.7909498866826296,0.0669394468069076,-0.2750891530290246,0.0,0.0,0.0,0.0,0.0,0.0
2461,-0.399291,-0.026238,-0.593249,-0.11907,0.148981,-0.711229,0.676594,0.6048790335386991,0.1932663176059722,0.0016927753925323,6.862186447155476,2.562609723098576,6.520262184476852,0.3384929001331329,-1.0355186462402344,-1.0986425876617432,0.9117767666933482,0.1291434622865251,-0.3884341892427143,-0.0332275571037657,-0.4111166298389435,-0.2676246762275696,-0.9002841711044312,1.410399589626491,0.2851402991831303,-0.2998503770589828,0.0,0.0,0.0,0.0,0.0,0.0
2462,-0.399472,-0.025724,-0.59562,-0.127698,0.150861,-0.711115,0.674722,1.474703134971857,-0.4305336895018816,-0.5604466020941734,6.882257175281644,3.013578005602956,6.302640008771419,-0.1834401935338974,-0.7923820614814758,-1.8785070180892944,0.9041226846699588,0.1424295275123431,-0.3979555553406813,-0.0625093732653862,0.0794759690761566,-0.241613283753395,-0.8655587434768677,0.1733084022045135,0.2566810974180698,0.7446145442262292,0.0,0.0,0.0,0.0,0.0,0.0
2463,-0.399908,-0.02551,-0.597911,-0.133868,0.149075,-0.712691,0.672256,-0.7922627228468656,0.2850777553409337,0.2165940017014741,6.927553530079126,3.403938090148568,6.049181380531191,-0.3065725266933441,-1.2640968561172483,-1.4192986488342283,0.8936427124630119,0.148540364668568,-0.4117199874294663,-0.0991220424067515,0.0181641466915607,-0.187722310423851,-0.777896523475647,0.5929486495092511,0.6526128446161746,-0.5152019774839282,0.0,0.0,0.0,0.0,0.0,0.0
2464,-0.400054,-0.025403,-0.601563,-0.13869,0.14933,-0.719527,0.663887,0.3870990369230508,0.1635749436974525,1.118712937539816,7.032831183108687,3.7186227559849616,5.73424040184617,0.0222026444971561,-1.1423994302749634,-1.318898320198059,0.8810425676147202,0.1533439191995468,-0.4290929472001444,-0.1269992429507961,0.6104588508605957,0.0667141303420066,-0.765720546245575,0.8040951994597911,0.0084480948716402,-0.9014745004549622,0.0,0.0,0.0,0.0,0.0,0.0
2465,-0.401004,-0.026434,-0.600386,-0.130384,0.149743,-0.718881,0.666174,0.4628992510557174,-0.4262500208333134,0.984758640602231,7.047561719250679,4.1799090188860895,5.388007043796778,0.3676410317420959,-1.019420862197876,-1.5950030088424685,0.8665387815755807,0.166788726540713,-0.4443755465520134,-0.1543450035747673,0.6263629794120789,0.3221116364002228,-0.875601589679718,1.0661205805152654,0.9771388132482768,-1.438633750464022,0.0,0.0,0.0,0.0,0.0,0.0
2466,-0.402868,-0.025453,-0.599812,-0.117016,0.147893,-0.714857,0.673361,-0.2665226924747228,-0.1968918146267533,0.1673778431117534,6.99123660543859,4.689910212856531,5.029685188546776,0.1624513268470764,-1.3753806352615356,-1.5594663619995115,0.8502690331198983,0.1825493029245655,-0.4585119006247841,-0.1829894891836235,0.738041341304779,0.6302647590637207,-0.6127867102622986,0.576478868484497,1.761449700307846,-0.5211639546282589,0.0,0.0,0.0,0.0,0.0,0.0
2467,-0.407664,-0.026328,-0.600294,-0.109917,0.139277,-0.713377,0.677949,0.6745639796614646,0.4104524399816989,0.8187088312238454,6.959048738539218,5.159807359975576,4.595478948011994,-0.0240804702043533,-1.517292857170105,-1.7847970724105835,0.8293169272172979,0.1928788107820164,-0.4780099831986962,-0.2157262715104509,-0.1656711995601654,0.6852507591247559,-0.4854024350643158,0.4545294821172952,2.042888222363591,-0.9819710557103156,0.0,0.0,0.0,0.0,0.0,0.0
2468,-0.408084,-0.027119,-0.602496,-0.114169,0.135128,-0.718617,0.672529,0.2026280201911926,-0.4108481613010167,1.1996657121300696,6.811185743236542,5.637989520359039,4.241606473386288,-0.0609379149973392,-1.1827658414840698,-1.682360291481018,0.8083034530501152,0.2027916004780425,-0.4925584398358706,-0.2508135070035607,0.0175348408520221,0.8503860235214233,-0.3514548242092132,0.4702554590374231,0.5098632468044757,-0.4268694679059088,0.0,0.0,0.0,0.0,0.0,0.0
2469,-0.409112,-0.027627,-0.604232,-0.116985,0.136751,-0.720879,0.669289,0.7365969497263432,-0.1470890883207321,1.84187991232872,6.636347062724829,6.0918918104887005,3.875324014520645,0.3813239336013794,-1.3812220096588137,-1.6752580404281616,0.7867617219603028,0.2143265314774015,-0.5064361834359321,-0.280343549697023,-0.3966157138347626,0.7635582089424133,-0.194940909743309,-0.0915349588811397,1.7075976986110208,-0.4261540131129324,0.0,0.0,0.0,0.0,0.0,0.0
2470,-0.415371,-0.027968,-0.607367,-0.12272,0.12914,-0.716736,0.674205,0.7995160549759864,-0.2961743188947439,1.658473602218926,6.391467462259531,6.655771894162893,3.319669907400012,0.8356046676635742,-1.5876448154449463,-1.8995296955108645,0.7579151404601142,0.2343680173838677,-0.5251814638752552,-0.3079294853598564,-0.4607201516628265,0.7579391002655029,-0.156871810555458,-0.1762701746195554,0.0425900184482336,-0.4789138356588781,0.0,0.0,0.0,0.0,0.0,0.0
2471,-0.420046,-0.026935,-0.612432,-0.129348,0.097759,-0.713406,0.681736,0.4952402626901864,-0.4590864147692918,1.0089566777914762,6.054547876000404,7.234677113011479,2.6781135865882035,0.7181836366653442,-1.7409659624099731,-1.9502431154251096,0.7237926248374721,0.2566419376810453,-0.5455172922598276,-0.3356636731923371,-0.1177627965807914,0.660140872001648,-0.1018099635839462,-0.3751069858342409,-0.331833076775074,-0.3190693106614053,0.0,0.0,0.0,0.0,0.0,0.0
2472,-0.426281,-0.02539,-0.61588,-0.13656,0.062613,-0.704965,0.693149,0.946645475307107,-0.9058119451373816,-0.3216013133570551,5.628879162186384,7.75143187289536,2.097949015328288,-0.118439182639122,-2.450024366378784,-2.1513335704803467,0.6855567314208053,0.2713885714036235,-0.5651394608525953,-0.3701046873892541,-0.3127405345439911,0.6146044135093689,-0.0514648333191871,-0.2818827586919069,0.048794133785367,-0.2848477459773421,0.0,0.0,0.0,0.0,0.0,0.0
2473,-0.438425,-0.021202,-0.620494,-0.129591,0.025755,-0.693195,0.708536,0.1280021105349063,-1.1778759051263332,0.7917815152011811,4.463627760833502,8.596458802202344,1.5320903250575064,-0.2576660513877868,-1.605303406715393,-2.037219524383545,0.6033060551417763,0.2752295687550027,-0.5883313825416916,-0.4627489932608881,-0.4371972382068634,0.5462163090705872,0.2034600675106048,-0.4906991121292114,0.4383949243962765,0.1248037528850138,0.0,0.0,0.0,0.0,0.0,0.0
2474,-0.443515,-0.019766,-0.621749,-0.125073,0.010129,-0.689121,0.713699,-1.2301304084986449,-0.3992266970902681,-0.5264129611976445,4.049003295864164,8.823672982117532,1.3851833153054118,-0.2078779935836792,-1.4832818508148191,-1.678485870361328,0.5774669175797884,0.2790934092675716,-0.5928593196656087,-0.486987218587328,-0.6554023027420044,0.5211488008499146,0.2415049821138382,-0.4033177657961845,0.0789712453842163,-0.3646002048671245,0.0,0.0,0.0,0.0,0.0,0.0
2475,-0.447231,-0.019256,-0.622374,-0.12006,-0.008131,-0.687811,0.715846,-0.1569426660761237,-1.1269698937535286,0.2113702757038175,3.523938680535555,9.057165511649847,1.3114922022812068,-0.57790607213974,-1.6124027967453003,-1.7861745357513428,0.5454525223637948,0.2798461443649985,-0.5956665559515772,-0.5189886053154547,-0.4129688739776611,0.4426918625831604,0.2201084941625595,-0.1384276429593563,-0.1859574558973312,-0.4753308626055717,0.0,0.0,0.0,0.0,0.0,0.0
2476,-0.449871,-0.016627,-0.620846,-0.106445,-0.027187,-0.690369,0.715067,-1.0225471039876342,-0.830423818936944,-0.0242192261077463,2.9751679031878706,9.259060541391372,1.2603748862452804,-0.6040213108062744,-2.516395092010498,-1.8394451141357424,0.5039011379501798,0.2718189575837975,-0.6015423653009206,-0.5570859749595134,-0.4396164715290069,0.4684187471866607,0.1068589016795158,-0.3175473617911338,-0.0964975497245788,-0.6188998139761388,0.0,0.0,0.0,0.0,0.0,0.0
2477,-0.452843,-0.015477,-0.620623,-0.101419,-0.049819,-0.686975,0.717842,-0.6880626359209417,-1.558605991539359,-0.5274808826901018,1.884415131849796,9.52546106879115,1.3729331978023052,-1.1555042266845703,-2.902578830718994,-1.5130857229232788,0.405003093222178,0.2376804219447592,-0.6111529300839789,-0.6371597291205825,-0.4509553909301758,0.4302558600902557,0.0236261915415525,-0.411675844296813,-0.7320897014349699,0.0974104267857968,0.0,0.0,0.0,0.0,0.0,0.0
2478,-0.454548,-0.013852,-0.617658,-0.096434,-0.069527,-0.683652,0.72006,1.0397672649882734,-1.625958110800385,0.2946352727591991,1.4811772994220256,9.5588460365206,1.613992655457556,-1.0978411436080933,-2.912910223007202,-1.792231202125549,0.3541399978508215,0.2087451220437974,-0.6116655551187874,-0.6759257980022816,-0.3281559646129608,0.3727715015411377,0.0498037338256835,-0.6004682313591242,-0.4124818999826908,-0.1740906386233866,0.0,0.0,0.0,0.0,0.0,0.0
2479,-0.458337,-0.012552,-0.612707,-0.077864,-0.083639,-0.684726,0.719786,-0.0217209430186077,-0.2081143426477908,0.1462140590518713,0.3548141759226098,9.65054641509652,1.706299475494027,0.1191471368074417,-2.436035633087158,-1.7624157667160034,0.2332864361887983,0.1730578276746153,-0.6189135056403119,-0.7297770882043754,0.085721880197525,0.278713047504425,0.072539672255516,-0.4119353720158338,-0.4618512033075094,0.5470458532512188,0.0,0.0,0.0,0.0,0.0,0.0
2480,-0.45707,-0.012307,-0.606346,-0.069081,-0.079011,-0.68801,0.718072,-1.2110415310166776,-0.5230962378650903,0.2463637015432119,0.0018199575661281,9.65847194739878,1.6983267430491744,-0.1120450794696807,-1.5647512674331665,-0.71094810962677,0.1909868534081315,0.1602168422404408,-0.6226877207057526,-0.7416971571753009,0.2367076724767685,0.308327704668045,0.0842175036668777,-0.6203939980566501,-0.2390460720062255,0.004562631740421,0.0,0.0,0.0,0.0,0.0,0.0
2481,-0.456373,-0.011751,-0.602254,-0.061835,-0.074282,-0.691191,0.71618,0.2474887783166952,0.0245528419762849,0.5775419676713646,-0.0632848104566102,9.668222357040642,1.6406852859415113,0.4051976203918457,-0.9615805745124816,-0.2229734659194946,0.1715832540440487,0.1490318733915275,-0.6278039767334094,-0.7444533442412586,0.0187670849263668,0.2023058384656906,0.1174139305949211,-0.4114356058001518,-0.2605553085029125,-0.1007423476874828,0.0,0.0,0.0,0.0,0.0,0.0
2482,-0.455441,-0.010419,-0.595198,-0.050064,-0.06758,-0.696146,0.712957,0.474262502721697,-0.0854997703701257,-0.8146611632682382,-0.0864017241785302,9.684002694496511,1.5436955687858165,0.0347809307277202,-0.7775351405143738,-0.1468118578195572,0.1583846359528557,0.1407961772054059,-0.633616496856915,-0.7440569925585849,0.1749942451715469,0.3276622593402862,0.1098962947726249,-0.3723112176358699,-0.3690478319257497,0.0413093309879303,0.0,0.0,0.0,0.0,0.0,0.0
2483,-0.45541,-0.009192,-0.591973,-0.04243,-0.065611,-0.69526,0.714498,0.2547148205800913,0.0619587357848882,-0.030725977653265,-0.0738029759008437,9.68139455782473,1.5606206923626362,-0.0174081474542617,-0.6509314179420471,-0.0403423644602298,0.1498579060194385,0.132478587884596,-0.6347282167271456,-0.7463994564951494,-0.2392423450946808,0.2915682792663574,0.1595963388681411,-0.4080336884021758,0.0153372698634862,-0.1013957700949162,0.0,0.0,0.0,0.0,0.0,0.0
2484,-0.456202,-0.007653,-0.58977,-0.032639,-0.063589,-0.692513,0.717856,0.5062747573258355,0.1523468627184629,-0.4894723468132316,-0.0313248591451556,9.685127314612268,1.5387310782462358,0.4094953238964081,-0.7465206384658813,-0.014649667777121,0.1435445834782995,0.1246008519031349,-0.6371979112086853,-0.7468924225402265,-0.0621749013662338,0.252668559551239,0.1176305189728736,-0.4509615605026483,-0.5384592266917229,0.3650187956053763,0.0,0.0,0.0,0.0,0.0,0.0
2485,-0.456995,-0.008645,-0.581137,-0.01382,-0.051886,-0.691992,0.719906,0.253595972617995,-0.5760936685591935,0.4714494911275804,-0.0144749653621693,9.70144307411909,1.4325395252421498,0.3317158222198486,-0.5648645162582397,0.0332311019301414,0.1338275422760571,0.1164768405550715,-0.6429571957793584,-0.7450699962534258,0.3064057826995849,0.1588852852582931,0.0542711839079856,-0.2200064404934644,-0.5509224024236202,0.7013059291798621,0.0,0.0,0.0,0.0,0.0,0.0
2486,-0.456272,-0.007908,-0.580141,-0.011678,-0.045901,-0.693762,0.718645,0.6563005932182073,0.107987496510148,-0.759951667959243,0.0526824099281802,9.727242701286077,1.2443285913296045,0.4974119961261749,-0.3619123697280884,0.1162089556455612,0.1296615993108455,0.110605537759545,-0.6514010369976818,-0.7393449413082099,0.1622358411550521,0.1473925113677978,0.098962090909481,-0.1622457409203052,-0.1080593927025795,-0.0397018227260559,0.0,0.0,0.0,0.0,0.0,0.0
2487,-0.455628,-0.00896,-0.577351,-0.0101,-0.041194,-0.69561,0.717166,0.9378118882492184,0.3206248695403337,0.3640857525389641,0.0939393714080564,9.747890352517366,1.0677958933163434,0.4308433532714844,-0.2805027067661285,0.0400179885327816,0.124550787326876,0.1053060415877261,-0.6591420177645649,-0.734118205084223,-0.0984077453613281,0.1715779602527618,0.1394601017236709,0.079510759088397,0.0532440989315509,-0.3838729875486344,0.0,0.0,0.0,0.0,0.0,0.0
2488,-0.453459,-0.008913,-0.575256,-0.007297,-0.039792,-0.699895,0.713099,0.7538315776437521,0.2138064168095588,-0.5539917268663644,0.1193038402944803,9.760587337005138,0.9418520304854958,0.1679118573665619,-0.3410118818283081,-0.0691580027341842,0.1208495942928398,0.1016354681769453,-0.664566882266361,-0.7303536471496475,-0.0415159612894058,0.1736074388027191,0.0804021209478378,0.0456634345442056,-0.0294365223646163,-0.0880664059877395,0.0,0.0,0.0,0.0,0.0,0.0
2489,-0.45356,-0.010099,-0.576277,-0.014989,-0.046587,-0.704597,0.707919,-0.0432291474688332,-0.1231137539714574,0.0286515094667673,-0.00405639810969,9.763366738590598,0.920350027447194,0.0353066846728324,-0.6482123136520386,-0.4610274136066437,0.1074566270323564,0.0980802097727618,-0.6659245302788461,-0.7316952399726854,-0.0067997938022017,0.0688132867217063,-0.005052525550127,0.1515676950395107,-0.64536652674973,0.1515804814558476,0.0,0.0,0.0,0.0,0.0,0.0
2490,-0.452448,-0.010767,-0.576802,-0.021579,-0.046767,-0.711443,0.700854,-0.418866157659702,-0.1078688385665416,0.2031791512679308,-0.083018228353234,9.766526663926244,0.8822920264054089,0.1442885249853134,-0.4635870158672333,-0.1143761426210403,0.0966452120172588,0.0939894049037341,-0.6679682747434301,-0.7318770397689196,0.1565057784318924,0.1046336069703102,-0.0690442249178886,-0.0174310272723436,-0.0448205539792776,0.0094587332189083,0.0,0.0,0.0,0.0,0.0,0.0
2491,-0.451682,-0.010704,-0.574635,-0.024703,-0.037638,-0.715899,0.696751,0.3143606215137988,-0.0478413631051778,-0.2027075882334262,-0.0849659740206785,9.772788062408566,0.8097874197520315,0.2147847712039947,-0.333934485912323,-0.0149063039571046,0.0902559387041982,0.0889273460068014,-0.6714195842729693,-0.7301653204700472,-0.0365675389766693,0.1108037754893302,-0.0307831224054098,-0.1147971765249967,-0.0993254666268825,-0.2793091088116168,0.0,0.0,0.0,0.0,0.0,0.0
2492,-0.452771,-0.009878,-0.573407,-0.019864,-0.036534,-0.715534,0.697339,0.771114355551824,0.3361930255502462,-0.5480822836268693,-0.0869711398306302,9.776315652012824,0.7658047779016196,0.0416362434625625,-0.2553241550922394,-0.0436008609831333,0.0854668907229819,0.0850295678186373,-0.6735909715378325,-0.7292054002724306,-0.2308485954999923,0.1155155450105667,0.024019006639719,-0.1180243218779563,0.25039573353827,-0.2304617104690521,0.0,0.0,0.0,0.0,0.0,0.0
2493,-0.45217,-0.008915,-0.571355,-0.015899,-0.030058,-0.718249,0.694954,0.1227233298817649,-0.3170113552182912,0.3711538642942905,-0.2026298650884069,9.7736590000242,0.7777638765688986,-0.0681116059422493,-0.2485442459583282,-0.2460380047559738,0.0742596025900042,0.0825628957004474,-0.6734452064723147,-0.730849143681412,0.2230523228645324,0.108724907040596,-0.0691928267478942,0.3787941499143838,-0.3477940314948559,-0.6556991201937198,0.0,0.0,0.0,0.0,0.0,0.0
2494,-0.452837,-0.007769,-0.56931,-0.01119,-0.027346,-0.715978,0.697497,-0.2523374969894997,0.1194061316251754,0.5864267734598368,-0.3058106554365716,9.770142516335843,0.7881438893511891,0.158387616276741,-0.3026344180107116,-0.2304873913526535,0.0651012166394133,0.081165064454289,-0.6732221615537589,-0.7320832745797006,0.2706720232963562,0.1085076555609703,0.0181480683386325,-0.1277419982939958,-0.2192822178721427,-0.1687806591143831,0.0,0.0,0.0,0.0,0.0,0.0
2495,-0.452957,-0.008024,-0.569048,-0.013965,-0.024572,-0.715808,0.697725,0.4668155477166175,0.2341694058805704,-0.2471281831096857,-0.1853473611749708,9.78122622040808,0.6809279617354274,0.0635467544198036,-0.033198308199644,0.232398971915245,0.0660699931472595,0.074490522932702,-0.6780365020493474,-0.7282530800499335,0.1282072961330413,0.0333525016903877,0.1435676366090774,-0.0627367344200611,0.4327554572045803,-0.4586895244061946,0.0,0.0,0.0,0.0,0.0,0.0
2496,-0.452971,-0.008457,-0.568851,-0.017248,-0.021807,-0.715917,0.697632,0.7519342926550656,0.2067132436782121,-0.487727475907281,-0.1631101757299154,9.785935713273286,0.615817483921349,0.1932011544704437,-0.1547798663377761,-0.0850293189287185,0.0651520317650148,0.0725356397273366,-0.6806912872497071,-0.7260530829411102,0.4739380776882171,0.178711399435997,0.1224286630749702,0.0509638790398836,-0.173812844595313,-0.0415507339617935,0.0,0.0,0.0,0.0,0.0,0.0
2497,-0.454177,-0.008173,-0.566766,-0.013392,-0.017308,-0.711606,0.702238,0.7443229408685118,-0.2252156995743513,0.3557616493731736,-0.0826255849069915,9.790799519917368,0.5511917574169114,0.0897853448987007,0.0770583599805831,0.1583531498908996,0.0664448483300128,0.0685800370486797,-0.6835157783820931,-0.7236629876146893,0.9471005201339722,-0.0046572000719606,-0.0412044711410999,0.1486076761901378,-0.9735247144043444,0.6103630179077386,0.0,0.0,0.0,0.0,0.0,0.0
2498,-0.454522,-0.008151,-0.565681,-0.010269,-0.016009,-0.709222,0.704728,0.4690691353296861,-0.0946054523676633,-0.0904302490422502,0.0492755697599146,9.789026665025949,0.5855808972202241,-0.0931907668709755,0.1042941510677337,0.0991951450705528,0.0741328209035364,0.0663963705741139,-0.682447949931738,-0.7241274842116606,0.1049730777740478,-0.2326178252696991,0.0252652317285537,-0.0743055916607379,0.5812526587575674,0.3214022836536169,0.0,0.0,0.0,0.0,0.0,0.0
2499,-0.455007,-0.009482,-0.567946,-0.009598,-0.015294,-0.706638,0.707345,0.2258463256280869,0.54620414173007,-0.1206658493626862,0.0891408394193742,9.786870363774897,0.6161158092807978,-0.0913880094885826,0.0778100118041038,0.1034844368696212,0.0766960823539123,0.0658168229328256,-0.6813625929413238,-0.7249350732129125,1.148038387298584,-0.0986947491765022,0.0633015632629394,-0.1500011763751506,-0.875295810842514,-0.0705512806285172,0.0,0.0,0.0,0.0,0.0,0.0
2500,-0.455594,-0.010535,-0.570336,-0.015932,-0.017149,-0.704754,0.709065,0.7446114754863082,0.1991740803450346,0.1327769967865198,0.2468873600911348,9.792576466462016,0.463528817663528,0.2591434121131897,0.1981896460056305,0.0981794819235801,0.087159227566617,0.0658372483069658,-0.6870458960571818,-0.7183568385540244,0.6064217686653137,-0.0314028486609458,0.0298630483448505,0.3879781578451395,-0.1716635576069355,-0.2144955681174993,0.0,0.0,0.0,0.0,0.0,0.0
2501,-0.455814,-0.010891,-0.571104,-0.016524,-0.017427,-0.704697,0.709102,0.0569658594010397,0.3190308783471584,0.3905015753755346,0.2857041801435873,9.79437737840414,0.3986872564513236,0.1173561066389083,0.3735761940479278,0.1783619076013565,0.0919179204586211,0.0681868322184088,-0.6892192420568779,-0.7154569064754296,1.451219916343689,0.1473925709724426,0.0218736976385116,0.2004384011924266,-0.5964192482292652,-0.9919248789697884,0.0,0.0,0.0,0.0,0.0,0.0
2502,-0.45608,-0.011098,-0.571162,-0.015157,-0.015917,-0.704648,0.709216,-0.270777244646661,-0.2121972280472517,0.1265863985180854,0.4400173379663378,9.793642634388805,0.2476573580829426,0.3075159192085266,0.2635056376457214,0.2834034264087677,0.1051037247025945,0.0713841098409042,-0.6944618763805829,-0.7082232998646034,2.227020502090454,0.0537597723305225,-0.0520320199429988,0.7672083610892295,-1.844614890250564,0.5448211629390716,0.0,0.0,0.0,0.0,0.0,0.0
2503,-0.457178,-0.010796,-0.572571,-0.014172,-0.016725,-0.702438,0.711407,0.5106203853147104,-0.2049994254976511,-0.3983236107707023,0.5573431927187368,9.78824048308432,0.2238458907921798,-0.1746891736984253,0.0331939607858657,0.1900689154863357,0.1116973554118368,0.0697511540392744,-0.6955011233055675,-0.7063545020697759,1.6423325538635254,0.0281440485268831,-0.032507050782442,-0.0549631778091192,1.393002756884694,-0.4288794925540685,0.0,0.0,0.0,0.0,0.0,0.0
2504,-0.457421,-0.010606,-0.572988,-0.015808,-0.0146,-0.701233,0.712607,1.1310923805110156,0.0526607460856437,-0.3631529652008786,0.5488890334324911,9.786160754200816,0.3164663250887766,-0.3482425212860107,-0.368244856595993,-0.273712694644928,0.1094927854348416,0.0673493084308149,-0.6923357415328135,-0.710032766029264,0.2296548336744308,0.1059610322117805,0.0479966439306736,-0.0691670597285032,1.4686802214205263,-0.3007818126901984,0.0,0.0,0.0,0.0,0.0,0.0
2505,-0.457886,-0.010074,-0.573322,-0.018334,-0.01352,-0.70007,0.713711,1.3727920357659458,-0.0723684861183166,0.4478524885714053,0.3559712370032444,9.789385561466217,0.4599990726348012,-0.3553982675075531,-0.7026381492614746,-0.6193033456802368,0.0948056396051947,0.065529090588027,-0.6872063105357481,-0.717262385903348,-0.3539473712444305,0.0455207489430904,-0.0392333343625068,0.1572118384063243,0.1979033297568559,0.0468628734618425,0.0,0.0,0.0,0.0,0.0,0.0
2506,-0.458715,-0.00928,-0.57373,-0.020627,-0.011796,-0.696544,0.71712,-0.9919354734290392,-0.5234826068341731,0.6370260569710284,0.1416944536024239,9.792186590361595,0.5132382031302899,0.0875709876418113,-0.4100258648395538,-0.2838363647460937,0.0789937552251099,0.0650541138572875,-0.6852737389899188,-0.7210603118042624,0.3422586023807525,-0.1160196736454963,-0.1102309450507164,-0.2981418195754289,-2.821854825785756,1.1254635808438065,0.0,0.0,0.0,0.0,0.0,0.0
2507,-0.458922,-0.008964,-0.573745,-0.020941,-0.008867,-0.695926,0.717754,-1.0624484678737818,-0.8814823905229568,-0.034099874533154,0.2152005015164613,9.795692552655934,0.4104383383911102,0.3146240413188934,-0.1853535324335098,0.5528771877288818,0.0797391466776742,0.061341317009901,-0.6894278142329797,-0.7173340198441532,0.0784591734409332,-0.2093168199062347,-0.1005228534340858,-0.6302782632112502,0.0487169768959283,0.3531690025314688,0.0,0.0,0.0,0.0,0.0,0.0
2508,-0.457495,-0.007581,-0.575435,-0.022276,-0.007425,-0.696373,0.717296,1.2122462306313215,0.8016203337788581,0.4239952276438474,0.3837883414724841,9.792871650016307,0.3503795544760301,0.0587071515619754,0.1825734972953796,-0.1898161470890045,0.0900585982315192,0.0598520112059499,-0.691775506256532,-0.7139705279298758,-0.356825977563858,-0.1752272248268127,0.023189565166831,-0.0838233615905046,0.8442495151937007,-0.4366086255013942,0.0,0.0,0.0,0.0,0.0,0.0
2509,-0.45737,-0.007468,-0.576836,-0.024223,-0.008868,-0.697053,0.716556,1.7917165360167622,0.4977928697824478,1.297244627350569,0.2252486702621914,9.79562767072618,-0.406601354044117,2.0081865787506104,-1.3451744318008425,-0.3182936906814575,0.0666986668540344,0.0529936327540798,-0.7196683777825567,-0.6890721369293376,-1.671948790550232,-0.4646987617015838,0.0361886546015739,-0.3155260850965976,0.5176479093313217,0.3029115181952714,0.0,0.0,0.0,0.0,0.0,0.0
2510,-0.456114,-0.006427,-0.578242,-0.024582,-0.009841,-0.697276,0.716314,-0.0514580922976136,-0.8371195171833038,-1.2226326000891623,-0.1888597897427156,9.706139122980831,-1.3876453215047715,0.4011864364147186,-0.8752776980400085,-0.2829625606536865,0.0207990776536053,0.0386687029583887,-0.7544898644058887,-0.6548412851849639,-1.0395185947418213,-0.7776124477386475,-0.0870261490345001,-0.2057113731592893,-0.5629454331725835,0.0324877266287803,0.0,0.0,0.0,0.0,0.0,0.0
2511,-0.455915,-0.006482,-0.57903,-0.025514,-0.010594,-0.697975,0.715589,-0.8004388689093291,-0.81023326382339,-0.9713736738502978,-0.4134214093225076,9.638103697630765,-1.7625059313625095,0.5097929835319519,-0.984880268573761,0.0732082948088646,-0.0110442484921557,0.0196761961149948,-0.7677731691567315,-0.6403243309421268,-0.7295020818710327,-0.3675067722797394,0.0028158505447208,0.1393342364102602,0.4304594552218914,0.2117559140205383,0.0,0.0,0.0,0.0,0.0,0.0
2512,-0.455256,-0.006349,-0.581432,-0.025452,-0.012102,-0.698734,0.714826,-0.5412369843093678,-0.4595025943547487,-0.5422388913609087,-0.4058195925492793,9.628398296174408,-1.8164993873566389,-0.0520811602473259,-0.5045686364173889,0.1993474811315536,-0.0205794464250912,0.0076017776303881,-0.7697778289896218,-0.6379348857879613,-0.160492405295372,-0.2640120685100555,-0.0193422473967075,0.1750888558804988,-0.8330909923195838,-0.283093376590684,0.0,0.0,0.0,0.0,0.0,0.0
2513,-0.455216,-0.006324,-0.581842,-0.024405,-0.012521,-0.698438,0.715145,0.4104457545125857,-0.0356534971833229,-0.0168809921741485,-0.5659192613516003,9.54332756487131,-2.1851864231459794,0.7404921650886536,-1.079145431518555,-0.0669875591993331,-0.050412513972884,-0.016989273195591,-0.7817447584847977,-0.6213253375759599,-1.0703041553497314,-0.2557073831558227,-0.0018426174065098,-0.5488841745942831,0.1311100134223699,0.0024269440191332,0.0,0.0,0.0,0.0,0.0,0.0
2514,-0.454736,-0.006434,-0.582634,-0.024122,-0.013077,-0.698402,0.715179,-0.6266040316779166,-1.2111562434375285,-0.6644200406573713,-0.610898951415345,9.514995204356312,-2.2939155318036675,0.0112190805375576,-0.7315683364868164,0.2318264544010162,-0.0625921572782538,-0.0292056722516666,-0.7849230337038962,-0.6157313132346217,-0.2875166833400726,-0.2422290593385696,0.0337835550308227,0.1066688151270151,-0.6292313845068216,0.9153472507238388,0.0,0.0,0.0,0.0,0.0,0.0
2515,-0.454236,-0.006233,-0.583578,-0.020683,-0.012013,-0.699341,0.714388,-0.4720515486739575,0.2988385696679353,0.2036781137660145,-0.515556453477405,9.581581599941847,-2.024319130972028,-0.620637834072113,-0.0096035972237586,0.2445889264345169,-0.071445746361045,-0.046503299648298,-0.7752734982887893,-0.6258465456267959,0.2746113836765289,-0.014037812128663,0.0690546557307243,0.9243500568687916,-0.0096288290888071,-0.2973053687512874,0.0,0.0,0.0,0.0,0.0,0.0
2516,-0.454063,-0.006108,-0.583987,-0.017433,-0.010214,-0.699619,0.71423,0.4703939176600426,0.8443769409656524,0.7478513341903686,-0.4364262912044301,9.620977790784837,-1.8484364943653344,-0.3263630867004394,-0.057379376143217,0.1817335337400436,-0.0703140571214027,-0.0502863718863915,-0.7692303400258175,-0.6330971250761398,0.340319812297821,0.0309542715549469,-0.0136190485209226,0.4378694392174482,0.1601198348075151,-0.2353612277473322,0.0,0.0,0.0,0.0,0.0,0.0
2517,-0.45349,-0.006357,-0.585221,-0.016505,-0.008094,-0.701396,0.712535,0.0523689600648358,-0.6203203482985497,0.1019137295544147,-0.4863180109681561,9.69883376840353,-1.3662018437206744,-0.5519753694534302,-0.3636719882488251,-0.192106083035469,-0.0810525426191908,-0.0556288376629373,-0.7527033529426582,-0.6509789605068311,0.0249770451337099,-0.0998329296708107,-0.0280710253864526,-0.5225754288613796,-0.0657429304987192,-0.0022749591946601,0.0,0.0,0.0,0.0,0.0,0.0
2518,-0.452341,-0.006322,-0.58699,-0.011387,-0.004794,-0.705874,0.70823,0.1873707932939753,0.1016886886268854,-0.1709399925727397,-0.4731788356708362,9.763919696298242,-0.7825503801930696,-0.2443291991949081,0.1390340775251388,0.1067641526460647,-0.0841344102018434,-0.0557395491110395,-0.7326609515269826,-0.6730695010852871,1.1366214752197266,0.0466837510466575,-0.166787102818489,0.2488859134972095,-0.4840893386006355,0.163296126756072,0.0,0.0,0.0,0.0,0.0,0.0
2519,-0.451768,-0.006611,-0.588825,-0.009161,-0.004948,-0.707581,0.706556,0.1611711339587345,-0.3058405573844909,-0.053607671546936,-0.4956112514270469,9.75485668439865,-0.8760911259386688,0.5993925929069519,0.3485365509986877,-0.2246090769767761,-0.0835025790864333,-0.0540499406365806,-0.736034522513472,-0.6695962738443607,2.611822843551636,0.1391839683055877,-0.2926437556743622,-0.038797640427947,0.0067991586208343,0.0816907334759831,0.0,0.0,0.0,0.0,0.0,0.0
2520,-0.451506,-0.006836,-0.590609,-0.008884,-0.00626,-0.708316,0.705812,-1.5614236793085932,0.6992436628878116,-0.5183727895397693,-1.130407393921539,9.703264444327354,-0.8597890296310186,-0.2855669260025024,-0.2135769426822662,-0.0416392907500267,-0.0974381395551404,-0.021234213680943,-0.7371473042247688,-0.6683328694099294,1.1923339366912842,0.0515936091542243,-0.1244299858808517,-0.5796165819883347,1.891837829196453,-1.7039470671489834,0.0,0.0,0.0,0.0,0.0,0.0
2521,-0.451561,-0.008354,-0.594073,-0.011062,-0.00865,-0.707799,0.706274,0.7122459869977087,-0.0416793333441019,0.5677332885036245,-1.050726100571826,9.732209968304634,-0.5919739592581987,-0.1139664351940155,-0.1533154398202896,-0.0464175604283809,-0.0955244356283182,-0.0234940855070835,-0.7277570339880138,-0.678743515490517,0.7521081566810608,0.000628268928267,0.0665901750326156,0.1491372530221939,-2.589613757619261,0.7266133158504963,0.0,0.0,0.0,0.0,0.0,0.0
2522,-0.451665,-0.008864,-0.596062,-0.011106,-0.008825,-0.706346,0.707724,-0.5000100343752653,-0.2883510779231786,0.2488135423807427,-1.025096057818085,9.73691653856039,-0.5585623957827687,-0.0635660663247108,0.1573747396469116,0.2635674476623535,-0.0953905720982453,-0.0250568982100688,-0.7265334875527117,-0.6800159954857599,1.028721570968628,-0.0775778517127037,0.0282351225614547,-0.1081704518616199,0.0881704508841037,0.1336646663412451,0.0,0.0,0.0,0.0,0.0,0.0
2523,-0.45174,-0.009394,-0.5983,-0.009668,-0.008105,-0.705001,0.709094,1.0489927739731968,-0.3160515702754259,-0.3225262827148661,-0.6953990432236343,9.766563488805293,-0.5486637733092531,-0.1431711912155151,0.0235147159546613,0.0742634162306785,-0.0777916254071313,-0.0307908661099774,-0.7259655570948248,-0.6826231556454088,0.4134608805179596,-0.0614416524767875,0.0417199097573757,-0.0969084686130285,-0.0552338114440441,0.23686492857486,0.0,0.0,0.0,0.0,0.0,0.0
2524,-0.450327,-0.012864,-0.605622,-0.008761,-0.009181,-0.706119,0.707979,0.4026233537912368,0.0217447988182306,-0.3506920179586857,-0.7354172384224832,9.767845345309375,-0.4676761466013267,-0.2412387579679489,-0.0892082378268241,-0.1590534597635269,-0.079865986416583,-0.0295601950322601,-0.723167368525513,-0.6854024279194374,-0.082348883152008,-0.0486443117260932,0.0804695710539817,-0.149523037469387,0.6747410897940397,-0.1072360936209559,0.0,0.0,0.0,0.0,0.0,0.0
2525,-0.449012,-0.016189,-0.61009,-0.011313,-0.009962,-0.709147,0.7049,-0.0194954124562442,-0.1601326942890882,0.585645340758562,-0.7942339498545974,9.76716613087356,-0.3769013219051063,0.1021113544702529,0.1219722256064415,0.0600399374961853,-0.083270373551763,-0.0282712606811395,-0.7200120527556687,-0.6883672649037788,0.2376123517751693,-0.0343123525381088,0.0529876761138439,-0.0040910687059164,-0.0062877019673585,0.2561339849293231,0.0,0.0,0.0,0.0,0.0,0.0
2526,-0.447945,-0.021581,-0.614715,-0.014778,-0.01025,-0.711846,0.702105,0.4327063208332285,0.1205529635727405,0.176558380443789,-0.2133375206561759,9.79443407702744,-0.4403692566765472,0.0412365570664405,-0.0743328407406807,0.1735860407352447,-0.0609494338651615,-0.0480567805872376,-0.7212094908306456,-0.6883549702217839,-0.003716651815921,-0.0810700505971908,0.0399303957819938,0.039931612893939,-0.0159258834064006,-0.2498334234803914,0.0,0.0,0.0,0.0,0.0,0.0
2527,-0.447362,-0.041156,-0.622352,-0.019965,-0.013789,-0.711762,0.702001,0.318015636890009,0.090935823944211,0.167865334367752,-0.1812468853198923,9.794872468444703,-0.4449942495960742,0.0574121363461017,0.1580204367637634,-0.0058558816090226,-0.0575718331229775,-0.0469067481656632,-0.7214486467240887,-0.6884745280152448,0.1164771318435669,-0.0301500428467988,-0.0395343378186225,0.0826759451210498,-0.2658165900319814,-0.0387076240569353,0.0,0.0,0.0,0.0,0.0,0.0
2528,-0.446768,-0.056946,-0.626521,-0.021919,-0.013618,-0.710612,0.70311,0.3217408679582178,0.0793494310468435,-0.1856347998142242,-0.176742066447623,9.793739665022493,-0.4709742382986471,0.027928190305829,0.1252364814281463,-0.0836303383111953,-0.0553412363619803,-0.045037231849552,-0.7224850524488181,-0.6876949825699045,-0.0003280458040535,-0.0503340847790241,-0.0341922342777252,-0.0208785373777151,0.2016103675812482,-0.1936129390865564,0.0,0.0,0.0,0.0,0.0,0.0
2529,-0.44677,-0.076512,-0.629686,-0.024029,-0.013067,-0.709901,0.70377,0.2097598630988039,-0.1046639050453901,-0.0667698989262804,-0.2114057488759979,9.793099613553284,-0.4699802953578531,-0.0334703214466571,0.0618997253477573,-0.1313486695289611,-0.0557099928882603,-0.0428621144663889,-0.7225822900798217,-0.6877019836476219,-0.0022740173153579,-0.0252310261130332,-0.0358829423785209,0.0922410613238811,-0.2533165894210338,0.035138533398509,0.0,0.0,0.0,0.0,0.0,0.0
2530,-0.44839,-0.118605,-0.638533,-0.038107,-0.027635,-0.704615,0.708026,0.062989028680697,-0.0731704501509666,0.3582464884588495,-0.204546092239581,9.79437679388225,-0.4457835368102416,0.1081427335739135,0.0889696851372718,0.0182972736656665,-0.0522181041874237,-0.0395837012030338,-0.7219153457960762,-0.6888719714542362,-0.0727559104561805,-0.0428168885409832,-0.0330967456102371,0.1634592083632945,0.0661672933906316,0.0226899707138538,0.0,0.0,0.0,0.0,0.0,0.0
2531,-0.449363,-0.132722,-0.643536,-0.045406,-0.041528,-0.700228,0.711263,0.0646367045561783,-0.0787409437596797,-0.0673836834430694,-0.1744709249115549,9.792017079013586,-0.5063266701761633,0.0679071247577667,0.0326382853090763,0.0667145624756813,-0.0512407070829882,-0.0410674260449259,-0.7239675005487756,-0.6867015583460225,-0.0114752389490604,-0.0175046622753143,0.0244040340185165,0.0056593409359455,-0.1001017116963863,0.0890314516276121,0.0,0.0,0.0,0.0,0.0,0.0
2532,-0.450077,-0.135541,-0.646595,-0.047879,-0.044578,-0.69702,0.714062,0.1777934386640787,0.0412567240178585,0.0902349821984767,-0.1318547765082214,9.79187913184762,-0.5216403399683535,0.0087074134498834,-0.0425408482551574,-0.0142067056149244,-0.0511907977634729,-0.0442416007605088,-0.724319636482763,-0.6861365008813219,-0.1606098562479019,0.0012715288903564,0.0042916415259242,0.0925187092214822,0.0629395635157823,-0.0561991493448615,0.0,0.0,0.0,0.0,0.0,0.0
2533,-0.448493,-0.094858,-0.648542,-0.04243,-0.035385,-0.701859,0.71017,0.1678319435548037,-0.0568026681959629,-0.0983002152323722,-0.0924146551919635,9.79387118244767,-0.4918710054527968,-0.1858816295862198,-0.0883290022611618,0.0075097167864441,-0.0508962529719855,-0.0466954832553893,-0.7231168465828702,-0.687263516439899,-0.6455914974212646,-0.0062644178979098,-0.0458518862724304,0.1490221022099256,0.0402852486371994,0.1761550238072872,0.0,0.0,0.0,0.0,0.0,0.0
2534,-0.447362,-0.051381,-0.649724,-0.037049,-0.029445,-0.703086,0.709528,-0.0536838237893767,0.0060492170363664,0.2289981407225131,-0.0895193812750279,9.797608030888435,-0.4114054663902148,-0.1773748695850372,-0.0207276698201894,0.0550452768802642,-0.0520179319099097,-0.0476697280316186,-0.7202106901669661,-0.6901581734379862,-0.7712825536727905,-0.0783731788396835,-0.0119521096348762,0.0548895280510187,0.1851028848946094,0.1598971319675445,0.0,0.0,0.0,0.0,0.0,0.0
2535,-0.445879,0.004872,-0.652295,-0.034812,-0.025948,-0.706037,0.706843,0.268222683059331,-0.0868032541841268,0.3294645940780639,0.0980901252788025,9.803371416720749,-0.233845909547247,-0.0944839566946029,-0.0908425971865654,0.1495135873556137,-0.0464767529144671,-0.0547389491197952,-0.7133908259604957,-0.697077572782783,-0.2837067544460296,-0.0102195320650935,0.0120700690895318,0.0619663345694541,0.0464238975226879,-0.0207248081207275,0.0,0.0,0.0,0.0,0.0,0.0
2536,-0.443443,0.119406,-0.643703,-0.010366,0.011991,-0.717078,0.696812,0.1943644698399119,-0.0262076234459877,0.0271311680316925,0.1343893730197567,9.801583364260196,-0.2851068535712547,0.0594615973532199,-0.0073154140263795,-0.1177914291620254,-0.0465121177508097,-0.0576922905658576,-0.7149881144298986,-0.6951979533024029,-0.2313170433044433,-0.0718901380896568,0.0692924112081527,-0.1107107839941978,0.0308954890012741,0.0668196198195219,0.0,0.0,0.0,0.0,0.0,0.0
2537,-0.442253,0.156613,-0.63231,0.021906,0.04727,-0.72059,0.691402,-0.0900014474372379,-0.3863216228097677,0.5173322675108909,0.0705486685463227,9.803464355701209,-0.2397546951996162,-0.0303789861500263,-0.0835141316056251,0.0066433735191822,-0.0498093306913791,-0.0561781474452713,-0.7134900864539756,-0.6966311014872683,-0.2333008348941803,0.023377576842904,0.1318184286355972,0.1090478192180395,0.1508645152062177,0.0146150930687785,0.0,0.0,0.0,0.0,0.0,0.0
2538,-0.44139,0.177186,-0.627232,0.041242,0.067481,-0.723476,0.685805,-0.1993384040612727,-0.9103712158769368,0.5752268591294065,0.0962382777338847,9.803183200672269,-0.2422829898345284,0.064132772386074,0.0064891031943261,0.1182062625885009,-0.0495164766179671,-0.0577617832835092,-0.7134539723543334,-0.6965594073362956,-0.1387016326189041,-0.0033304668031632,0.1199914813041687,-0.1408680218487978,0.2593395029723644,0.0879457022175192,0.0,0.0,0.0,0.0,0.0,0.0
2539,-0.441759,0.170556,-0.63341,0.032951,0.053597,-0.715474,0.695801,0.175804584668111,-3.997660938900709,-0.329828166693449,0.2692176489134319,9.791479318875076,-0.4741743860468268,0.080284483730793,0.0844974443316459,-0.0970794484019279,-0.0389221869694398,-0.060703744514632,-0.7214507752376248,-0.6887008704543172,-0.1858198791742324,0.291584849357605,0.1336165368556976,-3.173544695675373,2.092976487612724,-1.454529530993104,0.0,0.0,0.0,0.0,0.0,0.0
2540,-0.441162,0.146465,-0.635621,0.03153,0.056823,-0.714443,0.696669,0.5736892377659678,-0.3031844899177551,1.2718437902428208,0.2074192182567902,9.786914787438512,-0.5862031938370317,0.5092974305152893,0.0145398611202836,-0.194672405719757,-0.0386107733140729,-0.0563824292358068,-0.7257472465572584,-0.6845589974795402,-0.5213227868080139,-0.1991187185049057,0.5108911991119385,-1.0247364307254552,0.8668202434420585,-0.8778022407054901,0.0,0.0,0.0,0.0,0.0,0.0
2541,-0.439726,0.11323,-0.636633,0.025542,0.048263,-0.716375,0.695575,0.2031742558971047,4.197275164228677,-0.131634402622655,0.1088200109446886,9.763914435601231,-0.9080478144306688,1.0112327337265017,-0.2545447945594787,-0.2416186183691024,-0.0419756860741047,-0.05427849852031,-0.7371237338795544,-0.672265294898414,-1.1149427890777588,-0.2928788363933563,0.6427208185195923,2.526031220024824,-1.8394377798736088,1.2122177351891994,0.0,0.0,0.0,0.0,0.0,0.0
2542,-0.438235,0.036582,-0.635792,0.007487,0.028986,-0.708517,0.705058,-0.1983937801549211,9.462302309566736,-2.7981889957770703,-0.0203762709609814,9.730214995095134,-1.2218258137509226,0.4240277707576751,-0.1228288933634758,-0.3225058615207672,-0.0491696442181314,-0.0541639327185046,-0.747905105715262,-0.6597624178979136,-0.8184402585029602,-0.0326259285211563,0.3464182317256927,6.048535483843088,-6.853102976989746,3.1815956079229712,0.0,0.0,0.0,0.0,0.0,0.0
2543,-0.43783,0.005844,-0.63561,0.007568,0.031253,-0.701953,0.711497,-0.6946266706116497,12.986544941484928,-3.073863839739561,-0.0757075674131512,9.728892222058771,-1.2301628494635224,-0.2603456676006317,0.1282328218221664,0.0820994153618812,-0.050538867861801,-0.0515094874590002,-0.7483766597592025,-0.6593367383740858,0.2155129015445709,0.1348738968372345,-0.0458879061043262,9.006875586348771,-10.476381152677536,3.7679654635638,0.0,0.0,0.0,0.0,0.0,0.0
2544,-0.438035,-0.016994,-0.636652,-0.001094,0.022103,-0.700514,0.713295,-0.575912211045064,14.973863252317903,-2.0446027711965145,0.018511920127517,9.744624044197796,-1.101079811824113,-0.3540605902671814,0.0479599349200725,0.2480047941207885,-0.0464611329235725,-0.0534197359182357,-0.7438318214481799,-0.6646066994168671,0.4620963335037231,0.2914339005947113,-0.3804064989089966,10.303103145611283,-10.317989749097825,3.895210325990617,0.0,0.0,0.0,0.0,0.0,0.0
2545,-0.439352,-0.036342,-0.64259,-0.013647,0.006457,-0.703076,0.710954,0.0708760921360924,13.55074417411089,-0.2141898631691932,0.0624509306154679,9.762344994327425,-0.9290419410120696,-0.5032719373703003,0.041885532438755,0.0143163166940212,-0.0450269816871989,-0.0542364949316913,-0.7378525324090268,-0.6712709552762542,0.2107045650482177,0.4286088049411773,-0.5506885647773743,9.886891995972396,-8.517752345234156,4.4585415436103935,0.0,0.0,0.0,0.0,0.0,0.0
2546,-0.440344,-0.035214,-0.646729,-0.029895,-0.003189,-0.705346,0.708225,1.304110275336355,-6.328280061462521,-6.1876061008811,0.3555204975610598,9.787301740929484,-0.5026914920115844,-1.567854404449463,0.3005858957767486,0.3334503173828125,-0.0303687947121254,-0.0582390287698322,-0.7226606038093176,-0.6880752250433252,1.9666533470153809,2.371133327484131,-1.984816193580628,-2.988457008349896,0.1259048459947109,-2.500377138808369,0.0,0.0,0.0,0.0,0.0,0.0
2547,-0.441837,-0.030597,-0.648263,-0.038538,-0.0099,-0.704974,0.708117,-0.4616964146045967,-15.12456819304824,-1.921247463554144,0.4477800443897023,9.787892108038069,0.408710601283051,-2.8717355728149414,0.1670403331518173,0.2877314388751983,-0.0263662606533587,-0.0568764426834445,-0.6898743580271158,-0.7212095858966585,2.9220569133758545,1.621071457862854,-1.2931824922561646,-12.051918989795446,7.672863947615027,-7.79908209734261,0.0,0.0,0.0,0.0,0.0,0.0
2548,-0.442748,-0.022794,-0.646124,-0.03312,0.017203,-0.706548,0.70668,-0.7740973899506032,-15.93360377151966,4.227102731737494,0.5894445503784344,9.694165192070605,1.358719232880324,-1.406651735305786,0.0381876453757286,0.3285541832447052,-0.0219476046151571,-0.0588707221884735,-0.6536503918920792,-0.7541841916782532,0.4381766021251678,-0.4098029434680938,-0.3043475449085235,-12.050296357029676,7.625367452424764,-11.308715773671866,0.0,0.0,0.0,0.0,0.0,0.0
2549,-0.443184,-0.024441,-0.646955,-0.031007,0.024184,-0.708951,0.704161,-1.173257451545447,-12.364520127356052,-3.168232560741901,0.3869118072552606,9.728503515002132,1.1734135919552295,0.0805348008871078,0.1599123328924179,-0.3538850545883178,-0.0318752131316754,-0.0545833788992489,-0.6612058760027372,-0.7475369004521168,-0.723359227180481,-0.6545984148979187,0.8648858070373535,-9.555067102503775,5.465265055522322,-6.033840603536367,0.0,0.0,0.0,0.0,0.0,0.0
2550,-0.444318,-0.030956,-0.648039,-0.031583,0.026363,-0.709246,0.703759,-0.5804981505958363,-8.561810098147392,-1.5974058239243925,0.3668155062964185,9.727787475687265,1.1857524837203324,0.3020100891590118,-0.0572829991579055,0.1677089929580688,-0.0301155275485008,-0.0516126021311851,-0.6609686723967019,-0.748030591176936,-0.66215980052948,-0.7127814888954163,0.6859933137893677,-6.184909701403975,2.308499060690403,-4.657247129660845,0.0,0.0,0.0,0.0,0.0,0.0
2551,-0.447253,-0.059109,-0.652865,-0.038247,0.020927,-0.704045,0.708816,0.1782019829323515,-4.373275289735198,-1.2088082190066576,0.4092751398306339,9.762024676331878,0.8401012364078313,1.3724913597106934,-0.1605422496795654,-0.0612416639924049,-0.0300731708670748,-0.0558730252671742,-0.6738285861832499,-0.7361582283150855,-0.6309334635734558,-0.1194742769002914,0.1269650906324386,-2.990360211622715,2.547622289586067,-2.895612135913968,0.0,0.0,0.0,0.0,0.0,0.0
2552,-0.448231,-0.076126,-0.655933,-0.045919,0.010906,-0.700857,0.711738,0.9371817736521364,7.316290981858968,2.5163357554405925,0.0071809946911613,9.791328512227537,0.547942838623561,0.3041097819805145,0.0295344125479459,-0.5159661173820496,-0.0428340106796669,-0.0410069574622422,-0.6858433640583861,-0.7253293744337633,-0.8215672969818115,-0.3921471238136291,0.6748481392860413,8.092126301518082,-5.295552047461271,2.5843676736593246,0.0,0.0,0.0,0.0,0.0,0.0
2553,-0.448855,-0.088117,-0.659542,-0.056054,0.002471,-0.698275,0.713627,0.0367117557982914,8.329795239952206,-0.2416431210284121,-0.0708289650587365,9.802540811115502,0.2748624133347533,0.4883886277675628,-0.0675139501690864,0.0167364571243524,-0.0451553432097412,-0.0388788199198811,-0.6960419201201633,-0.7155242781614496,-0.173939511179924,-0.6351271271705627,0.4160300493240356,1.9978806213796136,-5.329935378578305,5.0537791808396575,0.0,0.0,0.0,0.0,0.0,0.0
2554,-0.450493,-0.071531,-0.663076,-0.043866,-0.002883,-0.692666,0.719917,0.345228089996986,7.388807936537265,2.21473239723444,-0.0393687228807481,9.805149532309176,0.1669001608637161,0.632777214050293,-0.2476695775985717,0.1455021202564239,-0.0452713089970049,-0.0416977792851477,-0.69982265972951,-0.7116600005157836,-0.1832848042249679,-0.4110551178455353,0.8383915424346924,9.041850453618167,-7.308842419418692,4.692519518572092,0.0,0.0,0.0,0.0,0.0,0.0
2555,-0.451693,-0.0379,-0.664092,-0.029735,-0.00269,-0.690753,0.722474,0.1598465342914685,6.053302259853482,-0.2872153518915176,0.031390378112439,9.80364497296512,-0.2407069726894609,1.0837345123291016,0.3701635301113128,0.2429412752389907,-0.0402431205679153,-0.0435310050403353,-0.7144072309720049,-0.6972143228056401,-0.2220977246761322,-0.3010152578353882,0.694624125957489,3.8418367554605006,-4.220222324573993,3.356529565502703,0.0,0.0,0.0,0.0,0.0,0.0
2556,-0.451691,0.009295,-0.664371,-0.017235,0.003427,-0.694673,0.719111,0.581015123674646,2.1636188805907963,-2.527300801569224,0.101182584001962,9.787638425537944,-0.6019206951897591,0.6304678320884705,0.0412044711410999,-0.0357838943600654,-0.0347071480578723,-0.0444258892219581,-0.7271284304996513,-0.6841828242801711,0.1617583334445953,0.2017959505319595,0.2605725824832916,2.382240004205704,-1.490330327692628,1.0536807856589556,0.0,0.0,0.0,0.0,0.0,0.0
2557,-0.447008,0.112783,-0.65958,0.012386,0.037603,-0.712762,0.700287,-0.7832599167019129,-1.5031693509995936,-1.2266355521202086,0.0700869510523974,9.789650934404134,-0.5729053208466619,-0.7644967436790466,0.5384352803230286,-0.0312364883720874,-0.0316911407673227,-0.0388015259656754,-0.7264327114037781,-0.6854091584390645,0.4173738658428192,0.4051597714424133,-0.0158019755035638,-0.5781663831800222,2.232000342899561,-0.155865976755321,0.0,0.0,0.0,0.0,0.0,0.0
2558,-0.445986,0.152221,-0.652316,0.031481,0.055844,-0.715099,0.696077,0.0265823659093584,-3.232700648999214,1.5859633695423605,0.1172194078363943,9.803287245568631,-0.2284506446412764,-0.6864989399909973,0.3459513783454895,0.2071492820978164,-0.0238293268712153,-0.0329366336952753,-0.7145368568887565,-0.6984156065732913,1.0024021863937378,0.3313059508800506,-0.2169046550989151,-0.8483516898155212,2.025495189014077,-1.010821887141466,0.0,0.0,0.0,0.0,0.0,0.0
2559,-0.445012,0.174635,-0.646762,0.047213,0.073507,-0.716206,0.692399,0.081711849329248,-3.491660212743282,0.5753939958572387,0.0941121615585405,9.804871884411574,-0.1613466001234948,0.4364740252494812,0.0009306643623858,-0.2538354098796844,-0.0201807688253252,-0.027354256742996,-0.7123749941515238,-0.7009753665136194,-0.5375339984893799,-0.5788648724555969,0.2448462545871734,-3.0620477297395468,2.154410907262564,-2.328023845371604,0.0,0.0,0.0,0.0,0.0,0.0
2560,-0.447777,0.170362,-0.645267,0.049121,0.065089,-0.717805,0.691453,-0.5655647122928872,1.1108563788205386,0.5078946136126294,0.0005331417591376,9.798023625952004,-0.4112281005293131,0.8104665279388428,-0.1425293385982513,-0.1956550627946853,-0.0240555086535077,-0.0251255596997136,-0.7213428480918206,-0.6917040653841205,-1.0644454956054688,-0.7175009250640869,0.5025928616523743,-0.2309013439953327,-0.1796773527145385,-0.0357218862444162,0.0,0.0,0.0,0.0,0.0,0.0
2561,-0.450271,0.145458,-0.646983,0.041234,0.052427,-0.71738,0.693482,0.2206790790580212,8.028802707120775,-1.3474059578359123,-0.062661582258041,9.77971698488891,-0.7235785512644797,0.5816514492034912,0.0901492461562156,-0.1378969699144363,-0.025435667215408,-0.0226950778649472,-0.7323777518157876,-0.6800446053209035,-0.740452766418457,-0.1861179620027542,-0.1125413700938224,6.410895216307043,-4.140921993365883,2.9677786697193977,0.0,0.0,0.0,0.0,0.0,0.0
2562,-0.452753,0.10849,-0.649335,0.024897,0.041024,-0.716394,0.696043,0.5199061365868896,14.434424366939067,-2.4283763169586656,-0.1392279082252644,9.775441791787744,-0.769228687935695,-0.2689220011234283,-0.5329199433326721,-0.2645986080169678,-0.0306498559742474,-0.022705959367086,-0.7339647042967461,-0.6781155773692008,-0.051380842924118,-0.145431250333786,-0.3439794480800628,8.778747214198113,-7.7258567021340125,5.913432016870379,0.0,0.0,0.0,0.0,0.0,0.0
2563,-0.454627,0.02416,-0.649834,-0.005534,0.013513,-0.710074,0.703975,-0.365864671844989,15.654731885081528,-0.7233177083712071,-0.2789235070275143,9.785006323468684,-0.5884044667409732,-0.5608082413673401,-0.6204078793525696,-0.2530199289321899,-0.0442046481540219,-0.0262219613095181,-0.7275387872877523,-0.6841385603713245,-0.4049740731716156,0.025678813457489,-0.5019207000732422,10.806621991825104,-9.98740287299156,5.396794745886326,0.0,0.0,0.0,0.0,0.0,0.0
2564,-0.45629,-0.006436,-0.649071,-0.00642,0.000502,-0.701017,0.713116,-2.039729758332669,11.599223152846095,-1.3116004849612712,-0.2925221347964368,9.796559983140227,-0.3350117068111896,-0.7617111802101135,-0.3041735291481018,0.3191224634647369,-0.0525188750381903,-0.0329198627738622,-0.7183293993859508,-0.6929364876846991,0.5094664692878723,0.3018676936626434,-0.683120846748352,9.506315054294468,-9.737614457696676,5.742789619004726,0.0,0.0,0.0,0.0,0.0,0.0
2565,-0.458204,-0.02554,-0.647182,-0.002772,-0.00513,-0.693834,0.720112,0.4401876164993271,-14.272930321168898,-1.4813824666053057,0.3590268982468172,9.72050491746366,1.2463017910987138,-1.5668245553970337,0.1591199487447738,0.1738000810146331,-0.0310992465526472,-0.0517136881260288,-0.6586212792478235,-0.7500510071016431,1.404751181602478,1.677398443222046,-0.9748634696006776,-12.85089494654536,6.350565543028712,-9.423169738095998,0.0,0.0,0.0,0.0,0.0,0.0
2566,-0.457989,-0.035078,-0.651997,-0.015725,-0.023814,-0.696387,0.717098,0.5168012293741107,-15.6170045042336,0.5628552706710994,0.4336969027731567,9.64616425448954,1.7128331150464713,-0.5673191547393799,-0.103520780801773,0.1960978358983993,-0.0286725953477346,-0.0528428435808397,-0.6402167228881815,-0.7658380896492171,0.0497921109199523,-0.2758215367794037,-0.0659068152308464,-13.421817349946496,5.34999207817912,-9.612107086586953,0.0,0.0,0.0,0.0,0.0,0.0
2567,-0.457436,-0.032634,-0.654349,-0.026081,-0.025517,-0.701156,0.712073,0.3580521714631468,-14.352626373696326,-0.7944063107468188,0.4701918922819197,9.654602997010944,1.6546726025007663,0.6138158440589905,-0.3073481619358063,-0.0708517879247665,-0.0306680926290307,-0.0571689039724905,-0.6421579943781306,-0.7638221680715904,-0.564716100692749,-0.1108577772974968,0.4924268722534179,-9.856322670185566,6.086613577824831,-8.111910613918305,0.0,0.0,0.0,0.0,0.0,0.0
2568,-0.457958,-0.028114,-0.653913,-0.027281,-0.030467,-0.701884,0.711116,-0.4862704454993828,-12.651838355100152,-1.4904834724277256,0.4503573109991848,9.702779875680804,1.3504228214390577,0.8701581954956055,-0.1812778860330581,-0.0959871858358383,-0.0348927317126184,-0.0607563112230593,-0.6538013987210801,-0.753415550124684,-1.2010536193847656,-0.5002641081809998,0.9650501012802124,-9.632747139033675,4.6583869473457336,-7.82474494638741,0.0,0.0,0.0,0.0,0.0,0.0
2569,-0.460486,-0.025058,-0.651413,-0.018066,-0.017283,-0.696855,0.716776,-0.519202043438144,-8.3985320915699,-0.672747724019736,0.4027837685173377,9.753052849847078,0.9413469305075703,1.3883897066116333,0.253885805606842,-0.1308986991643905,-0.0335701377927677,-0.0581756778818142,-0.6697912014417424,-0.7395056113400164,-1.1529593467712402,-0.80085688829422,1.1532591581344604,-6.87797438339591,3.200025290843844,-5.6991714265525335,0.0,0.0,0.0,0.0,0.0,0.0
2570,-0.461246,-0.030955,-0.651263,-0.018175,-0.011816,-0.69776,0.716003,1.5404840593934055,9.21738120804727,1.1562193691134453,0.1411434412566944,9.805447638472916,0.0603344133855309,0.541527509689331,-0.444183200597763,-0.8224743604660034,-0.040290452519923,-0.0501687624206902,-0.703140737196416,-0.7081333010726178,-1.9430567026138303,-1.02125084400177,1.5329866409301758,6.758495186534524,-2.7932494935482737,2.6118358185604214,0.0,0.0,0.0,0.0,0.0,0.0
2571,-0.461988,-0.04227,-0.652727,-0.020105,-0.009512,-0.699143,0.714635,-0.4627617788137868,10.090001662200688,-2.6465304075837133,-0.1307007111022714,9.80461586382389,-0.1509445125067141,0.1386075168848037,-0.4398555755615234,-0.5848502516746521,-0.0575257476133465,-0.048947369452373,-0.7108446972136567,-0.6992815171430433,-0.7024962902069092,-0.2798095047473907,-0.2011927366256714,5.829769398799538,-5.846631686273217,4.2743665872156615,0.0,0.0,0.0,0.0,0.0,0.0
2572,-0.463631,-0.075449,-0.65632,-0.018595,-0.009612,-0.696383,0.717365,-1.4864027789853511,7.597724243217706,4.760042318224906,-0.3043105713382363,9.80183704676032,-0.0422686729728011,0.1548053622245788,-0.25260791182518,0.0062880152836441,-0.0663960526421602,-0.0447586087217951,-0.7072140902183732,-0.7024503957323973,-0.0745660588145256,-0.7627809643745422,0.7379302382469177,10.08078375200033,-8.7862857930094,4.407147748720646,0.0,0.0,0.0,0.0,0.0,0.0
2573,-0.464542,-0.087269,-0.657284,-0.023335,-0.017152,-0.693811,0.719575,-1.0176762100156396,5.118299291545152,-1.2246049230754374,-0.1845124629870988,9.792190097492933,-0.4993698733082041,1.299707055091858,0.4120601117610931,0.4065906703472137,-0.0634076726919103,-0.0531126935208539,-0.722938323408375,-0.6859437330381724,0.0789665058255195,0.1327816843986511,-0.1802546381950378,4.121939644998312,-4.0197389151960605,4.407396462784707,0.0,0.0,0.0,0.0,0.0,0.0
2574,-0.464486,-0.083477,-0.660685,-0.031449,-0.029923,-0.695066,0.717634,1.3850176033496857,1.6484832463413477,-0.9568517389576882,-0.0197240541299455,9.78053706910014,-0.7148989857245236,0.1988673657178878,-0.0114594688639044,0.302714467048645,-0.0519792231364867,-0.054444400412312,-0.7304009255775283,-0.6788581655259515,0.4534530341625213,0.3434872031211853,0.4862946271896362,1.857691229444742,-3.026588878345489,1.29937783998698,0.0,0.0,0.0,0.0,0.0,0.0
2575,-0.465066,-0.009947,-0.659941,-0.015696,-0.032255,-0.698879,0.71434,0.625346798158437,-1.1326958701848984,-1.545321562552452,-0.0300885131500777,9.774119018751382,-0.7975543264489621,-0.0469786711037159,-0.0376542769372463,-0.2926077544689178,-0.0541251342692007,-0.0564649643775082,-0.7331273152688416,-0.675578698149319,0.1010459810495376,0.9656161069869996,-0.2413976192474365,-0.4449433231264352,2.7527035481482742,-0.4818544191554188,0.0,0.0,0.0,0.0,0.0,0.0
2576,-0.466168,0.051217,-0.657304,-0.001514,-0.02991,-0.6966,0.716834,-0.0062080243272706,-4.495007233959436,1.8495932631850245,-0.1471706108580343,9.796218622356651,-0.4275875530473887,-0.1181192249059677,0.2588917016983032,0.1066039055585861,-0.0556123208355971,-0.0472700461896452,-0.7208095732900218,-0.6892796383028453,0.5387274026870728,0.1940319836139679,-0.1755030155181884,-1.796864128038287,2.213837494221329,-2.1138988641321657,0.0,0.0,0.0,0.0,0.0,0.0
2577,-0.466359,0.113018,-0.65055,0.012835,-0.012885,-0.699126,0.714767,0.3093698640218004,-3.5530484551638364,-0.1429694145748391,-0.1016730526663362,9.797726104310154,-0.4057509477598592,-0.0840748995542526,-0.0159977171570062,-0.1429579704999923,-0.0511130923536605,-0.0458034262639303,-0.7201316459732752,-0.690434648129096,-0.5433351397514343,-0.6188942790031433,0.1745904088020324,-3.405421022182703,3.068713032847642,-2.094612272121012,0.0,0.0,0.0,0.0,0.0,0.0
2578,-0.465745,0.19605,-0.629778,0.067104,0.062815,-0.711261,0.696892,-0.3871169013733044,2.487007369625568,0.9988228217899798,-0.1614545905426144,9.79734207342863,-0.3954838207675143,0.1770197004079818,-0.0941163823008537,-0.1093305647373199,-0.0539015257675838,-0.0442655962417686,-0.719864307157867,-0.6906015839569511,-0.9988877773284912,-0.7972691655158997,0.6139872074127197,1.8680816905558109,-2.027434632644057,1.554132060995698,0.0,0.0,0.0,0.0,0.0,0.0
2579,-0.466436,0.210141,-0.629447,0.071228,0.058855,-0.713145,0.6949,-1.0534560369923711,19.60130327273607,-3.691128307598829,-0.1226955194262321,9.764626967784762,-0.8985568594425916,0.220277726650238,0.0357342511415481,0.5406584143638611,-0.0547421473704816,-0.0507539819089281,-0.7370465953061782,-0.671706560862352,0.3341849744319916,-0.1847352534532547,-0.7464230060577393,13.1898825712502,-13.41834645896554,7.519027723121643,0.0,0.0,0.0,0.0,0.0,0.0
