time_imu,phone_acc_x,phone_acc_y,phone_acc_z,phone_gravity_x,phone_gravity_y,phone_gravity_z,phone_gyro_x,phone_gyro_y,phone_gyro_z,phone_ori_w,phone_ori_x,phone_ori_y,phone_ori_z,watch_gyro_x,watch_gyro_y,watch_gyro_z,watch_acc_x,watch_acc_y,watch_acc_z,headphone_gyro_x,headphone_gyro_y,headphone_gyro_z,headphone_acc_x,headphone_acc_y,headphone_acc_z,frame_imu
1726744757916998700,-1.0906393010262398,21.395247713935373,-3.145845372366905,-0.0403218177879229,9.66772317534685,-1.6443534530602395,-0.6439068913459778,0.2564208507537842,0.4211630523204803,-0.3637042625924921,-0.4281525450525885,-0.6328697247019126,-0.5328044373673732,1.3108426332473757,0.7928453087806702,-0.8162381052970886,16.80905623422861,-16.73100619534254,3.2845202680855987,0.2559599578380584,-0.0794609114527702,17.027791339612005,0.9357412457466124,1.0112648086033762,2.202205800877511,0
1726744757956768300,0.9676919896628708,14.526818572998046,-4.2412078294575215,0.1324436914452351,9.71058324290812,-1.362869776688516,-0.8828468322753906,0.1186130493879318,0.313923716545105,-0.3623989762015238,-0.4253484423416241,-0.6233504029646595,-0.5469734306817805,1.0393568277359009,0.963545024394989,-0.8474622368812561,11.653885301882028,-11.190704311275482,1.8616145403683184,0.1974177807569503,-0.386801928281784,14.70292683505416,0.4706642031669616,1.154850345782563,1.1267079548817127,1
1726744757996537900,0.323625951052457,3.2402947573900223,-4.048905972969532,0.200853722261358,9.759023156428336,-0.9442010047644376,-1.346163034439087,-0.2902983427047729,0.0803433656692504,-0.3708871808892337,-0.4211138640188415,-0.608936752513382,-0.560626342294316,0.9895361065864564,0.797308623790741,-1.0646418333053589,4.268879095715284,-4.776584287703037,-0.2539531337589025,0.1655630618333816,-1.3824886083602903,5.125509953576326,0.3294366598129272,1.020819987934083,1.0445520150467753,2
1726744758036307500,-1.0743326016087085,-8.264321774044632,-0.8812357222855091,0.2398038863698951,9.797208217915893,-0.3571645749736577,-1.521590232849121,-0.233517587184906,0.2029133290052414,-0.3849185830983601,-0.4137410745348172,-0.5890913747044844,-0.5776047577996793,0.8879690170288086,1.071152687072754,-1.108633279800415,-4.361418263202905,3.1440596579939126,-2.7941660238713024,-0.0082346005365252,-1.4814975261688232,-8.045639860153198,0.2399750649929046,-1.3231841013796626,-1.1180408104319124,3
1726744758076076300,-0.2355293325895443,-14.090366599363088,0.8506886083304882,0.3128921198638156,9.79905881421864,0.2256542371220886,-1.430221676826477,-0.2381386160850525,0.1183509901165962,-0.3977807586956147,-0.4070700905887596,-0.5681450320279591,-0.5943699259118405,0.6001784801483154,0.9243845343589784,-0.6303075551986694,-10.363276167023182,7.116123798823356,-4.529641617228091,-0.3510206639766693,0.3369418084621429,-10.515060135161876,0.1452899873256683,-2.676951557071507,-2.156178501456976,4
1726744758115846000,-0.4152864725420251,-14.627025498634575,2.38704009796381,0.38027127326224,9.779664962440728,0.6196282013159244,-0.3885855674743652,-0.1132656633853912,0.2460322976112365,-0.4058519998870557,-0.4027734318059581,-0.5533365324314222,-0.6057032524722331,0.1967268735170364,0.3992965519428253,-0.0430848263204097,-12.50941375145912,6.111386200031638,-6.517611962229013,-0.1734044998884201,-0.2381475269794464,-7.853710928630829,-0.3268685042858124,-0.7927418846659362,-0.8417197044551372,5
1726744758155615500,-0.0827385620284825,-13.74252112994194,0.229653462826088,0.4707488320449366,9.778921450597048,0.5670176510475575,0.4199372231960296,-0.1675589829683303,0.1395798325538635,-0.4038188539865351,-0.4081143461501655,-0.5518449290999147,-0.6048473895431947,-0.3436383306980133,0.0705921724438667,0.3546389043331146,-11.513008512204884,7.194027122715115,-6.281999956324696,-0.0976618900895118,-0.321144551038742,-9.781702605748176,-0.1111360341310501,-1.4693442382872104,-0.8590392341770231,6
1726744758195385300,-0.3521837178211659,-11.795726552677154,0.3720382459133863,0.4932918685687705,9.78744027261734,0.3647774245975539,0.6264819502830505,-0.2505818009376526,-0.0182007849216461,-0.4011565153266586,-0.4150166722153847,-0.5560240002178903,-0.598056783833528,-0.5954785943031311,-0.1893959939479828,0.5846136212348938,-9.247582869565486,7.038298216342926,-5.144239203965664,-0.0322145856916904,0.008663110435009,-10.314455729752778,0.0062617515213787,-2.164870926478505,-1.2492042345419525,7
1726744758235155000,-0.3944656201682984,-10.085312627601622,0.3414332642912864,0.4589594639213755,9.795763864326476,0.052412516078772,0.953486442565918,-0.1375564336776733,-0.1930604726076126,-0.3980601448098956,-0.4228166878077293,-0.5644056642250873,-0.5867030050591882,-0.5452902317047119,-0.2221892029047012,0.644330620765686,-7.751752775412798,5.837998297962546,-4.834525020018219,-0.0115161947906017,0.0779226496815681,-9.439325338605046,-0.1396383494138717,-1.94431532766968,-1.6391896405562758,8
1726744758274924500,-0.9756349845565856,-9.147062640196085,-0.949228477537632,0.3742413454482332,9.793348035356402,-0.347381322508119,0.9930067658424376,0.0786561444401741,-0.1608956158161163,-0.3927016285982957,-0.4292319464078946,-0.5774698730384645,-0.5727774008238812,-0.0647393465042114,-0.1090718656778335,0.4800372421741485,-6.469289537608623,4.742016247668862,-4.115288954937458,0.0363019034266471,-0.0275545194745063,-9.873522811311483,-0.2222747653722763,-2.346938096939027,-1.270023296817392,9
1726744758314692900,0.6892623670995235,-7.003008291774988,-2.225961062735319,0.3492226395258679,9.77773837829232,-0.6665335256800055,0.5975372791290283,0.3190502524375915,-0.0615377649664878,-0.3836540729599186,-0.4319918875739748,-0.5893782826149923,-0.5646466627944735,0.143912672996521,0.0579345934092998,0.1364068388938903,-5.591094498193264,3.339563525393605,-2.8734795068219303,0.0921074748039245,0.2661087810993194,-9.507121694502231,-0.1915913820266723,-2.962690991191566,-1.3322574885427951,10
1726744758354462700,3.589077215400338,3.102769616228342,1.2396984473109245,0.2334153909091837,9.776987852185965,-0.7255431293357163,-0.0235845260322093,0.2985325753688812,-0.6804540753364563,-0.3821468074849853,-0.4259016128704021,-0.5963222472899505,-0.5630021314601936,-1.0344394445419312,-0.5440750122070312,0.5831791162490845,-2.0041139628112314,0.3113625356763601,1.3654615467473863,0.5426883101463318,-0.1778744757175445,5.095447408267855,-0.9010910391807556,2.258108743754774,0.5479927787125111,11
1726744758394232300,0.9907381534032524,11.393831513160466,-0.9947579104386268,0.0416116977682569,9.761183549332618,-0.9423000665139406,0.5807064771652222,0.0207474548369646,-0.3900238871574402,-0.3833495358404119,-0.4247267635251619,-0.6063424027856267,-0.552267257496254,-0.5022772550582886,-0.5885562300682068,0.0449251271784305,9.464912784326076,-7.525244113418459,3.0809105433806776,1.093268632888794,0.6129288673400879,14.173757999277116,-0.8732656240463257,2.726453839126229,1.814397154380381,12
1726744758434002000,0.6115481360390782,13.553666783559322,-1.6311584559224546,-0.1271710208724718,9.745955000540611,-1.0819202071934937,0.2523784041404724,-0.0551527291536331,-0.5681599974632263,-0.3825700428740882,-0.4193864804664158,-0.615855143870063,-0.5463309422124755,-0.1633157134056091,-0.5811018943786621,0.2432775646448135,8.366421381559967,-8.453210022696853,4.338724493096769,0.5900982618331909,1.0251338481903076,15.3209126029253,-0.5140254497528076,1.526694749624282,2.8839249129906297,13
1726744758473771500,-1.365284728875756,11.68269755486846,0.1994458830237388,-0.2867143800994381,9.719669635683298,-1.2713006232768296,0.7696365118026733,-0.1677460521459579,-0.0217507258057594,-0.3840865543802402,-0.4193640043827501,-0.6236602650506117,-0.5363387296541685,-0.708250105381012,-0.34059739112854,0.5098299384117126,10.415455267071724,-9.286821239498256,4.386830060096085,0.0066214865073561,-0.3980664610862732,10.145523058414458,0.0639175251126289,1.3609938998140394,1.5647906715236604,14
1726744758513541000,-0.310240984300524,3.521437511369586,-2.6428116793215275,-0.2324947506666183,9.708771225050093,-1.362388715173304,-0.4679496884346008,0.0983083546161651,0.2249718755483627,-0.382105875872088,-0.4246388714749998,-0.6238143314869985,-0.5334160467756434,0.3106963336467743,0.0286323111504316,-0.0210660081356763,6.032091129520535,-3.509123973241448,3.472191542163491,-0.1513077169656753,-0.6112632155418396,2.213108157033473,0.3547987937927246,0.4490193403936922,0.2574909342299215,15
1726744758553311000,0.7467818783279508,-1.951446786984801,0.6305752003312111,-0.1403006520233116,9.736792035397889,-1.1599926771070808,-0.3497727215290069,0.0225972570478916,0.1414706259965896,-0.3825584449244152,-0.4219842347129541,-0.617310676334778,-0.5426839463082088,0.5166189074516296,0.2442734092473983,-0.1970416903495788,-0.3570172023922204,-0.0469452910482883,-0.6223372410789132,-0.1425326466560363,-0.330981582403183,-2.604492470060289,0.2387996315956115,-0.4561694678766653,-0.5633878066452219,16
1726744758593079600,0.1749524065518751,-5.85749794820249,1.028424179327488,-0.1023783057257067,9.750768538302182,-1.0403954068239778,-0.2756460905075073,-0.0853920429944992,0.1396435350179672,-0.3845505348729375,-0.4213514939329269,-0.6127873386785295,-0.5468779897742851,0.007834194228053,-0.0820390805602073,-0.211610198020935,-4.177338291615247,4.357427147740125,-1.7835884668797253,-0.1248576343059539,-0.4176796078681946,-4.650023023626208,0.1237526461482048,-0.630474662566185,-0.4891337990412488,17
1726744758632849000,0.1633625247894786,-8.161200422266125,1.266889236575365,-0.0396122127804206,9.75394307668507,-1.0146006750278174,0.1235742419958114,0.1035859733819961,0.140835091471672,-0.3833072840873507,-0.4227697211903933,-0.6107339844173498,-0.5489492563929974,0.0894294530153274,-0.2698799967765808,-0.0537689626216888,-5.749429787671565,3.75108622495532,-2.5966002555057406,-0.0456314906477928,-0.3673940300941467,-6.259528012275696,0.1626542210578918,-1.112050703171641,-0.484359826105088,18
1726744758672618800,0.2069503038370981,-8.492120475849509,0.4002432537216693,-0.0151147873608686,9.747130474060771,-1.0787000761032104,0.1872172802686691,0.1848664581775665,-0.0174941420555114,-0.3794367677780066,-0.4227942582016284,-0.6133868372462697,-0.5486613754875184,-0.1093659326434135,-0.2862920761108398,0.1500261723995208,-6.9101821240395305,5.340317071861028,-2.802676662585139,0.1095079034566879,-0.0463865213096141,-6.8391288121730085,0.1444562226533889,-1.56157857760936,-0.8638092981230467,19
1726744758712388400,0.6205799490828067,-4.24514458438456,1.2323241191506384,-0.0426795735949417,9.732804427066444,-1.2004513095498084,0.4628866314888,0.1804907023906707,-0.2309741377830505,-0.3756979287939251,-0.422173591913291,-0.6188500964520863,-0.5455685793591131,-0.328190416097641,-0.4977358281612396,0.4228332936763763,-5.111314839485288,3.70619669739306,-2.332313213128596,0.3395734429359436,0.4193344414234161,-3.435864383502304,-0.0265920646488666,-1.0716814295127988,-1.0746563536703586,20
1726744758752158000,-0.0857779297243803,8.04401138216853,0.3810042271792888,-0.1813252295194193,9.694030167514086,-1.4708148953616618,0.9722908735275269,-0.2618788480758667,-0.4201320707798004,-0.3737801962268874,-0.4230631021021824,-0.6292919050435137,-0.5341327011317297,-1.4020755290985107,-0.7799244523048401,0.6193628311157227,2.6562819862693545,-0.9455500812858344,1.275725307851285,0.4518706500530243,0.959389865398407,4.640732340450585,-0.0339769273996353,0.4089302353831008,-0.2856353892236948,21
1726744758791927600,0.0550461433848366,24.32576691257953,-4.658507358855009,-0.3742230791391804,9.626106970366836,-1.8353152931161223,0.6337369680404663,-0.3047674596309662,-0.2965854406356811,-0.3747548414538659,-0.4283386426521406,-0.6403913220855119,-0.5157360520069263,-0.4926720261573791,-0.1497451514005661,-0.2264833450317382,17.21747570707798,-13.760979162174465,5.346402529254555,0.1142300590872764,0.8050826787948608,14.210705627924202,0.3151599466800689,3.1968472453296184,0.9942770681191236,22
1726744758831701800,-1.2413343779496848,26.46730781687498,-7.311891870117187,-0.3811859769543632,9.657752985474469,-1.659181312096864,-1.3850793838500977,0.2476353198289871,0.1960956901311874,-0.3789418410173185,-0.4247938716284042,-0.63572389641203,-0.5213524085162317,1.0801279544830322,0.6416811943054199,-0.8448129296302795,21.785932792651654,-19.72737996816635,7.260025489279627,0.0796590745449066,-0.4007126688957214,20.300707094621657,0.5688287615776062,2.804845531056821,2.1426533955819904,23
1726744758871467500,-0.88288918858096,15.691567285525798,-5.223585712403059,-0.2127572182838805,9.739642164132,-1.1244905710931867,-1.437639832496643,-0.0217318814247846,0.490211546421051,-0.3843128669281561,-0.4178130136991488,-0.6186803287362674,-0.5431118810900922,1.4745218753814695,1.2436552047729492,-1.1144399642944336,14.864838229453564,-14.708885451197624,2.968687308996916,-0.0237955562770366,-0.5167217254638672,15.59467810613513,-0.0356290712952613,2.337708788561821,0.7658209253188222,24
1726744758911237400,-0.5210449678910896,-1.3413655086278915,-1.9330279177188872,-0.0731660434039076,9.7949917109102,-0.4723962339257821,-1.79475200176239,0.0002470856998115,0.2012450695037841,-0.3950596935849955,-0.4101268395302778,-0.5965580275064581,-0.5655460193648265,1.4773943424224854,1.5819185972213743,-1.2847635746002195,3.716041799581051,-3.014225071334838,-2.257942593407631,-0.2910950779914856,-1.3470817804336548,1.9313167298868297,0.0554018579423427,0.7760847643755376,1.7023469384759664,25
1726744758951007500,-0.5804178153686225,-13.806355596470832,0.1669108101218938,0.046211583645991,9.803998024186493,0.2233443162119016,-1.8347249031066888,0.0706269219517707,0.3976286649703979,-0.4044006620072004,-0.3980059802653947,-0.5746336646959473,-0.5897860363942534,1.679822564125061,1.014381766319275,-0.8997558951377869,-8.611847509992122,6.153147366440296,-4.523157223644852,-0.1884480267763137,-1.0067788362503052,-9.905743995958566,0.2564509510993957,-1.7600740280404683,-0.8467464465759694,26
1726744758990777000,-0.2706397541384212,-16.20938353716135,2.8701053542137145,0.1501815013781189,9.769129539901018,0.8437501143041998,-0.9949604868888856,-0.0024914308451116,0.2050269097089767,-0.4136773257469762,-0.3880467628265224,-0.5535344851953483,-0.6098280254354423,0.430603563785553,0.1903321593999862,-0.4318632483482361,-13.976159205424786,7.707821279227733,-7.804947774505615,-0.3600433468818664,0.1370626538991928,-6.87773180681169,-0.1016051322221756,-0.9168194421682506,-1.1128220528703183,27
1726744759030656000,-0.1177451944093219,-14.61150176628828,1.7634715615242718,0.2519700336502865,9.767133397647738,0.8426172378167509,0.7962524890899658,-0.1567593514919281,0.2460435479879379,-0.4115382160357823,-0.3919104725920067,-0.5508581098584505,-0.6112264852201266,-0.5208885073661804,-0.250466912984848,0.2859694361686706,-12.524440640199185,7.120757888364792,-8.168381858202814,-0.0812522992491722,-0.2383416593074798,-9.742654789951445,-0.1412717401981353,-1.6541823347657918,-0.4420508530879393,28
1726744759070316800,0.1628978116208687,-12.316374228346348,-0.7592424967765807,0.3133985715486109,9.788545603510736,0.5065048397546634,0.8323706388473511,0.086216926574707,0.0945840924978256,-0.4032394025092533,-0.401041769455324,-0.5597686478337004,-0.6026795034724776,-0.5401005148887634,-0.6263360977172852,0.6706133484840393,-10.566370635682343,5.424095425266027,-5.30092438814938,0.0017430398147553,0.0690052062273025,-10.474924524128436,-0.062742069363594,-2.434094840735942,-1.05108930786103,29
1726744759110085600,0.0720103933956474,-9.705457570457458,-0.9911579862505197,0.3508655478946864,9.7994294010967,0.1358294522928539,1.0795612335205078,-0.0927699655294418,0.098004974424839,-0.3940244864445183,-0.4092827306826784,-0.5705806442345179,-0.5930177127780386,-0.6227309703826904,-0.670711100101471,0.6619464755058289,-7.783156798458099,5.154349679091572,-4.405851279169321,0.0460567846894264,0.1364657580852508,-9.465311428254845,-0.2052831053733825,-2.17043309065029,-1.4147652374900876,30
1726744759149855500,-0.163590725788474,-8.772722547081113,-2.02323367382288,0.3711381187358871,9.796544201049208,-0.2457214033179916,0.7684805393218994,0.0092886295169591,-0.0382289811968803,-0.3861398362608459,-0.4182359617816016,-0.581039573220407,-0.5816938914451293,-0.4578868746757507,-0.488031268119812,0.4862082004547119,-6.491366344860196,4.606965387666225,-3.8050697440773247,0.0187363289296627,0.0839350968599319,-9.581201660713552,-0.4047501981258392,-2.560184249517321,-1.438770966977626,31
1726744759189625600,0.1214877236722037,-7.903306441926956,-1.3665665853798388,0.3368520374482497,9.791584532815218,-0.4263914751306176,0.2609869539737701,0.0978298187255859,-0.1285423189401626,-0.3824165111023999,-0.4198775614916469,-0.5877437786148382,-0.5762098815158434,-0.3682264983654022,-0.2188661098480224,0.2413634806871414,-5.903983805045486,4.616082760101556,-2.681597044789791,-0.0429187603294849,0.0748731195926666,-9.613779988235237,-0.3804362118244171,-2.436231706634164,-0.9175684339046478,32
1726744759229395200,-0.0056838543226942,-5.305415854349732,-0.6753297033369541,0.2962802086883224,9.790653389444946,-0.475083865574561,-0.0426508076488971,0.1358557492494583,-0.0753566399216651,-0.3819630974556612,-0.4189905443223528,-0.5904823963639697,-0.5743532280603991,-0.2179158478975296,0.0041072601452469,-0.0800648182630539,-4.691775422206521,3.532646303126216,-1.2709303286597131,0.0107416501268744,-0.0091130025684833,-9.636828855389355,-0.4597026705741882,-2.680941795751452,-0.8868556079939007,33
1726744759269165000,3.743499130827188,6.074235742288828,2.247889985948801,0.1171510553079191,9.799321264547109,-0.360510159074515,-0.2546967566013336,0.2869618833065033,-0.8343503475189209,-0.3850478987124245,-0.4066049762950194,-0.5941828802578335,-0.5773709739598452,-1.1521592140197754,-0.2840924859046936,0.2552292943000793,0.5158528426080942,-0.5538578713536262,1.2057090839475393,0.575421154499054,-0.7536510229110718,7.255979428759216,-1.3135219812393188,4.032136624476314,1.0297708446960896,34
1726744759308935000,1.3126174069188534,11.010825883030892,-0.2972410348108038,-0.0983082432752009,9.79673066353202,-0.4298478626621886,0.0789735242724418,-0.1150750070810318,-0.4206206202507019,-0.3914918061753343,-0.4030491324930584,-0.5995561174900201,-0.5699279896206184,-0.9744138717651368,-0.2254863083362579,-0.3320536315441131,9.655754505133627,-4.607793655183911,4.989382404252886,0.4345517158508301,-1.1369365453720093,16.747088730615378,-0.6965107917785645,4.104881542691588,2.1415483569495377,35
1726744759348704800,1.384557876883447,11.216493417048454,-0.9374830946862696,-0.2030193027974106,9.799659702721238,-0.3095968777107075,-0.830759584903717,0.0642111673951149,-0.3322112262248993,-0.3951691801928564,-0.3955164977715949,-0.5994595470231974,-0.5727620336648699,0.4883667230606079,-0.1831640899181366,-0.3303655982017517,7.301848615008592,-7.474546776360273,5.430237581282854,0.3979578614234924,2.449127197265625,17.80203617520928,0.1253593266010284,2.664219501270354,3.5367627985343333,36
1726744759388473900,-2.080520033882558,9.471896651864052,7.8193223368167875,-0.3476494719250127,9.799631061148643,-0.1294454412110149,0.8238756656646729,0.0131349209696054,-0.0223677810281515,-0.402410443047026,-0.3868184599835174,-0.5974708023306549,-0.5757307946006246,-1.1952019929885864,-0.6991109848022461,0.6469375491142273,8.174176808217167,-5.401528204149008,2.10749484230876,-0.2272345274686813,-0.9390923976898192,4.84946247690916,0.9696723222732544,0.0835077197700738,2.9280688828825947,37
1726744759428243700,0.0927877536875195,2.3468074562966823,-1.2378478510081767,-0.243772059348505,9.7762320653826,-0.7322814246147871,1.149780035018921,-0.0303574912250041,0.2597233653068542,-0.3894776992712017,-0.404621634541257,-0.6112424176932832,-0.5576478261451304,0.4420482516288757,-0.1082339286804199,0.081840731203556,5.028496271023154,-4.410117704442143,3.003513707706332,-0.0471639558672905,-0.1963876783847808,2.863994762378931,0.7942220568656921,0.2282154841785319,0.2378911663500592,38
1726744759468013600,-0.2980630369844846,-1.978991796514392,-1.284276424705982,-0.2054675727323628,9.76852689783275,-0.8390813187755644,-0.1035433635115623,0.3711103200912475,-0.0269237961620092,-0.3825554268058477,-0.4039492679718516,-0.6161219287497202,-0.5575572847913726,0.4603140652179718,-0.2464373856782913,0.3274458944797516,0.0145808985382318,1.2627519906401634,-0.5987158347338438,-0.1030875369906425,-0.5851143598556519,-0.7232647360749542,0.0104931332170963,0.2494072704901918,-0.8251137298300861,39
1726744759507783200,-0.256465244443994,-4.376169842132926,0.3888625394642352,-0.2054661844928748,9.762824302276968,-0.903017711308971,0.3579138219356537,0.2404309809207916,0.0283177252858877,-0.3781125684089295,-0.4017309700272611,-0.6202042545580162,-0.5576646568016708,-0.1456797271966934,-0.1634025871753692,0.3146829605102539,-2.829956299176812,2.67343010494709,-2.233837495198846,0.0147541733458638,-0.5511295199394226,-4.390295398119092,-0.1479139029979705,-0.1958650653949007,-0.4895055549630895,40
1726744759547553000,0.2554134886350482,-6.6902820665299885,0.1996247467219829,-0.1588973620741628,9.751418526643514,-1.0271209877744316,0.2190834432840347,0.1379106640815735,0.1502784043550491,-0.3722756019568375,-0.4034250082599219,-0.6241929659727556,-0.5559157137198822,-0.0296553913503885,-0.238788366317749,0.3270788490772247,-4.355015994945168,3.355117652878165,-0.8394618425257504,0.021812779828906,-0.3712367117404938,-5.93454319396019,0.0543885789811611,-0.9633047875545918,-0.1930598352484405,41
1726744759587323000,0.0124685460267588,-7.265733930054306,0.8153342402242124,-0.0654402212250977,9.744482005378604,-1.100543659120798,0.2389906942844391,0.0651104152202606,0.2927729189395904,-0.3667267646806769,-0.4062850982907222,-0.625335532812572,-0.556236876377379,-0.1024779379367828,-0.2191710919141769,0.3309628963470459,-5.370879967907071,4.530418154558539,-1.2564531827569008,-0.0111844055354595,-0.0211397800594568,-6.549875816974043,0.3341845273971557,-1.5565804770611225,-0.4157949700534343,42
1726744759627092700,0.215216320140101,-5.066212545955181,1.727930730935186,0.0512881014589918,9.72592869607806,-1.2546275747649371,0.6167140007019043,0.0467759706079959,0.2450780421495437,-0.3598391169929184,-0.412553324639019,-0.6275093292501548,-0.5536675010722129,-0.2736243605613708,-0.0608770102262496,0.556387186050415,-4.454962223818898,3.9404239709407087,-1.3754887275040149,0.0492854826152324,0.3248269259929657,-3.709908411392569,0.1556722521781921,-1.0630822357326746,-1.1520764971550554,43
1726744759666862800,0.4875352412708103,3.6569817078471183,1.089658838621527,0.0067179066532349,9.678720370179414,-1.5788240191817282,1.0673328638076782,-0.3147979974746704,-0.3693857491016388,-0.3552962675282671,-0.4183914614783572,-0.636746577877235,-0.5415411671840461,-1.5371968746185305,-0.0791068822145462,1.141717553138733,-0.892161020925641,1.806168547478318,-0.8268973983764648,0.0499133318662643,0.644976019859314,-0.0835837258820422,-0.0872491374611854,-0.5424679874090478,-0.8104317090049385,44
1726744759706631400,0.2083139386068098,20.204041202592848,-4.070411410073936,-0.1097025567997247,9.61798445418775,-1.91120245487988,0.2635446488857269,-0.4574752151966095,-0.1019591763615608,-0.3555609050786458,-0.4258319090407326,-0.6450669693958241,-0.5254827475113555,0.3128377795219421,0.688096284866333,0.9565492272377014,13.041574170267582,-10.634925700992346,5.071181566539407,0.2615205645561218,1.096429467201233,10.148264466077087,-0.2202078700065612,1.3456152750268575,0.3035818186722696,45
1726744759746401300,-0.3853660756506025,29.3624353841424,-7.365967159175872,-0.1629063785198144,9.650633508858084,-1.7346927724160253,-0.7795427441596985,-0.9740939140319824,0.4026282131671905,-0.3694044145640905,-0.4310653830568997,-0.6345292381809461,-0.5244958106797825,0.4196782112121582,1.023838996887207,0.2928391695022583,20.23956376687288,-19.221113869071004,9.95178444712162,0.4995329976081848,-0.181852713227272,24.35631636462212,-0.1239911019802093,4.52895246592015,2.1527691314049062,46
1726744759786171100,-0.0841760931514669,19.16280430344343,-7.794248685836791,0.0840264646808616,9.690766781803966,-1.5007902007780969,-0.7476385235786438,-0.2992525994777679,0.849967896938324,-0.3757765786141186,-0.4438078402177994,-0.6160792219996112,-0.5312936771842146,1.294421911239624,1.1311699151992798,-0.6590145230293274,14.447152915608882,-21.9578734136343,2.933035565379262,0.4497008025646209,-0.6432642340660095,19.277201082474,0.1915967464447021,2.764476111267507,1.4620067350059749,47
1726744759825903600,1.3287094406723976,0.3689437870293856,-3.241363263404369,0.2905190330794081,9.755985980689523,-0.9522299974411724,-1.8653329610824585,0.2939766943454742,0.1592829823493957,-0.3813439406003516,-0.4383234069741334,-0.5970115659994738,-0.5531967672973002,1.920772910118103,1.592449426651001,-1.161681890487671,4.434579945525527,-5.836785415041446,-1.4577224818155168,-0.1011051312088966,-1.6375577449798584,3.536719836175441,0.2778256237506866,0.4262486691264435,0.3616533742928877,48
1726744759865665800,-0.2160468526801094,-13.693684326058625,0.2387315992295741,0.3224390062902122,9.800263513833285,-0.1458066472947597,-2.2585763931274414,0.2896415591239929,0.0593295954167842,-0.3951356154610325,-0.4201969540258324,-0.5752117781562336,-0.5800291315303999,1.8922933340072632,0.7818512320518494,-0.9797059297561646,-7.645259316852688,8.343127015212177,-4.7098675437361,-0.3287506997585296,-0.7533174753189087,-10.623736782979964,0.203180193901062,-2.9369337418615817,-1.104984564177692,49
1726744759905434000,-0.3589865297038108,-16.85838403649926,4.859556585422158,0.2563353161877021,9.78501392225325,0.5984746463891119,-1.0685495138168335,0.0377525053918361,-0.2730527818202972,-0.4104877115782051,-0.4008466168610698,-0.5557052055966961,-0.6016755841923792,0.716091513633728,-0.0506286323070526,-0.471366137266159,-13.130302255034444,9.959719916296004,-8.561987792801856,-0.2542361915111542,0.1306308507919311,-5.972696106743812,-0.0198904033750295,-0.7587985524013638,0.3118043976923451,50
1726744759945202200,-1.2407555551484226,-14.7983383431077,1.759485706758499,0.2048145887163467,9.786825940111278,0.5886280828963965,0.7414870262145996,0.0766898170113563,-0.0517370887100696,-0.412300896635256,-0.3999901530158184,-0.5567730212897815,-0.6000164050373059,-0.2505494058132171,-0.2677939534187317,0.27277472615242,-10.647926636862756,7.92868229072392,-8.076355316412448,0.0354996770620346,-0.0430253744125366,-10.137840102696416,0.0283278934657573,-2.3457810358583924,0.2011697659405879,51
1726744759984969500,0.1794366027612239,-12.075359486615657,-1.2190215699851512,0.1650291793600656,9.799670224115252,0.3310721388725564,0.4698746502399444,0.0690588653087616,-0.1093228086829185,-0.4066855002424302,-0.4027752558614148,-0.5664733994019955,-0.5928632929490923,-0.3464908599853515,-0.3796081244945526,0.5936954021453857,-8.946614886653423,7.545025503209233,-4.969169637307524,0.2643420398235321,-0.0689718201756477,-9.818030641192196,-0.1078505218029022,-1.876129387933016,-0.9829453075699508,52
1726744760024737500,-0.3035152562420815,-9.522451365581157,-0.5168874463528395,0.1489395110935438,9.804967161479592,0.1040376446395181,0.7552948594093323,-0.2609564363956451,0.0472089052200317,-0.4039028146729223,-0.4083849651898937,-0.572640617355989,-0.584950424661339,-0.468886524438858,-0.470509797334671,0.5546429753303528,-6.330425256797671,6.165986389747261,-4.547446446248888,0.2329837083816528,-0.0342091396450996,-9.870274038648605,-0.2265008389949798,-2.383027939713001,-1.4715201210215687,53
1726744760064505900,-0.4428410170849412,-9.04227481651008,-1.6115794568359851,0.2279613815532997,9.80273428786099,-0.1575858958831056,0.4500686228275299,0.0195951834321022,0.2983037531375885,-0.3981866196614727,-0.4181697095429509,-0.5772077081952618,-0.5774191112030637,-0.069277636706829,-0.4475433528423309,0.2042369544506073,-5.8616591595351695,4.930809219253063,-3.793206287804246,0.1410157084465026,0.0453949011862278,-9.518453820377587,-0.4003904163837433,-2.5207018416956064,-1.7370502953276037,54
1726744760104274000,0.5733266149986534,-8.542657653909922,-0.5270364999234676,0.3304845482429489,9.798415840139985,-0.2284838527911342,0.063461922109127,0.316754937171936,0.1198532879352569,-0.3912195284908851,-0.4201951117988099,-0.5788657031865201,-0.5790490737486594,0.0574462227523326,-0.4492286443710327,0.0978275537490844,-5.907879058918357,5.260952443245053,-3.911128610612452,0.0910416767001152,0.0372924320399761,-9.414059379923344,-0.5280941724777222,-2.369120264261216,-1.50807626613304,55
1726744760144042200,1.247267713521421,-7.127281737175584,-0.2295323206644505,0.2925031926339492,9.796964472287891,-0.3229292009599506,0.3663637340068817,0.2038583755493164,-0.2967715859413147,-0.3867529302043963,-0.4173510489138683,-0.5850494927846915,-0.5778902889579881,-0.2666785717010498,-0.3050422668457031,-0.0361586734652519,-6.089801560211181,5.588765178462863,-4.2989527469396585,0.0619864463806152,-0.0788599625229835,-9.748354462897778,-0.6052119731903076,-2.664482828381657,-1.0932418847400691,56
1726744760183810600,2.491127956686914,2.347987021470069,0.8750175784230232,0.1125663030672352,9.799145907980202,-0.3666984557880088,-0.2586423754692077,0.2683994472026825,-0.8034490942955017,-0.3891978038590568,-0.4108551899052642,-0.5915187492756233,-0.574307171947098,-0.495487779378891,-0.5518130660057068,0.1257752925157547,-3.896992825493217,3.5943355743199583,-0.7594415264800191,0.4107369184494018,1.7669106721878052,4.438503256449103,-0.676222562789917,0.6930632937524467,0.3871207738308235,57
1726744760223578600,-1.49848586935848,11.791100646442176,2.341787582308054,-0.0354492889812681,9.792328044658898,-0.5286287010183558,1.3805562257766724,0.6899879574775696,0.1140125319361686,-0.3847943345487328,-0.4039464078220856,-0.6031416601622835,-0.5700708772390884,-1.3185244798660278,-0.9620152711868286,0.1622195243835449,6.599620383352041,-7.043788045930862,1.9654808652952311,0.5900547504425049,0.6682394742965698,9.585799509897829,-0.2483302801847458,1.9013135135501624,1.152662115023285,58
1726744760263347000,2.8940792272582647,12.845952229446173,-5.477430709612369,0.0246021861269022,9.758453247585892,-0.970753349994868,0.1280446648597717,0.0319315828382968,-0.144125148653984,-0.3689880498886605,-0.4090752589668015,-0.6181845011091116,-0.560672030075236,0.0562038570642471,-0.5495374202728271,-0.0288384445011615,6.3063710119932885,-9.11943112142682,5.268494529187679,0.5208712220191956,1.878914475440979,13.32613813086748,0.128971442580223,1.7647183467149734,2.127742972828448,59
1726744760303114200,-0.2466711235245689,12.764646403634549,3.037014410769939,-0.1519634894240647,9.75431775521636,-1.0002973513219504,0.8621861934661865,0.226770669221878,-0.5009804368019104,-0.3717257130095741,-0.4021197731458771,-0.6239396268232553,-0.5575115570417982,-1.203220248222351,-0.5928378701210022,0.6155025362968445,9.0281048368603,-9.322618529066444,2.816142877879739,0.201115608215332,-0.2433257550001144,14.06287419680357,-0.1383008807897567,2.2944551916383205,-0.187868732878752,60
1726744760342882300,-1.258899406865239,5.142356458958983,-0.7638764401875436,-0.1758260475812479,9.670418405780197,-1.6194016748942437,1.6651105880737305,-0.4042675793170929,0.2484096735715866,-0.3611342243095466,-0.4150506641300296,-0.6405462156813466,-0.5357382766233256,-0.3613108098506927,0.283727616071701,0.240364134311676,7.644892821627855,-6.569440349143743,3.285778743714094,-0.165637582540512,0.0429872758686542,3.700140466094017,-0.0605610199272632,0.1270787760117556,-0.3495455148046836,61
1726744760382650400,-0.1523907749254256,0.0080704937309026,-1.4692194428637624,-0.0817922758880071,9.61138403300941,-1.9455105288036167,0.0196924824267625,0.3476482927799225,0.1808798909187317,-0.3524233951008404,-0.4254165287717247,-0.646694836680173,-0.5259319502926342,-0.1162938848137855,0.4596058130264282,0.1283473223447799,2.787536961120367,-0.0347381359040737,1.406751296252012,-0.3579501211643219,-0.0457180701196193,0.1028384249175898,0.1401088684797287,-0.2498669969564303,-0.4474487666087224,62
1726744760422418700,-0.4382231845585629,-2.9323142653673884,-1.1211281819880008,0.0588917037639301,9.66002093040645,-1.6884677584663033,-1.1459283828735352,0.8672500252723694,0.3245150446891784,-0.3458424119010536,-0.4154616373728719,-0.6430237371156893,-0.5424989965854561,0.8807161450386047,0.4913585484027862,-0.1261867731809616,-0.7888181353509426,0.9585434183716772,0.44870179887712,-0.5050328969955444,0.1075116544961929,-2.65579595631808,0.2125585079193115,-0.4629905826009809,-0.2202500582573004,63
1726744760462186800,0.9002568682935088,-2.32361128962636,1.1480875736493616,0.2341458058092743,9.728427527156471,-1.2137784086346626,-1.1089928150177002,1.146310329437256,0.1495130211114883,-0.3390158723801008,-0.3993078768666649,-0.6343805606424493,-0.5684916489615033,0.9502416849136353,0.2626811861991882,-0.073284275829792,-2.6487626966804263,1.897209000840783,-0.8325783666223288,-0.4632724821567535,0.2832649648189544,-2.3780631569124755,0.3980787992477417,-0.2099950966267846,0.6123860116353258,64
1726744760501955000,-0.0687352807151153,-0.259817641878128,1.586394746696949,0.3451159713920205,9.75192881425321,-0.9752744076158852,0.1936114579439163,0.1224986463785171,0.2168095558881759,-0.3338735667084353,-0.3914217303241509,-0.6296937231543462,-0.5820681091991531,-0.0029468149878084,0.2719433009624481,-0.1410207748413086,-0.5990162789851426,1.339617203655839,-2.381262683606148,-0.3784731328487396,0.379120409488678,-1.3805936494275928,0.3483875393867492,-0.0018764111640164,0.3494965976290404,65
1726744760541723100,-0.2657171482454985,-1.4052362155139446,-1.1441162588655949,0.3556494577029719,9.719700030821562,-1.25352648165524,0.9481148719787598,-0.6298961639404297,0.0361656956374645,-0.3307832038773009,-0.3996651411864952,-0.6357513953692598,-0.5715508700950861,-0.5900505185127258,0.2514663636684418,-0.0162587370723485,-1.1988210779994726,0.533427077743411,-2.4693682525604963,-0.3270222544670105,0.4912017583847046,-0.4125263967115432,0.1454979926347732,0.0858293585175182,0.1204447722242213,66
1726744760581491500,1.341300188306719,0.0747317081183195,-0.3007354893304407,0.360229077110812,9.674757896289227,-1.5619536945320665,0.441458523273468,-0.0101410374045372,-0.090440884232521,-0.3311080971211607,-0.4128949018114721,-0.6396524651968423,-0.5574316404181306,-1.0749653577804563,0.060464221984148,-0.0799012258648872,-1.4375497546195983,0.2246381919473409,-0.2739472895175218,-0.25853031873703,0.4238666892051697,0.0709842743514571,-0.1290580630302429,0.4005069826917722,-0.0255272993318969,67
1726744760621258800,-0.7364880094591528,-0.905523775845766,-0.2450469198562204,0.2501657607072964,9.69418974198997,-1.4596246621750295,-0.5774732828140259,1.1594130992889404,-0.2924025058746338,-0.3269446710780402,-0.3966308212567483,-0.6458359993467828,-0.5645238108567667,0.4919135272502899,-0.0311557091772556,-0.1510856002569198,0.3921469679623842,-1.4227742102921008,0.2971531007990241,-0.1767449378967285,0.2904863953590393,0.1269713609813712,-0.3461972177028656,0.5470384371297433,-0.0463177565673599,68
1726744760661027000,0.5449954965926707,0.0325017551541328,-0.0663023179471492,0.2504780963257886,9.711749364078043,-1.3377476103916763,-0.0540733076632022,0.4442773163318634,-0.0378301925957202,-0.3215225399827475,-0.3856567783807949,-0.6476688908512049,-0.5730768593265461,-0.2186524718999862,-0.1253886222839355,-0.2074475288391113,-0.0328875396013259,1.1685311536759138,0.8598857680037617,-0.1478374749422073,0.1527053564786911,-0.0611884592318674,-0.3870031535625458,0.5242029569979757,0.1859651277471333,69
1726744760700795100,-0.1198069127121008,-0.1739203966230154,-0.5969288051865994,0.207045580905117,9.726036248105764,-1.2376286552995444,-0.3716858625411987,0.5623019337654114,-0.279795229434967,-0.3184374711716793,-0.3754290606014488,-0.649734190946704,-0.5792202104504459,-0.098303698003292,-0.0303850434720516,-0.2754490971565246,-0.4845166241019964,0.0006353752940893,-0.0521148026406764,-0.1738200038671493,0.1026877984404563,-0.3388008699610829,-0.275414764881134,0.5227545117553323,0.1781074365166947,70
1726744760740563500,0.2946189061462879,0.0773895291507244,0.2302723984420299,0.0926431210524402,9.742727855187654,-1.1140317209210246,-0.2540619969367981,-0.0760634541511535,-0.3573931455612182,-0.3209452915485569,-0.3659331697150178,-0.6503020255197764,-0.5832618501458722,-0.629557728767395,-0.1849711537361145,-0.2584388852119446,0.1903168201506137,1.3154144902914762,-0.1308015319950878,-0.1707606762647628,0.0168929900974035,-0.0272268515250878,-0.2542911767959595,0.6831788094021379,0.0656394335916265,71
1726744760780331500,-0.0673655860973754,0.1839279958963394,0.5879622393988072,-0.0396255517526064,9.747072606393694,-1.0786242343880237,0.1013238281011581,-0.2909823060035705,-0.3043030798435211,-0.3276872750237501,-0.3633084719329942,-0.6503856426126255,-0.5810565244509318,-0.791105329990387,-0.3117763996124267,-0.2063387334346771,0.0669955609083175,0.7073106494873762,0.1514814780607819,-0.1516928225755691,0.0167327020317316,0.1083104448541998,-0.318020612001419,0.5609064746908843,-0.0782333686968777,72
1726744760820099800,-2.2733000292763115,-0.3351479004114866,0.3999614411056041,-0.113270103955036,9.72535644914806,-1.2549912935107943,0.7188754677772522,-0.5292093753814697,0.1953168958425521,-0.3329920152641759,-0.3711419234919057,-0.6528709058924598,-0.5702013630558157,-0.9238335490226746,-0.27774178981781,-0.1559744924306869,0.4764391161084175,0.3222802355319261,0.443731609249115,-0.1299861371517181,0.0490379557013511,-0.1626008745009079,-0.3533878624439239,0.5218017410751432,0.045933296427573,73
1726744760859868200,-0.6745555040940642,-0.1782178015559911,0.2647919231593608,0.0353035443846252,9.712078449901938,-1.3581933093100786,-0.0928855463862419,1.110639214515686,0.4903872907161712,-0.3229376009033026,-0.3736263496586003,-0.6554784063085265,-0.5713692410804369,0.1813433915376663,-0.0626407191157341,-0.127282053232193,-0.500851088309288,-1.9856191056996584,-0.5569733730256557,-0.1233728602528572,0.0568596720695495,-0.1809264394601807,-0.3332321047782898,0.3705404816363006,0.1259846971647348,74
1726744760899636200,0.2024833510234951,0.3857376854419708,0.6196631995640695,0.2735137204058468,9.697892688161136,-1.430549666599184,0.5274425745010376,0.9835896492004396,0.4555256962776184,-0.3002685233570339,-0.3666058460335052,-0.6622219336847041,-0.5804318821756398,-0.216014876961708,-0.0272326059639453,-0.0564469695091247,0.4179606236547231,0.3717518301874399,0.020616525440663,-0.1096116378903389,0.1194134503602981,-0.1533829095016233,-0.2624709010124206,0.196535110143572,0.2354284477646462,75
1726744760939404500,1.766977085427195,0.0918330650448799,-0.984152491402626,0.497189570127055,9.66304232405424,-1.5964984998211265,0.2322457432746887,0.6828305125236511,0.2612841725349426,-0.2820168075044144,-0.3671858113030443,-0.6682614357483994,-0.5822952960490854,-0.6969141364097595,-0.0384452044963836,0.0677554085850715,0.3182891200691461,0.4251023121029138,0.5791758524835109,-0.0796821117401123,0.1027748510241508,0.0554716479210648,-0.2523967027664184,0.1554046428538859,0.1241767800930887,76
1726744760979171300,-0.6208093008592724,0.3745364924699068,-1.0226699997149409,0.5826517119005322,9.659262220993638,-1.5904507440894842,-0.1681578457355499,0.7632691860198975,0.0729885697364807,-0.270137776768715,-0.3592933899049919,-0.6723084732841368,-0.5881624676349667,-0.6780632138252258,0.0245256628841161,0.1185912862420082,-0.018498948764801,0.2712918065726757,0.0078049746625125,-0.0733272582292556,0.0837248787283897,-0.0308844059182563,-0.2822917103767395,0.024949739189248,-0.0573111702739493,77
1726744761018939400,-0.0964323024686425,0.4035381305485964,0.6976748061358928,0.7665096382353455,9.664528763219714,-1.4763890422321857,-0.1320444196462631,1.692280650138855,0.4750576019287109,-0.2550191656186,-0.351051211361698,-0.672337666379197,-0.5997418578882747,-0.3833708465099334,0.0406114235520362,0.0303957816213369,0.1090828905314207,-1.47756963031888,-0.4262548431389033,-0.0864104405045509,0.0906399637460708,-0.0607060962421353,-0.3433278203010559,-0.0518445617313962,-0.1450853655491955,78
1726744761061194800,-2.4412081798724827,-0.0477893406569957,-0.9231786750018596,1.145645733455196,9.632676996406913,-1.438551186747104,0.1586253494024276,2.3232991695404053,1.0105903148651123,-0.2161998836074405,-0.3332566869641348,-0.6799159334289424,-0.6163699890231028,-0.7759959101676941,-0.0171476416289806,-0.1236504390835762,-0.1148328323602676,-0.1985024646937847,0.0195440008383244,-0.127293661236763,0.0460375174880027,0.1853786878949962,-0.4011791944503784,0.0326790022840257,-0.0424641087799333,79
1726744761100962800,-0.1626606053315103,-0.2452244683802127,-2.750216407507658,1.7480708710357546,9.5751290628016,-1.1964756108518688,-0.7484546899795532,3.279231548309326,1.1894190311431885,-0.1649196520870944,-0.3136858631812522,-0.6801503206480501,-0.641715141681405,-0.7232916355133057,0.0614808052778244,-0.1685643792152404,0.2440425651192665,-0.1006231052219867,-0.0722276163429021,-0.1538412421941757,-0.006634715013206,-0.0146213036138564,-0.4380806088447571,-0.1268313679887913,0.1431007493369281,80
1726744761140731100,-0.0306520356342196,-0.8901438358843327,-1.9216297408699987,2.228678797261417,9.539796468135714,-0.442345707848668,-1.7131452560424805,2.3316140174865723,0.7107919454574585,-0.1197053464878493,-0.2839122864768172,-0.6647910709185195,-0.6805272267315722,-0.6636011600494385,0.0928670093417167,-0.1139617264270782,0.0438309584200382,-0.047111879786849,0.2446142275273799,-0.1421769559383392,0.0384525693953037,-0.0890972377396654,-0.4130355715751648,-0.1409746148952748,0.4075215376289561,81
1726744761180499200,1.634413219934702,-0.5976975976020097,0.1208610066086053,2.3220048773430286,9.521187044733765,0.35453766053617,-1.5660983324050903,1.4971452951431274,-0.2030281126499176,-0.1024762796088147,-0.2588271770874514,-0.6441522348594922,-0.7124430451584939,0.1507154405117035,0.0417641475796699,-0.0640943720936775,-0.3346253378421068,-0.7704460278362035,0.7537298708349466,-0.1033310368657112,0.0158111453056335,-0.0086432327096059,-0.3359912931919098,-0.0397374054960906,0.3010178499357774,82
1726744761220267300,0.5175573084384203,-1.046415763092041,0.9397749319504946,2.146590588900447,9.515155363354086,1.0120980445571244,-1.3137826919555664,1.0307217836380005,-0.4376943111419678,-0.0988641296739351,-0.233002156536182,-0.6277797019812699,-0.736089975488466,0.3513129949569702,0.0525253415107727,0.0217119492590427,-0.2588847449421882,0.1220358956068754,0.0633394495535641,-0.0982229560613632,-0.0014284687349572,-0.0236877952453214,-0.3175396919250488,0.0015510259801725,0.0662503183318534,83
1726744761260035600,0.0598323912806808,-1.3577742071151733,3.232702987086773,1.9716475712314248,9.483543835037946,1.531459041416645,-0.6948904991149902,1.9778635501861568,-0.0087974686175584,-0.0890725779670834,-0.2058085244169664,-0.6160845501054615,-0.7550818893317615,0.1141425222158432,-0.0087813204154372,0.0760717317461967,0.0047755438387393,0.5658136820852756,0.1802729805201292,-0.0981129929423332,-0.0065709110349416,-0.0763421389896422,-0.3494578897953033,-0.0595591775296023,-0.1048110675642732,84
1726744761299803600,-0.6303653569728136,-0.7108505140513182,3.067066434684396,1.9346065652124584,9.44400034467876,1.7995972062639891,0.0333633944392204,1.807478666305542,0.4926939606666565,-0.0619528931351815,-0.1782191434278163,-0.6135829345111194,-0.7667566970143596,-0.0492876805365085,0.0765045434236526,0.0966835245490074,0.0751706840574741,0.4388689716488123,-0.5936609624970703,-0.1065582931041717,0.0479300133883953,-0.0906193875393364,-0.3824098110198974,0.0247512871578335,-0.0828178834755439,85
1726744761339571000,-0.6827089999333024,-0.2320277176767587,2.3158465008437634,2.0634150236941875,9.422021152582763,1.7715046458542345,0.7030932903289795,0.5809242129325867,0.5971778035163879,-0.0356028496929954,-0.1657534247294474,-0.6182266579266337,-0.7674986037661452,-0.3043569922447204,0.1013946086168289,0.0685792490839958,0.1014081181198358,0.4469517403393984,-0.4129570432137697,-0.1015074178576469,0.0241338312625885,-0.037613547493203,-0.4465624690055847,0.0221025330645847,-0.1925504244215786,86
1726744761379339300,0.0076359017059206,0.0185696759134531,0.7913118518628179,2.217325774728507,9.449900508633256,1.3975870159350334,1.1583977937698364,-0.1646010875701904,0.2574655413627624,-0.0240850794879397,-0.1698142959305938,-0.6323812144764072,-0.7554317291838762,-0.2785062193870544,0.0416857972741127,-0.035124834626913,-0.2031190185785293,-0.408674908915162,-0.0478016521492973,-0.0936514288187027,0.0579843297600746,-0.1409762223304715,-0.4700359404087066,-0.1213268522883765,-0.0392593350889859,87
1726744761419107300,0.4799301730945706,0.31445874812603,-0.8314853106886148,2.2931538997814056,9.477526766705513,1.043222812269628,0.5524346232414246,0.0702922493219375,0.1272563487291336,-0.0208187263592766,-0.1753213474695909,-0.6450371020967871,-0.7434757175331417,-0.3222022950649261,-0.1035387217998504,-0.0162351671606302,-0.48538639267385,-0.5814823758602142,0.316100158657506,-0.0377105139195919,0.0796745643019676,-0.0248346591589273,-0.3974458575248718,-0.0182155972121981,0.087068636255199,88
1726744761458875400,0.4390454972594976,0.1727156970083713,-0.6366156495392322,2.334487488427758,9.471577502912282,1.0048734270658344,0.0333090014755725,0.8135048747062683,0.2430246472358703,-0.0108429827808139,-0.1697965248600832,-0.6480238077946363,-0.7423723649639927,-0.0664544180035591,0.0052030980587005,0.0235613118857145,-0.3273310891807079,-0.8306243099451065,-0.1666671010265126,-0.0203342139720916,0.0164099652320146,0.0046392086745472,-0.324089378118515,-0.0280619666253798,0.0396938220826908,89
1726744761498643700,0.4741996666185558,0.5002256498873233,-0.0601893880248069,2.40183507764414,9.445736959213018,1.086104434075579,-0.0395928435027599,0.8528696298599243,0.2069693356752395,0.004553776284016,-0.1603713294524176,-0.6472288009241662,-0.7452215667462264,-0.9242021441459656,0.0398444309830665,0.1067432835698127,-0.1863005702465772,0.5336193854451179,-0.1869943977296352,0.019762672483921,0.0251808054745197,-0.0539968809270765,-0.2310671359300613,-0.0258665092575829,0.1266582764442078,90
1726744761538411800,0.3234352507859468,-0.0503816952377557,-0.0059323857236653,2.4171774620741604,9.429666114377977,1.187021846069023,-0.0966952815651893,0.5018025040626526,0.0380199626088142,0.0136462335566339,-0.1528799187267311,-0.6450631438198133,-0.7485552605914501,-1.1624664068222046,-0.0824735984206199,-0.0572689548134803,-0.161164375424385,-0.1107762504458427,0.4487526522815227,0.0629024878144264,-0.0015483347233384,-0.0566820557572878,-0.1670936942100525,0.0187224302061949,0.0498980901390081,91
1726744761578180000,-0.3978922336161136,-0.2777583722382784,0.4785556698709726,2.4117151050150394,9.420316686752438,1.269510671120137,-0.0312154702842235,0.4581483900547027,0.1051188334822654,0.0209280269617757,-0.1457645641655266,-0.6434482559251217,-0.7511917961549338,-0.5144249796867371,-0.0455748625099659,-0.1207314804196357,0.373320102417469,-0.9486509699106216,0.5254886859595775,0.0829256251454353,-0.0119968736544251,-0.0405504937109537,-0.1385699957609176,0.0406946879546157,0.0011609358214423,92
1726744761617948400,0.0091669106654822,-0.219857971933484,0.7814597354121505,2.43636059371084,9.412845327958465,1.2778528213992717,0.2158956229686737,0.3976288735866546,0.1181337460875511,0.0288900754279604,-0.1405820774789,-0.644270374270729,-0.7512109577804189,-0.7415388226509094,0.0448435060679912,-0.0988691970705986,0.0473936193376779,0.3779945239692926,-0.3554781562566757,0.0974584519863128,0.0280875973403453,-0.0742042273452272,-0.1454561352729797,-0.0112772904155775,-0.1425551164192147,93
1726744761657716500,-0.0012649053692817,-0.2701215937495231,0.1272704352594912,2.462953417082131,9.41432709094882,1.2143803931158037,0.274095207452774,0.1567452549934387,0.0875592306256294,0.0349968728375597,-0.1374436605889983,-0.6474512128661304,-0.7487933977881746,-0.6640855669975281,0.0658332109451294,-0.144223615527153,-0.0064496145308017,-0.1742576657533645,-0.2358206436863169,0.0950511023402214,0.0477102324366569,-0.0798064266998786,-0.1520918160676956,0.028772966722236,-0.1621083052109926,94
1726744761697483800,0.1231982173845171,-0.342252763980627,0.1488835705220699,2.4881276058271524,9.415079955142737,1.1558066966593266,0.1408532112836837,0.4607055187225342,0.1571748554706573,0.0406080363731917,-0.1345583465746892,-0.650357064261702,-0.7465124344373908,-0.0101077891886234,0.0406600497663021,-0.1838050633668899,0.0637099633663892,-0.9265706555277108,0.6441068820774555,0.0828107222914695,0.0447517000138759,-0.0477471043838886,-0.1403034180402755,0.0640934005928691,-0.1224005550676491,95
1726744761737252000,0.0286456642478704,-0.0902209536731243,0.15504494269602,2.548861768253148,9.397230410197375,1.1686491540323942,0.063524454832077,0.5541348457336426,0.2537350058555603,0.0503009238579862,-0.1302635087159227,-0.650727970812038,-0.7463607178199688,-0.0428396351635456,0.0419998876750469,-0.0440927632153034,0.0100181206673383,0.0974491513609886,0.0898258899409324,0.1061930656433105,0.0234314762055873,-0.0550197440016781,-0.1026066467165947,0.029615847287164,-0.1158874651128891,96
1726744761777020200,0.2430295886844396,0.0811760619521141,0.1107580572020262,2.5972414760187266,9.381456502482294,1.1886945285215973,0.0795105844736099,0.1991569697856903,0.0749519616365432,0.0586163282136984,-0.1263057270595504,-0.65072291386722,-0.746438666950122,0.1351942718029022,0.1201016679406166,0.0158491320908069,-0.0460416202068328,-0.1329483347654342,-0.2905143934369087,0.101137988269329,0.0140050463378429,-0.146814043372171,-0.1027785465121269,-0.00590304032735,-0.1811019421575591,97
1726744761816788200,0.4627183415308594,0.2003957310944795,-0.5255401969511062,2.568789580777288,9.393169736629725,1.1576096544280647,-0.056924145668745,0.1612058877944946,-0.1019526347517967,0.0580383339602478,-0.1249210796099282,-0.6522063000784595,-0.7454214583875928,0.5545201897621155,0.1623580455780029,-0.0600385069847106,-0.0824941588133573,-1.383129597645998,-0.0160251790624111,0.1038965582847595,0.0141446786001324,-0.1687316871398128,-0.1027915328741073,-0.0195799535011174,-0.1512402805828955,98
1726744761856549400,-0.2551674779847264,0.0007008417457342,-0.142399615330249,2.5824808369994163,9.38202465775907,1.2160492031108587,-0.0797513127326965,0.3993718922138214,0.188937559723854,0.062106408943499,-0.1221717800087105,-0.6504404674717714,-0.7470903450334001,0.0466785281896591,0.2117090821266174,-0.1058182418346405,-0.1744219164043665,0.4310422235459089,-0.5465150708427653,0.1082556694746017,0.0369640253484249,-0.1562763476544991,-0.1064530164003372,0.0184659746520279,-0.2598118879907764,99
1726744761896317700,0.5534402304634451,0.1279804832249879,-0.3991226521939039,2.6241142853751778,9.363831998464464,1.2661229283779858,-0.0421093441545963,0.2675926387310028,0.0364376455545425,0.0683780247835088,-0.1195016129426607,-0.6489723139472707,-0.7482505018852229,0.0464931726455688,0.0972120612859726,-0.3202740848064422,-0.1706044039428234,-0.7234808630436659,-0.1170879178106784,0.0852890014648437,0.0526917912065982,-0.1582584248498082,-0.1159979477524757,-0.0385645486247027,-0.2259604352607391,100
1726744761936086000,-0.1230368893429636,-0.3332341757446527,0.0673269848197698,2.638145733337104,9.348001976647971,1.3510875689581037,-0.1271930932998657,0.6098766326904297,0.2250770926475525,0.0746808419935499,-0.1148902393329465,-0.6464626370204675,-0.7505392177383771,0.1905805766582489,0.1592353284358978,-0.1506785303354263,-0.3705500531822442,1.007372038948536,-0.5749976900160312,0.0748137757182121,0.0690993070602417,-0.0976882208138704,-0.1085187345743179,-0.0011021925131732,-0.2134868659989908,101
1726744761975764200,0.2272892909780144,-0.0601496405363082,0.4514893837690353,2.7039617290720344,9.317330359530448,1.4305027587175367,0.0257800221443176,0.3617251813411712,0.1875522285699844,0.0854648269031477,-0.1101082871882708,-0.6441590046360278,-0.7520845588763775,0.0164516512304544,0.1990532130002975,-0.1909200251102447,-0.0624023878991603,0.1571440338671207,-0.4834358431279659,0.0694180205464363,0.0649889186024665,-0.1189545154001563,-0.123890072107315,-0.0092701141699857,-0.1959806728648953,102
1726744762015528700,0.372454717759788,-0.0231733703166246,0.1038632561869919,2.7139707896500824,9.312826618370414,1.4408460196860131,0.0884543880820274,0.1464955359697342,0.0136487307026982,0.089845641237716,-0.107044640865498,-0.6442660495380697,-0.7519246193629976,0.401604413986206,0.2612890005111694,-0.2475672662258148,0.2163017407566309,-0.514691397613287,-0.1061117657661438,0.0658567026257515,0.0793124958872795,-0.0704800328900571,-0.1388786435127258,-0.0099782567311194,-0.2160101373989134,103
1726744762056534000,-0.0420288774341344,-0.1634217989623546,-0.1933129332266747,2.706625687584281,9.311817149066924,1.4610432968012987,-0.0719039514660835,0.5908001065254211,0.1904061138629913,0.0953564805080094,-0.1018178721738947,-0.6443140908573788,-0.7519307005819242,0.6258835792541504,0.158771201968193,-0.1597936600446701,-0.2086468420892953,0.8065601282685995,0.5706406638503074,0.0538273341953754,0.0694855824112892,-0.0852808577892836,-0.1561006754636764,0.0195710258425679,-0.1887689879204146,104
1726744762096298500,0.0122308282807469,-0.1252384910404682,0.119103787677735,2.791977573916316,9.277672302880882,1.5165848590202629,0.1234285831451416,0.6921411156654358,0.3851672112941742,0.1088050892058795,-0.0962688998481854,-0.6429681079950118,-0.7519878442290814,0.4363732933998108,0.2291520982980728,-0.1768529415130615,-0.0372118325412273,-0.4407166453421116,-0.5044681462952867,0.0432909540832042,0.0311468839645385,-0.1371678795560728,-0.1627481877803802,0.0014828492649219,-0.1030696672570426,105
1726744762136063000,0.062481298354268,0.0356985053688287,-0.3725378659985959,2.8871754392191766,9.236746418252586,1.5865478914320468,-0.0078465705737471,0.695259153842926,0.4028944373130798,0.1236828964971744,-0.0903083576909201,-0.6410561386887568,-0.7520598846850498,0.0268592834472656,0.1752611696720123,-0.1491851657629013,-0.5307832852363586,0.1994564044177532,-0.0357458516418933,0.0740622580051422,0.1044304594397544,-0.1985452443895861,-0.1819785684347152,-0.0327398587759234,-0.0992951993527822,106
1726744762175827200,-0.0127697574630379,-0.0088502459317445,-0.7610605059839785,3.016744360679388,9.176845784041284,1.689711036525667,-0.136179581284523,0.8210859298706055,0.5575100183486938,0.140113925090254,-0.0856639434606431,-0.6375816819187875,-0.7526747657957368,0.1008813083171844,0.1754728853702545,-0.1337492167949676,-0.2210655941575765,-0.0829623608469963,-0.1357681048939004,0.0911693349480629,0.1412734538316726,-0.1587738635586574,-0.2643450498580932,-0.0296913419424789,-0.0809931887990329,107
1726744762215591700,-0.1916635585844516,-0.0897854848653078,-0.7912094144016504,3.1803754184782504,9.086746410921217,1.86725313077718,-0.1763689517974853,1.0416806936264038,0.7407674193382263,0.1609622135916678,-0.0802663494104975,-0.6311528321742437,-0.7545161196490366,-0.0344181880354881,0.1676765382289886,-0.1204954609274864,-0.4069078992426395,0.0343394919753074,-0.252676537951827,0.1091329157352447,0.1892490088939666,-0.1528319702211301,-0.3388214707374573,-0.046735328958882,-0.0660102761980146,108
1726744762255356400,-0.5380255114495754,-0.1492839680165052,-0.9540217031635344,3.4034356935843824,8.958748392039537,2.08034394666329,-0.2165144830942154,1.1141464710235596,0.99092698097229,0.1876115002541256,-0.0749334488440527,-0.6231508277613802,-0.7555593230197563,-0.2143615931272506,0.0872138142585754,-0.1505439132452011,-0.4689946453213691,-0.244479787492752,-0.0375958634227514,0.135624811053276,0.2027977108955383,-0.1270542443586979,-0.4405884742736816,-0.0173771759099676,-0.0367151601816411,109
1726744762295120600,-0.929846900719404,-0.4386731568157672,-0.1263882455974817,3.7092157529532894,8.790546373063325,2.2668045297771693,0.1194395795464515,1.0163891315460205,1.1921193599700928,0.2177626177876429,-0.0730202388985425,-0.6157054300019299,-0.753760158388461,-0.1486454308032989,0.0868208333849906,-0.1968491524457931,-0.1904758101046085,-0.4466249926030635,-0.1207897314706817,0.1800299435853958,0.2196869999170303,-0.1486321895768866,-0.5200046896934509,-0.0080478178206802,-0.0114237839308916,110
1726744762334885000,-0.9833853064224124,-0.3102671416550874,-0.1268530866302549,4.06547073880136,8.624880010044574,2.2921096514254806,0.4574779868125915,0.7649114727973938,1.3531731367111206,0.2484591007950331,-0.0732422817807565,-0.6146303785919351,-0.745072532231312,0.0680892765522003,0.098154716193676,-0.1987703591585159,-0.2820639604777097,-0.3568821778357028,-0.0910206526834517,0.2019892036914825,0.2171465307474136,-0.0995063578854315,-0.5826235413551331,-0.0032469677232147,-0.0438087146221892,111
1726744762374649600,-1.2049556352317332,-0.6641255877554416,-0.1842506519794464,4.518530732887983,8.404729192644357,2.261369937507808,0.5012325644493103,0.8769911527633667,1.7922558784484863,0.2807070155481331,-0.0787525999201843,-0.6152237406845491,-0.732462518463919,0.1839506328105926,0.1132095605134964,-0.1452275067567825,-0.1251777007639408,-0.1021118824750185,-0.1408891377020627,0.1875044405460357,0.20200215280056,-0.076002440440189,-0.5911093354225159,-0.0365529051249031,-0.1093813437550328,112
1726744762414413800,-0.6154267310380935,-0.79980773139894,-0.5143281172588468,5.0801633298963305,8.069350990608335,2.290825456833839,0.5541391372680664,1.3874868154525757,2.170985698699951,0.3239907547421565,-0.0843207883901609,-0.6132621050916159,-0.7154225870039124,0.3284039497375488,0.1534771472215652,-0.0829652622342109,0.0742483085155487,0.202727973434329,-0.2849146737337112,0.1956587582826614,0.206252172589302,-0.1515012330740224,-0.575751006603241,0.004786210792404,-0.0875062787537928,113
1726744762454177300,-0.8283961125016212,-0.8724374988019465,0.2458528294116258,5.66213962675333,7.625881831687688,2.4405912170179187,0.8346062898635864,1.776325821876526,2.5958118438720703,0.378314044167351,-0.085181069478605,-0.6068843918015452,-0.6937679842410559,0.1068049818277359,0.0817364379763603,0.0069803399965167,-0.3969844711214303,0.6394149248689412,-0.0070938307184726,0.201447308063507,0.2021474689245224,-0.1343786324300337,-0.5652695298194885,0.0552737278959015,-0.1531691662862431,114
1726744762493941800,-0.4480623319298029,-0.9630120882183312,2.079832051618397,6.262829391908645,7.082291671848297,2.6054703751817345,1.6352745294570925,2.729047536849976,2.955117702484131,0.4444340347078616,-0.0793199580402541,-0.60072150766118,-0.6597880610736655,0.0010521879885345,-0.0594257488846778,0.1383867561817169,-0.4644856434643268,1.045136244675517,0.120133788312599,0.1766910851001739,0.2284535318613052,-0.2886691126300953,-0.5474828481674194,0.0062690600573259,-0.1905759460108354,115
1726744762533706200,0.1341682319492101,-1.6893138539016246,0.9113122961193324,6.737638860988617,6.515276212757826,2.885442624077201,1.8374054431915283,3.01139497756958,2.7945799827575684,0.5200667959881804,-0.0588253704899677,-0.5911200768205538,-0.6137158558931967,-0.3235293328762054,-0.2546925544738769,0.2958927452564239,-0.6226777250796556,0.7727005287647247,0.0134499217469245,0.0808557868003845,0.2406353056430816,-0.1558088762732222,-0.505435585975647,-0.0077799395443114,-0.2714896489660255,116
1726744762573470700,0.4119073149651289,-1.0559206735402344,-1.0379194451645015,6.992610231879353,6.043640697538852,3.2784427017375823,1.133721113204956,2.440127372741699,1.98140811920166,0.5822256363977176,-0.0372191665996121,-0.5757262155629487,-0.5728588542506899,-0.3347119688987732,-0.2925419211387634,0.3449332118034363,0.179497319972515,0.6808376531034708,0.1447533023169264,-0.0020397079642862,0.2233435064554214,-0.0538810085956007,-0.38162761926651,-0.0142519177456153,-0.2764250595415942,117
1726744762613235000,0.0085907182127237,-0.2604389886468649,-0.4742904136419296,7.1159548719972365,5.734332171782851,3.5568247588321564,0.8789718151092529,1.8911617994308472,1.9604958295822144,0.6172654291936363,-0.0269475886606318,-0.5638494782158715,-0.5480246252281072,-0.2289405316114425,-0.325944185256958,0.3139393329620361,0.3303285174310207,-0.0082423431664705,0.0617260595401749,-0.0424460098147392,0.1518660187721252,-0.0558350378733593,-0.3334402441978454,-0.0307788974338793,-0.2393586998856626,118
1726744762652999400,-0.0620253712803125,0.4752718258947134,-0.0491182511731982,7.316905314365029,5.266322445845604,3.859938813862205,0.7526840567588806,1.599756121635437,2.052098274230957,0.6579581213475211,-0.0214913593995832,-0.550214514018382,-0.5137053629022552,0.0940132811665535,-0.3327621221542358,0.2881612777709961,0.7196095745682716,0.0010989011526107,0.4230459640949964,-0.0383059121668338,0.1612032651901245,-0.2185450261713936,-0.2348964065313339,-0.1340277366331312,-0.2494340854318812,119
1726744762692764000,-0.5674561885952949,-0.4729921905249357,0.4333119220435619,7.41487293664217,4.748437805148959,4.317682581850886,0.4859461188316345,2.268232822418213,2.298370122909546,0.7002348238356823,-0.0162535658333644,-0.5287676995770891,-0.4793868062421866,0.2765519618988037,-0.3128352761268616,0.3485047817230224,0.3783054896146058,0.7049900975853204,0.4626508292526006,-0.0438580065965652,0.1657900214195251,-0.2033484068876132,-0.189999833703041,-0.0595636390755884,-0.2748157063825056,120
1726744762732528400,1.6895412329167128,0.6892731807544827,1.6604770509958269,7.348270758965611,4.211507979981601,4.94332967813015,0.7031707763671875,2.4316511154174805,1.7477624416351318,0.7455332655862227,-0.007811757359619,-0.4978948799771189,-0.4429671518776047,0.4321497976779938,-0.3958396017551422,0.3538516759872436,0.0971019453585147,0.1681178478240966,0.9369482571572064,-0.0662272274494171,0.1745786219835281,-0.2872947555369697,-0.1472723633050918,-0.1129722535196226,-0.2288241358624771,121
1726744762772292900,0.3814472947716713,0.9060460461542008,0.8766910645931959,7.162681551858783,3.9449057925298807,5.413325609448552,0.6903566122055054,1.831119537353516,1.2688645124435425,0.777349533216068,0.0064604678608285,-0.4732393297312876,-0.4144037887482181,0.206485241651535,-0.372976005077362,0.3718003034591675,0.0728957248628139,-0.0287502936661243,0.26055824937867,-0.1059245690703392,0.195543110370636,-0.2552155001112259,-0.1295131146907806,-0.1007826431652531,-0.3256207415988668,122
1726744762812057300,0.6432043802797794,1.1155509663775562,1.2242132934093477,6.869650791686773,3.749915719871223,5.909011862340569,0.6408853530883789,2.241816759109497,1.1042579412460327,0.8062908712613125,0.0224333616919444,-0.4452201607504195,-0.3888069123059022,0.1635857075452804,-0.3544372022151947,0.3523880839347839,0.0427145216107368,-0.6067196929693222,0.3144377053380012,-0.1532726138830185,0.1751330643892288,-0.1685839857648126,-0.1255512982606887,-0.0919629750348627,-0.2948521486465819,123
1726744762851819800,1.1825848134696484,1.2572431640908122,0.7061871984153986,6.497714837104081,3.716710784883797,6.335309521707892,0.7861517667770386,1.6928435564041138,0.6330176591873169,0.8294001674435157,0.043011413900963,-0.4184962731087943,-0.367567999227878,0.3025851547718048,-0.2390976697206497,0.3160474300384521,0.5217722957849502,-0.5083189399719238,-0.168277404033672,-0.1869761198759079,0.1844688206911087,-0.2783080602766014,-0.1345814317464828,-0.1747297402445226,-0.2781557009927928,124
1726744762891584300,1.447341665315628,1.3716326365977525,0.0344108036458492,6.201683726072311,3.7247251645132895,6.620871261173487,0.4681184291839599,1.2567400932312012,0.4639134705066681,0.8448811989138552,0.0587639650402364,-0.3987183267503273,-0.351776046916936,0.1728132963180542,-0.143705204129219,0.2655362784862518,0.4086632184773683,-0.3120201228022575,-0.2967763947074301,-0.1878758519887924,0.1728188395500183,-0.1259435523035936,-0.157208114862442,-0.1017485016558785,-0.20046764555322,125
1726744762931348500,1.4616449159562588,0.7603478276699781,0.1636053388357162,5.92566430645585,3.778759244778752,6.839435101643204,0.5520175695419312,1.2941758632659912,0.2861360609531402,0.8561645380174742,0.0732708306412814,-0.3819911630818257,-0.3401419626188598,0.2941764891147613,-0.1303053498268127,0.299617052078247,-0.0243956055879592,-0.0394499668568372,-0.0235901344239711,-0.1718997508287429,0.1309566050767898,-0.1349583046146668,-0.1511256098747253,-0.0804945550945121,-0.1543510056151077,126
1726744762971113000,1.5498194584935905,0.5145747854962944,-0.8579641522914171,5.592533006563782,3.866664614985883,7.067026882699132,0.3527120947837829,0.7826434373855591,0.0858987495303154,0.8663242939911423,0.0886964666095501,-0.3630631376767813,-0.3313614502142371,0.108827918767929,-0.1211069598793983,0.2656350135803222,0.1854126814961433,-0.1709609622955322,-0.2730009485781192,-0.1444141864776611,0.1103118807077407,-0.1319614791525527,-0.1157943159341812,-0.1425807805834338,-0.0853759978599846,127
1726744763010883800,0.8891273523181676,-0.1343266373813152,-1.9086217907369136,5.508778034034371,3.88544208843112,7.122295180934668,-0.1555867195129394,0.1155564412474632,-0.0207924582064151,0.8685717017313157,0.0920552204657402,-0.3583152675918052,-0.3297259770338429,-0.1157617792487144,-0.1841680109500885,0.2385474443435669,0.0753600691497325,0.311036372461915,0.179447032823693,-0.1052138730883598,0.1033605635166168,-0.1435336243288591,-0.0884850844740867,-0.1259900948590599,-0.1231270061786752,128
1726744763050648600,0.7942600341439247,-0.21800036136806,-0.3080775226563215,5.416148850175738,3.848806886734068,7.212655250817537,-0.1627136021852493,0.427956610918045,-0.2014775425195694,0.8701322486661053,0.0909343966070961,-0.3521190910135259,-0.332585154191946,0.1136967092752456,-0.1190523281693458,0.2562910318374634,0.4004997857660055,-0.0679705434203147,0.0610895517349243,-0.0785196051001548,0.0984903499484062,-0.1267426028599496,-0.0516344979405403,-0.0348744596518226,-0.0445003364484291,129
1726744763091655200,-0.4637134900480508,-0.6214920224264264,0.199234870621562,5.276806430459022,3.851269769716263,7.31391957655251,-0.0022691804915666,0.1207100078463554,-0.0259345173835754,0.8726602575634858,0.0934469814129757,-0.3440371390996169,-0.333721669090621,-0.0275477655231952,-0.1525745540857315,0.1821867823600769,0.4053641769319772,0.2627987035155296,0.4229506870269775,-0.0540665574371814,0.0773621276021003,-0.0931487324870191,-0.0781444609165191,0.0605915893172612,-0.1634706430727615,130
1726744763131420000,0.4146756106346845,0.1047960069924592,0.4596142380356788,5.232946830466389,3.8544650586262335,7.343686938306689,-0.1349238902330398,0.1393120139837265,-0.2173351049423217,0.8728411894256164,0.093793538191585,-0.3417293186441918,-0.3355175086551508,0.2057669758796692,-0.1981533169746399,0.0882863774895668,0.2267413017064332,-0.7249842533439398,0.3064075436174869,-0.0415939390659332,0.047580100595951,-0.0154758586335577,-0.0988794043660163,0.1716723071689717,-0.0801555871974211,131
1726744763171184600,0.1761228751033544,-0.3298670373991131,0.4477063580989837,5.186589568439126,3.886004690749943,7.359934893274307,-0.0067360205575823,-0.07481000572443,-0.2831148207187652,0.8712477959566657,0.0942422154520232,-0.3403911832263898,-0.3408513107309273,0.081736110150814,-0.1978797167539596,0.0524338409304618,0.2397819850653409,0.014998247167468,-0.0172556707054376,-0.0200134757906198,0.0592938363552093,-0.1628895004502497,-0.0887408033013343,0.0531318067966494,-0.1259349762714933,132
1726744763210949400,0.3561398350358009,-0.342569867105782,0.5230459689825773,5.151870137235522,3.962154156711698,7.34370213587582,0.1586823314428329,0.0448170565068721,-0.2576227188110351,0.8692602718453559,0.0972775121541873,-0.3407528119282719,-0.3446902213200077,-0.0045508365146815,-0.1463023275136947,0.0689087584614753,-0.0430640657007694,-0.0253390239179134,-0.371648954334855,-0.0130449067801237,0.0590386651456356,-0.208263085202407,-0.0799511075019836,0.0901335493843071,-0.1637901756170205,133
1726744763250713000,0.8313426873475313,-0.0213137139245867,-0.2031225257098674,5.075601721069217,4.066467056362331,7.339788761824369,0.0871974825859069,0.2043839544057846,-0.380589097738266,0.8675011372438366,0.1024852130619208,-0.3395168806553174,-0.3488076233120418,0.1320674568414688,-0.0726911202073097,0.0857001841068267,0.0570066663354635,-0.3489560610115528,-0.1034843398720025,0.004868347197771,0.0623792707920074,-0.1668773645100183,-0.0576002709567546,0.0867027712180279,-0.1779842485284432,134
1726744763290477800,0.751919898803532,-0.0690229750826954,-0.0570773934841156,4.891961017681658,4.167896217270195,7.407276490163802,0.0209668651223182,0.4939972162246704,-0.4842695295810699,0.8667144830860146,0.1087870208272118,-0.3324144757046781,-0.3556291423819227,0.1643327176570892,-0.0146307945251464,0.1295413970947265,0.025649405041337,-0.0926069720268249,0.0445803154826164,0.0290207676589489,0.0511566959321498,-0.1789450381183065,-0.0414866954088211,0.0890358172754757,-0.2072723936646245,135
1726744763330242300,-0.168089206251502,-0.1111208260998129,-0.3203916453063488,4.679363684400916,4.255483899830281,7.494317644757032,0.0011048470623791,0.4107707738876343,-0.3207367360591888,0.8668345909006917,0.1154319396602502,-0.3233753212297515,-0.3615269861980578,0.1227416023612022,0.0560865178704261,0.1769014000892639,0.240350724864006,0.0055085342884063,-0.3685165015280247,0.0234400629997253,0.0524651706218719,-0.180567506487295,-0.0378922559320926,0.0318807257625157,-0.3144956095376983,136
1726744763370007300,-0.0061155602708458,0.0312035320371389,-0.399672687292099,4.555996247929334,4.290330172283947,7.550254636034369,-0.1106907278299331,0.1483057737350464,-0.2608943283557892,0.8664934049795731,0.1180436930753095,-0.3179777315829306,-0.3662579708629826,0.130814179778099,0.074961245059967,0.2209119945764541,0.0710503892570734,0.249194541054964,0.3079986122012138,0.0104181617498397,0.0380976758897304,-0.1581742719640023,-0.0210415069013834,0.0829461129650939,-0.2163157327493652,137
1726744763409772000,-0.0239238964229822,0.0635375294089317,-0.2791676545143127,4.482226662841439,4.276401600174606,7.602132122787832,-0.2140924036502838,0.1177384927868843,-0.1775601655244827,0.8661705978604397,0.1173517255426574,-0.3140504691782538,-0.3706066442953892,0.3092869818210602,0.1334362179040908,0.2573783993721008,0.1913262894541025,-0.1105664070874452,-0.0612345131635665,0.0068895095027983,0.0278603937476873,-0.1482164575160015,0.0005546817556023,0.0728347199571551,-0.1460686409655027,138
1726744763449536500,0.0688701226085424,0.0337561391294002,-0.1959820063054561,4.416367120225727,4.234656508117914,7.663796259540319,-0.2328019738197326,0.1191014051437377,-0.1368983685970306,0.8662881833950721,0.1152958595767336,-0.3097773347722704,-0.3745527768476625,0.2160017788410186,0.1697700917720794,0.2161848992109298,0.2973608983308076,-0.0273322435617446,0.0865951643913984,0.0170950014144182,0.0443316511809825,-0.1914003776036202,-0.0044541954994201,0.0509898902639746,-0.0987007953898981,139
1726744763489301200,0.0014236030623316,0.1307709907263517,-0.1058189202994108,4.351085669758915,4.184328588894009,7.728508093425631,-0.2351884990930557,0.1940847188234329,-0.1138531044125557,0.8669420517209144,0.113219746376884,-0.3051836268644051,-0.3774331887680727,0.2631080448627472,0.1771262288093567,0.1770738512277603,0.2765408131420612,0.0711743078976869,-0.0461129318773746,0.0452429763972759,0.0586218386888504,-0.1799840623098425,-0.0402432456612587,0.0431478441272396,-0.0570571955128805,140
1726744763529066000,0.3011892244473099,0.0683121964648365,-0.0119984808295965,4.261859572342038,4.145482725410163,7.79884010528028,-0.2088365703821182,0.1875133663415908,-0.1856009364128112,0.8672787149583644,0.1118890660303125,-0.2997509891803824,-0.3813892098542402,0.3865402340888977,0.1707729995250702,0.1504470258951187,0.1102823294490575,-0.2304009932577609,0.3996843046646565,0.0836176648736,0.0635111108422279,-0.1403965501458384,-0.0609772764146328,0.0144414466850575,-0.0380775026099872,141
1726744763568830700,-0.302089972679317,0.07241817047894,-0.022980478093028,4.192667962694168,4.096934383079409,7.86174635104835,-0.208510547876358,0.1128179058432579,-0.0513993129134178,0.867933928685464,0.110111215432702,-0.2950220562768442,-0.384094199256059,0.0840290933847427,0.1902191787958145,0.1777807027101516,0.0573199700683355,0.3413736430585384,-0.4189023614842444,0.1162682622671127,0.0471503511071205,-0.1135280607714783,-0.0573922619223594,-0.0174408876542991,-0.0360305046690162,142
1726744763608595500,0.0257318226277828,0.0293956058323383,0.2069359465181827,4.1831247660622,4.055710976809263,7.888159141677618,-0.1079240068793296,-0.0655584707856178,-0.0693919137120246,0.8678728700700442,0.1076721223129394,-0.2936367088624346,-0.3859803607142505,0.0834780856966972,0.1521556377410888,0.1747218072414398,-0.0960989057958126,-0.1180360123157501,0.3719587509363889,0.1140785440802574,0.0367932692170143,-0.0571576510795159,-0.0464089848101139,-0.0186660398268606,-0.0781434162579476,143
1726744763648359200,-0.0254649883851408,0.1132563768237829,0.2253548157840967,4.183594429400563,4.062231318488717,7.884554395183921,0.0463216863572597,-0.0512639805674552,-0.0238003209233284,0.8670469264130909,0.1074321738468627,-0.2940373083558571,-0.387595113385642,-0.0211670976132154,0.1461457312107086,0.2224112302064895,0.0793207894742488,0.2871113069951534,-0.2325660623371601,0.0873550474643707,0.0471851639449596,-0.1396735422340687,-0.0301285684108734,-0.1103088612629566,-0.0639702400040812,144
1726744763688124000,0.0294034968778491,0.2217886477351188,-0.3065782240092754,4.202198299844563,4.063982253809273,7.873751261618733,-0.0583811402320861,-0.0720125064253807,-0.0225406866520643,0.8666339423536175,0.1070302453268431,-0.2951184894464078,-0.3878082291407254,-0.0806586593389511,0.0962241366505622,0.1431096792221069,0.1047030680119991,-0.1334475164592266,0.2247264547526836,0.0765269324183464,0.0153356082737445,-0.0807176689264364,-0.0289784763008356,-0.0663672044434817,-0.0190005918437382,145
1726744763727888600,-0.0464051928222179,0.0383510657042264,-0.0008610007435083,4.190917904156446,4.051543920257688,7.886164168468118,-0.0202747099101543,0.0733811855316162,0.0250221882015466,0.8667172952996136,0.1064632511519167,-0.2942500860953166,-0.3884373098817563,-0.0187034085392951,0.1053822636604309,0.1142442747950553,-0.0729103379100561,-0.023556816676259,0.1528021322052925,0.057639081031084,0.0616831853985786,-0.1047252433111891,-0.0178664270788431,-0.110953296646336,-0.0846843714671675,146
1726744763767653000,0.1619300990998745,0.1671893348023295,-0.1907213092982768,4.191177724136412,4.0370287804320455,7.893466600435972,-0.0854389145970344,-0.0482688322663307,0.0207576360553503,0.8671150205225098,0.1058902654123979,-0.2938238527962919,-0.3880288893612645,0.0627477765083313,0.0842971727252006,0.0967786014080047,-0.1877308953106403,-0.0960895534455776,0.158337043043971,0.0349535904824733,0.0458434969186782,-0.1126211750596296,-0.0133608393371105,-0.1104362870349083,-0.0626009335454087,147
1726744763807418000,0.1586103070273995,0.0645966830730438,0.1932049428075551,4.200183452890813,4.021407725191116,7.896652829256653,-0.009777613915503,-0.0002363512903684,0.0011882818071171,0.8670344039906352,0.1047980680048957,-0.2939389816883779,-0.388418024451879,0.1527479737997055,0.0989168584346771,0.063736692070961,-0.0444879610240459,-0.0068342299342155,-0.2831676839359104,0.0130496174097061,0.0414127744734287,-0.1118140051288995,-0.0139175970107316,-0.1136759356764145,-0.078848979844572,148
1726744763847177700,0.1405433199390769,-0.0007499415844678,-0.145315648907423,4.200293927527964,4.021213079401851,7.8966931612670415,-0.0683432668447494,0.0534825809299945,-0.0189756881445646,0.8669955414740647,0.1047557576544763,-0.2939505398051031,-0.3885076589358603,0.1316408216953277,0.0987148880958557,0.2267565131187439,-0.1405313372403383,-0.4745984566777944,0.6432065722368657,0.017768083140254,0.0283160991966724,-0.1126211750596296,-0.0336625166237354,-0.1104362870349083,-0.0626009335454087,149
1726744763886942500,-0.3402791258201003,-0.2620294727087021,-0.4576917455404997,4.254350219625234,3.9999768146276473,7.878519791194796,-0.074437603354454,-0.288155734539032,0.0455518141388893,0.866071358232026,0.1022170858623491,-0.2964101017553591,-0.3893752850987421,0.1650144904851913,0.0618800148367881,0.1021132469177246,-0.0246264917343854,-0.167501761752367,0.1210794716648757,0.0021871789358556,0.005629273597151,-0.0676589658536482,-0.062330063432455,-0.0401849939999636,-0.0066381707892869,150
1726744763926707000,0.0171492877215147,0.0113946697175502,-0.2645394097030162,4.290468411710858,3.9534032795011993,7.882440179508924,-0.1510159969329834,-0.0057292678393423,0.0524853654205799,0.8663295600120201,0.099253903157743,-0.2970791927942,-0.3890574926937614,0.10889583081007,-0.0052108741365373,0.0490765944123268,-0.1524251886516809,-0.4150888676106929,0.4441220698714256,0.0311616696417331,-0.0156881101429462,-0.1221033896188251,-0.0117068765684962,-0.0629364262772025,-0.0048065149365604,151
1726744763966472000,0.2873237807020545,0.0680535455286502,-0.6407517264306545,4.30640101711899,3.8840252073705193,7.908201228231191,-0.2820088267326355,-0.223030537366867,-0.0236175842583179,0.8665628989448486,0.0951343256890778,-0.296215152217519,-0.3902241333036459,0.0761741027235984,-0.1088353246450424,-0.0024935896508395,-0.4223568127870559,-0.7517553558915853,0.1555324339520186,0.0329137258231639,-0.0261281840503215,-0.0818165609458927,-0.0455147214233875,-0.0687611184092704,-0.1314717502736952,152
1726744764006321400,0.4291545101031661,-0.0005772153660655,-0.3858732945203781,4.37451184579283,3.7985295286536216,7.912345488429069,-0.3543850779533386,-0.2355745434761047,-0.1124048009514808,0.864779288062362,0.0880103342938728,-0.2980550801656893,-0.3944290617903983,0.3401695489883423,-0.129699632525444,0.034099243581295,-0.4315414052397012,-0.3768196349710226,-0.2525450935918837,0.0426148138940334,-0.0247942022979259,-0.0995344149361364,-0.0266933646053075,-0.0437505181615473,-0.0470236169815063,153
1726744764046090000,-0.2496130587279796,-0.5164394103243947,0.0911135185986757,4.431085965929925,3.703570732803642,7.925870740434527,-0.2575880289077759,-0.0104424422606825,0.0975842475891113,0.8639467145429632,0.0812079572800974,-0.2988282520154377,-0.3971184234506073,0.6003177762031555,-0.0922054797410965,0.2145890593528747,-0.4454366596013307,0.1481657776415348,-0.1142079784601926,0.0431054905056953,-0.0306630823761224,-0.0732331127241719,0.0144108785316348,0.0403688124345382,-0.0229764663549023,154
1726744764085857300,-0.4346890556156635,-0.3017921587765216,0.1145464166343212,4.476999283581972,3.621352760583162,7.938051592093705,-0.0444919243454933,-0.155241459608078,0.2777314484119415,0.8655988702286368,0.0771718947181265,-0.2988586642287232,-0.3942923997311855,0.4294197857379913,-0.1304362267255783,0.2976788878440857,-0.1730021127343177,0.1028454574465751,-0.0677493018850684,0.0485834777355194,-0.0587404184043407,-0.0994502620503306,-0.0050691119395196,0.0777601342950947,-0.037378916753421,155
1726744764125625900,0.1208697744369506,-0.1311193657726049,-0.0442997449755668,4.584783658735454,3.5627585327953097,7.902967419230937,-0.0746645778417587,-0.2646755278110504,0.1840206235647201,0.8661302150783489,0.0730611514695948,-0.3028578128991008,-0.3908423553016176,0.4805572926998138,-0.2641816735267639,0.3477086424827575,-0.2849748794883489,0.1591916140466928,0.2911566368632018,0.0481563620269298,-0.0544592663645744,-0.1501704867937602,-0.0497418045997619,0.0563077471187571,-0.1090022813095711,156
1726744764165394400,-0.0398231840834021,-0.0491717349261045,0.1469534792423248,4.689961650782824,3.514628708137572,7.862698537206649,-0.0229184757918119,-0.2589980959892273,0.1504574418067932,0.865812949213473,0.0689907261479209,-0.307171343802479,-0.3889136732141094,0.5772976875305176,-0.2416562736034393,0.3302992284297943,-0.0580950460940599,-0.0569166499644517,-0.2721129136972129,0.0441370382905006,-0.0588276721537113,-0.1305185412020888,-0.0692498534917831,0.070954966058582,-0.0940124001116491,157
1726744764205163000,-0.2121414062067866,-0.004084346704185,-0.0374888959169387,4.806315409100056,3.494231816796958,7.801286329388618,0.0675085037946701,-0.3450711965560913,0.1620829254388809,0.8652298083417307,0.0662898168104127,-0.312811066248098,-0.3861766107263329,0.7134912014007568,-0.1789099127054214,0.3412798643112182,0.1723328351706266,-0.0674386285007,-0.4635913249731063,0.0412513464689254,-0.0557918325066566,-0.0830070493720937,-0.0620999559760093,0.0822351151515264,-0.0939012496210634,158
1726744764244931600,-0.3620879297852516,0.0568555674269795,-0.210115161076188,4.9456373705506325,3.476387532548606,7.721773232212662,0.0316490232944488,-0.3910518586635589,0.1819059252738952,0.8640596689861603,0.0631525337989152,-0.3198607276120628,-0.3835384291920076,0.9620575904846193,-0.1236048936843872,0.3263356387615204,0.0624199235558509,-0.1460334417879581,-0.4574044530317187,0.052070565521717,-0.0205257777124643,-0.1783697224483825,-0.028424123302102,0.0366685468442272,-0.0895532744114752,159
1726744764284700000,-0.1613414855569601,0.2849389313921332,-0.6194505797266959,5.084568286857008,3.425325453831255,7.654063970077037,-0.1744743883609771,-0.3916938304901123,0.1759033203125,0.8630888227827286,0.0583044132765206,-0.326116459248375,-0.3812168846704969,1.2293957471847534,-0.1108693927526474,0.2824059128761291,0.2332628124296665,-0.2439759296238422,0.0186817579858005,0.0445878058671951,-0.0082243913784623,-0.1490236274467315,-0.016926635056734,0.0760743685986613,-0.1298206037994939,160
1726744764324468700,-0.4579004198551177,0.1623150067642331,-0.5869283663064241,5.250941921362281,3.3007480570480228,7.596253001621365,-0.3103770315647125,-0.4642123579978943,0.2407058328390121,0.8620929428594041,0.0489739176578948,-0.3321151131234986,-0.3796010558791568,1.399370193481445,-0.0471361652016639,0.2393942028284073,0.2150117009460926,-0.2507195586651563,-0.3713689683496952,0.0410379283130168,0.0074105006642639,-0.1117018043255433,-0.0153943449258804,0.0483382797766476,-0.065989374973881,161
1726744764364237000,-0.5008832370132208,-0.2009317376673221,0.0172141696512699,5.395529255995154,3.150139270168543,7.558788071101904,-0.269086629152298,-0.2422366738319397,0.2995892763137817,0.8619108154943648,0.0390641170101067,-0.3362782590082202,-0.3774928054172857,1.1247886419296265,0.0101926364004611,0.2367580682039261,0.3644382923036813,0.2046644944548606,-0.3603966156974434,0.0486967489123344,-0.0068932492285966,-0.053581157999346,-0.0110316853970289,0.0550160313743632,-0.0079865840153361,162
1726744764404005600,-0.1325385849207639,0.0182660167917609,0.2109241393715143,5.495400666067004,3.0350892879262563,7.533869318422675,-0.1242426708340644,-0.1808062046766281,0.3086406290531158,0.862953935453763,0.0327057506185187,-0.3388360952814809,-0.3734045131426141,0.4176203906536102,0.0611429549753665,0.2636867463588714,0.2233320777848362,0.7451765620231628,-0.5236614705324173,0.0590407960116863,0.007713851518929,-0.0555071393595542,-0.0066566155292093,0.0789926078326534,0.0322946722916909,163
1726744764443774000,0.6342635334551334,0.2271209486737847,-0.0857505302608013,5.567167679160833,2.895665911927819,7.5360565993338815,-0.3692766726016998,-0.1747323423624038,0.181620106101036,0.86412015984917,0.0252342707369724,-0.3393100123767394,-0.3708479634243505,-0.2544096708297729,0.0785639211535453,0.2243673205375671,0.3374377649143338,0.5985404781669378,0.1722293747961521,0.0698134824633598,-0.0145271476358175,-0.0210543643020791,-0.013673011213541,0.0640905464820796,0.0200434108609799,164
1726744764483542800,0.503639257723093,0.0567436314851045,-0.154258249297738,5.664422184732556,2.7676658472195266,7.511639366436004,-0.3316321671009063,-0.3275347054004669,0.1311213821172714,0.8632910372103614,0.0165854438365525,-0.3416692806315483,-0.3711004302058796,0.1640357822179794,0.0088578071445226,0.2370548844337463,0.0853267518907785,-0.3293541194409132,0.6094044020086526,0.0571370832622051,-0.0097880363464355,-0.0205868952040909,-0.0117313703522086,0.0378446231525856,0.0083656441775092,165
1726744764523310000,0.3783879072010517,0.0980231518566608,-0.4024368913084268,5.780695863550901,2.6027859584033486,7.481941562786698,-0.4947953522205353,-0.3678257763385772,0.1539520919322967,0.8623155577028131,0.0056618725577501,-0.3442311488771558,-0.3713284796270726,0.1089746579527854,0.0159696191549301,0.2451760619878769,0.1471902106076479,0.4789999065071344,0.2175251450717449,0.0378270670771598,-0.0107654500752687,-0.0094822179841285,-0.011640416458249,0.0474998561911284,0.0577944237462477,166
1726744764563078700,0.4026701155424118,0.0163647132150828,-0.1491097804933786,5.901262855648994,2.4252720673330126,7.447384628668427,-0.4880163967609405,-0.2758843004703522,0.1128373369574546,0.8607759073592571,-0.0064193704598288,-0.3467677159946024,-0.3725263241450733,-0.0091096349060535,0.03195396438241,0.2427167743444442,0.1541214711755514,0.0345914209097623,0.2759448930755257,0.0282530970871448,-0.0152749018743634,0.0095183926967409,-0.037598680704832,0.056638088751398,0.0851397596850059,167
1726744764602847000,0.1293342359215021,0.041190380783379,0.0600935264348983,5.961663840597868,2.2609840069301423,7.450965994286537,-0.4595373868942261,-0.1018992587924003,0.0973977670073509,0.8602331622927704,-0.0165039689527503,-0.3461705924169065,-0.3740218543894338,0.0811070725321769,0.0666441991925239,0.2513084411621094,0.4001850207284093,-0.1154635314792394,-0.0528621138766408,0.0292570702731609,-0.0094230072572827,-0.0526661437799688,-0.0551506094634532,0.0256550264979479,0.1051622647552751,168
1726744764642615600,0.1214133797943592,0.2115291195273399,0.7803525048226118,5.938909572476148,2.099324249204248,7.516154213511943,-0.410992830991745,0.3974691331386566,0.1605905145406723,0.8617429269666143,-0.0241268083645005,-0.3408822212464761,-0.3749883272374847,-0.070885919034481,0.0983762368559837,0.1701850295066833,0.4980553201109171,0.0039975452035665,0.057824412459135,0.0332477912306785,-0.0083328913897275,0.0283631803449476,-0.0769446864724159,0.0745249563327292,0.1163776871820911,169
1726744764682384100,0.0917342808455228,0.263970231512934,0.6253858149945736,5.83765576813519,1.965779555980861,7.630718750324845,-0.2143127918243408,0.2350117862224578,0.1548609584569931,0.865398746295433,-0.0277671052685188,-0.3319195781502283,-0.3743571987294831,-0.2317626923322677,0.0676190182566642,0.1355144828557968,0.2891214777737855,0.1265028118878602,0.1222393092244863,0.0605172514915466,-0.0315648689866066,-0.0217337614009855,-0.1152965128421783,0.0180780005310371,0.0291839609592105,170
1726744764722152700,0.2779693846404552,0.0900270385362207,0.4357587306737899,5.826645713821053,1.8958136009596287,7.6567925182580945,-0.0151921715587377,0.0165117811411619,0.1448526680469513,0.8670174298498863,-0.0301221472192167,-0.3297042301730217,-0.372382303471384,-0.1897270828485489,0.0406398624181747,0.2134990841150283,-0.1911564858451485,-0.0239496153861284,0.1518219620615243,0.0697969496250152,-0.0252940822392702,0.0678428345205728,-0.1328874230384826,0.071939903709013,0.0059604844443878,171
1726744764761921300,0.8197551254063844,0.1451896844401955,0.0464104535192251,5.832383965212107,1.8829982507891951,7.655586065077781,0.000154017470777,-0.0001993089972529,-0.0020360939670354,0.8675151961265082,-0.0304137449279623,-0.3297707400667835,-0.371138370590969,-0.5273522734642029,-0.0886477157473564,0.3248568475246429,-0.5883303420588374,0.5021703542143107,0.0407698172837495,0.0664818510413169,-0.037671934813261,-0.0920978169282898,-0.0889548808336258,0.0456127820692025,0.0822899871439207,172
1726744764801689600,0.4914274264037608,0.0916997940540313,-0.0341664734959602,5.819837787371873,1.8709470168590543,7.668078466904163,-0.0772556886076927,0.0298297367990016,-0.0395032949745655,0.8675842324830213,-0.0309481980424179,-0.3287537227186944,-0.371834334729873,-0.0718880668282508,-0.1968168467283249,0.4945206046104431,-1.016905298708379,-0.2679822436332702,0.2568938633859157,0.061390932649374,-0.0184653550386428,-0.0579367685261182,-0.0826251804828643,0.0250771626779111,-0.0586804812991991,173
1726744764841458400,0.2838140190154314,-0.0978863737344741,0.1680868681639432,5.824392966458201,1.8706430654764168,7.664693500640988,-0.0215299949049949,-0.0363161601126194,-0.063620314002037,0.8668920392877182,-0.0316002951854764,-0.3289541266556169,-0.373214042230256,1.4598065614700315,-0.301319271326065,0.7473878860473633,-0.7381798350036144,-0.5930237605720758,1.0766086567819118,0.0432291701436042,-0.014799372293055,-0.1247885644490365,-0.0824417769908905,-0.0183474833884916,-0.0815666961043607,174
1726744764881223700,0.0840729524374008,-0.0218878605507314,-0.010703180322051,5.834392966946959,1.8848757350988683,7.65359284543395,0.0154573507606983,-0.0404740050435066,-0.024231968447566,0.8662553610688473,-0.0314366106772624,-0.3298289061745161,-0.3739334232573368,1.2809457778930664,-0.3411288857460022,0.8441769480705261,-0.5207201563835143,0.1578553970068693,0.1743804153501987,0.0246485583484172,-0.0014687704388052,-0.1728236326285638,-0.0673238709568977,-0.0843888134535402,-0.0764298812051769,175
1726744764920992300,0.0651660073935985,0.1097860703647136,-0.1764087063074111,5.849558971896768,1.8777007289029657,7.643774046730995,-0.0764672607183456,-0.021203476935625,0.0034904989879578,0.8658999980749369,-0.0322252828896814,-0.3305109714210558,-0.3740873239708135,1.4000349044799805,-0.2277054190635681,0.7887967824935913,0.2741080330371856,-0.0911596958279609,-0.1286418697431683,0.0255067329853773,0.0381585769355297,-0.2332380067819729,-0.0464560091495513,-0.1305998171442188,-0.0927960374586749,176
1726744764960759800,-0.0155336692184209,0.1201569499924778,-0.02627776607275,5.848407463774085,1.8439862369582056,7.652857516896723,-0.0752397626638412,0.0376848578453063,0.0341567061841487,0.8660466879573103,-0.0339339025889982,-0.3296382267875897,-0.3743664114672084,2.3230786323547363,0.3663662075996399,0.6222376823425293,1.1496315151557326,-0.9119067548811436,-1.2607470805585383,0.0190637893974781,0.0276788473129272,-0.1723561612472869,-0.0590120553970336,-0.1106347322164569,-0.0881076513135805,177
1726744765000528400,-0.0840524941712617,0.2110055340446531,0.0437654919683933,5.841060023620725,1.8129926944099368,7.66586312894225,-0.0618499293923378,0.0377066768705844,0.0593081526458263,0.8666014686341513,-0.035096695134991,-0.3285087240594924,-0.3739679984800788,1.7609885931015017,0.4326981902122497,0.2936253547668457,0.915702932293713,-0.3346738531589507,-1.1427438014686109,0.0200425926595926,0.0112132746726274,-0.0634673000172013,-0.0281503498554229,-0.0651318813617108,-0.0917709595941007,178
1726744765040220200,0.0412345121860504,0.1483664147801697,0.2485369539290666,5.840420556673407,1.7994661272302268,7.669536849018931,0.0240612253546714,-0.0054539707489311,0.034039594233036,0.8669773777680954,-0.0355000423048511,-0.3281801418905554,-0.3733467042456576,0.2484004646539688,0.3057456612586975,0.0359669849276542,0.9037845309630036,0.6132856273561715,-0.6317997736901044,0.0210417322814464,-0.0073574800044298,-0.0705560618349118,-0.0155937252566218,-0.0678545203917892,-0.0859355588383506,179
1726744765079861200,0.0965805518329143,0.069357613864541,0.1619827060699462,5.844031732907891,1.8103899645656347,7.664213023647665,0.0695105716586113,-0.0331551134586334,0.0377651490271091,0.8671886024299212,-0.0347380683563315,-0.3286748232778868,-0.3724917461944274,-1.5968348979949951,0.1649525016546249,-0.1386610716581344,0.0867690596535801,1.1428209583580493,-0.6476689584732055,0.034132145345211,-0.0461838580667972,-0.012379317390325,-0.0023613269440829,0.0198303343658801,-0.0215029711526818,180
1726744765119750100,0.13883096306324,-0.029739304703474,-0.0558060583740472,5.865078028067946,1.829879531802982,7.643479447698593,0.0820542722940445,-0.0582357868552207,0.0392563715577125,0.8671091296465339,-0.0338528998593417,-0.330370969380637,-0.3712555340435576,-1.7744696140289309,-0.053827729076147,-0.1720437407493591,-0.0654191053718328,0.3265150966227054,0.6029764147877693,0.0547444708645343,-0.0689550265669822,-0.0405504937109537,0.0188275873661041,0.0406946879546157,0.0011609358214423,181
1726744765159515400,0.3246276754409075,0.0790013482615351,-0.2893623007923364,5.872464046666026,1.8424949754871427,7.634772994151711,0.0198958553373813,0.0345060974359512,-0.0088321361690759,0.8671511042396243,-0.0331608567780991,-0.3311121709205365,-0.3705589352105982,-0.8144383430480957,-0.2076881825923919,-0.0140658896416425,-0.3008274053975939,-0.4105675907939672,0.936359643614292,0.071769431233406,-0.0759530961513519,-0.0210543643020791,0.0350725911557674,0.0640905464820796,0.0200434108609799,182
1726744765199280400,0.3221960643798112,-0.0809374308906495,-0.3249871564030647,5.858584574395418,1.835737610181421,7.647053799054026,-0.0468226298689842,0.0101764146238565,-0.0164297837764024,0.8674054250196509,-0.0332356481429264,-0.3301577558945051,-0.3708086591214121,-0.0128100980073213,-0.341623306274414,-0.104202777147293,-0.7674392472356557,-0.0049129064828157,0.3025345015764236,0.0705519020557403,-0.0796644166111946,-0.0332778586597414,0.0302881710231304,0.0751722366937436,-0.0053521489959181,183
1726744765239045400,-0.0120575175404548,-0.0533358688682317,0.0672609338462352,5.85660304518938,1.8310306015342472,7.649699929648637,0.0001338114961981,-0.0011624263133853,-0.0049557886086404,0.8672845292176051,-0.0335909181751203,-0.3299174043449825,-0.3712731201767291,0.0261471550911664,-0.0704965591430664,0.0110585046932101,0.2373255318239331,-0.6067506726294756,-0.6644394760102034,0.0442692451179027,-0.0525475181639194,-0.0740402826549019,0.0263068005442619,0.0436084610760444,-0.0067284229098499,184
1726744765278810600,-0.2644108148872852,0.0844102215677499,0.1242775370538234,5.8645981355965136,1.8279583544820543,7.644308299738168,0.0187764018774032,0.0731204822659492,0.0673097595572471,0.8674617904647133,-0.0336416612614981,-0.3303286200317901,-0.370488016258656,1.3586698770523071,0.3070483207702636,0.2820151448249817,0.6245037714630365,-0.672939008808136,-0.9438327559739352,0.0060640014708042,-0.0363278128206729,-0.1024233869764488,0.0162715725600719,-0.0077856523324677,0.0133982726164336,185
1726744765318575600,0.2244680960774421,0.0089618896126747,-0.1149561664789915,5.864585276114941,1.8181131061635911,7.646665091997384,0.0084890387952327,-0.0558175221085548,0.0062852301634848,0.8679244220315423,-0.0337679547808681,-0.3301337674522571,-0.3695653584614299,-0.95400208234787,-0.2960579395294189,0.1188131943345069,-0.7972060244679451,2.0247540152579546,0.1705818998500704,-0.0093506295233964,-0.0338335148990154,-0.0271801377229741,-7.88707984611e-05,0.0493796192228561,0.0057381777549948,186
1726744765358340600,0.1285807872056961,0.0892484553791582,-0.0107920276492834,5.871438210749626,1.811149112369865,7.643058007416129,-0.0207738894969224,-0.0383852906525135,0.0233326200395822,0.8679455149820903,-0.0341638115199554,-0.330371510915496,-0.3692667997059471,-0.1080782935023307,-0.0983463525772094,0.0705920681357383,0.4947825820505618,-1.5029390493750572,0.3075479458242655,-0.0060762115754187,-0.0172452963888645,-0.1314297834286466,-0.0074012512341141,-0.0241852051071356,0.0490953178221825,187
1726744765398105600,0.2197071652859449,0.0331599268019199,0.0148749130487442,5.882365262955426,1.8094776720263064,7.635048303961754,-0.005252999253571,-0.0032921202946454,-0.0186907034367322,0.8676303184364209,-0.0345901151151676,-0.3309447100735765,-0.3694548144428282,1.143574595451355,0.2792332768440246,-0.0591003410518169,0.516043396744132,-1.3501964653372764,-0.6586480331271887,0.0072806440293788,-0.0088494988158345,-0.0800102330431342,-0.0173129849135875,0.0201488896626047,-0.0249262418659403,188
1726744765437869600,-0.0030196400821208,0.0366274567820131,-0.0038590135157108,5.884225796130299,1.8152873812183736,7.632233831062912,-0.0018011364154517,-0.0217897593975067,-0.0171167850494384,0.8673973781914837,-0.0344892070134074,-0.3311719412884856,-0.3698071327212167,0.3881160318851471,0.3477841019630432,-0.0323573462665081,0.299199219673872,0.1573012702554464,-0.4109276562780141,0.017267744988203,-0.0146603183820843,-0.0918940197181888,-0.0145496577024459,0.0542368545622564,-0.0548920762011315,189
1726744765477634600,0.0706844785541296,-0.0161935944318771,0.0434516037136316,5.894468957725167,1.8242649067915973,7.622183561691641,0.0397697165608406,-0.0518406480550766,-0.010512369684875,0.8670829831585327,-0.034327670508798,-0.3319614420522981,-0.3698518738254597,0.5978761911392212,0.2417142689228058,-0.1262967586517334,-0.1907633948743343,-0.0754214439481496,-1.3377192610800266,-0.0029134058859199,-0.0240094400942325,-0.1248882893633097,0.0042167454957962,0.071408262784034,-0.0712443043939769,190
1726744765517399800,0.2199333752572536,-0.2594821263134479,-0.2106651961743831,5.936905831438303,1.8423486988842488,7.584805724933743,0.0493373796343803,-0.124635599553585,-0.0200440641492605,0.8661666853363595,-0.0343526872121013,-0.3348169837635649,-0.3694221021185892,-0.8192352056503296,-0.4779897034168243,-0.1841432154178619,-1.2231862884491682,1.911591161936521,1.908637572827935,-0.0206896159797906,0.0033527524210512,-0.063978391344496,0.0473140180110931,0.1318768878753297,-0.0633410113229882,191
1726744765557164800,-0.018429975181818,0.1303660631872713,-0.0165659348756074,5.931209665623307,1.8484414628013968,7.587779187786579,-0.0401193313300609,0.0148769132792949,-0.0331024639308452,0.8659733001384433,-0.0341673570276455,-0.3346094886137304,-0.3700800662998437,0.8019132018089294,-0.2152983397245407,0.0029635601677,0.221812613132596,-1.9162030396461485,-0.8496785545051098,-0.0219071470201015,-0.0003585705999284,-0.1480805653098039,0.0425296016037464,0.0872169221520889,-0.0134568458196998,192
1726744765596929800,-0.1248585518121719,0.1606533571623265,0.1659738215327262,5.918377656579017,1.840300826443732,7.59976890078783,0.0062850071117281,0.0849345326423645,0.01228320132941,0.8662593558429821,-0.0342989724522941,-0.3336812891475407,-0.3702366226455303,-0.3223956227302551,-0.0041015609167516,0.019599262624979,0.3603124445453285,2.103665639409422,-1.2496236289978029,-0.0049409200437366,0.0186537448316812,-0.0794586087760515,0.032234501093626,0.1154136279229074,-0.0269593071796814,193
1726744765636694800,0.0419984822958707,0.137257868527621,0.0023252280771732,5.9135781473428,1.8405023403652008,7.603455480346083,0.015555378049612,-0.0124505013227462,0.016353229060769,0.8665061680038096,-0.0340435387726985,-0.3334257143746904,-0.3699127945505945,-0.3384062945842743,0.1362150162458419,0.2394164353609085,-0.0906432707384228,-0.1216220541089773,-0.2315858191281557,-0.0103570092469453,0.0166485384106636,-0.0590555845221737,0.0351682379841804,0.0458140904946951,-0.0346472632998251,194
1726744765676460000,0.3162047150105238,-0.0437128849983215,-0.077054598107934,5.917547635495662,1.850287382929027,7.597989616155623,0.0362145043909549,-0.0298920255154371,-0.013596779666841,0.8664758505622256,-0.0335506405384128,-0.3338932235331973,-0.3696068575626343,0.1479779779911041,0.0390277467668056,0.0168768446892499,0.0104003979831933,-0.9664034842222928,1.046506948506832,-0.0389956571161747,0.00822723377496,-0.0176418181955232,0.0298530459403991,0.0828868661916814,-0.0456264407017966,195
1726744765716225000,0.3111544458836316,-0.127205553329736,-0.1527870077013969,5.920802837899327,1.8655457423374056,7.591721203410625,-0.0018241433426737,-0.0207053162157535,-0.0400565117597579,0.8660810051769471,-0.0330820868091424,-0.3344181925926621,-0.3700998592669056,0.149946853518486,0.2988631725311279,0.001341562019661,0.4328527800992131,-0.5372755698651075,-0.0841752437680959,-0.029629522934556,0.0155329145491123,-0.0493813682219479,0.0417353883385658,0.0937035442250315,0.0465999071101425,196
1726744765755990000,0.0536427428603172,-0.1292323829822242,-0.0601198299199342,5.932310320341586,1.873557930009812,7.580756157281995,0.0060767363756895,-0.1110405847430229,-0.0230832900851964,0.8655255385371472,-0.0331941533547206,-0.3352419437434393,-0.3706435365557755,-0.5323906540870667,-0.2603495717048645,-0.0657598450779914,-0.7646656908690929,-0.4786778349459171,-0.339846871882677,-0.0131994783878326,0.0202018227428197,-0.0084631240482354,0.0570547580718994,0.1165186756885144,0.0440835906073916,197
1726744765795755300,0.0125508540153503,-0.1524627441830933,0.0285404503077268,5.969661269092559,1.866412003777921,7.553148019388318,-5.97075559198e-05,0.0251028910279274,0.0207299478352069,0.8648933225772419,-0.0343231170345749,-0.3372218102714978,-0.370220312946712,-0.0444785431027412,-0.4150680601596832,-0.1705524325370788,-0.547737342646718,0.3913888430714607,2.3020509074643254,-0.0170907974243164,-0.011109035462141,-0.0021815284509109,0.068778783082962,0.1224809633600991,0.0544962361508049,198
1726744765835520300,0.0456827237665653,0.0887539498604834,0.0771317549973726,5.962117429584264,1.8649147509574888,7.559473715278505,0.0098335873335599,0.0596274398267269,-0.0257511045783758,0.8650852441840157,-0.0341993298369819,-0.3367558689938436,-0.3702074284507055,-0.7356905341148376,-0.4671061635017395,-0.3496386408805847,-0.4298100514024496,1.304447106075287,-1.5672311965435743,-0.0058323927223682,0.0123872188851237,-0.0533972847658442,0.0692150294780731,0.0867709410834126,-0.0086642703602352,199
1726744765875284200,-0.3563958556234836,0.209315242870152,0.1253431204587221,5.942517241579294,1.8698992613717915,7.573661230584978,0.0242301039397716,-0.0117388814687728,0.0104393912479281,0.8654760452633866,-0.0334854453456388,-0.3357520848832567,-0.3702707570364481,1.028371810913086,0.1067861840128898,0.4998080134391784,1.1027712720423937,-0.9761322665542363,0.4019990844130516,-0.0040036807768046,0.0301655270159244,-0.1569955835734494,0.0613373853266239,0.0187151122661307,0.0223374172494048,200
1726744765915049200,-0.0546925441741943,0.1794388677835464,0.1176198327302932,5.945625728988647,1.8741878984764213,7.570161698031425,0.0510425083339214,0.0412096716463565,0.0453833304345607,0.86564648168123,-0.0331075734039629,-0.3360551444742152,-0.3696311226493272,-0.3296546041965484,0.0925011411309242,0.2813149392604828,-0.0750432582855224,0.9172925395727156,-0.5934323413729667,0.000608894508332,-0.0056278542615473,-0.0011188148544111,0.0687932670116424,0.020736927816784,0.024033217999374,201
1726744765954813200,0.2776028894156217,0.0852799901396036,-0.1328875444889068,5.944478312519192,1.8945751452058552,7.565985873651504,0.0668582916259765,-0.0380462370812892,0.0125221814960241,0.8658964492714991,-0.0317486619183709,-0.3365027341180645,-0.3687562997313342,-0.4955735504627228,-0.1316370964050293,0.111037902534008,0.1704351848557591,-0.8025368641018867,0.2710585823386907,-0.0062357382848858,-0.0044759977608919,0.0,0.0959530174732208,0.0,0.0,202
1726744765994578400,0.3620458442091941,-0.0428315721191465,-0.2078618291914463,5.941887126982212,1.900283147589117,7.56659026928544,-0.0028293258510529,0.0302682034671306,0.0121818613260984,0.8661202256011571,-0.0312180370579012,-0.3365066116423446,-0.368272266181723,-0.7253830432891846,0.0502398163080215,-0.2842060923576355,0.6150730952948331,-1.3277625152111052,-0.5755547393769025,-0.0067051853984594,-0.0244792904704809,-0.0425325800394173,0.0749126747250557,-0.0163358410303364,0.0350123954013455,203
1726744766034343400,0.2407984686315059,-0.0818016465045511,-0.0533458057403564,5.933398115578293,1.897953097206354,7.573833080020546,-0.0218148734420537,-0.0046279523521661,-0.0140028549358248,0.8662042098435199,-0.0312358019910989,-0.3359558281271834,-0.36857602353358,0.5291325449943542,0.2348383218050003,-0.2545270323753357,0.1290609719380736,-0.8674930281370877,0.2860898549929261,-0.0054933759383857,-0.0214236248284578,-0.0138097783100616,0.0714366659522056,0.0580645459245191,0.0103154219718358,204
1726744766074112000,-0.0458843838185071,-0.2749059054166078,0.1289338384270668,5.96255523647964,1.899671153170616,7.550468571045994,0.0490096248686313,-0.0630346834659576,0.0196067802608013,0.8656090806664444,-0.0318015432954932,-0.3376713094343037,-0.3683581394348198,0.3050672113895416,-0.1915910243988037,-0.2269005924463272,-0.8764645623609423,1.908371615368128,1.6646224802374838,0.0056085414253175,-0.0502919815480709,0.0129589895749581,0.0630988627672195,0.1159379531911108,0.0226848059149691,205
1726744766113877000,-0.0858434692412614,-0.0309716229774057,-0.101081370383501,6.000419395449757,1.919697457633168,7.515325361472367,0.0445606410503387,-0.1892992407083511,-0.0305252745747566,0.864647041230795,-0.0317172886703019,-0.3403219872316492,-0.368185412950547,0.263498455286026,-0.1581758707761764,-0.0217090956866741,-0.2162257529109716,-0.7636953845322132,-0.1589034447550773,0.0122421598061919,-0.0445754565298557,-0.0802938266243319,0.0649495497345924,0.0781497181345708,-0.0139261655231239,206
1726744766153642500,-0.1697936720818281,0.2215301429294049,-0.0360287602365016,6.042620706841349,1.9221781685329973,7.48079882249236,0.0047318553552031,-0.1025065407156944,0.034676406532526,0.8637899977232939,-0.0325180775591846,-0.342823553079587,-0.3678061234005072,2.3452348709106445,0.2998307943344116,0.3969357013702392,0.6666241265729069,-0.6884983969897032,-0.8960083440035581,0.0156723000109195,-0.0278844200074672,-0.045996872316231,0.0917923897504806,0.0719963009382132,-0.0222848445286625,207
1726744766193407500,0.2531505852043628,0.1168691604934632,-0.1715156735688447,6.053924775665998,1.9189505847886204,7.472483998611569,-0.0166652761399745,-0.0354650393128395,-0.059956420212984,0.8635233195254715,-0.0329828955833379,-0.3433969599048749,-0.367856339740007,0.1883445829153061,-0.1733981221914291,0.1159883141517639,0.1118938562989234,3.667098028191924,0.7180091536343097,0.0179035868495702,-0.0455046892166137,0.0065215712303819,0.0825679302215576,0.1187243051071651,0.0161647530715272,208
1726744766233172700,-0.007465513575077,0.1020928855136036,-0.0089408468246459,6.046091013300418,1.9316317871853708,7.475557999229431,-0.0227259267121553,-0.0264320280402898,-0.0814005509018898,0.8629627452313263,-0.0327728571019672,-0.3431888228023736,-0.3693813995034564,-0.5248968005180359,-0.0214404966682195,0.105780154466629,0.1214791385069489,-0.3949970966964959,-1.3125509175539016,0.0186965446919202,-0.0327844098210334,-0.0715109285740647,0.0940264388918876,0.0077681589166168,0.0739243418247671,209
1726744766272938000,0.1164963816583156,0.0847825620114803,-0.255983178281784,6.082540629297495,1.9540297892153264,7.440084534788132,-0.1297140270471573,-0.2680405080318451,-0.2185232490301132,0.8607147596883435,-0.0337376307019607,-0.345721045280098,-0.3721678821932802,-0.5290537476539612,0.4086187481880188,-0.2646377086639404,0.8856663982093333,-1.89029702949524,-0.8592927705466746,-0.003116151317954,-0.0117575889453291,-0.0019259825018525,0.0928343832492828,0.0239765764582902,0.0402812574486713,210
1726744766312703200,0.115988432136178,-0.0118085112154483,-0.183341135919094,6.154425715813041,1.953356419998408,7.380909876763821,-0.3098208606243133,-0.3834954500198364,-0.3315117061138153,0.85622006583696,-0.0381970264454313,-0.3495987797410496,-0.3784295923969135,0.7760528326034546,0.0851966813206672,-0.3040122091770172,-0.1778206189319491,-2.432518239068985,-0.0461246223151683,-0.0115003082901239,-0.0396009981632232,0.0261454746127245,0.0687273889780044,0.0928679701837245,0.027939735335065,211
1726744766352468200,-0.0389279888093471,-0.3339446621015667,0.0716693979382514,6.232428408426046,1.9380597744062544,7.319231126964092,-0.2994705140590668,-0.2041483670473098,-0.1854160130023956,0.8512166862022871,-0.0439607492012593,-0.3533985152205595,-0.3854958824248115,-0.0104609243571758,-0.531825602054596,-0.3102437555789947,-1.004869116216898,2.901106057155132,0.6802548847794533,0.0089840171858668,-0.0354297086596488,0.0321154227176681,0.058684229850769,0.1163275370305869,0.0461375548619776,212
1726744766392233700,0.0645937604635953,-0.0675223612613976,0.3768307408869266,6.197440681675076,1.8730496882267296,7.3657181528508655,-0.0996065512299537,0.4425559639930725,0.1064520701766014,0.8518065088513188,-0.0468523482923248,-0.3496537543840842,-0.3872633806478071,1.8827242851257324,-0.1239675134420394,-0.1200543045997619,-0.0417190808326005,-1.827452743047476,0.7267284666627645,0.0265288781374692,-0.0538183376193046,-0.0157357619535585,0.0629024654626846,0.0820411269493866,0.0505966759955743,213
1726744766431998700,0.8208943585693835,0.712506756825745,-1.2402899834632872,6.1213932147830725,1.883256755594909,7.426457575973868,0.1434427350759506,-0.0582952871918678,-0.1089523956179618,0.854005517991642,-0.0439330052533328,-0.3455805506150698,-0.386417591483202,3.031257152557373,0.0531866028904914,-0.4171978235244751,0.0213724583745002,-0.5793927101045847,-1.554057242193818,0.0179525259882211,-0.0443315878510475,-0.0700524185951333,0.1055649891495704,0.0100375023628876,0.0453208499179221,214
1726744766471763000,0.6359422803223133,0.3077482907019555,-1.9643243887364863,6.157455292767286,1.97422516663447,7.372826523551344,-0.2005156874656677,-0.3165412545204162,-0.7093730568885803,0.8495184081859517,-0.0431333374790716,-0.3496140570892665,-0.3927188647333126,4.763444423675537,0.0917159393429756,-0.2773728668689728,-0.2650347920045256,-3.667153557771444,1.004303883549571,-0.0172519814223051,-0.0268345419317483,-0.0542886030158027,0.1591552495956421,-0.0315000695815891,-0.0020609288557345,215
1726744766511528200,0.2243073525577783,-0.0464743125356733,-2.057239988321066,6.327874403271078,1.944477824755013,7.2351499912202355,-1.0756018161773682,-0.8907878994941711,-0.7737913727760315,0.8372298602510581,-0.0566365757951275,-0.3576343057908977,-0.4098001980411746,3.7290213108062735,0.0165645703673362,-0.2998283207416534,-0.1582178005784749,0.7290864279657602,-1.70345928363204,-0.0544540211558342,-0.0570247396826744,-0.0046672594462084,0.1569592654705047,-0.0124415872378856,-0.0429087244420079,216
1726744766551293400,-0.3187830410659313,-0.353074456115812,-0.3119587480038404,6.469486521485448,1.8151833363220096,7.142914775115251,-1.013034701347351,-0.568264901638031,-0.5540798902511597,0.8251803885832736,-0.0750281979144248,-0.3608094455811583,-0.4280940823306522,2.4163286685943604,0.0787575244903564,-0.0910851135849952,-0.2964776857554912,0.2671288416743278,-0.719379272943735,-0.0400751382112503,-0.0645770654082298,-0.0090147466028516,0.192645862698555,0.0212539374282117,0.0461166582044214,217
1726744766591058700,0.2839145567804574,-1.084652262505889,0.5029600432872772,6.54898734370172,1.729889609917998,7.091447622728348,-0.6294687986373901,-0.0914139226078987,-0.7356687784194946,0.8157363641789461,-0.0881307626616221,-0.3614827153033058,-0.4428739925506413,1.352912425994873,-0.1019089221954345,-0.0790372267365455,-0.3655710957258939,1.552857657145709,-0.8812462436795234,-0.0220942646265029,-0.0906633362174034,0.0048511332505324,0.206710860133171,0.0441964992302237,0.042231035242998,218
1726744766630824000,0.6141103877425194,-0.5230396853722632,0.3217752086192369,6.490683038771152,1.8462851615503428,7.115662611052393,-0.3936136364936828,-0.306592047214508,-1.0896508693695068,0.80591723450214,-0.0892134518283504,-0.359504008438068,-0.461839092941769,1.7085751295089722,0.0499954409897327,0.080037772655487,0.0213479084551334,-1.20655634842664,-0.502943676674366,-0.0160661097615957,-0.0983581393957138,-0.0219176346344873,0.2294840365648269,-0.0136769126029452,0.0298616501582204,219
1726744766670589000,-0.3591308335453271,0.0231448748745024,0.2372317160606384,6.547542990112304,2.0240470360323783,7.014505837345123,-0.2937994301319122,-0.6318961381912231,-0.9654117822647096,0.7920054518504936,-0.0915242218008148,-0.3660369578144967,-0.4799661923368542,0.714371919631958,0.0137824183329939,0.1477447748184204,-0.0720648269966244,0.5839942125506699,-0.7349667181760072,-0.0285884402692317,-0.122011013329029,0.0723542749298736,0.2526130974292755,0.0931301373844035,0.0527617953073233,220
1726744766710354400,-0.4863350717008113,0.1144492398701608,0.2743973713725805,6.637637687057256,2.1747068224467334,6.883516819953918,-0.2112046331167221,-0.37338986992836,-0.6925150752067566,0.779090378619586,-0.0949255124419173,-0.3742024337941944,-0.4939431804758194,0.4270325303077698,-0.0416974574327468,0.388587474822998,-0.0596150952681899,1.1402705432228744,-0.8793716819792985,-0.0169322919100523,-0.1583359837532043,0.0050350076256785,0.2818110883235931,0.0759514135058503,0.0415533460439881,221
1726744766750119400,-1.1839578553885222,0.2596538296185434,-1.2419313209295273,6.690621673747897,2.273112251619249,6.799920837378502,-0.1178063377737999,-0.5672594904899597,-0.4404002726078033,0.7705177236807756,-0.0971821217287792,-0.3792837465612232,-0.5029928552803732,0.146138533949852,0.115911453962326,0.8018726706504822,-0.1139329609110951,1.6000522467799485,-1.1590145527899265,-0.0364475958049297,-0.1517893522977829,-0.0341130765080219,0.3191728889942169,0.0379083337552729,0.0076809892357065,222
1726744766789884700,-1.549547655814886,0.509539275547117,-2.399987842342257,6.9146543010175225,2.3343233839072286,6.550486057826876,-0.2741414308547973,-1.356719732284546,-0.3628890812397003,0.758880978721043,-0.1064544320216601,-0.3933009041330301,-0.5080171770412529,-1.7837419509887695,0.3733623921871185,1.154444694519043,0.0492217115476727,2.8740932548061013,-2.6516905668258666,-0.0546663105487823,-0.1696469783782959,0.0662845996273681,0.3695541620254516,0.159426317851711,0.0448863629242172,223
1726744766829650000,-1.793341214609146,-0.5208206941485405,-2.2850176473379133,7.265139471292495,2.3532829359211025,6.152251878905296,-0.3365836441516876,-1.5244439840316772,-0.350420743227005,0.7420928288251046,-0.1240244838764436,-0.4134493608355454,-0.5128118190354497,-3.0146052837371826,0.5776927471160889,1.6783069372177124,-0.961628817166388,2.838083783791959,-3.6176205883175134,-0.0597799979150295,-0.2290918081998825,0.0331064658818999,0.4066023230552673,0.1448428072312846,0.029211828496959,224
1726744766869409000,-2.501436876994372,-1.224440818554908,-2.4467267971634863,7.565921576243639,2.3557012491092086,5.77736058164835,-0.3559876382350921,-1.2400386333465576,-0.1982616484165191,0.7269997782837809,-0.14051575181929,-0.4309198565015034,-0.5157856029608853,-2.5982601642608643,1.0469229221343994,2.617961406707764,-1.0125386279314756,1.4608786077588796,-4.353703743302822,-0.0684434175491333,-0.2118399888277053,0.0778848018543794,0.5142247080802917,0.1833391631577164,0.0858522827353794,225
1726744766909174300,-1.4834382300913334,-1.5785203600600362,-2.483018592250347,7.859945439106226,2.2768790568068624,5.404394114974141,-0.9418970346450806,-1.4960769414901731,-0.0563812330365181,0.7113686623530049,-0.1617692565410877,-0.4452901366284302,-0.5191359144216157,-3.830049753189087,1.1574740409851074,2.8486647605896,-1.2067914723567663,2.3969570963442326,-3.893153685721755,-0.0793259292840957,-0.2604853510856628,0.1140161365493666,0.6169193983078003,0.3065993033299222,0.1872540167802013,226
1726744766948939500,-2.481694065648317,-2.043899152971804,-1.391152745103836,8.171963223820924,1.9422952200189232,5.061313667997718,-1.2533345222473145,-1.0535446405410769,0.6060528755187988,0.6974509644082079,-0.1953407921954997,-0.4514275055311541,-0.5211692245672652,-2.321051836013794,1.3912155628204346,3.590426683425904,-1.080292752122134,0.0934299788475036,-2.8694208790808915,-0.1065675616264343,-0.2862368822097778,-0.0417889585978817,0.7219645380973816,0.1743182003015652,0.1720209196772426,227
1726744766988704800,-1.2965104678571224,-2.841704604637622,-1.4446303605303168,8.39097831518948,1.3870773123584688,4.882404377046227,-1.4469952583312988,-0.9877185225486756,1.1768906116485596,0.6942614022294379,-0.2295766024404696,-0.4453776387774821,-0.5166569066547821,-1.3741837739944458,1.989992618560791,3.660546779632568,0.1459236247379332,1.5159125127166508,-2.733541167038679,-0.1659276634454727,-0.2534450888633728,-0.0569575299641117,0.8025276064872742,0.1403576611738652,0.2006174475537613,228
1726744767028468700,-1.9526888960003848,-2.318010693140328,-1.250467386345565,8.649419992539286,0.8288174066536128,4.546534884361923,-1.5526460409164429,-1.8765320777893064,1.4801946878433228,0.6885650181567716,-0.2661430354635803,-0.4442511872134304,-0.5076288288586546,-1.9643898010253904,2.124753475189209,3.814707756042481,-2.459534840810299,-2.068163533395529,-1.5072709410995244,-0.1907652467489242,-0.218718335032463,-0.0011224840992421,0.8935346007347107,0.1711365563244558,0.4399761291731148,229
1726744767068234000,-0.669408496594429,-3.269510915002227,-0.8893991549968719,9.021880263257026,-0.0457099040344357,3.84369407376498,-1.4464870691299438,-2.3548567295074463,2.114298343658448,0.6794186690869489,-0.3222375985639404,-0.4474249352151923,-0.4841117846150324,-2.959860324859619,1.970401763916016,4.023832321166992,-1.497790288309753,1.528105639335513,-1.3750152647733689,-0.1925009042024612,-0.258573055267334,0.1032911097216885,0.977514922618866,0.2995871047466061,0.5324457020232454,230
1726744767107999200,0.840295224609971,-3.4536747654810545,1.2560790887475013,9.306630686339735,-1.0686727492161094,2.9008535436987875,-1.2686388492584229,-2.2009501457214355,2.3309972286224365,0.6679329888552658,-0.3851431857304492,-0.4514004352159578,-0.4491858572301015,-3.0300209522247314,1.7544329166412354,4.312108516693115,-2.97837751288414,-0.7493833660632372,-0.1942766636922955,-0.1638809293508529,-0.2195517867803573,-0.119181921814708,1.0141130685806274,0.1556362961852923,0.4936486826498061,231
1726744767147794700,0.2448492053270339,-3.275850639417768,0.5630101689718663,9.328515185889602,-2.1193333102710543,2.1581496553994715,-1.2075978517532349,-1.8017655611038208,2.7065188884735107,0.6640853333453131,-0.4381707822020151,-0.4449397258465744,-0.4111272842618741,-2.664963483810425,1.3079376220703125,4.753042697906494,-3.680753628578782,-1.4965058014571666,-0.3539543076902627,-0.1477525383234024,-0.2422719746828079,0.0547368308404926,0.964644968509674,0.3669202087799087,0.426293202387914,232
1726744767187561200,0.9123135821163654,-3.683708678992093,0.3668786711931228,9.142884477728606,-3.261720699517429,1.392560127683729,-1.5414633750915527,-1.2937663793563845,2.977687358856201,0.658637845317599,-0.4942158707839036,-0.4298253921373063,-0.3704011028482776,-2.684781789779663,1.3413902521133425,4.999077320098877,-4.557984206876158,-1.6812398530393835,0.4805778233483433,-0.105093739926815,-0.2142869383096695,-0.2380765511206351,0.927297055721283,0.1028720805920194,0.5603543937660753,233
1726744767227327700,1.6005980440944432,-3.70064753883332,-0.1764221503108739,8.695366920199989,-4.46537577354461,0.7882901659540832,-2.071106195449829,-0.6756064891815186,3.368086099624634,0.6547024911500376,-0.5500501615276435,-0.3965516444079999,-0.3340003924308621,-2.6507275104522705,0.4822618663311004,4.292152404785156,-7.04347532671988,-3.463895715244114,0.044892450171709,-0.0943701192736625,-0.1616722643375396,-0.0321545993840089,0.8335234522819519,0.2684693147641606,0.5262768406625836,234
1726744767267094300,3.153774411800504,-3.757508951479197,-0.1256383040130138,8.00290546479821,-5.667414936807751,0.0654840786331333,-2.603989362716675,-0.8042389750480652,3.506593942642212,0.6437394147667328,-0.6113173853772406,-0.3506455412426684,-0.2982252047134621,-1.940173864364624,0.2023083418607711,2.58442497253418,-3.766578977641463,-4.636857837104797,0.8516969085901975,-0.110884204506874,-0.2237100154161453,0.2021386840379797,0.7710356712341309,0.5722258872151375,0.7482962284136563,235
1726744767306860800,4.6343613441139455,-2.6564783856242893,1.5086720400691032,7.151545240816474,-6.653524407497048,-0.869719472014904,-2.570812225341797,-1.14037823677063,3.180383920669556,0.6228546746763344,-0.671939325373645,-0.3046980377899966,-0.2602091060903627,-0.964895486831665,0.3355187475681305,0.9447184801101683,-1.1884136657536029,-4.3208746558904645,1.7242904747366905,-0.0773592963814735,-0.37286177277565,0.2236530716338194,0.7075770497322083,0.7567902813188732,0.8762614410042763,236
1726744767346627600,5.363630727431178,-1.5888672742903232,2.3764891855940222,6.244806243962049,-7.305293202504515,-1.9507704951584337,-2.455409288406372,-1.700522780418396,2.8487703800201416,0.5940920476976509,-0.7258732172968538,-0.2693876205337187,-0.2181585911311142,0.4410471618175506,0.6250584125518799,0.0474615171551704,-0.2059901901006698,-3.3811636560216543,2.2815970252394675,0.0284237712621688,-0.4802727103233337,0.1519220979677513,0.5797972083091736,0.6286654942523687,0.807929297729954,237
1726744767386394000,5.970975274300575,-1.422797006645799,3.077668784980476,5.170143460550904,-7.728142182722687,-3.1170231825083494,-2.1843278408050537,-2.1159379482269287,2.8987364768981934,0.5596231893210958,-0.7755888237177052,-0.2395536179768261,-0.1670268916302188,1.6468724012374878,0.5877363681793213,0.1436424404382705,-0.1629080042213201,-3.4666251402080057,1.7703092985898254,0.141751542687416,-0.4929770529270172,-0.0125942364993505,0.4292553663253784,0.436506662964262,0.6913084129091351,238
1726744767426160600,6.805846135774255,-0.4989829563498497,4.208272359061241,4.036146444639563,-7.971851570364833,-4.040977810318768,-1.3928687572479248,-1.6150379180908203,2.445891857147217,0.5298582396864974,-0.8130847963718634,-0.2119567127705815,-0.1149685662372185,2.1548519134521484,0.4853007197380066,0.4198604524135589,1.0101859273254872,-2.7659786247849465,1.3523112655341625,0.1957427263259887,-0.47906693816185,-0.0411412900777999,0.2978851795196533,0.3302268106222152,0.5756084057928994,239
1726744767465927200,7.691950340878963,1.108791847506165,4.760212998616695,3.2320445231780406,-8.106296281167864,-4.473508518856764,-0.1767989248037338,-0.6555911898612976,1.2818024158477783,0.5153217491807173,-0.8316047977678939,-0.1910992567712033,-0.0797383561131531,1.0528963804244995,0.2025205940008163,0.4926672875881195,0.8232856376200914,-1.5398334865301846,0.4926712889850139,0.2298925369977951,-0.4560550153255462,-0.582980176669918,0.1621118485927581,0.1247485155664384,0.544503146498464,240
1726744767505693700,6.967847546544671,2.967702974134684,4.230148675304651,2.936964721521735,-8.292856379133463,-4.33279948696196,1.2831897735595703,-0.2726303040981293,0.218182772397995,0.5243638336039427,-0.8288950163544133,-0.1839683412775178,-0.0642749548580473,-0.5753871202468872,-0.0672104880213737,0.2835441827774048,1.0223083267956972,-0.2865815840326249,-0.2139858650296926,0.225661352276802,-0.2926974594593048,-0.3058314972952008,0.1385270655155182,0.0279416647139587,0.8202951505672186,241
1726744767545460200,6.657357117527723,2.636137023863196,1.7487018624156712,2.8999957578256725,-8.554303083518146,-3.818937818171084,1.9785395860672,-1.07850182056427,-0.5960404276847839,0.5502772161229216,-0.8102849503701287,-0.1953200854320528,-0.0498324020226853,-1.9223791360855105,-0.0807433351874351,0.0841036885976791,0.4698030390948057,-0.573260600557737,-0.2475117025345563,0.2359133809804916,-0.2187191694974899,-0.2394234356849454,0.1742104142904281,-0.0500197894230717,0.9746113405972718,242
1726744767585225700,6.507165387016534,2.0458488257348537,0.1756824378594756,3.042557431849837,-8.698737857937813,-3.353386591301858,1.684035301208496,-1.872089147567749,-1.4374516010284424,0.5728510189554292,-0.7860594659714546,-0.2304032409244519,-0.0294386403511514,-1.970204710960388,-0.1274292021989822,0.0316707715392112,-0.2935246811687946,-0.9238565742634236,-0.0238379717051982,0.2454218864440918,-0.0890592113137245,0.1166807983145117,0.06323903799057,-0.0274955260983668,0.7733123770527541,243
1726744767624992300,5.764026468300819,1.099079431787133,0.0097600542530417,3.371199603629112,-8.67283827752769,-3.096335199266672,1.2715253829956057,-1.958933591842652,-1.830264449119568,0.5848150392802514,-0.7614075073909907,-0.2795134617145225,-0.01105803722157,-1.4650452136993408,0.0559674762189388,-0.0245588775724172,0.0725227998971939,-0.3448636405987665,0.8243786935538053,0.243501529097557,-0.0412992425262928,0.1195261504088062,-0.1248102933168411,0.1073024459885898,0.7296427466742694,244
1726744767664758800,5.192040235060453,0.6130418817281723,0.4025207701995968,3.829012052939832,-8.536202194160223,-2.939775687289238,0.9985527992248536,-1.2390350103378296,-1.971471905708313,0.591700705041809,-0.7365639307521544,-0.3276590083399969,-0.0018317730109398,-1.7104829549789429,-0.1217076107859611,0.1926891505718231,-0.3410287751436233,0.6647536565259099,1.4389911855995654,0.1941567212343216,-0.0571347288787364,-0.279677887325082,-0.2020258605480194,0.1844440373933873,0.9879542217731476,245
1726744767704525300,5.052409646052122,0.5079629661411047,0.5137678530275821,4.473520501555502,-8.272209312424064,-2.7800290697082874,0.7259142398834229,-0.4238426685333252,-2.485736608505249,0.5984490900882333,-0.7114116206218233,-0.3682872997559365,-0.0108022890536842,-1.665231227874756,-0.0935907512903213,0.644570529460907,-0.0308463891625404,1.210800123476237,1.4953887801259755,0.1582545936107635,-0.054739560931921,-0.3819934574123472,-0.1652467995882034,0.1505370002849027,1.130749412292242,246
1726744767744291800,3.3701351892679927,-0.7120709957569837,0.3092798841834068,5.3321892949849365,-7.800961919739842,-2.6235753561928865,0.5787851810455322,-0.2684830129146576,-2.962200403213501,0.6041431248976603,-0.6823146907828653,-0.4101362866558038,-0.0352989125939751,-0.0497955456376075,-0.2315024882555008,1.2135218381881714,-1.1334002190619707,1.5043103377282618,1.2610510319411754,0.1443924456834793,-0.0545056462287902,-0.2115233839062973,-0.1698738038539886,0.2388866801934316,0.9861295636292546,247
1726744767784058400,2.082100288811326,-1.5687988842517138,-0.0201110601365566,6.19480448795259,-7.1621063823193305,-2.549315649500489,0.5737597942352295,-0.595048189163208,-3.1009209156036377,0.6052097537874658,-0.6494857167201372,-0.4562315518852839,-0.0611735538253703,0.3437680006027221,-0.1128664463758468,1.7026556730270386,-0.446823730045557,2.894093840305507,1.0111007040828466,0.1395190209150314,-0.1263405382633209,-0.1340986099122557,-0.2149670869112014,0.1735709621308371,0.923973186380416,248
1726744767823825000,1.148759700757265,-2.1872581148535013,-0.0218231247514486,6.990476726981997,-6.363782167476416,-2.608804780301452,0.341415137052536,-0.5889343023300171,-3.273313045501709,0.5995577012654064,-0.6142937832515589,-0.5056235511955427,-0.0867087386932711,-0.3844829797744751,0.0049167014658451,2.106520175933838,-0.8161421956062317,2.012905025901645,0.7908902654498815,0.0685092285275459,-0.1413968801498413,-0.1214356829577125,-0.1860146075487136,0.0957398084261454,0.9344760948900132,249
1726744767863586300,-0.7852899612247943,-2.9920670155405995,0.4782490881398319,7.674155740991234,-5.468592154118419,-2.7151807499617338,0.1131230518221855,-0.4301579892635345,-2.930997371673584,0.590199242354729,-0.5796012017995729,-0.5499983121897735,-0.1150177915036664,-0.7432752251625061,0.0093985879793763,2.117497682571411,-1.2466209400504826,-0.7882197310663759,1.2728653883755203,-0.0338690355420112,-0.1006741225719451,-0.0602185273543233,-0.0520202219486236,-0.0494244082126533,1.0511314665023237,250
1726744767903353000,-2.190249697884917,-3.507149750559032,0.5600251618117094,8.16962046008706,-4.6398707551851865,-2.8105758914023635,-0.1524813324213028,-0.1612533330917358,-2.239715337753296,0.5799630243901294,-0.5511937665117899,-0.5826533439872046,-0.1426310159851248,-0.7430893182754517,-0.150795504450798,1.7604641914367676,-1.7537860338121651,-3.672032854245603,1.316554307976365,-0.1209721118211746,-0.0368145182728767,0.4709189644474535,0.0505716800689697,-0.024488763764128,0.874981118870154,251
1726744767943119600,-3.257863147306442,-3.536450371584296,0.8430524143636227,8.46255769675672,-4.03117216335833,-2.8818641810685395,-0.1054864972829818,-0.1487453579902649,-1.35974383354187,0.5712746119867776,-0.5322890348418652,-0.6029946677287319,-0.1634353225442595,-0.3510293960571289,-0.1521652787923813,1.2414090633392334,-1.2544617166787386,-6.307807182276249,1.2318483183324336,-0.1910176873207092,0.0715149566531181,0.4434708028884604,0.1422331929206848,-0.128374715840118,0.8717522930167615,252
1726744767982886100,-3.10818170440495,-3.63077642248869,0.7912135060548782,8.611852186167239,-3.663308572781086,-2.9302830518007275,0.0527501553297042,-0.0572919957339763,-0.8189021944999695,0.5657854601946795,-0.5200779154516048,-0.6155662631068757,-0.1745965928590852,0.0847830325365066,-0.1706544756889343,0.4797132611274719,-0.5617179372042417,-7.625446947401762,1.297115448012948,-0.2143949270248413,0.2393813580274582,0.5003285988051444,0.2125117778778076,-0.1789766205666586,0.6814572463065386,253
1726744768022652700,-4.658097609010339,-3.5520296335101125,0.6745292006090283,8.703997970423101,-3.4795907125040886,-2.881533049418032,0.1569288522005081,0.1738578677177429,-0.2281085699796676,0.5661051559732783,-0.5114058733752466,-0.620790892892302,-0.1805756962622068,0.5578086376190186,-0.1195085793733596,-0.2326366454362869,0.5611977127224207,-8.661789060246944,1.3861463151186704,-0.2297467440366745,0.3251166641712188,0.6735162241742014,0.2232658714056015,0.0934231563810724,0.5002751515848561,254
1726744768062419200,-5.410456191492081,-4.420971691411733,-0.197310040038824,8.673154503870009,-3.615166473163664,-2.806664563177526,0.2708210051059723,0.0889759585261344,0.8726180791854858,0.5710831355189154,-0.5122587656116401,-0.6170016456599869,-0.1753968648335597,1.207327961921692,-0.072874017059803,-0.9611117243766784,0.4002180462151765,-9.158169725143908,1.9237071316659449,-0.2627764344215393,0.2336080968379974,1.0354751207523047,0.1543544381856918,0.440429133637622,0.3474634843662381,255
1726744768102185700,-4.651114325994253,-4.225016280852258,-1.1146391122296453,8.479294312024116,-4.069845300623775,-2.776387790596485,-0.3247600793838501,0.0466061569750309,1.7049273252487185,0.5767056963971466,-0.5277910138363417,-0.6024890244091177,-0.1607925131046604,1.562694072723389,-0.3721005618572235,-1.6828205585479736,-0.9572638999551534,-8.53904413958788,1.4464397480398417,-0.2356258332729339,0.0818445160984993,-0.3121754594944417,0.1774648874998092,0.8411465076770633,0.2175514302904717,256
1726744768141934600,-3.750122348359227,-3.315539383466541,-0.4083171815186738,8.168321067926287,-4.649669680143893,-2.7981170995846387,-0.6655094027519226,0.479899913072586,2.1260249614715576,0.579263961629477,-0.5563386380481178,-0.5771928487227143,-0.1476105393738798,1.6312124729156494,-0.5604648590087891,-2.531432867050171,-0.6069301208496093,-6.71872256359458,0.7884966483116149,-0.229417085647583,-0.1626440584659576,-0.1225290585518349,0.0426239371299743,0.9067549981411546,-0.0401200572712812,257
1726744768181700400,-2.967981206554174,-2.9763433767080305,-0.5945195520877837,7.799629794353247,-5.300860675263404,-2.6901751957818862,-0.4924755692481994,0.8400750160217285,2.3341450691223145,0.58681013233288,-0.5861421985708483,-0.5418469185721418,-0.1359895218433516,2.3012702465057373,-0.6717562675476074,-2.954242467880249,-2.13015383336246,-5.940686519020796,0.7224409986019135,-0.1878022998571396,-0.1451005190610885,-0.7258774758566171,-0.0349950268864631,0.5281705454546958,0.0561939297470496,258
1726744768221465000,-2.1620476857513187,-2.7606857790738344,-1.8822578076854344,7.347889066171645,-5.952562250253558,-2.5972943752497435,-0.8063920140266418,0.5248073935508728,2.384018421173096,0.5936178289462969,-0.6157611189796575,-0.5032528189742238,-0.1232592243850349,2.808152914047241,-1.0185785293579102,-3.189814329147339,-3.7347616976201534,-4.657015366731584,0.3692342213433235,-0.1216936260461807,0.0452567562460899,-0.4366367921499535,-0.1014103293418884,0.5940353853000327,0.1082324659808538,259
1726744768261230800,-1.4261094921946524,-3.195926623353362,-1.9605495463728904,6.736448774421215,-6.548474133482575,-2.8121421178057786,-1.3142826557159424,-0.0928527489304542,2.755686521530152,0.5876227672195984,-0.6526214318579512,-0.4663310037372403,-0.1063964324433156,2.660099029541016,-1.3551090955734253,-3.3904242515563965,-5.319334489586949,-2.703947700546682,-0.9073597591012716,-0.0814177468419075,0.2000106573104858,-0.5305409643804654,-0.1631345748901367,0.5507381684305146,0.0839769355838652,260
1726744768300996600,0.4385416393905877,-2.485691610851884,-0.5622422533392906,5.900406531080603,-7.135258122882247,-3.231669260124862,-1.2792948484420776,-0.3077133595943451,3.111905336380005,0.5733072624027282,-0.6947867887379507,-0.4266621594450721,-0.0809291240694452,1.863984227180481,-1.7269461154937744,-3.5180180072784424,-6.401678475150465,-0.5073487797655165,-2.4077042619384823,-0.1178040727972984,0.2611921429634094,-0.714900520094484,-0.1845904886722564,0.5870779308449476,0.1127302157915197,261
1726744768340762400,2.491081487196684,-1.051629698348045,0.2995093085363507,4.939771108865737,-7.64665398608148,-3.6466035216957327,-1.0113282203674316,-0.3523847758769989,2.9998254776000977,0.5581440835475556,-0.7333364334681322,-0.3848931145780889,-0.0504985597513602,0.8699729442596436,-1.7969282865524292,-3.465423822402954,-5.602280493596196,1.4417609425738451,-3.5308602964922784,-0.1977317482233047,0.2847055792808532,-0.8743176134601235,-0.1665439158678054,0.6155119981687516,0.183811767371837,262
1726744768380528000,3.928042920534312,0.0643260494381189,0.7805518267869949,4.009334133298695,-8.026842220702767,-3.957956997282803,-0.6403484344482422,-0.2235040962696075,2.675192356109619,0.545673696080848,-0.7632797784552966,-0.3452587844533873,-0.0209890390286645,0.310380756855011,-1.6849833726882937,-3.2949888706207275,-4.39981024543941,2.425511575177312,-3.955346522523463,-0.26326584815979,0.2218770682811737,-0.6226181769121438,-0.0756160840392112,0.9117552906464784,0.3291682049473747,263
1726744768420294000,4.669289741893112,0.4659165530502795,0.4029042165592312,3.1350591899365186,-8.307524371433258,-4.162549011023343,-0.5290769934654236,-0.2079443335533142,2.5182108879089355,0.536403146841006,-0.7859859097079185,-0.3073387214005504,0.0063791461046748,-0.1538867950439453,-1.378313660621643,-2.8547208309173584,-2.9211913983285425,3.78197119256258,-4.563187912999093,-0.3135964572429657,0.1023608744144439,-0.8204559671521187,-0.0083693293854594,0.9655314506281166,0.2239472870737314,264
1726744768460059600,5.758042133194208,1.1348720451802017,0.4964361944764852,2.291413485854864,-8.458586455038189,-4.401379102191329,-0.7879359722137451,-0.1485495418310165,2.2758214473724365,0.52402030728571,-0.8066561617062774,-0.2715027146688251,0.0315417681379211,0.0682448074221611,-0.9000100493431091,-2.1024298667907715,-1.7384265521168707,4.582722342291474,-4.556001508626341,-0.333615243434906,0.0700032338500022,-0.9067396544415504,0.0911916941404342,1.043352503063902,0.3283277720678597,265
1726744768499825400,6.7556117400527,1.5848644683897497,1.2088473819732666,1.5989550991930066,-8.451734104925393,-4.709768175014853,-1.0545639991760254,0.2560462057590484,1.824414849281311,0.5075473131460178,-0.8266952869743085,-0.2381307471936794,0.047585367676492,0.5984681844711304,-0.3283252120018005,-1.19292950630188,-0.9886714301317928,5.498438426327705,-4.504999635663628,-0.2199292629957199,0.1000445559620857,1.0124804680034518,0.1824746876955032,1.3909345723085105,0.3543670532096177,266
1726744768539591200,7.799954788523911,0.5209235700011253,1.5961679526925086,1.1838372977487743,-8.317489885130524,-5.058481659442186,-1.0900843143463137,0.593942403793335,1.1909552812576294,0.4894671894372527,-0.8449193363580346,-0.2098144250210794,0.0501093659099879,0.7126488089561462,0.2314250469207763,-0.2157262414693832,-2.74877673009336,4.836615270295739,-4.674015601371228,-0.085925355553627,-0.0890762507915496,1.662308796467632,0.1770736426115036,1.4600104466222226,0.2486930212736129,267
1726744768579357000,7.75633601154983,0.1800286503702402,2.192829192984104,1.006292865409702,-8.179656700932979,-5.315168602079153,-0.576410174369812,0.6981350779533386,0.7542254328727722,0.4764555381928221,-0.8576961791028321,-0.1880304045158357,0.0446329019189336,-0.3005148470401764,0.1860074549913406,0.6760479211807251,-4.279795626527071,6.015493045940995,-6.165663733664155,0.0189200062304735,-0.1381372660398483,3.12465849969238,0.1836659908294677,1.2615050593189894,0.1407756308576092,268
1726744768619122400,8.389596505442261,-0.1542161637216806,2.0142706151664256,1.012283703322336,-8.143188964757323,-5.369744241875409,0.0560732260346412,0.7755702137947083,0.1003233566880226,0.4742929971143198,-0.8623683551215916,-0.1734980817639236,0.0355727557477892,-1.5206801891326904,0.8376384973526001,1.285373330116272,-3.150043408578634,6.014430969667434,-5.407569822400808,0.0933362618088722,-0.2983648478984833,1.408234520547092,0.168623998761177,0.539686832257919,0.0921794216639827,269
1726744768658888400,8.089214213463663,0.8155255250126123,1.7958990823984144,1.303388390802592,-8.205977137103677,-5.208982602033019,0.6730896830558777,0.8696357607841492,-0.8044642806053162,0.4837900056237761,-0.85807329553918,-0.1711561357014299,0.0190535190832091,-1.5095239877700806,1.260089635848999,2.050668716430664,-3.594501578536629,5.616242383453249,-3.209235017737746,0.1020659059286117,-0.3885053694248199,-1.092504875702411,0.1725400686264038,-0.4824489144498482,0.2394850844779983,270
1726744768698654000,6.600748510599136,2.2381477596133945,1.36777713021338,1.8744266756683587,-8.305355795222521,-4.866005907692015,1.080105185508728,0.5702188014984131,-1.7395577430725098,0.5018897834851971,-0.8448600776823307,-0.1852260901854238,-0.0030846310079247,-1.4523022174835205,1.2331141233444214,2.652047634124756,-3.371867712149024,4.880498835685849,-2.1460843929439783,0.1650750041007995,0.2121328711509704,-0.8317159045740962,0.3340190351009369,-0.800755241382122,0.2820385155091993,271
1726744768738419700,6.104192489135265,0.9756950441807508,0.1793409603670239,2.671903041510284,-8.304794654208422,-4.4790275745391845,1.136398196220398,-0.3036870062351227,-2.878079414367676,0.5205770360225339,-0.8240995646599198,-0.2218710458182094,-0.0251525126343876,-2.2093307971954346,1.1723830699920654,3.026487112045288,-4.109172517883778,4.96195897527635,-1.832542321271449,0.1908345818519592,0.2004786878824234,-0.7641885018114,0.3931134939193725,-0.5868169418212026,0.039527594103734,272
1726744768778185700,4.9617473783522845,-0.81618252761662,0.1375330322071909,3.638673313218355,-8.088450827875732,-4.184181581638753,1.3362627029418943,-1.246387600898743,-3.7843759059906006,0.5337975365523004,-0.794806643877572,-0.2856856342460419,-0.0415477381926957,-2.332316875457764,0.822812557220459,3.475632905960083,-5.414213498198985,1.888685794906318,-0.6695528735011815,0.1615519374608993,0.141489490866661,0.050131748197833,0.2948336601257324,-0.5164854779558256,-0.3686833825275302,273
1726744768817951200,3.5678526410639284,-2.909682162320613,0.1178162320852279,4.677328963702917,-7.6456041847676035,-3.979663217656314,1.4240642786026,-1.4899086952209473,-4.2019572257995605,0.5424117772567886,-0.7548007381218879,-0.3649413665924215,-0.0536948443082076,-2.1804399490356445,0.3927346467971802,3.5839810371398926,-5.704628522914648,-0.547075371606648,0.5757136562656611,0.1209446787834167,0.1318927556276321,-0.4898410339951515,0.0845790952444076,-0.7024463313866406,-0.7027562010534107,274
1726744768857705000,1.341893916416168,-3.7094308570086953,0.1063391447812318,5.684937734016776,-6.993696858072281,-3.8652348744437095,1.149974703788757,-1.0914283990859983,-4.004363536834717,0.5460655492736244,-0.7086561393231957,-0.4414505777282821,-0.0688489115098507,-1.3393759727478027,0.3050362765789032,3.716785907745361,-3.5873821019202468,-3.011179712289572,1.3173703005343675,0.1385875344276428,0.1369844377040863,-0.3125857573283836,-0.2252459228038787,-0.5302423467600718,-0.705707013683021,275
1726744768897469700,-0.3883563435077667,-3.981960680943727,-0.0945890857547521,6.542051991480588,-6.211501355731487,-3.845668004186451,0.5348075032234192,-0.5994133949279785,-3.471974849700928,0.5439108312691151,-0.665459940756123,-0.503227152209216,-0.0899244756567916,-1.1092545986175537,0.1716460287570953,3.3731768131256104,-2.9181647439837453,-4.736540154345334,1.1247113011717795,0.1680627167224884,0.0277199763804674,-1.0479024214532229,-0.4262526631355285,-0.4379715113524347,-0.2356769974319264,276
1726744768937235500,-1.780873947224021,-3.515439147737622,0.1531190161347389,7.229478375324606,-5.375279079648852,-3.874456291775405,-0.0142391473054885,-0.1029081866145134,-2.891667366027832,0.5372993807393287,-0.6298500855267957,-0.5484807783989897,-0.1173333790140448,-1.1049045324325562,0.0163454450666904,2.867325782775879,-1.7992127369910478,-6.1102317692995065,0.8910334782004355,0.1951587796211242,-0.064810611307621,-1.3895773124806583,-0.3653577268123626,-0.4031552687108516,0.3556791221888735,277
1726744768977001200,-2.932484361237288,-3.427293246772885,0.5452297437399626,7.749768908119202,-4.555573930864036,-3.918959742629528,-0.5306208729743958,0.1409369707107544,-2.304924964904785,0.5273544823131697,-0.6036531117136893,-0.5791495964109331,-0.1486136662059458,-1.028674840927124,-0.0568743869662284,2.2232325077056885,-0.4254313979268074,-6.988734267228842,0.9470102169662712,0.2223929017782211,-0.2264341861009597,-1.1168714013263583,-0.1368855237960815,-0.1883752576287835,0.6142815795909613,278
1726744769016766700,-3.4468636241614816,-3.835530056531727,1.1948504208028317,8.125283305710553,-3.800477155590057,-3.963145505836606,-0.673111081123352,0.2060909420251846,-1.8603835105896,0.515342067171332,-0.5852919887006739,-0.5995810795244366,-0.1798842319903586,-0.8782263994216919,-0.0680200383067131,1.6168570518493652,0.4759837735563516,-7.943972214314341,1.030046154506132,0.2442336827516555,-0.3114115297794342,-0.5160692253051326,0.0638019442558288,-0.2138561011701822,0.530670107185468,279
1726744769056532700,-3.1371535318672654,-5.636670838975906,1.1060124459207057,8.396466391211748,-3.1401728796884414,-3.976061393772065,-0.5190402865409851,0.2515349984169006,-1.568034529685974,0.5043427848405042,-0.5699499021943568,-0.6147193062634702,-0.2071610015901379,-0.7192668318748474,0.037165880203247,0.9893110394477844,0.332068054574728,-9.172832456746695,0.925460648459196,0.214967742562294,-0.1614814847707748,1.1707992447383702,0.1590602993965149,-0.4052735395064577,0.2744417037046514,280
1726744769096298500,-4.018289300909638,-7.188547229999303,0.9054401892155408,8.60198662571311,-2.6133140744194385,-3.9174952230349183,-0.316345602273941,0.4134911596775055,-1.0844440460205078,0.4976173547102089,-0.555941240906109,-0.6250328047765148,-0.2294344791391529,-0.173971027135849,0.0339108034968376,0.2869815528392792,-0.8780436482459306,-10.164830985474586,1.0847714319061488,0.0696770995855331,-0.0141022494062781,1.3884646750636398,0.2555250823497772,-0.4762820623831823,0.2542554411737248,281
1726744769137309200,-5.989516893163323,-6.739709237521886,1.1150751655593514,8.761104005479812,-2.3398514996789395,-3.733433371625841,-0.2229895591735839,0.7661728858947754,-0.2254267185926437,0.4992001798706991,-0.5470013009774137,-0.6254132266723985,-0.2458597176483397,0.2104762494564056,0.1217650771141052,-0.7745707035064697,-0.4077139549285173,-10.010072969961168,1.2370593309789897,-0.0416021607816219,0.2192148268222808,2.292709370884299,0.275874525308609,-0.265448048980534,-0.0420299688461003,282
1726744769177057800,-7.359156310117244,-7.062571072334051,0.586009205634892,8.821114529806374,-2.452884150749445,-3.5130694959968327,-0.2133314609527588,0.5489766597747803,1.168514609336853,0.507195580876839,-0.5512474530433664,-0.6125707701055371,-0.2522614357333527,0.4439180493354797,0.1365565508604049,-2.002259492874145,-1.2219488556087017,-8.768611604630946,1.7575287274718283,-0.1298896074295044,0.1849405467510223,0.617509090270102,0.246791660785675,-0.0558758539409376,-0.014629530302796,283
1726744769216822500,-6.464411702439189,-5.59542872800529,0.8944368569031357,8.665580853745341,-3.1136288638949394,-3.373931658941507,0.2992778718471527,0.3038490712642669,2.4787628650665283,0.5213272563936291,-0.5716777798627797,-0.5875433285199497,-0.237055391323027,0.7697640657424927,-0.0011418301146477,-2.9690544605255127,-1.293273385632038,-7.063759989857673,1.6520213573396203,-0.1637470871210098,0.0095489453524351,-0.6185748928707092,0.2750524580478668,0.6206562291894108,0.0882416164241731,284
1726744769256587500,-4.034441978809237,-3.91610259963274,0.0382230554103851,8.309737955829501,-4.109710278022289,-3.198270556131005,0.5767825245857239,0.2312760353088379,2.908499002456665,0.542707368307207,-0.596439238197863,-0.5543705034580523,-0.205918340122765,1.7239466905593872,0.0607767179608345,-3.5422701835632324,-1.6711580194860696,-5.48136395740807,1.4138035528510808,-0.0903658345341682,-0.2405654191970825,1.0545323609869923,0.2486736178398132,0.8432111851219087,0.0084447469996841,285
1726744769296352500,-1.9530524686157704,-4.047589629673958,-1.499582140162587,7.766023877349496,-5.110679464191198,-3.120927204209566,0.3703638613224029,-0.3124793469905853,2.904679775238037,0.5591459979258483,-0.622596721509109,-0.5210530974590218,-0.1680257151114139,3.210216760635376,-0.3253248631954193,-3.631847381591797,-5.100259192463756,-4.806686872760952,1.18496213706024,-0.0394503697752952,-0.0905656889081001,-0.6188679575331508,0.0460073500871658,-0.0620476790102431,-0.6392888873364776,286
1726744769336117500,-0.3867454011797904,-3.2628923736453053,-1.646593487071991,7.077641215693951,-5.988901391613483,-3.195380095386505,0.236260175704956,-0.5488108396530151,2.7785868644714355,0.5665031189423685,-0.6492431561348883,-0.4913271564488473,-0.1271032373533133,3.8569681644439697,-0.6729351282119751,-3.69542384147644,-5.924277820533514,-3.392792134495079,-0.0471370142281055,-0.0051989825442433,-0.0020508675370365,-0.6240226368825882,-0.2450515180826187,-0.0251125034193508,-0.5340154720906168,287
1726744769375882500,0.2933832268714905,-2.646981073960662,-1.3978992967545985,6.302193434047698,-6.752953334498405,-3.2939877691328525,0.025025188922882,-0.3905301094055176,2.877078056335449,0.569527185837484,-0.675411016112357,-0.4601810479670333,-0.0877048741856052,4.141877174377441,-1.2602946758270264,-3.72439217567444,-7.319077982228994,-0.7819076253101229,-1.3691449114352463,0.029077224433422,0.2397049069404602,-1.152610823227465,-0.3520069718360901,-0.1090193237759172,-0.4137166659420356,288
1726744769415647500,1.1626590467721225,-1.7378075434356928,-1.09068365162462,5.415858342796564,-7.457721313765645,-3.349812239946425,0.0368721783161163,-0.1163676530122757,3.099695920944214,0.571595962685059,-0.7020138736842476,-0.4218642048266983,-0.0498509231753605,3.330678701400757,-1.7284198999404907,-3.488241672515869,-6.464922574570775,1.6595561367586251,-3.04111541634798,-0.0109911868348717,0.3102411329746246,-1.018067620486021,-0.4674872159957886,0.203229456683062,-0.4975146738955751,289
1726744769455412500,2.667592777095735,-0.5944891569495201,-1.2127815065518022,4.461592455613613,-8.065937382772564,-3.3474253448098894,-0.0538700371980667,0.1239916831254959,3.054921865463257,0.5736826618284359,-0.7265621247797521,-0.3778606489074995,-0.0147348748511535,2.0913219451904297,-1.9575978517532349,-3.052892208099365,-5.073970904996991,3.0157708394721148,-4.236268619489669,-0.0860399901866912,0.2841216027736664,-1.1375170067310332,-0.5341708660125732,0.5182368882004171,-0.3856268089460208,290
1726744769495177200,3.555195988586545,0.0835159030765295,-1.1695105201020837,3.4689416004568336,-8.5369912987113,-3.35508053573817,-0.2644143998622894,0.4138352870941162,3.157937526702881,0.5733145115695779,-0.7501533815802502,-0.3291373617664487,0.0157733404448709,0.9659668803215028,-1.9045528173446653,-2.520939588546753,-3.4182647216647863,3.871486043792963,-4.975329328981042,-0.1796627193689346,0.0351020209491252,-1.2187214179947972,-0.4806288182735443,0.8397816490646451,0.0429603952637407,291
1726744769534942500,5.354701571044325,0.869885476231575,-0.7955749161347746,2.4623665571048856,-8.84691591053903,-3.440814991647005,-0.572320282459259,0.6095992922782898,2.975995779037476,0.5682542428572944,-0.7739981653691839,-0.2763323806432987,0.0406736054873766,0.0828181579709053,-1.6984552145004272,-1.8599159717559808,-2.424281741121411,4.63601203393042,-5.847656353145838,-0.1906981468200683,-0.0238853655755519,-1.1950298690229653,-0.2279504388570785,0.713729430488497,0.2329666242283768,292
1726744769574707200,7.32596598817706,1.1781295876264573,-0.0948936216592788,1.5860004866823554,-8.975296206736564,-3.619261341261864,-0.6960725784301758,0.6718255281448364,2.406597852706909,0.5586949691387189,-0.7956417078718142,-0.2269035925435442,0.0576972988289543,-0.2501454055309295,-1.141570806503296,-1.2091798782348633,-1.3944634770870208,5.011314834597706,-5.841223105227947,-0.1398994922637939,0.0721722841262817,0.9614116672843694,-0.1543325334787368,0.9443063648350536,-0.1518109657434746,293
1726744769614472200,9.248133489185571,-0.0137181442290544,0.2459919456213712,0.9505671787954866,-8.969328238242865,-3.849415374021232,-0.7351851463317871,0.6415736675262451,1.716259241104126,0.5470333060927617,-0.8129325593375404,-0.1881654023660392,0.067001009627114,-0.4515344500541687,-0.7181854248046875,-0.3781388103961944,-3.070505761483312,4.753069556602836,-6.132495623555779,-0.1211639568209648,-0.130407840013504,1.458324539361894,-0.1151758730411529,1.1836712935321032,-0.0337343291563913,294
1726744769654237200,9.503000230658056,0.2355149752706289,2.12677763492763,0.5713511136746033,-8.921976119959353,-4.030167662490904,-0.3730924427509308,1.3163421154022217,1.1079387664794922,0.5386594540784175,-0.8254440116490391,-0.155317592917976,0.0660644316631977,-1.3848779201507568,-0.3136934041976928,0.2751541435718536,-3.094504476708173,5.694595789200068,-6.951721172130108,-0.0570784732699394,0.059806440025568,2.4064549925297496,-0.0254886802285909,0.6635587476529181,-0.1933877885611727,295
1726744769694002200,10.633831476014851,0.2280056225538253,2.4257392464533445,0.6901438261091709,-8.90115018955171,-4.057537607714534,-0.0097535233944654,1.7463797330856323,-0.4573998153209686,0.5396559105985216,-0.8303052035307757,-0.1321745328648981,0.043527638131636,-1.98170268535614,0.5900207161903381,0.9148339033126832,-3.309432591024041,5.732137876608968,-5.970827390262484,-0.0995460152626037,-0.2559228539466858,1.4536759829036892,-0.1038428917527198,0.4969269736681133,-0.1397592386229895,296
1726744769733766100,8.210084572422504,0.3243196324050426,2.378745147827268,1.3869231447100638,-8.896310932826996,-3.886194952625036,0.5784789323806763,1.905419111251831,-1.6516419649124146,0.5494162748165737,-0.8253326997945798,-0.1302563963228031,0.0010318050487569,-1.526597023010254,1.03281569480896,1.894674181938172,-4.116604129189253,4.491799962350726,-3.774229200133681,-0.1170620322227478,-0.3863135278224945,-0.074091939776903,0.0607613027095794,0.1766353729364462,0.5425039720378816,297
1726744769773531000,6.4799477097451685,1.345181852045655,1.4755357864037155,2.360193007570505,-8.861628326502442,-3.47439402064383,1.062760353088379,1.0302892923355105,-2.651822566986084,0.5663873494372648,-0.8095458152717562,-0.1475817384571041,-0.0453932632578381,-0.9580128192901612,1.218736171722412,2.3915836811065674,-2.5669687950909137,4.016566130378842,-1.381727037371695,0.0305438935756683,-0.1038066446781158,0.3261742107631638,0.3781232833862304,-0.3148869834754615,0.6265233676571399,298
1726744769813296000,5.793878001207113,-1.573139543804526,0.31291999425143,3.5575749926775693,-8.607455412513017,-3.0701421888679263,0.9636437296867372,-0.2963728606700897,-3.8187415599823,0.5798411176208458,-0.7858502004614444,-0.1974161957711925,-0.0851508529011903,-1.1189719438552856,1.4231919050216677,2.6839818954467773,-3.2860797724872826,3.732054776749015,-1.6477230756238102,0.1225905939936637,0.0165601149201393,-0.4809103432383388,0.3689674437046051,-0.819312423140183,-0.0863181101488415,299
1726744769853060000,2.881811281837523,-3.59545201112926,1.8853823694467544,4.874803546653688,-8.025703572061657,-2.8275013072401283,0.9107178449630736,-0.2451807707548141,-4.251771926879883,0.5837774654210981,-0.7569816904078371,-0.2667230172240966,-0.1226435609941392,-1.4170821905136108,0.9449402093887328,2.8709826469421387,-4.705338668134808,1.5695052789553998,-0.555973256072402,0.172145128250122,0.1402900367975235,-0.7773476239182054,0.1822413653135299,-0.8617785229478031,-0.2619180847560987,300
1726744769892824800,-1.1179214949011802,-5.822499115535616,2.369576045204699,6.153675189706683,-7.222009354618192,-2.478960256770253,1.0682320594787598,0.816520094871521,-3.803508281707764,0.587593645310451,-0.7204973637088181,-0.3275291648833289,-0.1683504431860358,-2.279975652694702,0.6055203676223755,2.773443937301636,-3.111740273669362,1.1277119442924857,0.3839173381470143,0.2337128967046737,0.1720841079950332,-1.0106647238183766,0.0900851488113403,-0.5872182526310905,-0.1814904665511101,301
1726744769932589800,-6.527487459555268,-4.660960012704134,1.330828917044401,7.130826277914643,-6.482551754763722,-1.816103373776376,1.3472635746002195,1.208243727684021,-2.4871366024017334,0.6012069910487956,-0.6790516000910569,-0.3626078145952933,-0.2143704481445962,-2.4311230182647705,0.3192242383956909,2.6851353645324707,-2.2260370505809783,-0.3686360362544655,1.0005261185765266,0.2360621392726898,0.169671893119812,-1.003244364559278,-0.0242523942142725,-0.6251238030575216,-0.3316154154364019,302
1726744769972354800,-8.572149121332169,-4.531458603522181,-0.95885555306077,7.559102543878555,-6.089669458264112,-1.395093591684103,1.7097373008728027,-0.827641487121582,-0.8732917904853821,0.6145169484534803,-0.6483086785615659,-0.38836301837866,-0.2263602385077779,-1.8804429769515991,0.2333600521087646,2.745777606964112,-2.003707135576009,-2.1173038502700625,0.923850802109763,0.1861557364463806,0.132142573595047,-1.1753325042538345,-0.1602420061826706,-0.5824929411422461,-0.410756062570773,303
1726744770012119800,-6.924967020717263,-3.499183593985438,0.9697921037472784,7.574991602405905,-6.111290338441729,-1.2008319063652306,2.6440885066986084,-1.0588902235031128,0.2115705460309982,0.6319813874475699,-0.6234527320120262,-0.4153698083189407,-0.1984290062666393,-1.216150999069214,0.0577505156397819,2.8869903087615967,-2.081596430942416,-3.5412802759587763,0.9609271717030554,0.1483685672283172,0.086435854434967,-1.059378558909148,-0.159820556640625,-0.3607369535677134,0.1321925479620695,304
1726744770051884500,-4.510242797014117,-4.473505596247315,0.6584943769354373,7.3855287687361235,-6.413676955980062,-0.6993451505009085,2.898509740829468,-0.1429538875818252,1.0335251092910769,0.6628692983834557,-0.594902607353551,-0.4263186237243182,-0.1579479284686131,-0.9668129682540894,0.0566365160048007,2.784259080886841,-0.9147264884769916,-4.622686688411235,0.8342681463401764,0.1731298714876175,-0.0675051137804985,-0.9345818202868104,-0.0801955386996269,-0.2787551099243573,0.3534785068720579,305
1726744770091649800,-2.3176748853147027,-2.373102173504233,-0.2138455615098588,7.062085334643721,-6.802526051440835,0.1515966654056683,2.361424446105957,0.7770664691925049,1.254873514175415,0.7017096848189609,-0.567154767052236,-0.413045023173097,-0.1238259108707303,-0.7547736763954163,0.0996313840150833,2.440376043319702,-0.2429413258790969,-5.814364324396848,1.10721656101346,0.1733982414007187,0.1303353756666183,-0.1368736641161609,0.0477220639586448,-0.7685567069582641,0.3552943241223693,306
1726744770132656600,2.04374863858521,-1.537798181310296,-1.3353472712516783,6.894854791048169,-6.929146936750412,0.7863269030570983,1.6536749601364136,-0.0169650763273239,-0.1965913772583007,0.7275392047207107,-0.5434771212654484,-0.4056366648194409,-0.1038188536546009,-0.6449337601661682,0.2071323245763778,1.926257610321045,-1.1923644492059946,-6.896990049511194,1.0679483804643153,0.0414660908281803,0.1775146722793579,1.1883332209285349,0.1419710963964462,-0.4620390905624255,0.1906712230788543,307
1726744770172428300,1.9769950697392225,-2.603520117896795,-0.8136760977536439,7.017870929864048,-6.749877580314874,1.1657733794003724,1.4547843933105469,0.0282263569533824,-0.435659795999527,0.741877336390288,-0.51724412080943,-0.4159574725546514,-0.0951628626448105,-0.5380240678787231,0.0020111927296966,1.265258550643921,-2.47480664422214,-8.099803412017225,1.386615101674199,-0.0366882048547267,0.0886870697140693,1.5286144656404852,0.210033893585205,-0.0159480039066635,0.0734733923200285,308
1726744770212193800,3.3364421785026788,-0.6070972941100597,-1.9319407070040704,7.186822305902838,-6.486622949725389,1.5632335052095352,1.0714980363845823,0.0773302614688873,-1.1244419813156128,0.7550605094742325,-0.4926572580356196,-0.4214096530890573,-0.0979102104075792,-0.3786815404891968,0.0929714068770408,0.2129040211439132,-0.8423685237526893,-8.428609249925612,1.6928087102800606,-0.1415490955114364,0.0271853636950254,2.2909959910951554,0.1863562613725662,0.143423715947289,-0.3720053665570914,309
1726744770251958800,2.766070394721627,1.348857910209894,-3.92757150363028,7.659780009636282,-5.907118595939874,1.613725382823497,0.5594228506088257,-1.2935396432876587,-2.2421891689300537,0.7548664259731798,-0.4652990923797772,-0.448575143905849,-0.1115965437207021,0.5227071046829224,-0.0149441948160529,-0.868511438369751,-0.5634890385299921,-8.315187453407049,2.478300916078686,-0.2838328182697296,-0.1675452142953872,0.5453642568398267,0.180668219923973,0.6989255368493497,-0.3944988648507744,310
1726744770291724300,-1.8355004404246809,1.2927303647965191,-2.404720716083049,8.215149454596638,-5.216975938874483,1.2103133628726004,-0.3644358515739441,-0.9276220202445984,-1.921757698059082,0.7380258781865461,-0.4467860086993022,-0.4885421711520213,-0.1304859429294687,1.4429466724395752,-4.48207429144e-05,-1.9442318677902224,0.8820669124126433,-6.886639335888624,1.823388562348485,-0.2966363430023193,-0.1596306264400482,0.6936966232199221,0.1897467672824859,0.6377054175373167,-0.6515135781373829,311
1726744770331489500,-3.99859208227098,-0.4641454517245292,-1.5065962567083535,8.539496559530496,-4.727232520034909,0.9490464720342308,-1.3712223768234253,0.016519334167242,-1.1412323713302612,0.723126256695781,-0.4445462084946732,-0.5039749636870433,-0.1596135985850094,2.162571907043457,-0.0287271719425916,-2.505753993988037,-0.062568976637721,-5.961741582009196,1.3516022404819723,-0.3919406831264496,-0.2036228328943252,-0.1056397460739128,0.0344440154731273,0.20514599436149,-1.2428266623340547,312
1726744770371254800,-4.156439295971393,-0.2229629522114992,-2.357872455668449,8.684023688408733,-4.5356619004309175,0.4311383408641442,-1.86138916015625,-1.600475192070007,-0.4398343563079834,0.6993635789041355,-0.4636311005634984,-0.5128979083001829,-0.1813076362032849,3.112924575805664,-0.4359896779060364,-2.744157075881958,-1.5173480984777212,-4.553404185609519,1.0211953240524976,-0.424529880285263,-0.1874105483293533,-0.1793122822618111,-0.2512914836406708,0.3122643068216741,-1.2509104539379476,313
1726744770411020000,-0.65042088752985,-1.2966273722350596,-0.0249532394707202,8.766614877855778,-4.354287096148729,-0.597539630561322,-1.6344389915466309,-2.068798303604126,-0.5610888600349426,0.659018519260709,-0.4902739878548621,-0.5386069617190355,-0.1876930376190714,3.486212968826294,-0.7647314071655273,-2.7412142753601074,-1.7971435295015572,-3.1431665085464715,0.5779998675066977,-0.3697865605354309,-0.0805409997701644,-1.3862639501489695,-0.3983531594276428,-0.0078649189806019,-0.7446617443688214,314
1726744770450785300,0.7475035436660051,0.4855789926365018,1.0062288602627814,8.78770325859189,-4.085260604159534,-1.5024270081996918,-1.043880820274353,-1.7205134630203247,-0.7433987259864807,0.6219817787897602,-0.508256834356468,-0.5641608346781272,-0.1911443574553844,3.2439284324646,-1.1756399869918823,-2.629486322402954,-2.3621797974735497,-1.6274861971504986,-0.5608170428417623,-0.3183521628379822,0.1977916061878204,-1.7160469625264403,-0.2860960066318512,0.0564977806649869,0.016379499792261,315
1726744770490550500,0.4461415930002927,-1.3751537964612244,1.1044355519928035,8.79667333151102,-3.841960674101114,-2.007049285610765,-0.9650439620018004,-0.299416035413742,0.0696803331375122,0.5991079263005117,-0.5170934005759467,-0.5787447214239643,-0.1968212786996726,2.528571844100952,-1.4558769464492798,-2.473865270614624,-2.880235703083873,-0.2987538139939308,-1.8828497822292147,-0.2595138549804687,0.2027902901172638,-1.6794991468518972,-0.0713328719139099,0.5991756707979365,0.2825420080519281,316
1726744770530315800,0.8421201019495725,-1.4635563025355338,0.1684779133081436,8.716730026224255,-3.976069577078521,-2.0928177899196743,-1.699976086616516,0.4820468723773956,1.090202808380127,0.5913103484061666,-0.5408726842049597,-0.5605004440476159,-0.2089213146990468,1.6740916967391968,-1.713395357131958,-2.326188564300537,-3.122688368663192,0.5549725545972586,-2.982797959674895,-0.1908977925777435,0.2373413294553756,-1.5511621052742004,0.1881818175315857,0.650701604167372,0.4310506625806912,317
1726744770570080000,2.088741042000055,-1.542813086862862,2.3668789150752128,8.51831933146715,-4.291856066676974,-2.277844833099097,0.3981234729290008,-0.5793552398681641,1.0999813079833984,0.5853547495277015,-0.5634029020503923,-0.5465481981475554,-0.2030320492055846,0.4754972755908966,-1.767075777053833,-2.254659652709961,-2.663400878363848,1.8497531299218533,-4.33032958971709,-0.1636704057455063,0.1748578697443008,-0.930883111899346,0.3062644600868225,0.9843842543318868,0.1300321733240969,318
1726744770609845500,1.7606226018339397,-1.2823840350881217,1.897348993833363,8.275121400478481,-4.869666476026177,-1.994761904837191,2.407029867172241,0.6138749718666077,1.6115682125091553,0.607337082618908,-0.5603396437068099,-0.5363991404443684,-0.1715721506152208,-0.3425477743148803,-1.6229127645492554,-1.9850777387619016,-2.2786428516089914,2.8387150674328208,-4.862413143897056,-0.1732826232910156,0.2553153932094574,0.2005846960616298,0.3045029640197754,0.8219494205802679,-0.0015146726002247,319
1726744770649610800,2.4522879384219647,-1.003921606233716,-1.316219523064047,8.061250686261058,-5.457430124112963,-1.1845244032301008,2.2248353958129883,0.7012948393821716,0.7902036905288696,0.6484951498291815,-0.5395470226061844,-0.5189247988601936,-0.1380587742621429,-0.8367180824279785,-1.1478546857833862,-1.533552169799805,-2.829316832229495,3.5257857697069643,-5.105704013866186,-0.1155612096190452,0.071691520512104,1.6687138412043452,0.3102635443210602,1.2285849326223135,0.3685354619568213,320
1726744770689376000,1.2339689637482163,-1.337177409288287,-1.7669056276261803,7.943904994297027,-5.724071474531293,-0.5475392627913505,1.4699212312698364,1.2852919101715088,0.948604702949524,0.6767847270280568,-0.5200755229489058,-0.5073836647540951,-0.118515340289227,-1.1742106676101685,-0.8766686916351318,-0.7034088373184204,-4.317421300566196,4.22684963375926,-5.762388053444028,-0.0408816896378994,-0.0372417457401752,1.9693938009552656,0.315163791179657,0.8004404763445258,0.2825641102858819,321
1726744770729141200,1.9411609552919864,-2.728375162577629,-2.3606185395061967,7.56082805249691,-6.234768249550461,0.3632559871839359,0.8885887861251831,2.301976442337036,2.1197714805603027,0.712407489909238,-0.5147104678983785,-0.4653517302640726,-0.1048645372877312,-1.2933940887451172,0.1363161504268646,-0.0646871179342269,-2.692448109149933,5.634181944769621,-5.089621478593349,0.0341439433395862,-0.272958904504776,1.9493297948308288,0.2054399698972702,0.5545111476305872,-0.013723879850097,322
1726744770768906500,8.714179172697662,-0.2327846735239029,-2.281271446546912,7.296895376515388,-6.493425615477562,0.872433480213955,0.7708728909492493,0.690044105052948,-0.4510172307491302,0.7314026532515779,-0.5114407047800575,-0.4403937770614277,-0.097631961490847,-0.3236744999885559,0.5879942178726196,0.758547842502594,-4.157175209030509,5.568585144743323,-3.520685523958504,0.1017674431204795,-0.2828761041164398,0.021138517187885,0.0699481293559074,0.0574201151077169,-0.0103987106328946,323
1726744770808672000,0.6583721387952566,-2.449030982452631,1.6171948124997315,7.336914083170891,-6.296089271953702,1.6429596606142818,1.0911794900894165,2.455354690551758,-0.2799203097820282,0.7555212436629514,-0.488394288925827,-0.4215487938943453,-0.1138208476197759,0.2803245782852173,1.3101937770843506,1.3018351793289185,-1.333203244960308,5.815963576287031,-2.564070151039958,0.1558250486850738,0.1304786801338195,0.6136727269776165,0.1350038051605224,-0.2191890962285921,0.0459659154889639,324
1726744770848435200,-2.7633599667191504,-2.845373064017296,0.808864313557744,6.994512850630283,-6.325766032814979,2.689213949534297,0.8528504967689514,3.499204397201538,0.8717500567436218,0.7879888114817156,-0.4701146147837764,-0.3766702837001331,-0.1272220327173438,0.2368540614843368,1.381887435913086,1.84052574634552,-3.020608050370216,5.040898071956634,-2.3619430661082266,0.1340685188770294,0.1207673102617263,0.1245840822523459,0.1090050712227821,-0.3288117927251383,-0.080656878649909,325
1726744770888200400,-2.00945064766407,-1.4060159677147863,1.7210957703486085,6.290731544312834,-6.401026148721575,3.95271295914948,1.0558239221572876,3.7373721599578857,0.6787829399108887,0.8248585549886901,-0.4502098687477988,-0.3094815122732579,-0.1453978868703575,-0.3296974897384643,1.4017544984817505,2.328131675720215,-2.583682029482722,3.723234633694589,-2.0952099457532167,0.0911502540111541,0.0286158304661512,-0.2117043664963915,-0.0111087365075945,-0.3077014924181625,-0.4007408645128831,326
1726744770927965700,-5.272187538486719,0.2431190205335616,-1.7041648015528916,5.634310539585352,-6.368683968043327,4.885160690017044,1.4105920791625977,1.4027516841888428,1.0862376689910889,0.852982986035922,-0.4259797518026412,-0.2635666328568988,-0.1466079693883061,-0.90399432182312,1.2209577560424805,2.647822618484497,-2.2188287266373634,2.10288705625236,-1.513092486859858,0.0905321910977363,-0.0844633355736732,-1.1521152947954834,-0.1831599920988083,-0.0947616567095275,-0.4221795199913903,327
1726744770967731000,-7.810985885626077,0.749682056748867,-4.907023854517936,5.101348156744241,-6.495017268583178,5.28785155608654,0.1115807294845581,0.6861624717712402,1.9657024145126345,0.8688061555977008,-0.414927489486842,-0.2413084607138526,-0.121578093223609,-1.396746039390564,1.1098597049713137,2.6642906665802,-1.0922188983678818,0.7300272159472108,-1.0039362192809582,0.1175449937582016,-0.1821009814739227,-1.327935679820925,-0.1948246657848358,-0.0911658150414936,0.1046150609349831,328
1726744771007496400,1.9314453247025607,6.216466869184375,-9.68087257977724,4.731917170719802,-7.129705164930224,4.790266483835875,-3.2487356662750244,0.7418172359466553,1.4741206169128418,0.8554091860650094,-0.4540745173253771,-0.2226672559346834,-0.1118517314700179,-1.5317035913467407,1.056934118270874,2.6020655632019043,-1.295328564596176,-1.0230676207304,-0.3638660453736781,0.1422207653522491,-0.2237533032894134,-1.6743021627306938,-0.1010220795869827,-0.2596943077594041,0.2339046174645423,329
1726744771047261400,-4.255671823617816,3.7636516920179126,4.041415909475088,3.502246488687396,-8.218063880738615,4.045748385721445,-1.892482042312622,1.6953504085540771,3.6626036167144775,0.8364190907097058,-0.516875450913651,-0.1629846966416374,-0.0817244581306473,-1.3687779903411863,1.0312864780426023,2.4973976612091064,-1.3967939658612012,-2.7825986279353496,0.4552770856142044,0.1957437992095947,-0.0704281851649284,-1.6032992658771574,-0.007937766611576,-0.5334900599770248,0.1452611605075187,330
1726744771087027000,5.056138895708322,3.615941256928444,-0.2164452408805489,2.542607676294446,-8.609796422681212,3.946761065007746,-0.8986743688583374,1.5419328212738037,1.4165537357330322,0.8345108777554745,-0.5352489800357411,-0.1108139020066672,-0.0694284527567555,-0.7986263632774353,1.0927510261535645,2.3272807598114014,-1.186323999997973,-4.197307605193555,1.7655197262257336,0.1592008471488952,-0.1226730719208717,-1.0424279355648904,-0.1072096973657608,-0.4287696024388074,-0.2090162964561954,331
1726744771128286000,0.2381727963030338,1.4960791004776954,1.1550514943778514,1.528299116080999,-8.99412014967203,3.597289163428545,-1.918293833732605,2.5912904739379883,2.332825183868408,0.824333203760837,-0.56023951074462,-0.0521630298434661,-0.0623337928849749,-0.0476365201175212,1.1284407377243042,1.9590134620666504,-0.6434270831197499,-5.537658091560006,2.852466821670532,0.1722471714019775,-0.0011593494564294,0.7992551390174776,-0.1418010890483856,-0.1778860305846668,-0.1336802749023307,332
1726744771167799300,0.3747084880359471,-0.3283107478678226,2.3930574585571884,0.4562293083051219,-9.31014775454998,3.0468679885253307,-1.4364501237869265,1.7840031385421753,1.914948344230652,0.80758869398609,-0.586949419583869,0.0119725650086255,-0.0561038605374491,0.5349158644676208,1.0261249542236328,1.5169895887374878,-2.20895089122355,-6.371417776921391,3.426524600487947,0.0356957912445068,-0.1692564487457275,1.776824671833217,-0.1122009679675102,-0.1349125109778717,0.1151686036532744,333
1726744771207564300,-4.412780201649666,-3.2108973979920146,3.134637165132165,-0.4797709274122491,-9.468046406176686,2.509244335874915,-1.448521375656128,1.0809178352355957,2.309401273727417,0.7915831135920208,-0.6071206960658684,0.0588948313667502,-0.0364979237875189,0.6441099643707275,0.5028629302978516,0.8329920768737793,-2.107937325379252,-6.6440300184428684,4.080640835404396,0.0678478628396987,-0.001946501317434,0.8820826945036649,-0.0022015096619725,-0.1037404883238486,-0.155638634272851,334
1726744771247329500,-1.4876010488592086,-3.460067973649501,5.011552735006809,-1.473278362865746,-9.463534481710196,2.107456556124985,-0.4061329960823059,0.279643714427948,2.192687511444092,0.7793683142693698,-0.6183252078628885,0.1011116039077542,-0.0059627045381059,0.3401069641113281,0.1771360337734222,-0.1245439276099205,-0.8563292445659637,-5.677150148880481,4.489602744567394,0.046370729804039,-0.1327818930149078,0.9410628528691828,-0.0961694940924644,0.1052058938344474,-0.3637106356162577,335
1726744771287094800,4.015066247209906,-0.9711053783029318,2.22760064663589,-1.9030814000055192,-9.377980350804329,2.1452589019052684,-0.0505544804036617,-0.3377798199653625,0.4145625829696655,0.7803799468935451,-0.615443236246779,0.1088662528088315,0.0196169329273377,0.585492730140686,-0.2590900361537933,-0.7841469645500183,-0.3385094857990741,-5.178669881355762,4.991691850239039,0.0106119904667139,-0.1078282222151756,-0.147992055909289,-0.0801150351762771,0.3968631462967023,-0.1203494403572753,336
1726744771326860300,8.24166862820983,1.6549720238387584,-1.7890812190771102,-1.840321723101288,-9.412035765141248,2.0487021693393586,0.0013385214842855,1.0669560432434082,-1.2175562381744385,0.777403825539784,-0.6187224756698156,0.1128173551660942,0.0099004864339134,1.2258055210113523,-0.5617636442184448,-1.3915724754333496,0.6436708287477493,-4.728097027909755,4.252190995764732,0.031872633844614,-0.1228376924991607,1.0167550035174937,0.1621232628822326,0.8363264671094716,0.3522671583209186,337
1726744771366624300,3.596207213410735,-0.7667652934968471,-6.71435852316618,-1.266948127155751,-9.522316341024636,1.9724924976229667,-0.0910968706011772,0.1575484871864318,-2.1245105266571045,0.7745342105361761,-0.6233614651192668,0.1041698486162983,-0.0258064262685507,2.05802321434021,-1.0301878452301023,-1.569374918937683,-0.7866179949581623,-4.34006363274604,3.115307610762119,-0.008522211574018,-0.1930038630962371,-0.2269152883001603,0.2268314659595489,0.4802727029219269,-0.4287803795611485,338
1726744771406389800,-0.0384245556321227,-0.3892109145104885,-3.479534598402678,0.04964723435021,-9.570517185091973,2.138481955116242,0.9011629819869996,-4.462103843688965,-4.085758686065674,0.778708473036852,-0.6241201417389041,0.0379712389957354,-0.0514321328149456,2.4713070392608643,-1.4206966161727903,-1.6469106674194336,-1.411964646986127,-3.024520839899778,1.6935808636963363,-0.021895844489336,-0.0601090118288993,-0.0639779118538834,-0.0099915126338601,0.4186151785733178,-1.1083343860622494,339
1726744771446154800,-0.3006535101354122,-2.442998132029176,0.2026782890737056,2.456931380313635,-9.225592571553587,2.2410534179270267,1.6188781261444092,-8.758992195129395,-5.062567234039307,0.7828613884842361,-0.6070834052246893,-0.1311022991099383,-0.0372826947166285,2.4117140769958496,-1.736451506614685,-1.8163187503814693,-2.3688439315378664,-1.789480739788711,1.1830384024560452,-0.0916415676474571,0.0832158997654914,-0.7766302694290876,-0.359359860420227,0.2262821414957754,-1.246506081499159,340
1726744771485920300,-0.9831094120904804,-3.707150637117028,1.88417942339778,4.529221053728461,-8.497292325529456,1.858107409030199,2.236133813858032,-5.373080730438232,-2.677398204803467,0.7711913786540078,-0.5621613405554341,-0.2987264869363494,-0.0009796504593107,1.8348952531814573,-2.088343381881714,-1.9219191074371336,-3.0186271056860683,-0.8153326327890157,0.349297860186547,-0.1480420976877212,0.2885199785232544,-1.426378664524853,-0.4388836324214935,0.1164799237138591,-0.3424505150424316,341
1726744771525685500,1.4799942271173,-1.6030273170679807,1.5992375693961978,5.247713606965542,-8.057427913102508,1.9260750298410647,1.8471951484680176,-2.7314014434814453,-0.7714771628379822,0.7729582559183282,-0.5186757372153101,-0.3643802742374873,0.0271688311175496,0.6848510503768921,-2.182413101196289,-2.163779020309448,-2.359952184551954,0.1022768637783825,-1.225870412966609,-0.1467852890491485,0.3816496431827545,-1.5101966192878782,-0.3456032276153564,0.3523543251477182,-0.0041608020531915,342
1726744771565450800,0.5897469308584928,0.7966554048478602,1.2014625324189665,5.849159158924222,-7.689861259645223,1.6804082245208325,2.135714530944824,-3.763089179992676,-1.330451250076294,0.7628599999438456,-0.4796228169332292,-0.4292842622909789,0.0610055784976868,-0.0141557939350605,-2.1417880058288574,-2.318974494934082,-2.010399911212921,0.8124971171021461,-2.808106578679382,-0.1149398684501648,0.2989955246448517,-1.3315027246527371,-0.3446064293384552,0.5499584162296727,0.1007892829685937,343
1726744771605216000,1.4691227044910191,3.026253362780809,-0.7030833871811628,6.458377682971954,-7.217752281695604,1.5374628118760882,1.6729884147644043,-2.5747406482696533,-1.612752914428711,0.7555801418494147,-0.4314789742705002,-0.4852186212902962,0.086530101374115,-0.1325721889734268,-1.936899185180664,-2.232127904891968,-1.3388608323305844,1.4975342677220702,-3.661816288396716,-0.0960860624909401,0.3708375096321106,-1.7583667857311664,-0.2671970725059509,0.450955569153279,0.3533347875524312,344
1726744771644981200,-1.7975591245651243,1.4535107093393802,-0.4237942982442677,6.866083454594016,-6.821759744220972,1.5782481189899145,1.3395724296569824,-0.0237996764481067,-0.4776410460472107,0.7556387216097112,-0.394059557221756,-0.5140513665710469,0.0973565819984781,0.0148657374083995,-1.6589163541793823,-1.8348389863967896,-1.261872285196185,2.0983774698734283,-4.310827601389587,-0.0121887326240539,0.4353481233119964,0.047860574695724,-0.2580596804618835,0.7490927125535904,0.0618719479840016,345
1726744771684746500,-1.965690416392684,2.929717819133401,-3.795368434274197,7.042893727439641,-6.6137950391769404,1.6809889470182358,0.3925693333148956,-1.2080495357513428,-0.8201248049736023,0.759194958368587,-0.377875145917506,-0.5210602561046903,0.0965892054019842,0.0362357422709465,-1.211472511291504,-1.2080180644989014,-1.86116445851326,2.4589669777944683,-4.90602899826169,-0.041057851165533,0.2750428318977356,1.482855169506371,-0.1829722076654434,0.970381813268736,0.3994953214311972,346
1726744771724511700,0.5588543644666671,-0.2335533198088407,-1.7613659675471485,7.446160055309534,-6.250094998019933,1.2889601986080408,0.5406738519668579,-2.444785118103028,-1.6669594049453735,0.7453322441881419,-0.3520691654668623,-0.5570714698620668,0.1009882106772739,-0.6332134008407593,-0.9667142033576964,-0.3950386047363281,-4.096695898148417,2.8397879573613403,-5.819374846035242,0.0963334813714027,0.0721615552902221,1.7145106928698717,0.0893371999263763,1.023463342049718,0.7842589376766235,347
1726744771764277000,4.802123218107223,0.0560258386045694,-1.3247557346105574,8.012243786507845,-5.623592161694169,0.5912318721866234,-0.2310953289270401,-1.8579111099243164,-2.155269861221313,0.7226012678305164,-0.3219251868757505,-0.6051609192689467,0.0893974862868312,-1.6843687295913696,-0.3537480533123016,0.2440771758556366,-2.9222558126896616,3.920458456754684,-6.009139877521991,0.2437794804573059,-0.3429756462574005,3.0461747455641626,-0.0782370343804359,1.2781653944797813,-0.1825480310463346,348
1726744771804042200,4.798920038151741,-0.2835100676327943,0.8119827378392219,8.419169805929064,-5.027278711926937,0.1202596249156631,-0.8108875155448914,-0.404496431350708,-1.3549152612686155,0.7088510135439371,-0.3076600891095957,-0.6318336291430394,0.0605139104960056,-1.7960995435714722,0.3247047662734985,0.79620760679245,-2.7694863406449555,3.8175130460649727,-4.503124489441514,0.291152685880661,-0.3002481460571289,1.1441837711438536,-0.1306124925613403,0.3037774691085331,-0.0714650618720334,349
1726744771843808800,3.6476562456190575,1.2995333228096366,3.964879782283306,8.681284618833661,-4.561034242096543,-0.0514071155956247,-0.2734788656234741,-0.1973248571157455,-1.4188520908355713,0.7043409283925276,-0.297439167952164,-0.6435456275689108,0.0358163488781576,-1.3355532884597778,0.575105607509613,1.1905531883239746,-1.6485814460188148,4.834034606152772,-3.1672710222333667,0.2755747735500335,0.0020686816424131,-0.7470458630263805,0.1044744476675987,-0.5335617735063657,0.5095598434111103,350
1726744771883573800,-3.0809441533893347,-0.4390758923977613,2.2262977473437786,8.874763117885589,-4.166620498245955,-0.2196574809253215,0.3510994017124176,-1.1031887531280518,-0.6935566663742065,0.6988121704980937,-0.2838099804675895,-0.6562402832135931,0.0214992109169881,-1.0608245134353638,1.296239137649536,1.4450844526290894,-1.2436246808439493,4.9973956148386,-2.757519423997402,0.2200913578271865,-0.0681583881378173,0.2012653352695517,0.1945971548557281,-0.5588830425718799,0.3923777445109561,351
1726744771923339000,-4.662462818482518,-1.885692750570178,3.681014909863472,8.93865662112534,-3.9905759490758177,-0.5883050249544903,1.5965807437896729,-1.7786041498184204,-0.6111403703689575,0.6845886592160119,-0.2608178238937781,-0.6796832142098015,0.0366491725152738,-0.7290691137313843,1.1220852136611938,2.0956690311431885,-4.176832680180668,3.783293673337996,-1.775520311236381,0.2716412544250488,0.0075351381674408,-0.1301401454769074,0.208872765302658,-0.5775738971795886,0.373996284645982,352
1726744771963104500,-4.288267686796188,-0.9724816350921988,3.665491177517176,8.961897211459279,-3.916627208028733,-0.7174808189112692,1.030239224433899,-0.0213131085038185,0.3012640178203583,0.678397852961464,-0.2365978420371708,-0.6932552206964403,0.0565231218543906,-1.22623872756958,1.1441137790679932,2.4785091876983643,-2.1895494406610725,3.4307276051357385,-1.607846846178919,0.3313999772071838,-0.2459353953599929,-0.6885250658009201,0.1901586502790451,-0.2347350952056236,0.4528848567154258,353
1726744772002869500,-3.2660312561929223,-1.2585372955545782,1.0141431405186652,8.849309527677297,-4.192311696602403,-0.5335067553834989,0.5544752478599548,0.4649541676044464,1.0596492290496826,0.6834891786139501,-0.2373241735324548,-0.6862058804941195,0.075108521609429,-1.2845457792282104,1.116451859474182,2.653688669204712,-1.1532757168769836,1.9800188014745712,-0.2257398695789277,0.3131192326545715,-0.2947722375392914,-1.3795995238237082,0.1880442053079605,-0.436397466968745,0.2894218124272301,354
1726744772042635000,-2.340108250918984,-1.0407564221560954,0.2781786617432721,8.601992470932005,-4.703531618712842,-0.2299960291860625,0.9767369627952576,0.51438969373703,1.6661145687103271,0.6912149632686009,-0.2474668337176879,-0.6711830601326917,0.1024468628201537,-1.1010019779205322,1.0814930200576782,2.829901695251465,-1.3770534926027058,-0.0629268501646816,0.256520353898406,0.1791212856769561,-0.2570533454418182,-1.3273130178779362,0.3292259573936462,-0.4387971119889989,0.461838599554263,355
1726744772082400300,0.6169008952438831,-0.2677081028670072,0.1300257253170013,8.314369707283378,-5.198852837684751,0.1165772100758738,0.8867478966712952,0.7490172982215881,1.2662583589553833,0.6985930034406501,-0.2538621574944257,-0.655446581667562,0.1338345489884495,-0.991949737071991,1.0513272285461426,2.8415744304656982,-2.073404356658459,-1.9432929988846184,0.5851385602802038,0.0989860072731971,-0.2457107007503509,-1.2427153109140694,0.4659987688064575,-0.3798794974656775,0.4034915514605119,356
1726744772122164500,2.0507874511808155,1.1737585329353808,0.0444236270835623,8.038078484988212,-5.591808199420571,0.5397614318640902,0.1820907443761825,1.1872234344482422,1.0461264848709106,0.709866266707685,-0.2642793951602004,-0.634536230581161,0.1536552862720244,-0.7280094623565674,1.0763628482818604,2.7066333293914795,-2.4429589690625666,-3.502941485214233,1.4173182829737665,0.1001984402537345,-0.251455008983612,-0.8136134808462112,0.3680895864963531,-0.3223505242891609,0.1028796702434308,357
1726744772163171800,1.6531477310210465,1.904074210435152,-1.70006438049674,7.792426731106638,-5.900296056443453,0.7968519503332674,-0.7950354218482971,1.00905179977417,0.9959213137626648,0.7180632346255009,-0.2833371470815168,-0.6157044088258075,0.1581560880059177,-0.5245063900947571,0.9982615113258362,2.3899505138397217,-1.9415595992207528,-4.890109544596076,2.642672563111782,0.1328870505094528,-0.2007251381874084,-0.4815566417852416,0.2199575304985046,-0.2981506604690104,0.1089057164667639,358
1726744772202936800,1.314712479501963,0.4081102607697248,-1.4659529884137212,7.445969501173495,-6.282583309170604,1.121187510959804,-0.9277423024177552,2.085139513015747,1.3985991477966309,0.7305718403125412,-0.3157211822064822,-0.5857947418815818,0.1530665640334526,-0.3247376084327698,0.9976438283920288,1.9373217821121216,-1.3567524628520011,-5.900779456046223,3.435385952335596,0.059199184179306,-0.0634843111038208,0.8473295071609318,0.1426155418157577,-0.4707431329565122,-0.0390319697736296,359
1726744772242711600,4.543497416362166,-1.540433790510893,-2.272891594605893,7.090527585273981,-6.662101681706309,1.2293186537243426,-1.987159967422485,1.253307223320007,0.2076591998338699,0.7367010613134071,-0.3539781331601205,-0.5585890027516529,0.1412426246845948,0.4767194092273712,0.8290998339653015,1.5235737562179563,-1.98714587687552,-7.132430205979943,4.702507828623056,-0.1388379335403442,-0.0064150635153055,1.0996920837927608,0.1072820499539375,-0.2557560915276408,-0.1822546558566391,360
1726744772282477000,1.848936845102906,0.3978004636794328,-0.6255132407665253,7.038788630208373,-6.741237177741527,1.0869959030225873,-2.5800352096557617,2.1913082599639893,0.1077387258410453,0.7380463352676886,-0.3898550109118426,-0.540917465226259,0.1034841688783562,2.0549166202545166,0.5712296366691589,0.8172239661216736,-0.9700240128070116,-8.214656702643632,6.10293342898488,-0.2426744997501373,0.0729204937815666,2.523171154418588,0.0530292354524135,0.3757675321022048,-0.2487463588960468,361
1726744772322243000,2.100482333198189,1.753859099048376,3.7186698099970816,6.864156285923719,-6.985487832653522,0.506647499628365,-1.8160392045974727,-2.119600534439087,1.348615050315857,0.7203387658126045,-0.4324444469139262,-0.5358730880475673,0.0833299438201593,2.74133825302124,-0.0140462834388017,-0.039317850023508,-1.5353490345925092,-7.305920979014038,6.104372521877289,-0.3108303844928741,-0.0814683735370636,1.7652661898560822,0.0713342428207397,0.7846200260739773,0.0272113616950111,362
1726744772362008800,2.2447055106937883,-1.3478653920412065,1.074558738514781,6.312769773119688,-7.504545024260878,0.0336576882901834,-1.2611944675445557,1.2314375638961792,0.9726853966712952,0.701123151565892,-0.4700923241653307,-0.5265901083262264,0.1007096556110898,2.130858421325684,-1.0468671321868896,-0.8760875463485718,-1.2739099289923903,-4.952471015962958,4.487434168356657,-0.2125614434480667,-0.129689335823059,-0.1050593067042995,0.1586801558732986,0.7053478980470448,-0.2700395962881855,363
1726744772401774300,-2.4169202724426984,-0.8275707675933838,-0.1039992945236619,6.482424328991771,-7.357754626625776,-0.1095339587671682,-0.415971964597702,-0.6467469334602356,-1.1057058572769165,0.699317219325215,-0.4816215532035905,-0.5230921117566839,0.0732850832390898,1.4043878316879272,-1.4979393482208252,-1.6664714813232422,0.2187023721575736,-3.338330768728256,2.845736636632681,-0.257220447063446,-0.2711511850357055,-0.1935171870945021,0.019853089004755,0.6048506476944312,-0.9430488390546292,364
1726744772441540000,-3.4196453623682257,-1.7046178060173989,1.6182558658599853,6.684587654280662,-7.1537781144350765,-0.5568763423919677,1.369276762008667,-3.347327947616577,-0.8175842761993408,0.6807956838410627,-0.4613892277699529,-0.5617052354802016,0.0901351352474651,1.6094967126846311,-2.0026533603668213,-1.942821979522705,-1.2436521533727645,-2.9580720992192626,2.018950297415256,-0.3182761669158935,-0.0393711365759372,0.0805262014749459,-0.1762963086366653,0.2577161943531595,-1.1650343976013362,365
1726744772481305900,-2.830070280945301,-1.5789058522462844,-0.0970623440004885,6.73770725004971,-7.042764548102021,-1.0831298752442002,0.9510483145713806,-3.205422878265381,-0.2890329658985138,0.6540779614938004,-0.4274785364385569,-0.6103166031770162,0.1302221809319129,1.8124514818191528,-2.2802720069885254,-2.052884578704834,-2.5401626212298867,-2.641223825608194,2.4374165325045585,-0.3712501227855682,0.1406014114618301,-0.6685853436432778,-0.3877348899841308,-0.1417500379808712,-1.0040615992262958,366
1726744772521071400,3.239569365724921,-0.5547381613194942,-1.537486631143093,6.726445266801118,-6.932528980404138,-1.692740175088495,-0.7214884161949158,-1.2875810861587524,-0.4420244693756103,0.6273671053886088,-0.4184774026697979,-0.6412350530522768,0.1417914636935197,1.460685133934021,-2.4073452949523926,-2.096627712249756,-3.799197052651643,-2.306005490309,0.95848745040074,-0.3884994387626648,0.4138098657131195,-0.9990595531553028,-0.5267066359519958,-0.0625330833404324,-0.6298557269502431,367
1726744772560837400,0.563860209929943,-0.62263213237226,1.8247354469127952,6.768833040675521,-6.800591283985972,-2.026147807703912,-0.3516213595867157,-0.3587439358234405,-0.0575660280883312,0.6148458122198527,-0.41856955699348,-0.6542968067411287,0.1366014932605133,0.886455774307251,-2.458055257797241,-2.215218305587769,-3.540089020347595,-1.0001971788831054,-1.610186541172862,-0.3774496018886566,0.3878405392169952,-1.2852584214806555,-0.5149551033973694,0.3158233510101214,-0.0308600934609072,368
1726744772600603000,-1.449282862511277,-0.73499886687994,0.6751625300765037,6.71488050121367,-6.8212512101769445,-2.1333812709763644,-0.1478204131126403,0.1893997639417648,0.383876085281372,0.6104678003833998,-0.4234735158383895,-0.6553185140704655,0.13622392802929,0.5461594462394714,-2.55549430847168,-2.289870023727417,-3.1712089462041853,-0.012099164725095,-3.412515072096884,-0.3234177827835083,0.3003774285316467,-1.3705747981078922,-0.2591379582881927,0.5956900937044993,0.6090418523065746,369
1726744772640368600,-2.6496190212488173,0.8671119198650121,0.2493944475412368,6.617858635354041,-6.962599709019065,-1.9739681231334805,0.2786405384540558,0.6747780442237854,0.3451901078224182,0.6166329928148275,-0.4313077610179497,-0.6439083644757799,0.1382730679766876,0.2536636590957641,-2.5276870727539062,-2.244009256362915,-2.6459429630845785,0.6902513781368732,-4.3361882526174185,-0.2597410082817077,0.1078959256410598,-1.3212525487951934,0.0350254066288471,0.8840157814580947,0.5991613134790211,370
1726744772680134400,-2.672829800966382,3.216154003345966,-1.120186955615133,6.610242899653315,-7.028321596729755,-1.754351266479492,0.5994060039520264,0.4144048988819122,0.2524604797363281,0.6246928547077903,-0.428257323236483,-0.6372147856382061,0.1425192610152142,-0.2442180216312408,-2.21609115600586,-2.1758666038513184,-2.485226915949583,1.670118447305262,-5.180751948326826,-0.2133811861276626,0.0809592008590698,-1.437410346148908,0.1932211071252823,0.6536357579231262,0.1933947114923037,371
1726744772719900200,-1.1111357802838089,2.5082044714331624,-1.6426258986152709,6.479834312498569,-7.204132337144017,-1.5108368168875574,0.2513265311717987,0.0267768967896699,0.9531375169754028,0.632194850751062,-0.4297760443981367,-0.6263575609220517,0.1526385930908846,-0.5953464508056641,-1.7518221139907837,-1.8789538145065308,-2.8852509008973835,2.527142103876173,-5.935390166178346,-0.1721052974462509,0.0562848076224327,1.0705050792098043,0.1771406531333923,1.3369684427127242,0.0067492853180767,372
1726744772759665700,2.6825118215471506,-0.8242156119465828,-2.869192331022024,6.099270814824104,-7.509103710478544,-1.6070668017171323,-0.4505541324615478,-0.0760453343391418,1.127937912940979,0.6240851140662844,-0.4457781261500683,-0.6190472232540869,0.1690569519928887,-1.0713399648666382,-1.1609013080596924,-1.1870160102844238,-3.363744611448049,4.333697312584519,-6.5483613207578655,-0.0882405564188957,-0.2048536092042923,1.4132590707108377,0.2028898149728775,1.3535752941206096,0.3365682155381888,373
1726744772799430700,5.614590524592996,-0.8159346903353929,-3.1962475258708,5.988607961624861,-7.577387557631731,-1.700045237404853,-0.6795156002044678,0.7149899005889893,-0.0425070375204086,0.6219382607223003,-0.4610467201256161,-0.6116486785833843,0.1628331170021221,-1.2805272340774536,-0.1227435767650604,-0.4610028564929962,-1.9680454550862312,5.457486238214373,-6.155165720525384,0.0585863403975963,-0.1060460954904556,2.671269419781864,0.1422998011112213,1.0669912989351895,-0.0292391457621473,374
1726744772839196200,-0.8646247792243957,-0.5987614274412393,1.1226913396514953,5.875688269409537,-7.639536263030767,-1.8122212716460224,0.0006075738929212,-0.7135252952575684,1.2112102508544922,0.6174616068856533,-0.4707598811506926,-0.6089192945593652,0.162306872283251,-0.799842119216919,0.6639078259468079,0.4944856762886047,-3.1746032648175952,5.243993709659576,-5.416929771420359,0.1090236827731132,-0.2617812752723694,0.7548858359370381,0.0756575986742973,0.4779361132005229,0.134126429500943,375
1726744772878955000,-2.2818074531197547,1.5332394950926302,5.232653984999656,5.406389088183641,-7.955535226336121,-1.9106994737938048,0.4599328637123108,-1.3552212715148926,2.076256513595581,0.6058259730234965,-0.4812876897269599,-0.6047980808857881,0.1885634545926305,-0.3102851808071136,1.1476902961730957,1.3672889471054075,-3.094239688292145,4.882888945692778,-4.645622158318758,0.098270833492279,-0.3088742792606354,0.2510755872949026,0.2225622087717056,0.0186010802652919,0.5337206538625061,376
1726744772918720800,-1.2717933752298354,1.9773311698257925,3.929647140860557,4.5757919585064055,-8.412795594722033,-2.111251418363303,0.6035984754562378,-1.6696752309799194,2.2413904666900635,0.5802051810751322,-0.493937603340647,-0.6030501722497277,0.2360467728799219,-0.3772865831851959,1.4397889375686646,1.820489764213562,-3.09906199388206,4.68390541948378,-3.938966173347832,0.033566478639841,-0.1372014433145523,0.202559886858426,0.3673795461654663,-0.6114994745917618,0.2279475904899649,377
1726744772958486300,-3.637917818675935,4.564674059903622,4.124463610517979,3.518805701561272,-8.94486599715948,-1.9436453194536267,0.8801347613334656,0.3845132887363434,3.5789504051208496,0.5655055661237404,-0.5158655039975674,-0.5770451604293331,0.2847895303530278,-0.6516478061676025,1.5982887744903564,2.231337308883667,-3.457859065428376,3.559882100576162,-2.822978861379623,-0.0105069633573293,0.1942195892333984,0.1808697591031901,0.4436245560646057,-0.7641842640276998,0.2403793664366006,378
1726744772998252000,-2.012236332859844,5.767676222980022,2.399079056934267,2.173246102244407,-9.42691301627755,-1.6064492543406783,0.8787177205085754,-1.105123519897461,3.4492201805114746,0.552126945411229,-0.5455354272946671,-0.5331952869940948,0.336525848996236,-0.5575413107872009,1.7175917625427246,2.585587739944458,-2.9821582004666327,1.9923641960456968,-1.082634200681746,-0.0076941247098147,0.1500932425260543,-0.4252461044877767,0.2730249762535095,-0.2558817454676144,-0.1958935608370229,379
1726744773038017800,-3.5509263484433293,-13.290207570308446,1.9572693556584413,0.4245477469600737,-9.729890585446356,-1.1486270873535425,2.7737796306610107,-5.726536273956299,6.649312496185303,0.5017029461049571,-0.5424554318786489,-0.5141067873240996,0.4355804445843586,-0.633813202381134,1.6566137075424194,2.792548656463623,-2.029844031873345,0.8368070902332663,-0.3122425333812832,0.0211364384740591,-0.0009391182102262,-1.168018674109131,0.0734867304563522,0.082793315289868,-0.0914666063526645,380
1726744773077783600,6.50639031099081,-8.411384558880329,-2.592947285956144,-1.326834294450283,-9.71481576591134,-0.1795385652983561,0.4590596854686737,-6.849593639373779,-1.007876992225647,0.4235867942267246,-0.5043578206036212,-0.5047545029296212,0.5580503639556638,-1.1954805850982666,1.6812801361083984,2.844244718551636,-1.2428379143804311,0.0796560127779841,-0.2573220256701111,0.0527993142604827,-0.1345083564519882,-1.462737387368083,0.0757541581988334,0.1581261585059575,0.2457771338269114,381
1726744773117549000,-0.6769894532427191,4.67499204518795,3.4838819799572227,-0.5940323896253481,-9.7878108594954,0.1276214132547844,0.5688890218734741,-3.3937289714813232,-1.4804435968399048,0.3888118505424886,-0.4187239351640921,-0.5640597353559121,0.5960976005327412,-1.392326831817627,1.6449170112609863,2.8758816719055176,-1.7189257328331469,-1.0415034411311148,0.3948294850446283,0.1066726520657539,-0.2118350863456726,-1.5243984553806482,0.1132571995258331,0.1819042897826991,0.2605517100400291,382
1726744773157315000,-1.067254479916021,1.355510353836417,-2.29395849416256,-0.3849785376377403,-9.792078453812003,0.37066640957091,0.8924697637557983,5.823870658874512,-0.3121596276760101,0.4192482629535844,-0.4255366460950402,-0.5477406649269548,0.5857727340345777,-1.4032680988311768,1.425964593887329,2.8887364864349365,-2.490391166844964,-2.9045146965548394,1.5248831701576708,0.1300011128187179,-0.1827222853899002,-1.430402659343928,0.0943053215742111,0.0718113728253636,0.1347655311220791,383
1726744773197080600,0.994176749549806,0.9403706328213214,-2.3391999039024114,-0.3727318907333538,-9.766595052987336,0.8031696821127087,1.6922607421875,5.7290544509887695,-0.3159729540348053,0.5017762653058756,-0.480788611492801,-0.4773804062352342,0.5377460898746674,-1.4920214414596558,1.2285733222961426,2.6620583534240723,-1.8688006524801253,-4.294984720091522,2.327837967410684,0.0505115911364555,-0.0711828470230102,-0.8605291804738342,-0.0230168122798204,-0.0964920606987085,-0.2888105669273995,384
1726744773236846300,-0.2444207507818937,-2.3253373827666044,-4.839948798632621,-0.5223223674157634,-9.705077046707272,1.3073041029416024,0.7741718292236328,1.3215792179107666,0.2809571027755737,0.5477617663606252,-0.5025905246097325,-0.4251456281718932,0.5163438943077029,-1.4360681772232056,0.9642195105552672,2.1400132179260254,-1.371995040169358,-5.500433984059095,3.553404428994656,-0.0705121159553527,0.0992210507392883,1.0449329771883784,-0.1052673012018203,0.2020261270415969,-0.1294887597629334,385
1726744773276613600,1.3793212914042174,-1.5971329983323812,-3.4592461358726023,-0.6223048001140356,-9.693771808838845,1.3468119374655183,-0.2474044859409332,-1.1312484741210938,0.1553018391132354,0.5444683972676677,-0.5023229435402645,-0.4230878909196419,0.5217494106743342,-0.4258498549461365,0.6940575838088989,1.4497995376586914,-2.044164233648777,-7.159623917853832,4.61359503493905,-0.2391884326934814,0.073840357363224,1.3391045779585835,-0.0777367129921913,0.2454625514524057,0.0909627576169092,386
1726744773316379600,3.157065562300384,-2.2248130617439745,-1.7089764396183191,-0.5607035359973087,-9.695918173217771,1.358375826270133,0.3595970571041107,0.5172239542007446,-0.2419335842132568,0.5391656585376177,-0.4947267196413564,-0.4312627734968846,0.5277863341157932,0.610220193862915,0.1855605095624923,0.5137955546379089,-2.2320570415228604,-8.107807270252705,4.917216747230291,-0.345414251089096,0.2880890965461731,2.0983291006870566,-0.0701931565999984,0.2875335692615248,-0.3030611192664131,387
1726744773356145400,2.9635306568861006,-2.057218945533037,-2.783579163405299,-0.5316203571150079,-9.694120768406986,1.3826717708759009,-0.5882834792137146,1.99412739276886,-0.4459250271320343,0.5550300487250507,-0.5052022895594377,-0.4174613796659425,0.512287276125513,0.9044387936592102,-0.2636273503303528,-0.4711072742938995,-1.2367635629028082,-6.939207727515697,5.095002587109804,-0.5456468462944031,0.1970550417900085,0.796139272019267,-0.1080856025218963,0.3097234997650608,-0.4286223759878426,388
1726744773395910100,0.7676841619074344,-0.8222621397912502,-4.930449153769016,-0.3949369640070945,-9.774473823538422,0.6885224354524165,-2.6813323497772217,1.2857086658477783,-0.5607455968856812,0.5564932111239018,-0.5361454073603481,-0.4212401053422699,0.4747843325968394,0.9577619433403016,-0.7563040852546692,-1.2822060585021973,-0.2914262475848198,-5.866629933685064,4.643360058605671,-0.6776931881904602,0.0790636092424392,0.1309916294733993,-0.0515247695147991,0.7421065799932927,-0.1075908710085321,389
1726744773435676200,-0.0690534341530408,-2.837871894606948,1.6002724654018878,-0.1310119872748386,-9.800371650382877,-0.3255100842986255,-2.104731321334839,-0.7775001525878906,-1.1754831075668335,0.5352172536604358,-0.5593703225167529,-0.4513327349957562,0.4437861814545619,1.2613747119903564,-1.1667613983154297,-1.8099133968353271,-0.8454530457645654,-5.361275688737631,3.1091479190886018,-0.6368334889411926,-0.1443376988172531,0.719302992837131,0.0571544021368026,0.9129770875263958,0.0738407232285011,390
1726744773475442000,-2.127256504485756,-3.3689316586971283,2.911823850524425,0.3640765097865834,-9.75278864595294,-0.9596518910702316,-1.2936863899230957,-0.5267905592918396,-1.0431417226791382,0.5205691082448102,-0.5564037239488424,-0.4892274783423727,0.424357288819549,1.75784170627594,-1.6457163095474243,-2.0909411907196045,-2.0453473059535026,-4.395760970048606,1.7501006232976912,-0.5733075141906738,-0.0171841923147439,-0.4432943503430113,-0.0624297298491001,0.4350304163992404,-0.7127435612563043,391
1726744773515207400,-4.691356904533505,-3.9054520262807606,4.58591003241688,0.5300842701215297,-9.703637953814864,-1.3148315758369862,-0.8090057969093323,1.4425426721572876,0.2414434105157852,0.5174855272746819,-0.5659636814773752,-0.4967120547617017,0.4064121610172401,2.1955230236053467,-1.7976665496826172,-2.3675458431243896,-2.086449716192484,-3.170055976776778,0.8822159654945134,-0.6148625016212463,0.0737195312976837,-0.1624451359499245,-0.2746572196483612,0.4871546444553881,-0.6301588015500456,392
1726744773554973400,-4.372371911154687,-0.7305646838247776,-2.007732007177919,0.4223878655124455,-9.580363456323742,-2.0514871238827705,-2.846895456314087,0.4840704500675201,0.559751033782959,0.5022926392343061,-0.5999049205582838,-0.4946825432720494,0.3782926335401028,2.139738082885742,-2.12772798538208,-2.488542556762696,-3.634330315577984,-2.0492863989681003,-0.2681869724251329,-0.6037444472312927,0.1466139256954193,-0.8473133597437292,-0.3603428602218628,0.5721134032839909,-0.3537289379691705,393
1726744773594739200,-2.2661881514444944,3.17138839442432,3.1756720630928874,0.2734643648387864,-9.292016470053792,-3.1231492641732097,-2.7518136501312256,-0.4783912897109985,0.2941064834594726,0.4634653471174326,-0.6298300806051579,-0.5123966846888514,0.3549136697396136,1.5573230981826782,-2.110136270523072,-2.5128252506256104,-3.558065406543016,-0.9367448435395956,-1.6718753739751877,-0.6015041470527649,0.1866389364004135,-1.1602816501162945,-0.3353513181209564,0.5540613215038552,-0.0665083710464183,394
1726744773634505000,-0.6242836259063332,2.579983174964785,3.685963764442503,0.003586861779257,-8.935540534931421,-4.040604300831258,-2.2051544189453125,-0.5622325539588928,0.3911772668361664,0.4217782068120759,-0.6534104030214017,-0.5282691862583024,0.3407193243486943,0.9466072916984558,-2.152506113052368,-2.588791847229004,-3.726584236383438,-0.1067347199700772,-2.9941748014748093,-0.5472999215126038,0.1311796456575393,-1.308297936284542,-0.2861918807029724,0.7859197835609316,0.066183801567438,395
1726744773674271000,1.1230202793449162,0.92509882940948,3.849477041080594,-0.0360526388690108,-8.66899563062489,-4.584497827531397,-0.6951756477355957,-0.3506096005439758,-0.325532853603363,0.398384219516296,-0.6635986597256146,-0.5416467021467163,0.3279416987207101,0.4857411086559295,-2.052927017211914,-2.4995791912078857,-3.172437026694417,0.7334802790105343,-4.360757461206615,-0.451320081949234,0.102822333574295,-1.234213440028578,-0.1777926236391067,0.9100835580419748,0.3555656884096562,396
1726744773714036500,0.1342370685348752,3.3186464095711705,4.984029352787137,-0.1234631153983995,-8.729840267688035,-4.465983676309883,1.3190566301345823,-1.2052483558654783,0.0243048127740621,0.394345451500613,-0.6524966008933192,-0.5494997558712791,0.3417452226071354,0.0211518630385398,-1.8062824010849,-2.320918560028076,-2.875965770679712,1.692495114286244,-5.501771370142698,-0.3218054473400116,-0.0408084504306316,-0.8800425669781863,-0.0602669790387153,1.2314851841084655,0.3542343667406588,397
1726744773753802200,-0.5084728518920019,2.880425088176131,1.2832690012291073,-0.3193224817048758,-9.089337596458195,-3.667744217140972,2.977813005447388,-0.5854073762893677,0.1848127990961074,0.4120845357031973,-0.6298201261743632,-0.5388223484979815,0.3783957730028481,-0.7563925981521606,-1.5422334671020508,-1.874191403388977,-2.9099159710764884,3.1006591999456283,-6.595696487906575,-0.2206074446439743,-0.0304860565811395,0.3606420052932575,0.1037076339125633,1.2243246448293328,0.4906776309497654,398
1726744773793568300,0.2004843226933851,-2.696806888881325,-7.495173384803533,-0.408181389777176,-9.433714512985944,-2.647412743376196,1.5858584642410278,0.4563284516334533,0.05966217815876,0.4435208231383771,-0.6078172057952378,-0.5153044986693051,0.4102544832267253,-1.6331870555877686,-1.1123796701431274,-1.432597041130066,-3.588088788884878,3.634221594506502,-6.780251091268658,-0.1462933719158172,-0.1103260144591331,1.4926821515157818,0.343666136264801,1.4725591086804866,0.5199989659694955,399
1726744773833334000,2.3732243385791776,-5.334202972894906,-7.031235438349842,-0.2887724268740974,-9.45313700633645,-2.593305890135467,-0.3385089933872223,0.6884406208992004,-0.0434509888291358,0.4530581093147505,-0.609874185057561,-0.5101718186540755,0.4031335998468464,-2.4896512031555176,-0.7397539615631104,-0.8698875904083252,-3.624861645486951,5.522248925504088,-7.432362416103482,-0.0481116361916065,-0.2118436694145202,1.7483724843308328,0.4269299805164337,1.2462965304017066,0.0020561396578297,400
1726744773873095000,0.1498915054555982,-1.1067770005524158,1.3027639752939342,-0.2592765572713688,-9.49340062766373,-2.445097442395985,1.1605069637298584,0.5376902222633362,0.2476679384708404,0.463162743729038,-0.6114150633065552,-0.5008361941251878,0.4010174201615084,-2.528815031051636,0.5060620307922363,-0.160249263048172,-2.560826054552197,8.126324339196085,-6.265677182555199,-0.0391477458178997,-0.4371534287929535,1.217785233123228,0.2023602575063705,0.6395552101224661,-0.4226378216855228,401
1726744773912859600,-2.861510252086818,-2.3860090013504025,1.6310086721882222,-0.4091187436925247,-9.599664953643083,-1.9620079284876584,1.0928980112075806,0.3299165070056915,0.7805054783821106,0.4792497376750228,-0.6079895630054577,-0.4799825594357635,0.4126563698841617,-0.7014896869659424,1.307093381881714,1.3025360107421875,-3.497442303276062,6.519922577258944,-3.5652976958841083,-0.0843671858310699,-0.3648620545864105,-0.5255072079969569,0.1864938884973526,-0.0244823568562278,0.1989184798824601,402
1726744773952625200,-2.513127314788103,-0.36729426625669,1.6969688986994325,-0.6769967597663402,-9.620565118330717,-1.7767254492424427,-0.099886879324913,-0.875243604183197,0.3397434651851654,0.477032522077369,-0.6074805868880381,-0.4706964218356513,0.4264411635971707,0.4722210466861725,2.096531867980957,2.429720640182495,-2.97087985060513,6.448641886377335,-3.0671465141832828,-0.1110812351107597,-0.1136396378278732,-0.3049969461672008,0.4441162049770355,-0.2733296142769046,0.5078564370267092,403
1726744773992391200,-0.0333092721447348,3.707223117831349,5.512558137094974,-0.794635516392812,-9.615663317763804,-1.7544104493208228,0.4550142586231231,-0.0616605244576931,0.1246087700128555,0.4694719064858367,-0.603656966637073,-0.4743925615945902,0.4360574448682404,-0.1852069050073623,1.880665063858032,2.9069712162017822,-4.721207852917909,6.362516677585244,-2.5524948640584944,-0.1196364313364029,0.2201848328113556,-0.2734575149728916,0.4536461234092712,-0.4431699933109804,0.136869207136752,404
1726744774032157000,0.3018340251568704,0.5711778394669293,4.188585661816597,-0.8132952817425131,-9.654628715974091,-1.5156085613340138,0.6894434094429016,0.7094776630401611,-0.0669320225715637,0.4800244023927211,-0.6019878305729859,-0.4635570942068387,0.4385225433931409,-1.731289982795715,1.736486554145813,3.467346668243408,-5.187095179873705,4.543968833266199,-2.104652896881104,-0.1616176962852478,0.2916027009487152,-0.0733179460299899,0.2351148873567581,-0.4196769991185516,-0.332026809248887,405
1726744774071922700,0.6553451921895146,-0.3390378935873508,3.507354625481367,-0.6004282281422987,-9.708080904698372,-1.2502207181081175,0.9780649542808532,1.1097584962844849,-0.7384405732154846,0.5013097200620621,-0.5989612941871271,-0.452756980404716,0.4300524895980707,-1.8422415256500244,1.404424071311951,3.879847526550293,-5.469226944890618,1.185894084148109,-0.128676064273715,-0.2547319531440735,0.2641346752643585,-0.3899220219219103,-0.1584063917398452,-0.1552803954197093,-0.7504433234449476,406
1726744774111688700,-0.6742947342660278,0.2763455828309059,1.868144818919897,-0.2800939938453026,-9.767259654375913,-0.8322037611562758,1.202279806137085,0.9979206323623656,-0.4467765390872955,0.5303112901661902,-0.5902656771884277,-0.4404736246103534,0.4199277806008077,-0.901770830154419,1.2505371570587158,4.054285526275635,-4.690998008093238,-1.951913381583244,1.8561814094036817,-0.2963897287845611,0.054088432341814,-0.6210811766032129,-0.3970831036567688,0.1703293498611077,-0.1720645944221876,407
1726744774151454200,-1.4075976839482784,0.9824585469663144,-0.9289093276083468,-0.2426058103144168,-9.800152454674244,-0.2617575421658344,1.8724607229232788,0.2819051146507263,0.1874930411577224,0.5539981566356753,-0.5795897839860731,-0.4212144378264005,0.4239575698198081,-0.1260871291160583,1.118697166442871,3.859606981277466,-4.18596934183836,-4.376559133711457,2.4161884510368106,-0.2629355192184448,-0.1375930607318878,-0.965569006159529,-0.3454093337059021,0.2989867094343528,0.3496387825787067,408
1726744774191220000,0.0750177219854667,1.09886140512228,-3.419470590323209,-0.3151861125525086,-9.79400328439474,0.3854184268923476,1.1759804487228394,0.8508926630020142,0.2344148904085159,0.5751129159330971,-0.5660915877208746,-0.39986177976611,0.4346217111167253,0.4155575037002563,1.033271551132202,3.345437526702881,-3.4965532454818486,-6.069636139538884,2.901607576936484,-0.2973591685295105,-0.2369776368141174,-1.0095962908692655,-0.2077301144599914,0.1762436154061928,0.2703205503877252,409
1726744774230986000,1.042232778318971,0.2324526650905609,-1.1868739620309323,-0.4553539867753162,-9.77663947713971,0.6167544725105166,0.3411048054695129,1.40853750705719,0.2799773216247558,0.5888704594106178,-0.5711048460883106,-0.3773506697037097,0.429741151430976,0.5705202221870422,0.7896925210952759,2.483905792236328,-2.2366414467036724,-7.32482850857973,3.903118030375242,-0.3949644267559051,-0.2685845494270324,-1.185317087977752,-0.1312651187181472,0.0641852801274042,0.1145932331844232,410
1726744774270751700,2.1443232284903524,-0.1983206783860922,-1.1765700832247734,-0.5743253071798011,-9.751831783619522,0.8615829273104667,1.0867676734924316,1.2070237398147583,0.120710052549839,0.6052829385884668,-0.5759740855605707,-0.3525979962461747,0.4213800572512992,0.5985845923423767,0.5486686825752258,1.39543879032135,-0.2100344970554113,-8.378039923161268,4.9023523555755615,-0.4337278306484222,-0.1560073345899582,0.0884222884870134,-0.1050768047571182,0.3089960988059639,0.1572811955817975,411
1726744774310519800,1.5463992747865616,-1.1035972014725208,-2.9610797566026448,-0.613558526013419,-9.714901690629125,1.1893707472827284,0.4977896511554718,0.592581570148468,-0.0201422702521085,0.6214709974401424,-0.5723680374140566,-0.3342959713108657,0.4176299377222017,1.218804121017456,0.3704524934291839,0.4197301566600799,0.3770020058006048,-9.758544433000685,6.09094254693985,-0.5236817598342896,-0.1550396680831909,0.712972182380408,-0.1092475429177284,0.2384701535481028,0.2701057568595744,412
1726744774350285600,1.853008770716936,-1.1568868931114673,-2.1538532733798026,-0.6322651992447674,-9.708149878281354,1.2338811393342912,-0.0151501130312681,0.5208292603492737,-0.0919163674116134,0.6265223486353688,-0.5745514256267106,-0.3270783188233375,0.4127714574168548,1.8393009901046755,-0.1845705658197403,-0.4359778463840484,0.1115250229865312,-9.886590382677316,5.738859293818473,-0.5846667885780334,0.1591978073120117,0.7817417672239243,0.0085500515997409,0.1942838423517532,0.112991451410437,413
1726744774390050300,2.540133979657292,-1.9211235449135304,-1.812234277258068,-0.5798814069369808,-9.71170318684876,1.2316400824092328,0.0155704887583851,1.2411959171295166,-0.513727068901062,0.6347986412091955,-0.5795103447973875,-0.3183890626022901,0.3997834910375049,1.3542224168777466,-0.7610557079315186,-1.20645010471344,-0.5849801548480987,-8.493000181293487,4.821799393957853,-0.7932498455047607,0.190144807100296,1.0286580611485987,0.0958281233906745,0.4405724510984495,-0.0536770104561001,414
1726744774429816600,1.593263755683601,-1.656774104824662,-3.0142145499408244,-0.3473811398450285,-9.746060214480757,1.0315165193196385,-1.1935778856277466,1.411358118057251,-0.9137023091316224,0.6438666162516887,-0.5908953427912534,-0.313448542601438,0.3715219025043931,1.1834893226623535,-1.4274128675460815,-1.9089008569717407,-1.7289824319452047,-7.48678666473031,3.754458916258812,-0.9441627860069276,0.0926288142800331,0.0972506696468219,0.1835648864507675,1.0316603117045011,-0.2178025372410193,415
1726744774469582300,-1.8426177250839768,-0.767768917581439,-3.792062962988018,-0.031443560471246,-9.8056241640836,0.1383617107168305,-2.890309810638428,1.3483227491378784,-0.9461527466773988,0.6321308058113889,-0.624307364264679,-0.3212255144866406,0.3278188445052182,1.4653170108795166,-1.804277777671814,-2.567656278610229,-1.973148331183195,-6.016089842790365,2.290719073849916,-0.9799796342849731,-0.0022976859472692,0.4586261403137818,0.0733643099665641,1.367399090681225,-0.6280526230510324,416
1726744774509348000,-2.164720704352856,-1.9943723209977149,2.407289105266333,0.3894198810860514,-9.763101950174567,-0.8369924567375332,-1.882277250289917,1.1540275812149048,-0.9483823180198668,0.6136382846013818,-0.6555811778817364,-0.335988184056137,0.2842063354368464,1.4068379402160645,-1.928880214691162,-2.905087471008301,-3.870469560226798,-4.55707556759864,-0.0447749704050365,-1.0034111738204956,-0.1042740643024444,-0.3204105692025273,-0.1254134476184845,1.1053955561313775,-0.8007882668688893,417
1726744774549114000,-5.890618127515912,-4.036014342692495,2.379609655702114,0.6000311916487291,-9.696378191944955,-1.3381320796646177,-1.4423167705535889,1.5372782945632937,0.4175417721271515,0.6078101328408144,-0.6782461765613343,-0.3289496496484905,0.2496819864004926,1.7833396196365356,-2.210075616836548,-2.96436619758606,-5.7152522082597015,-3.4428006125062702,-1.982414172178507,-1.0654155015945437,0.0386541076004505,-0.028229196968046,-0.3034264147281647,1.028167135826498,-0.6862045138988644,418
1726744774588880100,-4.860362056586146,-0.8802858742147683,-0.97843338310346,0.3968219009708613,-9.557834229129552,-2.1588689095847307,-2.364226818084717,0.1396134942770004,0.2796159982681274,0.5788897986007617,-0.7113209455640881,-0.3226363201910966,0.2341258032436732,1.5827958583831787,-2.164407730102539,-2.905004501342773,-6.173545426824688,-1.846616147070378,-3.960127619320154,-1.122797966003418,0.1274053454399109,-0.6851942408777772,-0.3760073184967041,0.938995983467251,-0.4414056139869615,419
1726744774628646000,-4.509884192834794,1.8675404232859607,4.526739466045797,0.3095567283634096,-9.380396179774404,-2.8430177330628035,-1.4005351066589355,0.1315488368272781,0.5700300931930542,0.5524055738190085,-0.7341909301912324,-0.3254492953830675,0.2233710560773185,1.0723822116851809,-1.950466275215149,-2.918858289718628,-5.026570855918527,-0.3470829606160521,-5.5186862645864485,-1.142972707748413,0.1709736734628677,-0.4960513964099809,-0.3743716776371002,0.9526108134523034,-0.1581339947525411,420
1726744774668411600,-1.313563747858256,1.7871037815243005,1.1910559969559311,0.1046413918194826,-9.188628576293588,-3.424696216017008,-1.8663010597229004,0.6981687545776367,0.5608883500099182,0.5277326632239517,-0.7562700884600954,-0.3204160890652404,0.2165348230668127,1.010195016860962,-1.479954481124878,-2.823061466217041,-4.087805320206284,1.0142360794991254,-6.413626687097549,-1.1494171619415283,0.1930609494447708,-0.835656385828182,-0.3308635354042053,1.0155686432771385,-0.0069276015978713,421
1726744774708177700,1.49337115669325,0.4990846631586551,3.5532030612036585,0.1804748232351616,-8.972610913175345,-3.9534821899563073,-0.772933840751648,0.7812357544898987,-0.3613908290863037,0.5099349247612351,-0.7756632398127724,-0.3160981449771317,0.1959456377865114,1.570590615272522,-0.9351391792297364,-2.3250420093536377,-3.339996656113863,1.5646566698804496,-6.927241979911923,-1.1160084009170532,0.1182576864957809,-0.8074608034353703,-0.2071892768144607,1.185607449226454,0.389566340352036,422
1726744774747943700,0.8133813525907695,2.12648128232956,3.609987901481986,0.3828216518647968,-8.965369856005907,-3.9555014208242296,0.6425009369850159,-0.214972898364067,-0.2251397371292114,0.513117596480241,-0.773973183854673,-0.3203747191123764,0.1871788799371322,2.102841377258301,-0.4735151827335357,-1.8069849014282229,-2.570921916630864,1.7209651297062634,-7.09274876845479,-0.9961172938346864,-0.0222557000815868,-0.882088247461617,-0.0441858135163784,1.368348354230076,0.54134241744522,423
1726744774787709400,-0.8948768557555973,4.628540675136446,2.9133193497791883,0.2331792440657503,-9.158219409504532,-3.499000930894911,2.066730260848999,-0.3326997458934784,0.5706796050071716,0.5294239109876238,-0.7611691184314684,-0.3146759872113722,0.2032507036570712,1.9565761089324951,-0.37350594997406,-1.347472071647644,-2.242754961147904,2.449960956779122,-7.466334828332066,-0.8099799156188965,-0.0875995010137558,-0.6701763391617686,0.0181355252861976,1.534274244967848,0.3889583645215257,424
1726744774827474400,-1.1945628360331058,1.156003096014261,-2.156577437646687,0.0133238031577144,-9.490818794476985,-2.468721771350503,3.008872032165528,-0.6392654776573181,0.4637457132339477,0.5660074758294983,-0.7316484272777171,-0.3009324756193215,0.2318746267530211,1.0430251359939575,-0.2417894303798675,-0.848284900188446,-2.2970114519923923,3.6396032875448463,-8.789633349871634,-0.638493537902832,-0.1932688355445861,0.7629320720095187,0.0596539638936519,1.7332783755734562,0.493854178626649,425
1726744774867239200,2.15810245525688,-4.997146608513593,-10.13231403275132,-0.0341462526918388,-9.637411039191484,-1.813705372723937,0.2559561729431152,1.4244046211242676,-0.3118069767951965,0.5912275989721,-0.7138952687675618,-0.2877964289073728,0.2407834504072668,0.2959062159061432,0.1904582232236862,-0.4343542456626892,-2.066129981741309,4.113977872338891,-8.507643623673916,-0.621438205242157,-0.3816131353378296,0.6616430502247065,0.1886572390794754,1.4934893762454389,0.4632521561466157,426
1726744774907005200,1.83358993062824,-2.7667916947335005,-2.663884862488508,0.1844229032738134,-9.639511810863018,-1.793370002312213,0.441029280424118,0.7625257968902588,0.0095912711694836,0.6010196678223604,-0.7179844990857264,-0.275562479774288,0.2175750583498693,-0.1932416558265686,0.7311710715293884,0.0701691657304763,-2.1740981890290976,3.767718795326352,-7.321037299603224,-0.5616174340248108,-0.3299233615398407,2.2569608888939023,0.2330024242401123,1.2548138911172746,0.4038179338706657,427
1726744774946771200,-1.1135925257861614,-2.9843478194653987,-0.4285574209928512,0.0855822244891896,-9.693848381206392,-1.4806687653779982,0.8792966604232788,0.819921612739563,0.5491840243339539,0.6143244587472808,-0.713020001271296,-0.2590281296691296,0.2170539903251828,-0.5689729452133179,1.488469123840332,0.4720346331596374,-2.609706697577238,4.3394373175412415,-5.903763440293074,-0.5080743432044983,-0.3008269667625427,1.1684674407899378,0.1696977466344833,0.5652635008566081,0.1429050167022738,428
1726744774986537000,-3.360127589994669,-2.4867390740782023,1.544201764742285,-0.0903659699006937,-9.723090257781744,-1.274255965951085,0.0538742020726203,-0.0439779385924339,0.3393250107765198,0.6222552812441318,-0.7114073002165957,-0.2426285726785463,0.2186993199417559,-1.0243836641311646,1.7255432605743408,0.9957340955734252,-2.96287949950099,4.354758220791816,-4.569193583154678,-0.5335044860839844,0.0394427068531513,-1.4389032150551675,0.1888874471187591,-0.5669798032552004,0.1093031730854418,429
1726744775026302700,-1.5056516693346202,3.817171100759506,2.279225035411119,-0.1304858901746571,-9.711994863271713,-1.3529681220076977,-0.1437616050243377,-0.78546541929245,-0.0605843402445316,0.6162500957957002,-0.7114720363383841,-0.2505787696053247,0.2263927621056231,-1.0027267932891846,2.054565906524658,1.2783888578414917,-1.6133295153737066,3.982710622528195,-2.129150209277868,-0.5943822264671326,0.2827481627464294,-0.3721803943304345,0.1543781161308288,-0.3020245975592173,-0.0429397543345112,430
1726744775066068700,-1.7854875784993172,2.682659705585241,4.960174429947138,-0.1876337002801708,-9.72445686995983,-1.253053018924594,0.6714141368865967,0.4609641134738922,0.1823929548263549,0.6183534805922657,-0.7080824211331158,-0.2500144178201128,0.2318429849190824,-0.7265124917030334,1.955996036529541,1.6917955875396729,-2.357453937995434,2.858173216618597,-0.5649626182138919,-0.6830210089683533,0.3047403991222381,0.2178973576513118,0.0681837946176529,-0.021880878254096,-0.1541534006837755,431
1726744775105834800,-1.3295514444544911,-0.8878542636424303,4.066062859475612,-0.1327072651517111,-9.76155530525446,-0.9299574484217912,0.8965561389923096,1.126978635787964,-0.3007650673389435,0.6346836696492693,-0.7012862959070648,-0.2358223196465618,0.2230740333204378,-1.563950777053833,1.6289626359939575,2.0831644535064697,-4.267009794712067,1.9559969976350664,-0.6660172467209399,-0.8380279541015625,0.0722089186310768,0.2189126721736974,-0.1090569496154785,0.1716391172854229,-0.4241207902522757,432
1726744775145600500,-1.1171428386788815,0.2388467500418424,2.156834335017204,0.0304745670253294,-9.788119487053155,-0.6018002836804837,0.7682439684867859,0.5814310312271118,-0.3392851948738098,0.6520138832014529,-0.6926331365087004,-0.2257047058679791,0.2102250435418073,-1.7049680948257446,1.34269380569458,2.42098069190979,-3.686805768224597,0.1422504161179065,0.7280506551772356,-0.897578775882721,-0.2043448537588119,0.2108971052341163,-0.4574314951896667,0.2850427205601707,-0.2552106047403998,433
1726744775185366300,-1.369388072541356,0.2275532026112079,1.4200199431478977,0.1012096181393601,-9.801218622601032,-0.310307181404531,0.7667242288589478,0.4738112688064575,0.0635024681687355,0.6650528641837187,-0.6842226758411086,-0.2183130634987268,0.2046548273222031,0.9050547480583192,1.7263844013214111,2.5764851570129395,-2.264263028600812,-3.6372564321577534,2.8485663071006533,-0.8169284462928772,-0.3885912299156189,-0.6883679755430668,-0.5814043283462524,0.407688199432753,0.3756040486361831,434
1726744775225132300,-0.111767042448325,0.7589215942591429,-1.3883429483801126,0.0159990810733521,-9.805264098599553,0.1641577668203972,1.7982574701309204,1.1082550287246704,0.3361830711364746,0.6832515380429656,-0.6715804501062422,-0.2015191857992616,0.2038066586435022,-0.7148004174232483,1.0802016258239746,1.17747163772583,-1.9964292535275217,-2.9502403826802968,4.045658369350433,-0.7578269243240356,-0.4693887829780578,-0.9156596776738762,-0.3519807457923889,0.4740784148590639,0.8534531776729971,435
1726744775264897300,1.4602242355033754,0.6495540415674448,-2.96791457105875,-0.1037594396194908,-9.770115628328918,0.8393198037065565,1.3231137990951538,2.4261698722839355,0.0566947720944881,0.7123717347276428,-0.6555959156854345,-0.1655312462846223,0.1879359482893544,1.4429346323013306,1.5973877906799316,1.773557186126709,-0.1854711336851119,-4.21456970563978,3.885145151311159,-0.7734610438346863,-0.5476054549217224,-1.2537506457999348,-0.1079325899481773,0.2817774716865271,0.6830801713332534,436
1726744775304663300,1.0356471893835812,-0.0907657280743122,-2.1613485975712536,-0.2605243288427591,-9.741771577376127,1.0956293643984942,0.3437879085540771,1.8311569690704343,0.2534670233726501,0.727440833375207,-0.6539114252523737,-0.1286013031151621,0.1633751591993741,2.6485602855682373,1.3114935159683228,1.381190299987793,-0.3780623285084962,-5.370362666034699,3.379125720453262,-0.786578893661499,-0.4137008190155029,-1.074773915635422,0.0139857959002256,0.0828456025995314,0.4776245630333199,437
1726744775344429000,1.6386393131971355,-0.5077051919877529,-2.281337935911864,-0.3932054275067523,-9.71015011218786,1.31482879935801,0.7592740058898926,0.8693587183952332,0.1355782896280288,0.7378090448147137,-0.649504065067998,-0.1053890653597692,0.1505839735683614,0.5364455580711365,1.004981279373169,0.8828813433647156,1.2689789023309943,-3.185165575364232,3.769527890574932,-0.8327028751373291,-0.2403915226459503,0.2162793462617322,0.0108831021934747,0.1349980338368565,0.2942856190713122,438
1726744775384212200,1.7036602130316196,-1.3990396989613771,-2.9757126775890588,-0.460321290326491,-9.684019061109424,1.475894975104928,0.1481952369213104,0.8709113597869873,-0.0183956585824489,0.7450267665357224,-0.6452668626995648,-0.0915476464205981,0.1420734680799057,0.0382560156285762,0.2243600040674209,0.5929234027862549,-0.1936982792824506,-5.177879023239016,4.393466429370641,-0.8798725605010986,-0.1060185432434082,0.532899583270587,-0.0454684495925903,-0.0280282196194049,0.319941161592491,439
1726744775423979000,1.922404378504306,-0.9750777890652418,-2.4278550695635377,-0.4977047896401956,-9.681214525082709,1.482145121540874,0.0610337927937507,1.3142250776290894,-0.2067285329103469,0.748138048134695,-0.6471514706185855,-0.0750106965994986,0.1259276117743397,0.3108529448509216,-0.4545202851295471,0.2811912596225738,-0.4777262333095073,-6.560443388217688,4.629223981225491,-0.9415497183799744,0.2087397426366806,0.9606226357985288,-0.0690237134695053,-0.0393934874292463,0.1741147501513361,440
1726744775463745500,2.183500515885651,-1.9513544325262304,-2.8671459198862315,-0.421517804679647,-9.69374199822247,1.422693838532269,-0.4147223234176636,1.29359769821167,-0.6287397742271423,0.7496459391391082,-0.6509915606684145,-0.0606035140439725,0.1028010339808653,0.6144447922706604,-0.8360066413879395,-0.3533512055873871,-0.7308224579781294,-6.21498335262835,4.163958877821266,-1.042612075805664,0.1856582760810852,0.8544874891567975,-0.0477259047329425,0.2032917630632408,0.2841500460367649,441
1726744775503512300,0.1888531956051476,-1.4795920760571957,-3.7150504504561424,-0.20007601588713,-9.75355320058465,0.9992774336896836,-1.9275028705596924,1.2417547702789309,-0.759594738483429,0.7383972392007304,-0.6678858942672397,-0.054584451352202,0.0756207704251363,0.7448312640190125,-1.1355650424957275,-1.0029996633529663,-1.0659487310796976,-5.291558593910932,3.0759833161115644,-1.1632851362228394,0.0344145707786083,0.1808411540632136,0.0110045773908495,0.9606923400338738,0.1335371035719756,442
1726744775543278800,-2.1644576695024966,-0.5216355176627636,-3.3333857135415075,0.039154965965636,-9.80590356554687,-0.1145636234974488,-3.218106269836426,1.5660040378570557,-0.8050147891044617,0.70164550889832,-0.709711114532453,-0.0463816052553108,0.0430415937205422,1.12429678440094,-1.3230446577072144,-1.5015491247177124,-0.6406219625711441,-4.373610220777988,1.920812579268217,-1.1469016075134275,-0.0184235852211713,1.216851605534926,-0.0143682844936847,1.3691174389064311,0.1995289764636196,443
1726744775583045400,-2.417025924774259,-2.8664725506693123,3.2357378247380253,0.4552769760163501,-9.73421020221114,-1.0992125566475093,-1.7264306545257568,1.8763246536254885,-0.786651074886322,0.6662855364895376,-0.744622855377713,-0.0397623741934386,0.0044054902732814,1.9879727363586424,-1.4775947332382202,-1.5433517694473269,-2.319810728299617,-3.8346991586655377,0.85984222112298,-1.1519912481307983,-0.3670268356800079,-0.2279648338857106,-0.1437083184719085,1.1723219242610037,-0.0757297335791867,444
1726744775622811400,-5.545339878234267,-4.800430442714691,0.8055224557839333,0.6337849561579525,-9.663391283622383,-1.545181569559872,-1.741118311882019,1.9747990369796755,0.3571673929691314,0.6482584592194578,-0.7606640028928293,-0.0131381624904439,-0.0312846578829603,2.397442102432251,-1.8369483947753904,-1.3929998874664309,-3.346310077044368,-3.2188635545656084,-1.436347393092513,-1.0950825214385986,-0.2198558896780014,-0.4068705994395539,-0.2787308096885681,0.9024592737086116,-0.18321703461539,445
1726744775662578000,-3.7710689825370896,0.1242728608787059,-0.5859571831867099,0.5463784023184329,-9.474377362763882,-2.4714380445718764,-2.491666316986084,-0.008119573816657,0.3309114575386047,0.610130621664702,-0.7911631870714549,0.0083116404179623,-0.0416206583260597,2.0988593101501465,-2.0523929595947266,-1.4115742444992063,-2.983233136221766,-1.4673966113507746,-3.682079324224591,-1.0448106527328491,-0.0743292868137359,-0.9367696126546712,-0.3725177049636841,0.7439001123465597,-0.1779266000570729,446
1726744775702344700,-2.102628259185701,2.507901689094305,3.64518167219907,0.3957120035002008,-9.263888692200185,-3.192826903772354,-1.5634126663208008,-0.5680096745491028,0.1404573768377304,0.579963431415371,-0.8140946901534271,0.0062206717389028,-0.0292146106571307,1.7023619413375854,-1.94237220287323,-1.5766364336013794,-1.5953157197773455,-0.5255016915716231,-4.097461329562962,-1.0353165864944458,-0.0179372821003198,-0.8263187217056751,-0.3931634426116943,0.5774153821496293,0.0357407736079767,447
1726744775742111200,0.0383103318350389,1.4554928230673074,1.8740128341704605,0.4246686333933845,-9.042419193416832,-3.771567871969938,-1.5517926216125488,0.7794647216796875,-0.1927662491798401,0.553763791358931,-0.8319885105946455,0.0095688159911298,-0.0323934016366293,1.1064914464950562,-1.6926544904708862,-1.660019040107727,-2.012140032878518,0.2791822675615549,-4.729701540496945,-1.020732283592224,0.0280480980873107,-1.0607996046882122,-0.3257057070732116,0.392303546763584,0.2303419748132117,448
1726744775781878000,1.1750752415571362,0.446081387245655,2.2836893213436005,0.6117470926772802,-8.860052455487846,-4.158797841796279,-0.4953799247741699,-0.2012947499752044,-0.4050966501235962,0.5349523391634164,-0.8437830439519778,0.0083578023149182,-0.0422637645735971,0.7870160341262817,-1.4801828861236572,-1.4910942316055298,-2.2766607378810644,0.1177425823271274,-5.256840916272997,-0.9333754777908324,0.0276992805302143,-0.8941372163694351,-0.2790963351726532,0.6963786288455128,0.4489380918510258,449
1726744775821644500,-0.5760204937251284,3.428828785777092,3.58958604170531,0.5785641137933358,-8.885212615707516,-4.109575253465772,0.7890596985816956,-0.3592452108860016,0.3228372633457184,0.5376425972356447,-0.842326701557062,0.0039693299344109,-0.0375538871522298,0.3817899525165558,-1.1950364112854004,-1.3553588390350342,-1.6790268531650303,0.7006053066298366,-6.133935300970077,-0.7457450032234192,-0.0050945729017257,-1.065398184524849,-0.1371585130691528,0.7385374893348664,0.8892445489570497,450
1726744775861407200,-1.392541861374676,4.536213689094781,2.1286665174141524,0.2832783412361517,-9.1218580563128,-3.589129530109465,2.183356285095215,-1.2120805978775024,0.7300344109535217,0.5626357063546499,-0.8264175159531493,0.0053633866500651,-0.0211283137845983,-0.0201116874814033,-0.8824920058250427,-1.2651238441467283,-0.983092753216624,1.6563903662040829,-6.640961278522014,-0.5430940985679626,0.0003993379650637,-0.5231634944150224,0.0820837393403053,1.0480291165728122,0.9222093185130508,451
1726744775901173800,-2.2823449209973217,0.0710065501153469,-2.0038474208295343,-0.1845805780535563,-9.457174883550405,-2.5880814334854483,2.817880868911743,-1.2369755506515503,0.7104939818382263,0.606546700145292,-0.7949561850528214,-0.0003047299680423,0.012070883264494,-0.1505314856767654,-0.3016256093978882,-1.1504027843475342,-0.9119587773293256,1.9168021745830768,-6.484001953572035,-0.3971242606639862,-0.1162450611591339,0.92896171538271,0.1665151417255401,1.3575417135335504,0.6616895927801728,452
1726744775940940500,1.5131550307020545,-6.433406323322654,-10.821575230807063,-0.2772979699186049,-9.576770984789729,-2.0925988864719867,-0.1481155902147293,1.8696027994155884,-0.1071104556322097,0.6270754705219308,-0.7788245256191086,0.0111898362578659,0.009143767067847,-0.3059580624103546,0.0788385942578315,-0.7058151364326477,-3.195151547327637,2.181980174450576,-6.832157219594716,-0.326930969953537,-0.2448222190141677,0.9882647490270436,0.1822137534618377,1.1495888450577854,0.542402594022639,453
1726744775980706300,2.9438153180688618,-1.592474358871579,-2.4926807390868664,-0.0834927048640325,-9.570788987770676,-2.136208749487251,0.4918273389339447,-0.0114463865756988,-0.1439203321933746,0.6252299021230926,-0.7799880516205833,0.02312945330972,-0.0130826139066134,-0.5596414804458618,0.7065581679344177,-0.2130998969078064,-2.328603106564284,3.1786449414238334,-6.451704781079292,-0.2799234688282013,-0.1580343693494796,1.808266396540404,0.2320944666862487,0.8006084533225745,0.6527206889048218,454
1726744776020473000,0.3402780298415571,-0.5976829845547675,0.3253156577050686,-0.1494900393820833,-9.63199310579598,-1.836505671944469,0.780388355255127,0.2510036826133728,0.2225240767002105,0.637377061587278,-0.7700750891604459,0.02490151358685,-0.0107129587023783,-0.1139534935355186,1.4433434009552002,0.4608090221881866,-1.9278817870020863,3.098203915748,-4.980973472347856,-0.1937785893678665,-0.2225006222724914,0.7546340531330555,0.2131378948688507,0.4519393194936215,0.4045979783324525,455
1726744776060239600,-1.7793176576927303,-1.0618810432493686,2.0342178630433976,-0.2044279822852462,-9.662048636841773,-1.6653619004279374,0.0659599527716636,-0.0198751725256443,0.2733136117458343,0.6441768824904291,-0.7642241062682372,0.0295184697402036,-0.0112430236294874,1.288886785507202,1.7822661399841309,0.9190657138824464,-1.377107268616557,2.2346143247902392,-1.2993030211851,-0.200743094086647,-0.2500845789909363,-0.6497247950244694,0.1996308118104934,-0.2833326652392745,0.3516082194881513,456
1726744776100006400,-1.4401993923455476,0.6317348917603492,3.318212694329023,-0.3271702725958079,-9.656528412115572,-1.677735059788823,-0.0064998613670468,-0.5042107701301575,0.1431724727153778,0.6437763776944458,-0.7646220403700281,0.0298967921917006,-0.0033556549018626,0.6838659048080444,2.02933931350708,1.0014960765838623,-0.4722843345165252,3.934061450171471,-2.585404323230684,-0.1955443322658538,0.0411143973469734,-0.2526549289082176,0.322443813085556,-0.5332573106670752,0.387297335974127,457
1726744776139773000,-1.219482392429933,1.1924001050412654,3.954178355526924,-0.3939102147752419,-9.668324063849449,-1.5933457348786293,0.3479190766811371,-0.2231466472148895,0.0780554264783859,0.6471036069429152,-0.7619493759014283,0.0259070687620802,0.0043562928310587,-0.1824369430541992,2.0035946369171143,1.209763765335083,-2.231839014858007,3.1334698749184606,-0.677028908470273,-0.1723618060350418,0.1800314486026764,-0.2069940699135884,0.2781516015529632,-0.7786594371691345,-0.0017904870170546,458
1726744776179539700,-0.8638586902227252,0.1045879171997308,2.8138731793820857,-0.3679579908624291,-9.686631873956324,-1.484642929705977,0.2403150349855423,0.1663568466901779,-0.1966346502304077,0.6513790957720463,-0.758327697154568,0.0251957806122171,0.0030971205072498,-0.7473059296607971,1.5928385257720947,1.4551541805267334,-3.018804800340533,2.8833772159799933,0.385196418172121,-0.1350771635770797,0.1842010021209716,0.3546170093826949,0.0182609986513853,-0.3587838102059438,-0.4753159938300028,459
1726744776219306200,-0.3554028259981423,0.6995481987923383,1.9979998638451093,-0.229680149903614,-9.708929045960309,-1.3617407726585864,0.6175746917724609,-0.0638193413615226,-0.4696103632450104,0.6561699571351279,-0.7542917228998707,0.0217589846021597,-0.0034034086344055,-0.8684925436973572,1.279926896095276,1.5900717973709106,-2.377697684600949,2.0195748590543867,2.290468313959241,-0.0948498845100402,0.0697677582502365,0.0438308122895658,-0.304259181022644,-0.1866801989476196,-0.6153855222448706,460
1726744776259073000,-1.0673645161617549,1.433788356259465,-0.4008778983633965,-0.1131265855648089,-9.773091429269313,-0.8026569833502173,1.9072186946868896,-0.6452801823616028,-0.2279256582260131,0.6775513140155959,-0.7354233184252702,0.0087556337323491,-0.0002237359972548,-0.5113772749900818,1.0098999738693235,1.747773051261902,-1.205415069437027,0.7039873502835631,3.711878250160813,-0.0952235013246536,-0.0224788524210453,-0.2739044732891023,-0.4941272735595703,-0.1274181549008004,-0.3607512743540108,461
1726744776298839600,-1.4813222608506678,0.6112468150049447,-1.3716928423523902,-0.0817920749586075,-9.804083364382386,-0.2089288921673782,0.957957088947296,1.3836673498153689,0.0657211244106292,0.6995093860423054,-0.7144997069235034,0.0119405992978787,-0.0058535028108518,-0.5900185704231262,0.7234916090965271,1.8460878133773804,-0.8535925130784511,0.0526155917696654,3.5915672786504027,-0.1457309126853943,-0.0551639422774314,-0.921814766237512,-0.412067711353302,-0.258206425555516,0.237121734613832,462
1726744776338605000,0.1467209308617748,0.571359625774622,-0.5377437718987464,-0.1497136372711975,-9.805496153789758,-0.015017447341571,0.3010255396366119,1.8699281215667725,0.2577747404575348,0.7059473251142445,-0.7064950775152925,0.0403779914268217,-0.0295422634950076,-0.3407543897628784,0.4560343325138092,1.9146567583084104,-0.5790443350583314,-1.4737883582144975,2.9728929439932106,-0.1479642242193222,-0.0722055360674858,-0.9841950153701008,-0.1885858029127121,-0.2341791966222226,0.5340455384353175,463
1726744776378371800,1.3088558624282478,0.556513938820362,-0.5396954904884099,-0.2794988774963654,-9.800376326557991,0.2118397381127811,1.0451263189315796,0.6602274775505066,0.3910629451274872,0.7133510746671159,-0.6965947674475674,0.0628880695198137,-0.0439434749009137,0.1999727338552475,0.2242545932531356,1.7571293115615845,0.0103776016294956,-3.0032383978962898,2.4808079304635524,-0.1803219467401504,-0.1010679528117179,-1.5611941083364187,-0.0287973377853631,-0.5112715426998212,0.5211172659423202,464
1726744776418142000,2.231261214970052,0.0469470446139574,-1.7118015800416468,-0.4131644754193723,-9.7750361335963,0.6695756698548794,1.0883805751800537,0.2948156893253326,0.1685912460088729,0.7294081412641957,-0.6787794838629316,0.0715510646856584,-0.0458534819181339,0.4801796376705169,0.1961262375116348,1.376927375793457,0.8714128319293261,-3.9757662102177735,2.293181080049276,-0.1701756715774536,0.0112754059955477,-0.7537388578590005,0.1031287834048271,-0.4322710346885025,0.5172547818278893,465
1726744776457908700,1.0300732617087662,-0.2416208909302949,-2.874915969365835,-0.4478334550773725,-9.752224582329392,0.9294774828851222,0.3249669075012207,0.4058220982551574,0.0179374702274799,0.7381113475276987,-0.6683484695648588,0.0769425861615088,-0.0508103854992618,0.794396698474884,0.179412767291069,0.908910870552063,0.0842716898798942,-5.100925547417998,2.291030039495229,-0.247317835688591,0.0097119556739926,0.7217381840948015,0.14948670566082,-0.2718169264253228,0.4513115795167163,466
1726744776497675500,0.95381777808927,-1.560502765071392,-1.570319079556316,-0.4698896944649517,-9.747910810783504,0.9632394672334194,-0.0325377583503723,0.4409481585025787,-0.0296199116855859,0.7388907352661944,-0.6663261456655448,0.0830537362036132,-0.0561435712363367,1.1741188764572144,0.1005109250545501,0.4495321810245514,-1.35183078854084,-5.757483330267667,2.682483179974556,-0.4009200632572174,0.0482147820293903,1.1678385683018713,0.2472102642059326,-0.2390493964744731,0.3484008382815867,467
1726744776537442600,1.8674362322591245,-1.8552292232453824,-0.7825305795140564,-0.4617406190725043,-9.747819040846824,0.9680812081761656,0.1569690704345703,1.328945875167847,-0.2530292272567749,0.7380623724785739,-0.6648061873721026,0.0931360825405227,-0.067986759611011,1.212069034576416,-0.1420108526945114,-0.0649925917387008,-1.7905974688589572,-5.997964988034964,2.510587567177415,-0.5629130601882935,0.0819855108857154,1.828979660353809,0.2741974294185638,0.0364412317612208,0.0384362689028028,468
1726744776577209300,2.755852952089905,-2.4142682966291904,-4.642246544405817,-0.328132395626232,-9.76713047503829,0.8160129432033747,-1.086382508277893,2.847245216369629,-0.7640740275382996,0.7282978392819994,-0.6663746569022693,0.1197486398788257,-0.1057701976096944,1.119882583618164,-0.2944920659065246,-0.5497997403144836,-1.352385499814153,-5.579463097110391,2.1348931368440387,-0.6962448358535767,0.0046766600571572,1.4265955221459268,0.201457530260086,0.4565508318770676,-0.1443434337412472,469
1726744776616976100,-1.11094215740785,-0.9713111300081014,-4.852062430274486,-0.0512930927279405,-9.806488671958446,-0.0238788197388174,-2.709991931915283,1.4054436683654783,-0.8967440724372864,0.69174516443729,-0.6926754802322375,0.1463494451972994,-0.1423773526996301,1.5095126628875732,-0.6353438496589661,-1.1176608800888062,-0.741709178173542,-5.176086294603348,2.027030728018284,-0.6730478405952454,-0.0573194064199924,0.0538902878805995,0.0562760084867477,0.7031598134182393,-0.3294433686269447,470
1726744776656742000,-0.9983530123211444,-0.7025894661843777,1.9810415686510503,0.3659846084302291,-9.75513491681814,-0.9347756623584776,-1.7944374084472656,0.584152340888977,-1.1515437364578247,0.6531155483691238,-0.7247613550678368,0.1496037178252346,-0.1605611759830593,2.137567043304444,-0.7289590835571289,-1.5588253736495972,0.3993991310477257,-4.558747007942199,1.4737591321200132,-0.6994277834892273,-0.3155297935009002,-0.0046934487668127,-0.0986962392926216,0.9108635294385252,-0.4923057070756331,471
1726744776696508700,-3.91640129031837,-3.213457019346952,3.277160552972555,0.7300180827926844,-9.683357966852189,-1.3674854537904262,-0.833003580570221,1.5725146532058716,-0.3108190894126892,0.6300710441049228,-0.7387456995635313,0.1548455499432547,-0.1824501487550115,2.609358072280884,-1.1259950399398804,-1.6695404052734375,-1.0546896704405546,-3.6653704737469552,0.4455243378847837,-0.6906364560127258,-0.1466047316789627,-0.6845198487475515,-0.2335648834705352,0.4583377883590757,-0.6334145154103636,472
1726744776736275500,-3.597241524894536,-1.5201462047636507,-2.350785712277889,0.8335846941206604,-9.58221580619216,-1.9122399812340736,-2.1627886295318604,0.9318116903305054,0.2771362066268921,0.6022116636938921,-0.7520401959845351,0.1786970840763402,-0.1996096211644255,2.6628258228302,-1.3280807733535769,-1.70749831199646,-1.280524378696084,-2.703734934578836,0.0351052156507968,-0.6795242428779602,-0.1354277431964874,-0.5436477352455258,-0.3965529203414917,0.4812847660413011,-0.4672955132532864,473
1726744776776042200,-2.930112371408939,1.6001105528384447,2.8362834563717243,0.6057917279368266,-9.432892090687156,-2.6122756712824104,-1.2909256219863892,-1.774005889892578,0.4648594856262207,0.5783798641109953,-0.7734719017216825,0.1868962660672207,-0.1796882584278877,2.16102933883667,-1.7648323774337769,-1.6412405967712402,-2.792637499129772,-2.0256772675827146,-1.23810270255208,-0.5867157578468323,-0.0103468038141727,-0.8429340486809611,-0.4868992269039154,0.4544202861217781,-0.183282884659525,474
1726744776815809000,-0.8900180175475776,2.6992759093433616,2.8891040691941976,0.3839433859037235,-9.343782313126326,-2.9524001910626887,-1.185395359992981,-1.147203803062439,0.0970079079270362,0.5707705461943663,-0.7867021868027513,0.1778487788347562,-0.1539165780801443,1.06430983543396,-1.9549503326416016,-1.7184354066848757,-2.6009920607239008,-0.923182620524615,-2.693386851304769,-0.4862327575683594,-0.0021262189839035,-0.2997606346826069,-0.4973191320896148,0.586918977423571,0.0825829148090444,475
1726744776855574800,-0.8447356182102114,0.4898743517428636,2.1964096818193792,0.3413548287602141,-9.170053639683127,-3.4589024370014667,-1.300237059593201,0.4644277691841125,0.1189721450209617,0.5497810718588378,-0.8020860526043743,0.1816945654895011,-0.1462392774676857,0.0782247334718704,-2.052432060241699,-1.8659905195236208,-3.15907777890563,-0.2721488617934286,-3.900180807879567,-0.3675796389579773,-0.0682169422507286,-0.4866458181504159,-0.3845551609992981,0.5345979116210714,0.2869399872825481,476
1726744776895341600,0.2443826107285916,0.2251519866883754,2.7407296172380446,0.3926246319441124,-9.0658906698972,-3.7183120826005935,-0.0390524454414844,0.0913538485765457,-0.2005448937416076,0.5371867103098993,-0.8094347639598126,0.1854629831398608,-0.1478149197149454,-0.9557315707206726,-1.9361834526062007,-1.912009239196777,-2.952688944876194,0.899660144509375,-5.209917837056517,-0.4219365417957306,-0.0380667224526405,-0.7510200273543596,-0.1509288251399994,0.4029510513756424,0.4073043512143194,477
1726744776935108400,-1.61668963945657,2.8808395141959187,2.5307766609862443,0.3654198872195556,-9.16127821255326,-3.4796287064269182,1.3511515855789185,0.0436149798333644,0.3877359628677368,0.5477314556405877,-0.8017722055996865,0.1859382297041496,-0.1502614392569984,-1.724462866783142,-1.612146258354187,-1.9077386856079104,-1.866845426759124,1.9490616454139351,-5.714017113506793,-0.5213565230369568,-0.0814128294587135,-1.0890785545155406,0.0012814309448003,0.439289279420115,0.123609035808267,478
1726744776974874400,-1.1643506531208754,3.262479116669297,0.7464382525220513,0.1873667929722927,-9.413032959485053,-2.744099385932088,2.4089889526367188,-0.5375686287879944,0.5002591609954834,0.5806958040848913,-0.7779699307412125,0.1862066713232271,-0.1512686752923155,-1.8915493488311768,-1.057766675949097,-1.749121069908142,-0.5710585970014334,2.9757915880441663,-5.517789023485779,-0.5235803127288818,-0.1106708720326423,0.0653310069632716,0.0955042764544487,0.8862208902869373,0.1313580698993057,479
1726744777014641200,-0.9286610519357024,-1.2357932565659284,-5.11763176754713,-0.0836374744964297,-9.608741994068026,-1.958431531305611,1.1368932723999023,-1.0037832260131836,0.3681362569332123,0.6171148000048396,-0.7540658082062198,0.1767398470499122,-0.1389858152889461,-1.3887547254562378,-0.3443561792373657,-1.286484718322754,-1.200575228190422,3.816122468489408,-5.276417138880491,-0.4807346761226654,-0.2116674780845642,0.6240525205641985,0.1796886920928955,1.029424734672159,0.0910482804758939,480
1726744777054408000,3.9690377787455913,-3.629851708859205,-6.700567313700914,-0.0286305306108202,-9.60843687364161,-1.9615040706187483,-0.4281124770641327,1.3058853149414062,-0.3055337965488434,0.6161592872803481,-0.7541280965411067,0.1769171879918938,-0.1426142562347182,-0.6715940833091736,0.251396894454956,-0.5517104864120483,-2.1823598214179274,4.485272606408596,-5.257137853392958,-0.4741424918174743,-0.2540023624897003,0.6000324702903628,0.2435407042503357,0.7330687025349587,0.0021825111212558,481
1726744777094174700,2.392334989501536,-1.519841668859124,-0.6498199990272522,0.0490024290740722,-9.626364159998298,-1.8711244192525744,0.8297805786132812,0.1925026923418045,0.1016713008284568,0.616741128931294,-0.749112552402317,0.1850166951394912,-0.1556586306425855,-0.0122082233428955,1.160310983657837,0.2977905869483948,-1.80623985914886,5.165009604793787,-4.547675286568701,-0.46751868724823,-0.3581929206848144,1.3046522732585668,0.2365665286779403,0.5730012920344248,-0.2695798150230199,482
1726744777133941500,-1.1290586096610873,-2.543873750707507,0.9534721064567564,0.0036342856841351,-9.68406290025115,-1.5457373037464917,0.6510083675384521,0.5900737643241882,0.2493315488100052,0.6284393266902136,-0.7367750674712262,0.189665932044507,-0.1620288645768082,1.0096479654312134,1.827157020568848,1.2110739946365356,-2.752302566131949,3.4991789178103208,-2.958873770990968,-0.4172298014163971,-0.4088516533374786,0.3350616834327578,0.0932371765375137,-0.0001504373256029,-0.4574791987683623,483
1726744777173708300,-2.4742224145933984,-0.7729699933558702,0.8976727700844407,-0.0349011330296169,-9.700313777828216,-1.4398090778537094,-0.1395842134952545,0.3042632043361664,0.0727305337786674,0.6308756338788148,-0.7307169485796187,0.198651900288495,-0.1690739227547934,1.5890836715698242,1.657882809638977,1.6763046979904177,-2.044199304962158,2.6720301750212907,-1.2910706148907545,-0.3374128639698028,0.1449065208435058,-0.8400195494737476,0.0898670554161071,-0.8433848611883819,-0.0937134536976926,484
1726744777214720000,-2.2441614669449628,3.074744129705429,2.979195843529701,-0.1012584531166125,-9.684236503252386,-1.5413282551325858,0.1061055287718772,-0.3339245915412903,0.3824978470802307,0.6287752951798901,-0.7347401405746491,0.1968319027184215,-0.1614180126572799,0.1553615927696228,1.9576873779296875,1.6554871797561646,-0.1597778895020485,3.4639994678795336,-2.3249138966575265,-0.3354579210281372,0.3203668892383575,0.1056707166009116,0.0417653359472751,-0.6794756440352648,-0.1415065937469713,485
1726744777254486800,-1.6743008475564418,-0.4445452637195587,3.631719840818644,-0.2775720558859407,-9.695646955060958,-1.444916045603901,0.301137238740921,0.6944052577018738,0.4137308001518249,0.6332031156298047,-0.7289264855906405,0.2057580922374216,-0.1593225526254153,-0.9297420382499696,1.4783284664154053,1.7296143770217896,-2.8480794003665446,2.1374135952323674,-0.8667525850333273,-0.3274073302745819,0.3976438343524933,0.0888279375453013,-0.0608909912407398,-0.6634628860630095,-0.3431003572532907,486
1726744777294252500,-0.5396363441796973,-0.8315952008038758,2.974290535831451,-0.27349437638456,-9.708727385908364,-1.355061879416555,0.2631981074810028,1.2057390213012695,-0.2143696695566177,0.6331341166881178,-0.7217004716357968,0.2196300554364443,-0.1733557806291873,-1.9651501178741453,1.1445767879486084,1.6667907238006592,-2.3889368714958428,1.5009122197225688,0.0104500823438167,-0.4148531258106231,0.3922299742698669,0.1852171406577341,-0.1883204132318496,-0.8237783165078609,-0.5208455363288521,487
1726744777334019300,-0.2623208203380927,0.4195756576359272,2.558698979395628,-0.1078825017657131,-9.724789462915062,-1.2598447248913347,0.4808706045150757,1.000128984451294,-0.5046306848526001,0.6320067603994737,-0.7167086425137936,0.2248620096007811,-0.1906127889810674,-2.447237014770508,0.747067928314209,1.3503329753875732,-1.8430396037578585,0.4637164126574993,2.575513920596242,-0.4642658233642578,0.4207883477210998,-0.0356807938989135,-0.3900522887706756,-0.6153100458558648,-0.6919236952632665,488
1726744777373786000,-1.1602228326011448,0.6222516086220741,1.3672306022465228,0.0107068975159432,-9.756879130136966,-0.9867018105592578,1.0718319416046145,0.2358486503362655,0.152615949511528,0.6379191713132327,-0.7059354467234189,0.2279538007968699,-0.2067639473557324,-1.2310960292816162,0.2106195241212844,1.5235859155654907,-1.009440661916137,-2.6347490766361354,4.767063595163822,-0.4829031229019165,0.3577006757259369,-0.1447454021382611,-0.6210137605667114,-0.6289333514083176,-0.5478634167117997,489
1726744777413562000,-0.5648207255251705,0.9064724548727272,-1.295388185828924,-0.0826612772748805,-9.794646258473396,-0.4779673851216212,1.2328860759735107,0.0976433679461479,0.2703931629657745,0.6573038602394677,-0.6882860679885894,0.2250152080734247,-0.2087632157001561,-0.8501958250999451,0.2443148493766784,1.4002459049224854,0.0359679699599742,-1.1943743277236818,3.856643863970041,-0.5775014758110046,0.2581650614738464,-0.3399297643931582,-0.6361379027366638,-0.5098500219967216,-0.1635960412844084,490
1726744777453329400,-0.015849749430269,0.3218558726400137,-1.169203938370943,-0.2093549355597235,-9.801396901777386,-0.2432249833923764,0.0121460575610399,1.919921875,0.3814935386180877,0.6626153919263126,-0.6742806958849311,0.2403051512525892,-0.2203173870156057,0.6316719651222229,0.1149877607822418,1.3185962438583374,-0.501024691310525,-4.107549885118007,2.4810943461894985,-0.6700718998908997,0.0249704085290431,-0.1267668879178352,-0.4827176332473755,-0.1998791964070871,0.2085413358882069,491
1726744777493096400,1.5784303436890244,0.2433212651073932,-0.2703799158921465,-0.3101019776886329,-9.79663480194211,-0.3164981449991464,0.0092703597620129,1.7392126321792605,0.2515403926372528,0.6519977533556391,-0.665132913026658,0.2715421181971454,-0.2424087686376083,1.2065690755844116,0.0555790290236473,1.0524905920028689,0.0318570275098085,-3.728732354328036,1.2664181119322775,-0.7661154270172119,-0.103309191763401,-0.8181492245797067,-0.2327928841114044,-0.5085454787367955,0.3091200539791956,492
1726744777532863700,2.011303143662959,0.4562304408162832,0.3849357214093208,-0.40868459005896,-9.796758136060834,-0.1639208527919836,0.735416829586029,1.0246710777282717,0.3642670214176178,0.6516912241264017,-0.651135574110702,0.2904825327954459,-0.2587292235881476,1.4202648401260376,0.0488270074129104,0.6436256170272827,0.9588871172428132,-3.5967230539783834,1.4111761269569396,-0.8807762265205383,-0.0287676621228456,-0.6615014497969299,0.0056642116978764,-0.613901275036484,0.1516336272820364,493
1726744777572630000,1.1127233417361977,0.0933405469983816,-1.1007827285736798,-0.5044465189853683,-9.793449157643318,0.0654403034234885,0.4254193305969238,0.8219562768936157,0.2301129400730133,0.6558650695272482,-0.636817581921997,0.3018722252059757,-0.2705136255895168,1.5903680324554443,0.0522428825497627,0.4071493744850158,1.1055196939677,-3.8434967976272105,1.841965837046504,-1.0408196449279783,-0.0482785403728485,-0.2138864780421368,0.1675696671009063,-0.4978572402555495,0.026549217125005,494
1726744777612397300,1.5159860163442789,0.3659288231223821,-1.455180103856325,-0.6175619895011186,-9.786664027547836,0.1011093452358152,-0.1503692716360092,0.633856475353241,0.3401821553707123,0.6543117610148518,-0.6290147727246984,0.3149369364390352,-0.2775452192620294,1.7757624387741089,-0.0776120498776435,0.2282261103391647,0.4876198508143424,-4.42718866623044,1.9608575894087552,-1.0563831329345703,-0.0839654207229614,0.1020793319122865,0.2964855134487152,-0.2033561883352696,0.1077092914901208,495
1726744777652164400,1.9038256425015627,-0.7218442017525434,0.2939981438994407,-0.7662805056545883,-9.776579855906965,-0.0409612756020855,-0.3798246085643768,0.486106127500534,0.3842597007751465,0.6491603447779947,-0.6281812377251916,0.3278365086828802,-0.2765906031947274,1.822456955909729,-0.2408817857503891,-0.0232205744832754,-0.0404483302444219,-4.489653890232741,1.3969739986032246,-0.9822828769683838,-0.0096072228625416,1.466717835306376,0.3865873515605926,0.0832036587895825,-0.0340415045425761,496
1726744777691931400,2.405929653481394,-1.6801029579639437,0.7209434535205363,-0.8169279391564428,-9.771662857770918,-0.1327186085296329,0.0439188033342361,0.8764062523841858,-0.1934662461280822,0.6431718469676517,-0.6258498412503166,0.3392325782760556,-0.2820694336254657,2.031038284301758,-0.3651177883148193,-0.4336821436882019,-1.9822212799549104,-4.614788628637791,1.082240525189042,-1.0056610107421875,-0.0921549499034881,1.9995538152888417,0.4079333543777466,0.2231706949443556,-0.2330432879274711,497
1726744777731698700,1.1797316890608518,-1.5324275941878556,0.1944493899106979,-0.6251746564619243,-9.785711256867646,-0.139232967992872,-0.0202514138072729,1.2387640476226809,-0.7319911122322083,0.6339413526115192,-0.622188548955618,0.3463817478455416,-0.3016942013660876,2.256039619445801,-0.8860419392585754,-0.8410244584083557,-3.187216662675142,-4.2663796801149845,0.5970440290641039,-0.977230966091156,-0.1331992149353027,0.6004475173646584,0.4245638251304626,0.4754160566709935,-0.4318679703129455,498
1726744777771466000,-1.2534998859092592,-0.7163064413696527,-1.6338088243007658,-0.2952492034064605,-9.798728559350966,-0.2610527183647267,-0.7198339104652405,1.9827510118484497,-0.728443443775177,0.614983827940373,-0.6211043766095831,0.3571265008035967,-0.3293705696477466,2.093091487884521,-1.0989736318588257,-1.470044493675232,-0.3537555702477693,-2.6386913845211266,-0.2573730252049863,-0.9282093644142152,-0.2410041689872741,-0.2345831377806141,0.2788441777229309,0.6544185057986527,-0.7969206316553056,499
1726744777811233300,-3.835481833475828,-1.0102385342955589,-3.31230668515563,-0.0841255959400907,-9.773845462507008,-0.7970409700993448,-1.6388685703277588,1.3022061586380005,-0.1512477397918701,0.5822619505435012,-0.6284129043998236,0.3817525391674879,-0.3468909770133545,1.9923291206359863,-1.1611765623092651,-1.9363658428192136,-0.1217956571102142,-1.660850414352864,-0.9036024523943662,-0.8612346649169922,-0.3259119391441345,-0.3803699478637427,0.0804962292313575,0.7811687165763229,-0.8520141578458249,500
1726744777850995500,-4.421292301668227,-0.8221826448142528,1.5085701871298252,-0.0859419520465191,-9.718440970671177,-1.309552174129337,-0.9271308183670044,1.2539305686950684,0.3501500189304352,0.5577388610049249,-0.6343710610494679,0.4053910864926858,-0.3495123852777081,1.4102656841278076,-1.4868439435958862,-1.9863930940628047,-2.3358739743500947,-0.8412922728233039,-2.723415786604583,-0.8170660734176636,-0.3705664277076721,-0.0531362044105539,-0.1233399510383606,0.8016755710974335,-0.8850042079735547,501
1726744777890762800,-3.877897079879045,0.5486532884478569,1.8880372678697108,-0.1510954287521075,-9.680736970698833,-1.559133814805746,-0.3687562942504883,1.626808762550354,0.3129647970199585,0.5402166948429794,-0.6275217408276661,0.4309410245690249,-0.3587091864575554,0.596322774887085,-1.5305594205856323,-1.84958815574646,-2.150914881840348,-0.0285410348296165,-3.9770346227183935,-0.7924894690513611,-0.299802154302597,-0.1641349156677722,-0.3104627430438995,0.7483944280911237,-0.8403820261105894,502
1726744777930529800,-3.5557255654186006,0.6244295371830463,1.305929453587532,-0.0901947232533246,-9.663737905102968,-1.6656582530260085,-0.2199547737836837,1.5173600912094116,0.1461017280817031,0.5239525151263563,-0.6178026200752982,0.4508268595156947,-0.3748984034408344,0.0763224363327026,-1.401164174079895,-1.704600214958191,-2.0566402688622474,0.2153285118103027,-4.153094077196717,-0.7475230097770691,-0.246251955628395,-0.0366487027827301,-0.4639070332050323,0.9739229199416934,-0.6588731471199542,503
1726744777970297000,-2.9197856231838464,0.0341676425397396,0.8702890885964035,-0.1409022529119625,-9.64389280242622,-1.773650717972219,-0.2704861760139465,1.5377578735351562,0.538683295249939,0.5099133464528252,-0.6053853745949216,0.4732225332221037,-0.3867263397079847,-0.7312648892402649,-1.145081877708435,-1.6549961566925049,-1.6736738016992807,1.093624673512578,-5.059968098607659,-0.6677330732345581,-0.215639442205429,-0.1914745570846833,-0.5167286992073059,0.9569222469106315,-0.4148082971036434,504
1726744778010064400,-0.7708147150181234,0.4134042755246162,0.9439898462317884,-0.1885119078868068,-9.631380526855589,-1.8361296782389285,0.0774016454815864,1.4680583477020264,0.2123006135225296,0.4969269778032618,-0.5910301137984427,0.4942670974366074,-0.3993082875011072,-1.8388051986694336,-0.7989680767059326,-1.7008076906204224,-2.120128113910556,2.2999296775266527,-6.20386866889596,-0.5767669081687927,-0.2053717523813247,-0.2860219408558681,-0.4705026745796203,0.971750471273437,-0.2869890505886636,505
1726744778049831700,-0.1918144017646089,0.5458253715455532,0.9792356393970548,-0.1477132846336811,-9.65890390907526,-1.6894152684494852,0.7453253865242004,1.2854100465774536,0.2797139286994934,0.4886801171712697,-0.5738792164673991,0.506753245784025,-0.4183963232787969,-1.7114582061767578,-0.1909467130899429,-1.6157952547073364,-1.6450906812936066,2.9378888506293297,-6.284032338935137,-0.4788891971111297,-0.1408540457487106,-0.8370956248510628,-0.4290492534637451,0.6516332589942961,-0.4142341139448806,506
1726744778089598000,-0.0243418295741081,0.5825584806591272,0.7650456300973891,-0.2447067281164228,-9.71120049802363,-1.342795979822427,0.9951549172401428,1.1712443828582764,0.4559325873851776,0.4906131298189629,-0.5502862335988338,0.515411097665534,-0.4368469833222905,-1.0873943567276,0.5411084294319153,-1.283180832862854,-1.063904073509574,3.602587269836664,-5.464609806483984,-0.4272293448448181,-0.0703029334545135,-0.8012124105650931,-0.4466918110847473,0.5984969678187743,-0.4583037764916196,507
1726744778129365000,0.8822576126791536,1.080614385291934,-0.8573099992316215,-0.3103425815114751,-9.750317287403345,-1.0026853424370288,0.7748092412948608,0.0936114564538002,0.2580668330192566,0.4935004346232675,-0.5305743674522759,0.5192432621081216,-0.4531385656192581,-0.6679655313491821,1.0762183666229248,-0.8536972999572754,-1.3787012598097323,3.715554308325052,-4.115595828929544,-0.3167192637920379,-0.0633035898208618,0.6430450249996036,-0.396525502204895,0.974928516787663,-0.0213256509575527,508
1726744778169132300,1.2258841492310166,-1.4007868348896502,-3.861051159018278,-0.5127112566467374,-9.763525144022704,-0.7623014459557831,0.1439037173986435,-2.345898628234864,0.2757327258586883,0.5180155324181095,-0.5343153570010031,0.5033623528436622,-0.4390824926624232,-0.2130553126335144,1.01621675491333,-0.2928288280963897,-2.4134119720607994,3.3810108035475013,-2.886710452055931,-0.1695055067539215,0.08152786642313,-1.023485919207707,-0.1739885807037353,0.3009330577291548,0.1544539362666197,509
1726744778211383300,1.8392063092052933,-1.2648837419718504,-0.0455271678786724,-0.5394540829479694,-9.761761641481518,-0.7664067623827606,0.0447303354740142,0.3501727879047394,-0.1181241795420646,0.5307791038490827,-0.5478811762124899,0.4887761106069851,-0.4233174116644242,-0.3754673898220062,1.2577725648880005,0.1638999134302139,-1.2437491840064523,3.861541572883725,-2.3406842972412703,-0.0847940668463707,-0.4154756069183349,0.3204379686661064,-0.1544560045003891,0.674589771689847,0.0281762817540089,510
1726744778251150600,0.666561436600238,1.1128291401982306,-0.7735819147091358,-0.4159186329657212,-9.772655960461496,-0.7018442738402635,0.2486241608858108,1.489738941192627,-0.244629219174385,0.5208585566617738,-0.5389997699900388,0.4952406955768764,-0.4392291403042133,0.0017709750682115,1.2080687284469604,0.7965787649154663,-1.1284843899697066,3.0048014094293114,-1.1455734719365835,0.0525912195444107,-0.1167450845241546,-0.8222642586831003,-0.071123868227005,-0.1130855868341401,-0.1086156109463889,511
1726744778290918000,-0.3819593724796548,1.4039251329153777,-0.386531393102929,-0.3339072161680087,-9.775998841148615,-0.6990890568479895,-0.1026217713952064,1.255271077156067,-0.033214583992958,0.5059198536671758,-0.5263144124894372,0.5085634302291523,-0.4565100252868566,0.3763688206672668,1.1070047616958618,1.2146904468536377,-0.7099561955600977,1.846941287371516,0.3422738067686557,0.0922143161296844,-0.222261905670166,-0.202844768214412,-0.1325085014104843,0.0183283825374441,-0.1435592884930782,512
1726744778330685200,-0.2280094219461083,-0.1464583892017603,0.5376981791913509,-0.3085909886037931,-9.77496365288198,-0.7247448916301131,0.0555007047951221,0.1219092905521392,-0.0763983279466629,0.4995868819923731,-0.5220125168822013,0.5142515316272644,-0.46201872605917,-0.1126216500997543,0.618638277053833,1.3336766958236694,-1.3216460781574249,1.1842448556363585,1.123676112905145,0.1376586556434631,-0.0822632163763046,-0.1763284441454335,-0.1362632662057876,-0.2883301629993133,-0.1601239995259791,513
1726744778370451200,-0.8513475106306374,0.4917196873486041,1.9740555091559888,-0.2671935774736106,-9.785262344056369,-0.5896084357032552,0.5914835333824158,0.1877353638410568,-0.1253337264060974,0.5030219237099409,-0.5205314727505288,0.5090271598433475,-0.4657331068153991,-1.1081349849700928,0.3604275584220886,1.4665489196777344,-1.0978402453809977,0.5841133088856935,2.094936389508843,0.1100843846797943,0.0547423362731933,0.0955496378825977,-0.1143306642770767,-0.385714889088273,-0.0481747369451215,514
1726744778410218500,-1.4686151933602989,-0.5694938319027424,0.5817617773234844,-0.2064283805885352,-9.79754899417758,-0.3685280093027278,0.4723088145256042,0.3870103061199188,-0.1062630042433738,0.5035554956176481,-0.5122966779762714,0.5063020967232214,-0.4771186225730084,-1.196791410446167,0.0525313578546047,1.5148385763168335,-1.914706663608551,-0.2787199107468128,2.0976719519525764,0.0630584806203842,0.1206779927015304,-0.1077070903998799,0.0051554460078477,-0.5727702232249081,0.1991673948759213,515
1726744778450000400,-1.1556040867593138,-0.8526099317818879,-1.0891676941037178,-0.2198648035330697,-9.80278572578728,-0.1656931414278224,0.6743860244750977,-1.9312784671783447,0.1478166729211807,0.5137864743604441,-0.511531345810429,0.4967732694334479,-0.4770487745399369,-0.8793390393257141,-0.0762995854020118,1.3448445796966553,-0.7908376584798097,-1.0674991753920913,2.216277873110771,0.0234389584511518,0.268217384815216,-0.3229990513257682,0.2252977788448333,-0.528853376619704,0.3038989765963517,516
1726744778489768000,0.3774371823474765,0.3403565749704837,-2.5441578283458948,-0.314888517845422,-9.801492763367294,0.0443117322408827,0.020989017561078,-3.0359110832214355,0.3214667737483978,0.5475385448324548,-0.530405992037039,0.465199112316741,-0.4499564539192237,-0.4395488798618316,-0.0957855209708213,1.0962649583816528,-0.3402227194577455,-1.3631915559887886,1.949420249593257,0.039164263755083,0.213666945695877,0.0951744387615006,0.3353698551654815,-0.1743239176562987,0.1128670030468609,517
1726744778529536000,0.8355685614142566,0.5146382061213255,-0.7413327460765838,-0.4427695592839271,-9.796511467823386,-0.0523454239256214,-0.3909835815429687,-0.7309918999671936,0.2192670255899429,0.5663235987942076,-0.5496978602887155,0.4477735322962575,-0.4202485933130106,-0.3172211050987243,-0.1991454511880874,0.7604742050170898,-0.282059868824482,-1.4863178771808745,1.418046012726426,0.0882179364562034,0.0901010707020759,0.2038756638984195,0.32066810131073,-0.0360747981851804,-0.1463751861640252,518
1726744778569303800,0.3959130790302529,-0.3413958548903465,1.113863743942976,-0.4833014761585742,-9.794157598173618,-0.1062045586161315,0.0948070660233497,1.562290072441101,0.0235827434808015,0.5601731885015416,-0.544400453618323,0.4572122830514276,-0.4251953559283525,-0.4460523426532745,-0.2986541390419006,0.5441105365753174,-0.2512345224499702,-1.3002414710789918,0.8679488821458071,0.1141343489289283,-0.0001119952648878,0.3512730692496523,0.1560195833444595,-0.0448030822546687,-0.3800343592338264,519
1726744778609070800,0.3037153819240629,-0.0145201082617044,0.3415864090263843,-0.4660719993403181,-9.79467490004599,-0.1323934499621857,-0.0987656116485595,1.8687456846237185,-0.0389326997101306,0.5430921295511023,-0.5283985507626335,0.477016937837166,-0.4453098620708676,-0.4636238515377044,-0.3925052583217621,0.4286366999149322,0.1441606336534023,-1.3398691325902938,0.3398842082183808,0.0817923694849014,-0.1103969290852546,0.3370195029696449,0.031334314495325,-0.1081246216922067,-0.238288988294918,520
1726744778648838400,-0.0874316882807761,0.0178694186896085,0.3249135066449642,-0.4514134689886123,-9.794142985126376,-0.2034074070658534,-0.0398482978343963,0.6164228320121765,0.0186749100685119,0.5285281506109929,-0.5174788674729176,0.4925307231059935,-0.4585707472278511,-0.4557427763938904,-0.4629325270652771,0.3889474272727966,0.2116606369525194,-1.402144679239392,-0.1642536466766148,0.0135443331673741,-0.1293857991695404,0.2859676899179816,0.0171874538064003,-0.0889488970438484,-0.1656227978716604,521
1726744778688606500,-0.4670763906098902,-0.1863976008802652,0.2764589800775051,-0.4642681282561272,-9.794131879210472,-0.1727601389382966,0.126059740781784,-0.782360315322876,0.0394850187003612,0.5311302455356752,-0.5179283069635348,0.4904677205262551,-0.4572662861252073,-0.3393080532550812,-0.4629911184310913,0.3529182970523834,0.3449830657273531,-1.412673087516427,-0.6824824977010489,-0.0861515179276466,-0.1866035163402557,-0.0102620147090987,-0.038236454129219,-0.2472921414997428,-0.2221482748277485,522
1726744778728374500,-0.47757674183622,0.0511754759639501,0.5033201087713242,-0.4944691321872174,-9.79348247539103,-0.116656111397827,0.0857496410608291,-0.887440025806427,0.0696099624037742,0.5417665525343586,-0.5247008173046565,0.4802466646048358,-0.4478183808866559,-0.1194675713777542,-0.3750471472740173,0.3272833824157715,0.4286532825827598,-1.585342607295513,-0.8175468017071486,-0.1600300967693328,-0.1816900223493576,-0.1103636145243421,-0.1101549118757247,-0.1750409798844717,-0.2471717482567764,523
1726744778768142300,-0.3793596383100375,0.1106698674619197,0.6163198804855347,-0.5186155853196979,-9.792820796611904,-0.0456019227484706,0.2462190389633178,-0.4510001242160797,0.041178360581398,0.5501208234546053,-0.5284468979886818,0.4723017329541731,-0.4416356353377225,0.1366507560014724,-0.2474124282598495,0.2041099071502685,0.4881067575484514,-1.6976339384794237,-0.9824275673061608,-0.2175087332725525,-0.1428189426660537,-0.0691019038041122,-0.1519919484853744,-0.2537207315088249,0.0019982320331997,524
1726744778807910100,-0.4177088773833587,-0.121740127530694,-0.4776292026758194,-0.5318916483370587,-9.791750537031888,0.0953050154717639,0.3524054884910583,-0.5342920422554016,0.0491352640092372,0.5580902660309109,-0.5282566347428476,0.4648502171429767,-0.4397662796810775,0.3161459565162658,-0.0262238532304763,-0.0785705745220184,0.8207634256660937,-1.4212515307694673,-1.1628281197287142,-0.2546617984771728,-0.0347454994916915,-0.1529921566183678,-0.125909075140953,-0.226122238226328,0.0544196044177515,525
1726744778847676200,-0.062506250132434,-0.1094289274901151,-1.5378256538391113,-0.5548987587086857,-9.78969594258964,0.1559226023133844,-0.1278417408466339,-0.217070460319519,0.0703655034303665,0.5643876874554856,-0.5303531492642777,0.459103144194445,-0.4352198128690642,0.4027714133262634,0.1295554637908935,-0.3286675810813904,0.2785001305162906,-1.0967363757923243,-1.2753858467638493,-0.2819044589996338,0.0392987504601478,-0.1556255738618783,-0.1229930594563484,-0.288661751307547,0.100626511888625,526
1726744778887443000,0.1663347637996077,0.0817091459155082,0.2462082187205553,-0.5760424863612279,-9.789447520786522,0.0725198224888183,-0.1347487270832061,0.9445009827613832,0.0233786590397357,0.5594860469177371,-0.5289437195782544,0.4653182346277166,-0.4366609484274488,0.3465723097324371,0.3025674521923065,-0.5717203617095947,0.2550865217030048,-0.8326222057640552,-1.3091564528100192,-0.293713629245758,0.1413104832172393,-0.1518932554657571,-0.0659675300121307,-0.2237283470934256,0.166890771980863,527
1726744778927210800,0.0443479314988479,0.060955696222186,0.3061053458005189,-0.5888790619827806,-9.788897485688327,0.0332724974980345,0.0231387540698051,1.292288899421692,0.0369677171111106,0.5480061520966139,-0.5183079147268522,0.4792290478215202,-0.4487602503721477,0.3346173763275146,0.4699890911579132,-0.7573463320732117,0.1736018321931362,-0.3895087284132838,-1.1562082631975412,-0.2997180223464966,0.1278609186410904,0.0264527641633409,-0.017330028116703,-0.1127648761129472,0.1366918504090048,528
1726744778966978800,0.2319046392863616,-0.0978916344314813,-0.2265121691256761,-0.6058491937451064,-9.787916657957432,0.0056469860611599,-0.0309598669409751,0.6808302402496338,0.0368069857358932,0.5381393535049335,-0.5084608627142643,0.4911004326292387,-0.4590142020634561,0.4544846713542938,0.5675439834594727,-0.7753269076347351,-0.1216278993278741,-0.0168850838273763,-0.8369248713940382,-0.2991752326488495,0.1190929785370826,-0.0163715345398697,0.0036849121097475,-0.1347342774672899,0.0429850410812301,529
1726744779006746600,0.1990638249035924,-0.0675958648890256,-0.1428945592403411,-0.619096359461546,-9.787087805917858,0.005078246833317,0.0682007223367691,-0.1894647777080536,0.0274322237819433,0.5365045597876558,-0.5060759796048451,0.4935870585032291,-0.4608924077484316,0.5877165198326111,0.5941557884216309,-0.6387902498245239,-0.2021732621610164,0.400461499582231,-0.6021581572074443,-0.2998410761356354,0.1031972393393516,-0.0374820049518486,-0.0149104986339807,-0.1516508341451641,0.0565986517901532,530
1726744779046514400,0.1436727040059864,-0.0102110128909349,0.0123819271892309,-0.6278999167073518,-9.78641326765716,0.0474734294085064,0.0883153453469276,-0.3808705508708954,0.0199406668543815,0.5409121223553979,-0.508006872187759,0.4893961038273864,-0.4580770672997181,0.6102052927017212,0.5581417083740234,-0.4912527501583099,-0.204039056032896,0.5357260023355483,-0.2762964829921722,-0.2670731544494629,0.110844500362873,-0.0189769152822729,-0.0220054369419813,-0.1567702503849752,0.092406855477998,531
1726744779086281200,0.1893012864325195,-0.0049433016210794,-0.0365793981228955,-0.634323666144535,-9.785693721210956,0.0904493647346738,0.1014524698257446,-0.2160558104515075,0.0125121772289276,0.5449539837005044,-0.5096150901780561,0.4854696960123705,-0.4556716267101807,0.5113617777824402,0.5125285983085632,-0.395605981349945,-0.2340460717618465,0.8940797140285373,-0.1423182206571102,-0.182769313454628,0.0510556288063526,0.0440989434401504,-0.0879741907119751,-0.0075161706166574,0.0657810020533623,532
1726744779126049300,0.3812036222089082,0.0662438657581806,-0.5094108268618583,-0.6321458106487989,-9.785355867558716,0.1326238155188039,0.0690614283084869,-0.047350563108921,-0.0246962904930114,0.5472730001959727,-0.50984363116977,0.4830088397145757,-0.4552517988284414,0.414530873298645,0.4466730952262878,-0.334520936012268,-0.3162251732766628,1.0129939704835411,0.1475958322664722,-0.11105377972126,0.0255355648696422,-0.0316678821628564,-0.1095502525568008,-0.1194426277106627,0.0786890583088155,533
1726744779165817300,0.1950372728012502,0.1225946985334157,-0.4548234966278076,-0.6186615482408553,-9.78634137146473,0.1232269594218116,-0.0859795436263084,0.3390138447284698,-0.0268698222935199,0.5455235142847416,-0.5091764450899369,0.4842071059824925,-0.4568227853231508,0.4462299346923828,0.3828062415122986,-0.2733160555362701,-0.26134324401021,1.0059110264852642,0.3996843777298927,-0.084536463022232,0.0464347004890441,0.0004830405556334,-0.1269287914037704,-0.237512323100306,-0.0316448529137182,534
1726744779205585000,0.0217924738848581,-0.0007967033356428,-0.056575293747452,-0.6115141972368583,-9.787297649276256,0.072287164510414,-0.0825937092304229,0.6007841229438782,-0.0109888240694999,0.5394240301782801,-0.5058714873606123,0.4903146119212287,-0.4612019898508179,0.436577558517456,0.2944115698337555,-0.2018392533063888,-0.291884512746334,0.9339508289068936,0.4932838313927873,-0.0584599897265434,0.0506088361144065,0.020446641916607,-0.1240455359220504,-0.2403623787691816,-0.0244401479825843,535
1726744779245353000,0.0727101391628384,-0.0533317772150039,-0.0301806232967646,-0.6130513071436434,-9.787433842876553,0.0258413999325013,-0.0939045399427414,0.473236083984375,0.0086765717715024,0.5330105247825387,-0.5015091439218128,0.497162985148339,-0.4660656536390081,0.2905047833919525,0.1866788268089294,-0.1195905208587646,-0.2052794114828109,0.9556514963224528,0.3540115908354521,-0.025668416172266,0.1131405234336853,-0.0623890169609338,-0.1234899386763572,-0.378142298409529,-0.1422010696840006,536
1726744779285120800,0.2329807075526565,-0.1841705724805593,0.0019780197914107,-0.6165018129236995,-9.78723159830272,-0.0206823412354686,-0.0942689105868339,0.0565124526619911,0.0043550678528845,0.5293408532101495,-0.4999446561857602,0.5011086176543874,-0.4677006094324538,0.1407235264778137,0.0690278783440589,-0.0617904029786586,-0.3985761242270469,0.9013058658897876,0.3137959003031254,0.0068672727793455,0.1535283476114273,-0.072522576134908,-0.1216383427381515,-0.3361514514308422,-0.0720511911969166,537
1726744779324887800,0.273087530883029,-0.00773965434134,0.1445218681812286,-0.6197980779901147,-9.786940506401658,-0.0453119724917225,-0.0577659606933593,-0.2673579156398773,0.0116077931597828,0.5299519659648229,-0.5017745428904298,0.5005322924474982,-0.4656616574589481,0.0296888928860425,0.0283043142408132,-0.0521676689386367,-0.2137596550583839,0.9454574345663188,0.222027132666111,0.0397909246385097,0.1612784266471862,0.0759537835594499,-0.094568058848381,-0.3193549957349896,-0.0567348179909866,538
1726744779364655600,0.4003673915579915,-0.1224251871854066,0.1909305681347846,-0.6189879306510091,-9.786875039950012,-0.0655338314924156,-0.0864886194467544,-0.3527330756187439,-0.0283553693443536,0.532422419065488,-0.5055841494672423,0.4977207683258423,-0.4617195644730767,0.0811033472418785,0.0292404703795909,0.0119817564263939,-0.2364735911697149,0.7751298017382622,0.2096984335014596,0.0311353765428066,0.1378189921379089,0.0394110733182868,-0.1291825324296951,-0.3353620911514386,-0.1400289863419253,539
1726744779404423400,0.2201888478556647,0.0153138889878988,0.3023147213459015,-0.5980237242838368,-9.787995568412542,-0.0887824909683782,-0.058322861790657,-0.240799069404602,-0.072702370584011,0.5341999450182479,-0.5098475358041281,0.494552461624593,-0.4583707016271665,0.2096794247627258,0.0203823707997798,0.1526565700769424,-0.3365074983268976,0.5011959562242031,0.1040601304659619,0.0590006299316883,0.0791530385613441,0.2314752896920777,-0.1282397508621215,-0.1290730459683574,-0.0305016582449432,540
1726744779444191500,-0.1852276437854394,0.0370054963141679,0.3207949654102325,-0.5674493935283274,-9.789635736835002,-0.1068137126235757,-0.0863486900925636,-0.0190619695931673,-0.0616881065070629,0.5341936743365026,-0.5123823881668713,0.4928592820675314,-0.4573741184313183,0.3215463161468506,0.0216247346252203,0.2713306248188019,-0.182156894570589,0.30744623901546,0.0059463411837816,0.0708831548690795,-0.0516299046576023,0.266159905310627,-0.1852906942367553,-0.0948474809626117,-0.1767200920778326,541
1726744779483959300,-0.404023904771544,-0.1268909344226121,0.3372083400726318,-0.5389924933182075,-9.790640529963374,-0.1524051413774955,-0.1498077809810638,0.1464297622442245,-0.0609233975410461,0.5317304677934995,-0.5136894051616016,0.4938559451535787,-0.4577031962271515,0.4470523297786712,-0.0110266851261258,0.4246486127376556,0.077369655406475,0.0442006685152649,-0.0072077394217252,0.0729114413261413,-0.0420312955975532,-0.0923303561756853,-0.2386996001005172,-0.3420500444827601,-0.0831484854030888,542
1726744779523719700,-0.5262129816461354,0.0911088424235582,0.5050783506155013,-0.5154142685277388,-9.790916424295306,-0.2065510388538241,-0.1168222427368164,0.2735373675823211,-0.0445098429918289,0.527784610768722,-0.5136188081280207,0.4967161080849183,-0.4592516858573397,0.4901529252529144,-0.0526031032204628,0.4779791533946991,0.1387269181668758,-0.1286737261861562,-0.0227227770049124,0.0887571349740028,-0.0006171067943796,-0.0276881374774617,-0.2461539953947067,-0.2166479603784158,-0.0089809482228825,543
1726744779563486500,-0.3728612162014469,0.0766425101757049,0.4139186547875404,-0.5116465865572914,-9.79021850515902,-0.245426256296318,-0.0979999378323555,0.2585238814353943,-0.0045298510231077,0.5241201115673153,-0.5119882853137963,0.5003811071036041,-0.4612861120321845,0.3430907726287842,-0.0912164896726608,0.4521025419235229,0.1731827299982309,-0.20703414619565,-0.1966512838691473,0.0876454934477806,0.0183682851493358,-0.1371803645783104,-0.2781392335891723,-0.2502871037983335,-0.1262516592715401,544
1726744779603254000,-0.1027531029880046,0.0557686489731073,0.2614344294250011,-0.5255754509275778,-9.788797532445193,-0.2713101642132736,-0.0679974928498268,0.0705984830856323,0.0260050743818283,0.5221642994171812,-0.5105749705185426,0.503136331863373,-0.4620730626355808,0.2341525554656982,-0.0770415514707565,0.3534397482872009,0.2430062078088521,-0.3518856847226619,-0.266622572652623,0.0284937340766191,0.1155926510691642,-0.2500415132731199,-0.3416935503482818,-0.4734854174019768,-0.194604690070264,545
1726744779643021600,0.1088085671020671,-0.1193611234396696,0.048652058433555,-0.5427573622770607,-9.787696293205022,-0.2771484601790085,-0.0340729169547557,-0.1690865308046341,0.0052299825474619,0.5229570144913915,-0.5108779744237159,0.5031245708062559,-0.4608529080596572,0.4598490595817566,0.0151643324643373,0.225023865699768,0.3292851458579302,-0.6509022413060068,-0.0675900196701288,-0.0454001948237419,0.2080957293510437,-0.0517997864413307,-0.3563734889030456,-0.359613904354535,0.0521949506382225,546
1726744779682789000,0.2097707315526902,-0.0859054285615682,-0.2132732963135465,-0.5495976566258818,-9.787182498463988,-0.2817281343857757,-0.0418237969279289,-0.2463380247354507,-0.0054883677512407,0.5250887709661721,-0.5131099828070503,0.5010811142400188,-0.4581676281543638,0.7209299206733704,0.1076289713382721,0.1258589923381805,0.398324195292592,-0.680145286925137,-0.2416092004925012,-0.0810276418924331,0.1260059922933578,0.2985745849695057,-0.2884131669998169,-0.2218887288424186,0.5106497940722853,547
1726744779722556700,0.1518740210423246,0.0559305615365505,-0.5377718289494514,-0.5526037065740674,-9.786714296430349,-0.2919684464364312,-0.0516301579773426,-0.1040986999869346,0.0254164207726717,0.5266130519884582,-0.515194407092137,0.4994606802318939,-0.4558426153754886,0.7893936634063721,0.2090703099966049,0.0339400507509708,0.0961655412912368,-0.4676154659226536,-0.391058661269024,-0.1267309337854385,-0.1080932095646858,0.3223584518672898,-0.1765159219503402,-0.1627958673500456,0.8500200614191591,548
1726744779762324200,0.2613444861192256,0.3582885375022888,-0.8387912497878074,-0.5749846844039858,-9.784259304493665,-0.3286811520827934,-0.1341927051544189,0.1413466036319732,0.0852329805493354,0.5260192008485692,-0.5154473783339206,0.5010709281825482,-0.454472906383752,0.5704466700553894,0.2718354761600494,0.063213050365448,-0.0383726930141448,-0.5408545973956584,-0.1952736388403922,-0.0570649467408657,-0.3915207982063293,0.4286549630831927,-0.1753105670213699,0.4250776891183108,0.546166659263894,549
1726744779802091000,0.2484267715528607,0.0671931293070316,-0.4814402853965759,-0.6021698111126199,-9.780020351749656,-0.3987276615269481,-0.1701949387788772,0.3653842806816101,0.0613546632230281,0.5224647951493566,-0.5140288130902254,0.5060670243061126,-0.4546439452650227,0.1900745630264282,0.2664113640785217,0.0768589600920677,0.5338946952551603,-0.9958788772925734,0.4983399822711944,-0.0686831027269363,-0.4251957535743713,-0.3587495791427791,-0.3615074455738067,-0.0241969891597633,-0.148469993885653,550
1726744779841856500,0.0346237888094037,-0.0997521676063537,-0.1306546343376859,-0.6018997985322028,-9.776478733620047,-0.4780717953441664,-0.1145967543125152,0.3352749645709991,0.004744560457766,0.5168268500327495,-0.5121787053564961,0.51190609634011,-0.4566344982473949,0.3575988709926605,0.1493485420942306,0.1110011488199234,1.017711646655202,-1.7998752925530077,0.713791828200221,-0.1652323752641677,-0.1036399453878402,-0.4870067969499155,-0.3758802115917206,-0.1423478942761663,-0.170796638579294,551
1726744779881624000,0.165682948827371,-0.3482721704006195,-0.9258511090815068,-0.6005295696249231,-9.774711723947524,-0.5145602089816704,-0.1015082821249961,-0.1269203871488571,-0.0061738290823996,0.5147695017397551,-0.511976102854909,0.5139219190146587,-0.4569214111850775,0.6468557119369507,0.0389523282647132,0.0803074836730957,1.1432809770852326,-2.149568435667455,0.440475237801671,-0.2768408358097076,0.136304497718811,-0.3974862831637263,-0.3542093634605407,-0.1694930999663658,-0.2004499089671299,552
1726744779921391400,0.3204727111859247,0.064115037035942,-0.8356418458461761,-0.5983497779004275,-9.77035820491314,-0.5936970201911405,-0.3044051826000213,0.1216834113001823,-0.0011136319953948,0.5136485770165111,-0.5152555022195959,0.5145696171741325,-0.4537566357218787,0.6654203534126282,-0.0340399667620658,-0.045930478721857,0.5574170251399279,-1.8014023559898138,-0.0213659555684775,-0.3287213742733001,0.1608670502901077,0.0741126309384824,-0.2420574575662613,0.1646674151092767,0.2925967892015352,553
1726744779961159200,-0.0346665319725871,0.2928694321304559,0.4454126942038536,-0.5914169098973274,-9.763583011689782,-0.7021911875817924,-0.1109675019979476,0.7879961729049683,0.0475147292017936,0.5058650243923573,-0.5128402662798567,0.5222993854487191,-0.4563977048543021,0.4525128602981567,-0.1803351789712906,-0.2120982110500335,-0.1959118636786937,-1.436224351234734,-0.4550887234352528,-0.2814544439315796,0.0376402400434017,0.0441395585783291,-0.0452786684036254,0.3106557756464928,0.764377375447005,554
1726744780000926700,0.0617856442403048,0.3569903143852949,-0.5553110658366233,-0.6112548156483099,-9.762163792541624,-0.7049366138324141,0.0950489863753318,0.4096303880214691,0.1600284725427627,0.5002514858730653,-0.5054978004564901,0.5295410644911577,-0.4623924801446052,0.2730413675308227,-0.0877479836344719,-0.3562335073947906,0.2644283505439758,-1.085306050239503,-0.2318015807706862,-0.141033262014389,-0.0934565961360931,-0.0189998315086239,0.1737650632858276,0.3552953835682943,0.9442598222795874,555
1726744780040693200,1.01475469654575,0.0320043270260095,-1.294923052535206,-0.6729824826236814,-9.757403446272017,-0.7145605475503951,-0.1259745508432388,0.0729784592986106,0.1573175191879272,0.4996259805732932,-0.5019495611074518,0.5333658091050838,-0.4625382246760057,0.4006741642951965,0.0161550808697938,-0.408310055732727,0.2429980245023965,-0.915469708059728,-0.1215133330374956,0.0327773280441761,-0.1627938449382782,0.0786883002569898,0.2184015363454818,0.3304991612901911,0.4855471727261319,556
1726744780080460800,1.3886080290570857,-0.0886871682345867,-0.5951928482394665,-0.7164357668377459,-9.749984109926222,-0.7712973839685321,-0.1131264790892601,0.0847490802407264,0.0702593922615051,0.4983985307593148,-0.5012857845035892,0.5366915175254225,-0.4607316106924515,0.8635331392288208,0.1051164343953132,-0.3548915088176727,0.5290151065200567,-0.9951821272000668,-0.0018979425758123,0.0888865441083908,-0.0812606140971183,-0.1785255523309111,0.0890512764453888,0.0454171864318661,-0.0856606874197255,557
1726744780120228600,1.0872753775510935,-0.0004746317744255,-0.0348070364218205,-0.7202141893979161,-9.747965755841136,-0.7929884798381477,0.007484664209187,-0.1691627651453018,-0.0479270964860916,0.4981792849620325,-0.502027276622899,0.5370286528067365,-0.4597675365681755,1.1229145526885986,0.1147640570998191,-0.2993866503238678,0.3496457968413829,-0.6816326028734445,-0.3487947329699993,0.0661869421601295,-0.0271106399595737,-0.0482706761668436,-0.0380709245800972,0.009332216195832,-0.1171525896778795,558
1726744780159996200,0.286531022889167,0.0854500860095024,0.2496691728293895,-0.6942935661997646,-9.75233797957599,-0.7617289798300713,0.1238555982708931,-0.3354712128639221,-0.0989964455366134,0.5008518195977918,-0.5048221776657394,0.5329089414100018,-0.4585957280668992,1.190183162689209,0.0606428682804107,-0.280301421880722,0.304092836934328,-0.4463803701922297,-0.3715086690813303,-0.0110579263418912,0.0816475972533226,-0.2613773654755205,-0.0023167440667748,-0.193733076601196,0.1893393351542763,559
1726744780199763500,-0.4186637304227799,0.2217904013007879,-0.1951836224693804,-0.6804244691926986,-9.758944245973227,-0.6858833921857178,0.2001670449972152,-0.4393661618232727,0.0006321070250123,0.5060036028856426,-0.5073039550409684,0.526889947021367,-0.4571543691227286,1.0331168174743652,-0.0106073971837759,-0.2729000449180603,0.0064917001068592,-0.2115212284818291,-0.4468120396077633,-0.0173546764999628,0.0834871456027031,0.0942202524423599,0.1485514938831329,0.2398339527145959,0.5721325463758781,560
1726744780239530000,-0.3855565567214041,0.1055459485769271,-0.9857996740877628,-0.7201155513290315,-9.761211606383323,-0.6087383758479729,0.0912262946367263,-0.4398776590824127,0.1359353065490722,0.5131812585880724,-0.5091092502160527,0.5213873715714388,-0.4534401083102611,0.3518775999546051,-0.0686937049031257,-0.3114573657512665,-0.2232464453279972,0.3282821062952279,-0.8571563430398702,0.0306561272591352,-0.0892542451620101,0.2023779726865701,0.2647497951984405,0.3464527364211157,0.4546426967008039,561
1726744780279297500,0.3271615778326988,-0.1606698699057102,-0.9717688837129622,-0.7799650398749858,-9.757162038731574,-0.5998746493801475,-0.0481295809149742,-0.0910103246569633,0.1157365888357162,0.5173713740611435,-0.5102490758552122,0.5198374516146044,-0.4491568517827425,-0.0555202774703502,-0.0491901561617851,-0.306545615196228,-0.2046183172255754,0.2802472664445638,-0.2962351091712713,0.061720173805952,-0.1222555935382843,0.1186790411933325,0.339850902557373,0.1309053302962798,0.3467000257130712,562
1726744780319065300,0.7628922514557838,-0.0477145218551158,-0.2399204436879605,-0.8104772286470979,-9.753846630573271,-0.6131636814769357,0.0030043609440326,0.2069410681724548,0.0371806807816028,0.5169304382343013,-0.5088635093635151,0.5218434411094862,-0.4489100078692932,-0.0770580619573593,0.0235103592276573,-0.209839180111885,-0.0034364041894674,0.2921387797683477,-0.282127819494158,0.035299077630043,-0.1693033277988433,0.1204971782648935,0.3902457654476166,0.1330501146394759,0.1770218697696924,563
1726744780358833000,0.6172899676267057,0.0196475342780351,0.1945206285160035,-0.8035885651119052,-9.754622291120889,-0.6099148722814396,0.0566031709313392,0.147853210568428,-0.0354209654033184,0.5150351480963667,-0.506847188184094,0.5236438985221307,-0.451266977701383,0.093053214251995,0.0608870238065719,-0.1080225482583046,0.0293237096399068,0.1963841573655605,-0.0970768109172582,0.0279613528400659,-0.2430391907691955,0.018277593065123,0.3887146115303039,0.1338885290918406,0.0532380801827181,564
1726744780398600400,-0.0284371360637247,0.072440382310748,0.1216939503014087,-0.7863393241472542,-9.758632111284136,-0.5667165492091327,0.1725909411907196,-0.1932318061590194,-0.0342048183083534,0.515773542373836,-0.5061877417855272,0.5221766675240701,-0.4528611496444353,0.1591371595859527,0.1428695023059845,0.0203327629715204,0.4303875590294599,0.3494049738228321,-0.1250175417661666,0.0197775363922119,-0.2268005013465881,-0.2876824396803044,0.2936851680278778,-0.153351253988035,-0.0909643833184149,565
1726744780438367000,-0.5883443705841899,0.1040408047109842,-0.47726204986386,-0.7902667997892946,-9.762698045548795,-0.485356582057476,0.1401165425777435,-0.5683934688568115,0.0425164438784122,0.521651475568339,-0.5081430961610756,0.5162721101532031,-0.4507031932898015,0.2734003663063049,0.109730839729309,0.1842932105064392,0.2539893741160631,0.1091018874928355,0.223982504517585,0.0176382884383201,-0.131460890173912,-0.1311742377649992,0.2768831551074981,-0.1226895920089446,0.0348803459699149,566
1726744780478134300,-0.5209471700724214,0.076457801258564,-0.5053799639105796,-0.8269886568564921,-9.761602067005631,-0.444519727419503,0.0155228320509195,-0.3026637434959411,0.0933898165822029,0.5280753170513754,-0.5112549982670255,0.5111580238474396,-0.4455022431158129,0.1069463938474655,0.0861329957842826,0.2625482678413391,0.3628974926024675,0.0484986579701304,0.0118115799553692,0.031790517270565,-0.1666787564754486,0.1093843759623356,0.2607347369194031,0.0597604905216721,-0.0121261828794726,567
1726744780517902000,0.0769476306021213,-0.001294131463766,-0.0505283371668308,-0.8614975140493363,-9.759116095408796,-0.4333998560553416,0.0614787936210632,0.3132920861244201,0.0728066265583038,0.528957634711143,-0.5098247585885417,0.5120312077254457,-0.4450915014894354,-0.0098185688257217,0.0169980786740779,0.3297971189022064,0.16576164008677,-0.1200397533535957,-0.0490783575542271,0.0125806648284196,-0.1456151306629181,-0.0058141250722808,0.225364476442337,-0.0322082087177899,-0.0220904065186623,568
1726744780557769200,0.3931559988744557,-0.0009971943438053,-0.1624269061734899,-0.8751390859108418,-9.758515791428088,-0.4193642799075692,0.0756857246160507,0.3881170153617859,0.0353440530598163,0.5259676449246876,-0.5048702733850471,0.5162244043244548,-0.4494177454064766,-0.0308868382126092,-0.0319713316857814,0.3520271480083465,0.1140793836444616,-0.3253802473738789,0.1259304188273847,0.0252977348864078,-0.1545646041631698,-0.0579367685261182,0.1868126839399337,0.0250771626779111,-0.0586804812991991,569
1726744780597541400,0.3260151112113147,-0.0038239422023296,-0.2849006086757406,-0.8840140278924256,-9.75868121112287,-0.3962498001713305,0.0828185826539993,-0.0902790203690528,0.0221147630363702,0.5252425836359506,-0.5022613845432982,0.5176259443182878,-0.4515716809919644,-0.1813802123069763,-0.0604444630444049,0.3300774991512298,0.1264402680456638,-0.3629325639158487,-0.1476424844197928,0.0509111136198043,-0.1785380691289901,0.0788315355194266,0.0824828743934631,0.0440821064697811,-0.2137269035662524,570
1726744780637313000,0.1064569259420037,-0.013032500052452,-0.1763151462724432,-0.8929520982380956,-9.759649179372191,-0.3496607021495699,0.1092902868986129,-0.3962678015232086,0.0123037155717611,0.5291965355660517,-0.5036823149302107,0.513937603525679,-0.4495812266391006,-0.0928777679800987,-0.0469522476196289,0.2660197615623474,0.1256558396697044,-0.6603147972956299,0.2747907546043396,0.0754962489008903,-0.1173573434352874,-0.0383047423444688,0.0877694264054298,0.0628552188337314,0.0928137831779196,571
1726744780677084200,-0.0364627677395939,0.1069873795568943,-0.18353519718647,-0.9046080492403358,-9.760408473306894,-0.2941079061505384,0.1036629825830459,-0.2929731905460357,0.0259997881948947,0.5342042893906649,-0.5056348306688417,0.5092433089264264,-0.4468002825649707,-0.0302317012101411,-0.0683223083615303,0.1988905966281891,0.2813309700280428,-0.6497390427455305,-0.003757891228795,0.0895270705223083,-0.1487440913915634,0.0223614100463455,0.0870183482766151,0.1350629979650024,-0.1612916002669371,572
1726744780716856000,0.0256868875075131,-0.0411404041618108,-0.2348024248207919,-0.914085121833533,-9.760570970392228,-0.2570565431343391,0.0602608397603035,-0.0556944422423839,0.0136422971263527,0.5369253192193507,-0.5061299258641765,0.5068912453624645,-0.4456511256348124,0.0905181542038917,-0.1030675545334816,0.1418919563293457,0.1338438223004341,-0.7033321012452244,0.0906600757427513,0.1064802110195159,-0.1595378965139389,-0.0079757269778929,0.0472245961427688,0.0671419151430251,-0.1040985445138998,573
1726744780756628000,0.0772878223419189,0.0593231265842914,-0.2650725301990285,-0.9185504306793212,-9.760629422581196,-0.238309081234876,0.0646424293518066,0.0262980554252862,0.0174919329583644,0.5374715152470771,-0.5054507789230963,0.5066259884901879,-0.4460651917252742,0.0949355363845825,-0.13727867603302,0.1255822777748108,0.1672434030771255,-0.6279992123633623,0.0564385110586881,0.1506393700838089,-0.1309141814708709,-0.1390658129987307,0.0416894257068634,0.0659629801572999,-0.0595735074490541,574
1726744780796400000,0.1760995672930032,-0.016199439650774,-0.3058159891988151,-0.9275798325702548,-9.760223179867864,-0.2191125238610431,0.0464889556169509,-0.082907497882843,0.0218679253011941,0.5383202173854469,-0.50485297387063,0.5062559676622728,-0.4461386249132878,-0.0583016797900199,-0.2186314314603805,0.0655411258339881,0.0142097271382808,-0.362137614145875,-0.1213835691779851,0.170688584446907,-0.1428122520446777,-0.0049508547398727,0.060168482363224,0.045559243517369,-0.0319086458159028,575
1726744780836171800,0.3793400933593511,-0.0046072015345096,-0.1933411364078521,-0.9297070538572968,-9.760293907016516,-0.2066399592462927,0.0341068245470523,-0.1943277418613433,-0.0194625798612833,0.5399991810874553,-0.5059367084647404,0.5045431131672093,-0.4448204629318645,-0.2788795828819275,-0.2356207966804504,-0.0314548686146736,0.2448229018419981,-0.1797293751627206,-0.0589351501800119,0.1558069437742233,-0.1219023838639259,-0.0830631543403491,0.0612899288535118,0.0012280068541731,-0.100331045206543,576
1726744780875939800,0.23553616418913,0.0478910474658012,0.0420107389892451,-0.9101023358076812,-9.762664727801084,-0.1802760857926681,0.0955815389752388,-0.1676138192415237,-0.0684607848525047,0.5418950515338197,-0.5075878253524606,0.5015437391436972,-0.4440251569653562,-0.2594877779483795,-0.2354279458522796,-0.062003456056118,0.2206143432587385,-0.2412085107371211,-0.0107893973007798,0.1511625945568084,-0.0853151306509971,-0.1370401067242491,0.055618267506361,-0.0477693481817375,-0.1101771520415321,577
1726744780915712000,-0.0782096864271909,0.0863549258947372,-0.1632359210014343,-0.8772264866441488,-9.766261875510216,-0.1448679325393866,0.0709922462701797,-0.1883976459503173,-0.0715308412909507,0.5435724074847478,-0.5091374493359292,0.4981618879333864,-0.4440077074968179,-0.1588650494813919,-0.2227574288845062,-0.0593145936727523,0.2344879703104495,-0.2248942125350236,-0.0949913829453289,0.1369238048791885,-0.1121939197182655,0.0624082559509435,-0.0267485342919826,0.0164762929639313,-0.2937089516945183,578
1726744780955483600,-0.2327257829435169,0.0575911882251501,-0.1623544437254779,-0.8454128598846494,-9.769370362919569,-0.1227048261106945,0.0294827241450548,-0.1748708486557006,-0.0609216094017028,0.5451413480712543,-0.5112450633310797,0.4948582528329391,-0.4433561332849294,-0.1280746459960937,-0.2007318586111068,-0.0393541380763053,0.1373158823251724,-0.1721533869504928,-0.1248106210172176,0.0856150388717651,-0.0869539603590965,-0.0789275889055803,-0.0795148238539695,-0.1047259922298602,-0.1918936410132795,579
1726744780995255800,-0.2156842664454132,-0.0232598795562982,0.014553416876262,-0.8287863539282232,-9.77097078385353,-0.1079277656795456,0.0308903865516185,-0.0378124639391899,-0.0241365451365709,0.5460881737205657,-0.5122968002767202,0.4930058547905752,-0.4430406804759628,-0.1704908013343811,-0.2085766196250915,-0.0716931670904159,0.0783691878378391,-0.2224982573091983,-0.0402077994868159,0.0382712073624134,-0.0741413831710815,-0.0534533851675223,-0.0112284077331423,0.0057638362109923,-0.0150940699414699,580
1726744781035027500,-0.0148798084195703,-0.0307540347039699,-0.0101998978418763,-0.8253355558872223,-9.771256615057586,-0.1083123262840323,0.0006515784189105,0.0083621265366673,-0.0254116654396057,0.5460377938629875,-0.5124369231051508,0.4928800985260804,-0.4430804050851953,-0.2471845299005508,-0.2009892761707306,-0.1685937494039535,-0.0235614928513765,-0.1918292705401778,-0.205995450797677,-0.022750586271286,-0.1187755465507507,0.0044117137825611,0.0588563866913318,0.1109459718564059,0.0571236985775642,581
1726744781074798600,0.049990503963083,0.0480944610834121,0.0430886247532907,-0.8233174940630793,-9.771545368871092,-0.0971074069849215,0.053095955401659,-0.0595997646450996,-0.0072636436671018,0.5464092831704096,-0.5123118567398746,0.4924303620382631,-0.4432671395196945,-0.1480917632579803,-0.1704260855913162,-0.2101620882749557,-0.1312812783360481,-0.210061092801392,-0.1367810447961092,-0.0409595146775245,-0.1638166457414627,0.0832432601476088,0.1127806901931762,0.1550280828927643,-0.1566032049886882,582
1726744781114570500,0.1271080112393945,-0.0521972202271223,-0.060985488572251,-0.8221744615077972,-9.77180898824334,-0.0783267643350642,0.0153460027649998,-0.1564547717571258,-0.0187047980725765,0.5479010790033081,-0.5129526994245308,0.4907882251283046,-0.4425050622057801,-0.2329166382551193,-0.0807100534439086,-0.273366630077362,0.2093605433166027,-0.3175140440434217,0.0096615623146295,-0.0932723805308342,-0.2054903358221054,0.1436258052574936,0.0085243741050362,0.2852367087623104,-0.3997085257904604,583
1726744781154342400,-0.0166940912999212,-0.1255178925037384,0.094168823649222,-0.803918381588161,-9.773307702368497,-0.0808512139119207,-0.0510545931756496,-0.05060850456357,-0.0762479901313781,0.5485350137514196,-0.5147149001563643,0.4890714017575541,-0.441573297793931,-0.9222665429115297,-0.0954152792692184,-0.6283486485481262,0.2964543048799037,-0.7202700843036174,0.5796165819883347,-0.1767225116491317,-0.2614202499389648,-0.2425408005204982,-0.1070475131273269,-0.2653790388649329,-0.5913415065735578,584
1726744781194114300,-0.279333439535275,-0.0987222400367259,0.460695603531599,-0.7546624755099416,-9.776909526252746,-0.1135360340153798,-0.0776663422584533,0.318968117237091,-0.1641266644001007,0.5455541668938492,-0.5157512620071103,0.4896829205081428,-0.4433755110468514,-0.4432149827480316,-0.105643630027771,-1.054479956626892,0.0877829128712415,-1.6519482921034097,1.292079791933298,-0.3113703727722168,0.0142232170328497,-0.4396599393634125,-0.1893293112516403,-0.5244887151367962,-0.6059178385345265,585
1726744781233886200,-0.668379518872872,0.3133031483501196,0.7215326515853404,-0.6876363733328879,-9.781474057689309,-0.1425846439077984,0.0162062272429466,0.7831099629402161,-0.1411469131708145,0.5382431751752291,-0.5127214226003809,0.494354666813418,-0.4505825516411685,0.1402670592069625,-0.2740592658519745,-1.5265936851501465,0.031393501651287,-2.7214289967015386,0.9209265121608972,-0.3532623946666717,0.0764367803931236,0.0184408630436577,-0.194238394498825,-0.1497609013458714,-0.110340882102726,586
1726744781273657000,-0.874160450137034,0.0201765265882015,0.3440519223570824,-0.6464570984654128,-9.784178640472888,-0.1493732811346184,0.0332033820450305,0.7065006494522095,-0.0254576597362756,0.5296610826908942,-0.5058111414800852,0.5017678817050453,-0.4602642411633729,0.2606827020645141,-0.4420477449893951,-1.8587160110473635,-0.5028571674346923,-2.983099572969973,0.8746046137079596,-0.3260506391525268,0.1165099516510963,0.0441706113037187,-0.1517193913459777,-0.1377754626609384,0.0522437125502387,587
1726744781313429000,-0.2172650328308343,-0.1857300768822431,-0.1731236750210635,-0.6594620529238134,-9.782976278945805,-0.1698462973182089,-0.0902452170848846,0.033294778317213,0.0794056728482246,0.5259281510808052,-0.5021944085093998,0.5064193198837167,-0.4634001621891057,-0.058323785662651,-0.5858462452888489,-2.354420185089112,-0.6879080298811197,-2.209103451436758,0.4409253196567296,-0.2368137538433075,0.0787785947322845,0.1190386682859621,-0.1076857820153236,0.1307807632016949,0.2056253753762692,588
1726744781353201200,0.525696775752306,0.125380529859662,0.0081856262768618,-0.7015208871047943,-9.77940134306848,-0.2039109909401275,-0.0736045464873313,-0.3644213080406189,0.1157888621091842,0.5279423365994289,-0.5041070707367934,0.5062337687966803,-0.459217179645952,-0.0394204035401344,-0.5276400446891785,-2.661436080932617,-0.5087842193961143,-2.323935699275136,0.405642409351468,-0.1293467283248901,0.0602161660790443,-0.1985851014759391,-0.0975125730037689,0.0135218236475775,0.1737135672056116,589
1726744781392973000,0.9605923867907374,0.0512841970354318,-0.0175356566905975,-0.7392785169605165,-9.77668097819388,-0.2009352630649693,0.0233600698411464,-0.3491726815700531,0.044223416596651,0.5324243713340956,-0.5069458236477923,0.5032402796691308,-0.4541800383134287,0.4815937876701355,-0.3991250097751617,-2.8478875160217285,-0.7849977002799511,-2.3275930527389046,-0.1334986621245741,-0.0190780125558376,0.1183396056294441,-0.0877222869914956,-0.1363758742809295,0.0524208135496592,-0.0035204931431915,590
1726744781432745000,0.8241770335018634,-0.0812426974475383,-0.194314968142379,-0.7402299724664538,-9.7768838072896,-0.1871115213032811,-0.0007206862792372,-0.0543907396495342,-0.0438141152262687,0.5347451200467557,-0.5086926875599788,0.500771187148468,-0.4522253395615112,0.6581571102142334,-0.1915225833654403,-3.0281107425689697,-0.7770844429373741,-1.7261615293055772,-0.9013105420649052,0.0209159199148416,0.2523991465568542,-0.2161914122499525,-0.1867594718933105,-0.1379885574223473,-0.028384348713851,591
1726744781472515800,0.4359386903505772,-0.1202893442004919,-0.2587678222979419,-0.7061842758059501,-9.779134801086784,-0.2004693991188891,-0.0451550371944904,0.1584351807832718,-0.103027731180191,0.5329331854073012,-0.5091821031931496,0.5009537708304036,-0.4536088568003945,0.8863918781280518,-0.0927981957793235,-2.9933550357818604,-1.723981847178936,-1.1294564498722552,-1.2916165583357213,0.0287417732179164,0.3155383169651031,0.0060977209367672,-0.1954708844423294,-0.0257926220374647,0.0110903301758458,592
1726744781512287700,-0.0628813305225223,-0.1105763439595699,-0.1153694417213089,-0.6562767008859663,-9.782116447246072,-0.2234098374624736,-0.0428406633436679,0.192223384976387,-0.086304560303688,0.5294864087594044,-0.5092229280729773,0.5020784210423814,-0.4563480675555787,0.8188543915748596,-0.0114571591839194,-2.7796761989593506,-1.7960376140862702,0.3060965779721736,-1.4730346172377466,0.0332679003477096,0.2787100374698639,0.0652655085455859,-0.2174882590770721,0.0904074892211705,0.0585971960630733,593
1726744781552020200,-0.2322580923665314,0.119481534948945,-0.1316869730601087,-0.6342934171367436,-9.782929517194628,-0.2497398451791145,-0.0659420192241668,0.1033614575862884,-0.0007085391553118,0.5268032978695557,-0.5088658313814853,0.5037745073397732,-0.4579794760209624,0.2645964920520782,0.1205742210149765,-2.467407464981079,-1.8321838632225989,1.4109727133393286,-1.8649243955686687,0.0513228736817836,0.1390237957239151,0.1179759526915848,-0.234121635556221,0.232524817011319,0.2360883729781024,594
1726744781591790300,0.2418329993110149,0.0740741209924221,-0.2538391519904136,-0.6433108363289386,-9.781514389699696,-0.2802179124859161,-0.0819195657968521,-0.084907092154026,0.0336718596518039,0.5261863505451272,-0.509415434450728,0.5047603908678184,-0.4569910689389366,0.1251746714115142,0.3253816068172455,-2.1026175022125244,-1.824177374638617,1.595074312236905,-1.4731693495333191,0.076982133090496,0.0442668050527572,-0.0068886424147727,-0.2086078822612762,0.1563010437043383,0.2845962554343044,595
1726744781631560400,0.5045907132290304,-0.0025309797823429,-0.0512041175365447,-0.6483922312464565,-9.780476278823611,-0.3037360593859106,-0.0362483635544776,-0.0602927170693874,-0.0279721058905124,0.5265546286897265,-0.5108720731416951,0.5044759204981939,-0.4552515971650309,-0.1740684956312179,0.524329423904419,-1.742553949356079,-1.0160432019863277,1.8617483958810568,-1.4901207765951752,0.1168809607625007,0.0286503843963146,0.0218859083389514,-0.1261184811592102,0.123572978114197,0.382866404321976,596
1726744781671329800,0.335169893047586,-0.0551192451536655,0.015382241516374,-0.6262148862298578,-9.781758719849586,-0.3089708912994712,0.0086648017168045,0.0676539987325668,-0.0793310031294822,0.5258326845371467,-0.5115084299064128,0.504095483728822,-0.4557926975221432,0.5363603830337524,0.8241068720817566,-1.443365216255188,-0.5480864483453333,0.782317667415738,-1.2036229253232478,0.1164996176958084,0.0381767861545085,-0.140996150873648,-0.1047077700495719,-0.0981960059392265,0.0972450436236336,597
1726744781711100000,-0.1078336941879242,-0.037585342028737,-0.1352559541206806,-0.5852878325577825,-9.78432593998909,-0.3078205156879499,0.0070739737711846,0.0664412751793861,-0.0839874744415283,0.5241723242561235,-0.5117209762212637,0.5038215176524043,-0.4577649395259668,0.4712857604026794,1.0751123428344729,-1.321781039237976,-0.2284196284485049,1.206283668965101,-1.7187457000911237,0.1064048483967781,0.0688248872756958,0.0197516750725219,-0.1570082455873489,-0.0751085238077677,0.0046674940541153,598
1726744781750870000,-0.408802773078531,0.0044651627153158,-0.3053156201949343,-0.5587541920278221,-9.785676185554266,-0.314184643892385,-0.0455325208604335,0.0304563455283641,-0.0211093835532665,0.5230384727936692,-0.5121937322147915,0.5036631205431064,-0.458706618141338,-0.1071128994226455,1.1136682033538818,-1.1774910688400269,-0.7319150024551898,0.8900865527391433,-1.4837579635649918,0.1059980690479278,0.0710008516907692,-0.0558032179629895,-0.2199860215187072,-0.1147765173294581,0.0201127657531644,599
1726744781790640000,-0.4099770044896751,0.0253881237566471,-0.2055798557341098,-0.5569809718102217,-9.78475264096856,-0.3446373575622216,-0.0880961492657661,0.1768476963043213,0.0224888268858194,0.5214059144725115,-0.5121790057359336,0.5052170633457687,-0.458872846225368,-0.5383596420288086,1.2543731927871704,-1.131014108657837,-0.1765214824995025,0.6555529897212982,-1.3397721019566058,0.0810266286134719,0.0709526762366294,-0.0013787141786568,-0.2375134527683258,-0.0688942478362238,0.1547854880422353,600
1726744781830410200,-0.123028706036508,0.0320008198946714,-0.0625590032329782,-0.5718885450195521,-9.78238591183722,-0.3850067773515358,-0.0703146755695343,0.3850657641887665,0.0385677739977836,0.5180313126061102,-0.5099171768518889,0.5095236562870563,-0.4604493012803158,-0.2630659937858581,1.3172537088394165,-0.982706904411316,-0.5416354090424255,0.5019605108559131,-0.7492302213281392,0.061389036476612,0.1050974130630493,-0.0624444369425997,-0.2231232970952987,-0.1206142379064578,0.1507747728298418,601
1726744781870177500,0.2674383460149169,0.0504161820292472,-0.1073638116538524,-0.5816770947147161,-9.780152453696727,-0.4250467094581573,-0.0700625330209732,0.4075322449207306,0.0088794426992535,0.5134301828254912,-0.5065114155904593,0.5148956565790597,-0.463376905636981,-0.0874209553003311,1.2837249040603638,-0.846704363822937,-0.6498679298222064,0.850977946665883,-0.8103098361909389,0.0383375845849514,0.1482850909233093,-0.134119314773567,-0.2491636723279953,-0.1677318259148858,0.0888724251409992,602
1726744781909947600,0.2821443322375416,-0.1096446160674095,-0.0341617973208427,-0.571393929903023,-9.77930606600046,-0.4572481664914637,-0.0462562143802642,0.2834964692592621,-0.0389096364378929,0.5090690586208618,-0.5039722818395852,0.5189654203111265,-0.4664071101661436,-0.5592017769813538,1.208431363105774,-0.7115983963012695,-0.3217456902638078,1.1042594647735358,-0.1741927838236093,0.0316224955022335,0.2270180732011795,-0.0850134116252884,-0.2415542006492614,-0.1398001368889585,0.1929918845787644,603
1726744781949717800,0.0059229603081941,0.0191465990185737,-0.0502361492872238,-0.5515014078879729,-9.779557994934915,-0.4758899212604388,-0.0340569131076335,0.1511724591255188,-0.0334930568933486,0.506163150026906,-0.5028152331615238,0.5209994966511864,-0.4685458684658343,-0.4366399049758911,0.9516867995262146,-0.3641551733016968,-0.5570537447854876,0.941503436243534,0.8346011046215891,0.0128388684242963,0.2675675749778747,-0.0621327863106969,-0.2706207633018493,-0.1381115170817356,0.1429895988463424,604
1726744781989487900,-0.122136616034992,0.1131686985403299,-0.1626010571639984,-0.542703403600119,-9.77915818196237,-0.4938591470627114,-0.0339556895196437,0.1046645492315292,0.0061908783391118,0.5043824712479111,-0.502281738781715,0.5223914856538926,-0.4694873776159324,-1.115074634552002,0.6950857639312744,-0.0945996791124343,-0.5025885796263814,2.139834684899449,0.7955357531681656,-0.0026207526680082,0.3170784115791321,-0.0124435417329543,-0.3784457743167877,-0.1248111598733346,-0.1676520386769436,605
1726744782029257000,0.0439621105190366,0.0194826991051435,-0.219210906201601,-0.5489890232082456,-9.77809902829826,-0.5077289747221395,-0.032751590013504,0.2087165266275406,0.0340702980756759,0.5028037159999488,-0.5009403195116823,0.5243527143704166,-0.4704269820780964,-1.6462339162826538,0.5403435826301575,0.3009624183177948,-0.6814771200507879,2.111677096429467,0.1211281331121921,-0.0275295227766037,0.339209496974945,-0.1059917561156675,-0.4379106163978576,-0.0178333290294976,0.0829607168791815,606
1726744782069027000,0.2824441189017146,-0.0241828396201133,-0.2198071185290813,-0.5574778519490733,-9.776182381021975,-0.5346653873667121,-0.0594550892710685,0.2900820672512054,0.0297886505722999,0.4998814047534739,-0.4986805291890696,0.5278049625223988,-0.4720786412307202,-1.3386718034744265,0.5462765097618103,0.372013121843338,-0.909033829793334,0.3186369105935097,-0.0437212144352495,-0.0792559906840324,0.3353800475597381,-0.0533093644537963,-0.3045713007450104,0.0837804266310762,0.2572370142677799,607
1726744782108797200,0.2573742307813838,0.0081365447044372,-0.0811387256164103,-0.5611384568158537,-9.77453461381495,-0.5603576086364687,-0.0244191605597734,0.2616159617900848,0.0153544666245579,0.4966395513590236,-0.4962398601014285,0.5313344405096669,-0.4741086293817476,-1.6240622997283936,0.5967901349067688,0.2004267126321792,-0.7646970358554274,0.3019838819563388,-0.8228437390714883,-0.1827344447374344,0.2593089640140533,0.0899723948726896,-0.1913231164216995,0.1578752890174277,-0.0213639508410589,608
1726744782148567600,0.1857463704299181,0.002827332380414,-0.1540566623110324,-0.5546031732955947,-9.773864751729368,-0.578270281945914,-0.0324290506541729,0.1701632440090179,0.0021979534067213,0.4939813343347273,-0.4945786124231352,0.5337373656142846,-0.4759190903683001,-3.906440258026123,-0.0203158985823392,0.2497016489505767,-3.0763804987356065,1.921929600599408,1.007123544080183,-0.2671557664871216,0.2340280413627624,0.1104514389382675,-0.1837163716554641,0.1461520084000192,-0.1591264946549199,609
1726744782188337700,0.0929128961708396,0.0196329212307929,-0.1430593213479966,-0.5494574444375931,-9.773160402852296,-0.5948033009326085,-0.0247269682586193,0.114959493279457,0.0046621160581707,0.4921101810993613,-0.4936467194213032,0.5353871922594768,-0.4769705657100194,-1.1401337385177612,0.1139440089464187,-0.0857063233852386,0.29784619762972,-1.7141227164655923,0.5733516763746738,-0.285797506570816,0.192612424492836,-0.185450364891719,-0.182725191116333,0.0975802943268325,0.0560014074162114,610
1726744782231836700,0.0795435288468375,0.1293646310597658,-0.2850409304618835,-0.543121007957682,-9.77276058987975,-0.6070986092843115,-0.0244475975632667,0.1081123277544975,-0.0087519893422722,0.4906514429957838,-0.4930139115947113,0.5365544689038929,-0.4778156447243981,0.1114599183201789,-0.2799060940742492,-0.5956401824951172,-1.7540335788324477,-3.8511996270895,1.1279974832355977,-0.236060693860054,0.2850615680217743,-0.0662602278045145,-0.0797264724969863,0.0314768531027832,0.3742714848581701,611
1726744782271606000,-0.0050504517899826,-0.0006634323447942,-0.2941149021469056,-0.5370866231642664,-9.77216730016172,-0.6218169435318559,-0.0228885281831026,0.214993417263031,0.0172391403466463,0.4886442111971424,-0.491876470461522,0.5382948814725135,-0.4790854918260691,-2.354399442672729,-0.2750560045242309,-1.204298973083496,-0.3851687264475971,-1.4386311201155184,0.3124467507164925,-0.1727878749370575,0.3187702298164367,-0.01331425786959,-0.0829076692461967,0.0723221764582907,0.0018525593601487,612
1726744782311376100,0.1392561662053689,-0.0184568631887435,-0.3803471515100449,-0.5434275166235863,-9.770385092920064,-0.6439222462255507,-0.0531336292624473,0.2101367563009262,0.0475885681807994,0.4860021638853076,-0.4897297748421986,0.5412907231636386,-0.4805943658697671,0.6538084149360657,0.3289959728717804,-0.7250443696975708,0.3121696142755448,-2.328058332163095,0.745731857818365,-0.1565022766590118,0.2635858952999115,0.0859564828953705,-0.1542746275663375,0.1509426950089633,-0.0766281254573259,613
1726744782351146200,0.3449566891770809,0.0623065263092517,-0.2862075630884617,-0.5542999160327017,-9.76795055924952,-0.6710236767061054,-0.0312631353735923,0.0417537540197372,0.0300741419196128,0.4843445772884728,-0.4886944720268379,0.5434982957480916,-0.4808301188262491,-0.058041226118803,0.1816777288913726,-0.2825749814510345,-0.3235407569870352,4.659522673377395,0.2028735193848609,-0.1256844699382782,0.1201954260468483,0.1836291408139281,-0.1433763951063156,0.3633112610351294,0.1568258347634226,614
1726744782390916400,0.4498827157573774,0.1499292801827192,-0.1997697812158614,-0.5604648684032261,-9.767139242866635,-0.6777052002966404,0.0066584297455847,-0.0601810179650783,0.0071594221517443,0.4845217050731142,-0.4889064222989981,0.5436210628733241,-0.4802973282410845,0.4398727118968963,-0.5267723798751831,0.0775312706828117,0.07862389325127,0.7225859600305556,2.726168007922172,-0.0654275640845298,-0.0489317737519741,0.1719691529573872,-0.0307061094790697,0.4087909365102648,0.5253730602232739,615
1726744782430685400,0.296822809398733,0.0306546659827232,-0.244436459807679,-0.5541992686698213,-9.767572373586892,-0.6765826260074973,0.0225890092551708,-0.063383862376213,-0.0186632703989744,0.4850098161508339,-0.4897476298459652,0.5428106219651067,-0.4798638437846865,-0.7055613994598389,-1.0495010614395142,0.3220466077327728,-1.3335513277456164,3.681581896096468,1.2025532502651215,0.0379747599363327,-0.1681036800146103,0.040383557912521,0.0904379040002822,0.393354370990768,0.5783609559040517,616
1726744782470455600,0.1859136167556047,0.0303396086841821,-0.2912368624925613,-0.5399563699143007,-9.768904498973487,-0.6688388069476932,0.0161239504814147,-0.0333133451640605,-0.0376965105533599,0.4853575837106268,-0.4905193849879024,0.5417490383163971,-0.4799237276670043,0.1172975674271583,-0.9783506989479064,0.3969250917434692,-0.4212052315991371,-1.6884715578585865,0.7323672032020986,0.1115729063749313,-0.226278468966484,0.0622849400985287,0.1176328510046005,0.2797624968686141,0.2690607413186691,617
1726744782510225700,0.0627265783522278,0.038406010761857,-0.156321027046442,-0.5153804758559912,-9.769937933674454,-0.6731203567244112,-0.0086536547169089,0.0701681450009346,-0.055365826934576,0.4844821147180957,-0.4911220545535513,0.5414043901139186,-0.4805804388646681,0.1180595010519027,-0.6476263403892517,0.3427783250808716,0.2223983040660619,-0.5853121632814406,-0.6574982055049389,0.1209005042910575,-0.2561293244361877,0.0638830275115091,0.0156280528753995,0.1460144174270797,-0.0428738905906444,618
1726744782549995800,0.0270207299271598,0.0649906508266925,0.0681541563589125,-0.4937404525864869,-9.77078373684883,-0.6770297121878713,0.0235484633594751,0.1043844893574714,-0.0304108560085296,0.482853529032821,-0.4906962604375224,0.5419742518383288,-0.4820098340468838,0.5734539031982422,-0.4051942229270935,0.3988864123821258,0.7315840169351547,-0.57317222815454,-0.310074980083853,0.1588332056999206,-0.229231059551239,-0.1503824216445442,-0.1560152918100357,-0.0159507175952021,-0.1115394990364555,619
1726744782589768200,0.0484490832073613,-0.0638420653134584,0.0619500410217791,-0.4834457069348543,-9.772135735979676,-0.6648399465698749,0.0638875812292099,-0.0573574416339397,-0.0175999961793422,0.4825526632064531,-0.4902845621262081,0.5417734331052712,-0.4829549201917849,1.8972033262252808,-0.3116494715213775,0.2779792249202728,0.8466169749774038,-0.7048170791059732,0.057259837378934,0.2485203444957733,-0.1864250898361206,-0.115066376254661,-0.3252626657485962,0.046914676714316,-0.133608999764407,620
1726744782629537300,-0.0049218935068696,0.0676718527346849,-0.0482791700005531,-0.4825972734119743,-9.77451357102692,-0.6295787366397678,0.0881951823830604,-0.1891764104366302,-0.0116311926394701,0.4847973029316607,-0.4909814410701135,0.5394782716341914,-0.4825681341992977,1.2904988527297974,-0.5171704888343811,0.6940552592277527,0.8538518216017633,0.1542711087793111,-1.0676455981254578,0.2680713832378387,-0.0084853712469339,-0.5888193676847964,-0.4276044070720672,-0.4368980734346434,-0.1961507139358669,621
1726744782669307600,-0.0315162512481212,0.0372866513431072,-0.1980558899700641,-0.4779994607603177,-9.776749367254972,-0.5975672492206097,0.0634458363056182,-0.10203717648983,-0.0120963836088776,0.4869988905576755,-0.4919979229658699,0.5370339795339313,-0.482042201301445,2.991138219833374,-0.4859735369682312,0.7400363683700562,0.0756055500770919,-0.9582546645581722,-0.2693898454088717,0.3213319182395935,0.0087166484445333,0.122762858174555,-0.3851353228092193,0.1320798174357507,0.1321703361302614,622
1726744782709077800,0.0285486701468005,-0.0752647920817136,-0.3531727653911337,-0.4785087985219433,-9.777622642958164,-0.5826609911855309,0.0033961413428187,0.0633887276053428,0.0069446214474737,0.487590316690402,-0.4918395248827856,0.5364711772772541,-0.4822324763117981,3.620548248291016,-0.3012780845165252,0.7410554885864258,-0.0254826473394176,-0.3863625393420458,-1.2638280954390764,0.2578866481781006,0.0190329123288393,-0.1160056663987692,-0.2390565425157547,-0.08872904374809,0.0062838186642184,623
1726744782748848000,0.1866961819680407,0.0229927530527114,-0.1961152407636865,-0.472952808362618,-9.776820094403623,-0.6004055413864553,-0.045752890408039,0.1940155029296875,-0.0246608462184667,0.485685491079375,-0.4909625729959683,0.5381151512614403,-0.4832157312661186,2.483308792114258,-0.5697440505027771,0.387713611125946,-0.2134113530773669,-0.6619079117059707,0.6716507225632667,0.1728330701589584,0.0666189566254615,-0.0913910568984225,-0.1698096692562103,-0.2064062966208905,-0.2230413146773353,624
1726744782788617500,0.1759449612531811,0.1293406656622886,0.1086718985777348,-0.4553182944074272,-9.776927646431329,-0.6122031293490902,0.0309650432318449,0.1667052060365677,-0.0331008546054363,0.4830027293976247,-0.4895699717798099,0.5399397330333856,-0.4852781129806431,3.4425389766693115,-0.3799688816070556,0.3838615715503692,0.1388287528398446,-3.1071248888283964,0.0013186813831329,0.1196467950940132,0.1339692622423172,-0.1245130902422126,-0.1686533987522125,-0.1399826903816312,-0.2322860580856911,625
1726744782828387800,0.1354434029841795,-0.0201057994395494,-0.0221557177066802,-0.444445200878568,-9.778463769957424,-0.5953991114012896,0.0687273144721984,-0.1360731571912765,-0.0078454781323671,0.4828186312080164,-0.4890835841219002,0.539587021401981,-0.4863427757787725,1.9641631841659544,-0.5536424517631531,0.1532709151506424,0.8267335861168801,-0.9938274977207184,-1.25602531273365,0.1097280830144882,0.1626150012016296,-0.1796088723218999,-0.2050937265157699,-0.1682431181715801,-0.2180989446380175,626
1726744782868153900,0.1266822235753759,-0.0662216539263725,-0.1703496985293924,-0.4498994111638515,-9.779935011553764,-0.5664658623836935,0.0496553033590316,-0.4010107517242431,0.0090797841548919,0.4865086994999459,-0.4913528263201723,0.5361474803434504,-0.4841773869498952,2.418051719665528,-0.230702206492424,0.0722719952464103,1.076375797874108,-1.3452058174431325,-0.0735492203354835,0.1025908291339874,0.194022998213768,-0.1060080039975698,-0.2085053473711013,-0.1451021157545969,-0.1964778452646918,627
1726744782907924200,0.0936273645831271,0.0179343006193637,-0.1505716697394847,-0.4591922132313251,-9.780890120321512,-0.541951343123801,0.0457106158137321,-0.3057748675346374,0.0039483960717916,0.4910260860589258,-0.4945490964586518,0.5320272742091947,-0.4808966081170656,2.085047960281372,-0.3054724931716919,-0.1553965955972671,0.0905910473608411,-0.1584557009875774,-1.0120873770326375,0.1070527806878089,0.1675824075937271,0.0129028891732799,-0.1325211226940155,0.034930850031157,0.0162550080462009,628
1726744782947694300,0.1167773905567824,-0.0175461780846118,-0.1803846242010593,-0.4589982980944216,-9.7816219417274,-0.5287478338859976,0.008430803194642,-0.0463056229054927,-0.0095946928486227,0.4930265290166302,-0.49606984216963,0.5299748565254653,-0.4795479253565334,1.140048623085022,-0.2594727575778961,0.0718839764595031,0.5140372810861096,0.3051052288472652,-1.0191478169381618,0.1611348390579223,0.063692457973957,0.0791033381981309,-0.0425731986761093,0.0728465108596486,0.0514966707423329,629
1726744782987463400,0.0974104633184149,-0.0815524940490722,-0.2259060199260711,-0.4541464741490781,-9.781361244964598,-0.5376940144728869,-0.0362824946641922,0.0274174362421035,-0.0037768010515719,0.492552470033867,-0.4962849135232678,0.5302037817721921,-0.4795595216597595,0.2415982186794281,-0.4973320960998535,-0.1175837591290474,0.1555960372401401,0.963439373719692,0.2687736862719059,0.2170698940753936,0.0236652698367834,-0.0233562206368194,-0.0472855158150196,-0.0390770921235671,-0.0780392343642655,630
1726744783027233800,0.1425322287339717,0.0345388139396905,-0.0882511149048805,-0.4525810879958793,-9.780286309209464,-0.5581838082613423,-0.0477120094001293,-0.0642296224832534,-0.0005371661973185,0.492125708650851,-0.4969888833291103,0.5305294554052445,-0.4789080371911617,2.189241409301758,-0.3104955852031708,0.0268392655998468,-0.6250606016281992,-3.00687412405014,-0.1449187585443258,0.2099817097187042,-0.0197824202477931,0.034452775057475,0.0360600650310516,-0.0149020624922181,-0.0122512671389325,631
1726744783067004000,0.1926956781111657,0.0717985772758722,0.0958161067990586,-0.4497731179030612,-9.779835642832516,-0.568221766140312,0.0016791578382253,-0.156482458114624,-0.0178749933838844,0.4928656749565035,-0.4984971367377268,0.5295959329946638,-0.4776107854681634,0.9838438630104064,-0.1248053982853889,-0.1738393008708953,-0.4793768865933641,0.9555413139462472,-2.1041735889315603,0.172009602189064,-0.060070265084505,0.0383807667227461,0.0554472804069519,-0.0049789557438838,-0.2228883526053279,632
1726744783106774300,0.1072890659172087,0.0097363811165094,0.1006219361782073,-0.4421781692620367,-9.780622993817923,-0.5606082954619079,0.0224654804915189,-0.2133416086435318,-0.0323960296809673,0.4946659146995661,-0.5004947985090668,0.527340520929854,-0.47615393580633,1.538508653640747,0.2098182886838913,-0.2000986784696579,-0.8737075187377631,-1.349831723678112,-0.9089449824661016,0.1224807277321815,-0.0942538976669311,-0.0742042273452272,0.0355664528906345,-0.0112772904155775,-0.1425551164192147,633
1726744783146543600,-0.1259701663158834,0.0331248554885387,0.0533389376081526,-0.4327769749166443,-9.782012402349707,-0.5434018341930583,0.0449088215827941,-0.2148293703794479,-0.02335075289011,0.4970006378861689,-0.5026589063493674,0.5244423772401304,-0.4746413697124102,0.5644697546958923,0.1692508459091186,-0.3303572237491607,0.8250209369800985,0.6104746615886688,-1.043258175843954,0.1193408071994781,-0.0848671197891235,-0.0655210542092332,0.056990161538124,0.0080968908307724,-0.0443822173609398,634
1726744783186313700,-0.2209107689220458,-0.0467722725689411,-0.0668261226255446,-0.4306110290544107,-9.782922502931951,-0.5285820853976533,-0.0062989140860736,-0.1167018190026283,-0.0007514975150115,0.4989652442093032,-0.5041456079748735,0.5222905248501241,-0.4733746828341303,1.3329576253890991,0.2319439947605133,-0.2378688156604766,1.9263316349506376,1.2421855879515409,-0.4701666117101907,0.1258693039417266,-0.0495854988694191,-0.1450918592220637,0.0606504753232002,-0.0385036898495163,-0.0842011271280236,635
1726744783226084000,-0.142469611826539,0.0380190572708845,0.0486240379154682,-0.4328867919666692,-9.782270176503062,-0.5386871902287006,-0.0314636714756488,0.0314880646765232,0.0017775218002498,0.4991649246136719,-0.5047900551696235,0.522161280232907,-0.4726192809222742,0.3729237616062164,0.3671448826789856,0.2335020303726196,0.9513885051157324,1.0563023663342,-0.8955857346773147,0.1135701909661293,-0.0265336483716964,-0.0962496393781155,0.0458987839519977,0.0242979904323816,-0.1055859791932161,636
1726744783267096300,-0.1137543164085596,0.0749403824329376,0.1880114658176898,-0.434068877890706,-9.781782100725174,-0.5465434932196512,-0.0084501337260007,0.1047635823488235,-0.0024495953693985,0.4982386039965933,-0.5041272272183873,0.5231841943945217,-0.4731726370845763,-2.2859649658203125,0.3091645538806915,-0.2824356257915497,0.5268832821231335,3.9818914150998,-2.4804677387237546,0.0639264211058616,-0.0039686923846602,-0.1452558084789663,0.024284541606903,-0.0933894459077157,-0.2200278120750561,637
1726744783306865400,-0.1394013468297198,0.0304611892372369,0.2054945155382156,-0.4326634315395727,-9.781745275846124,-0.5483140830887481,0.0172647610306739,0.0355936549603939,-0.0025393636897206,0.4973864511362295,-0.5033557536705267,0.5240126182298094,-0.4739730885321661,-0.6468527913093567,0.4789236485958099,0.0270683635026216,1.4188092521838842,-3.8715205305844544,0.5575234081238508,-0.0155025897547602,0.0340263620018959,-0.1599288605463691,0.0102404644712805,-0.1130923545016441,-0.1998941565142013,638
1726744783346635800,-0.2098730228833854,0.0634504356473684,0.1520973449368029,-0.435064903190732,-9.782861128133534,-0.5260420820586383,0.0747077092528343,-0.0843343362212181,0.0053153308108448,0.4982963446778046,-0.5030328024869247,0.523238646348153,-0.4742151351238681,-0.4184784889221191,0.1337234079837799,-0.2645519077777862,-1.650861227519065,0.8725047188192605,1.3257038291156291,-0.0784339383244514,0.0472634471952915,-0.1064754753788467,0.0032299268059432,-0.1188561878585256,-0.1848000842894427,639
1726744783386406000,-0.1544189562847837,-0.0693488460361957,-0.0184767369329929,-0.4433831611376255,-9.783838448733093,-0.5003172371609136,0.0351977869868278,-0.0844533964991569,0.0195228271186351,0.5000779828064088,-0.5031671205540639,0.5218543166482114,-0.4737225351005834,0.0433288067579269,0.3227297663688659,-0.1409049928188324,1.5847753288015722,0.0455570515602827,0.3415349711000919,-0.0731157287955284,0.0469224415719509,-0.0455094769583549,-0.0456979125738143,0.0226195403927238,-0.1704669864998199,640
1726744783426176300,-0.0093107030503451,-0.0183382052451372,-0.0885188259303569,-0.4557626406414434,-9.78382208212018,-0.4893812709962948,0.0027357321232557,0.0345034599304199,0.0224692672491073,0.5009771680081764,-0.502908219964954,0.5215695762711199,-0.4733607675166713,0.0389580242335796,0.114213153719902,-0.0826438143849372,0.5168656363798305,-0.1593909360110759,1.4730910236001014,-0.0365958102047443,0.0354829281568527,-0.1499629267239943,-0.0485096424818038,-0.0595693518637446,0.0100722209081752,641
1726744783465946400,0.1043528298022225,0.0310457111269235,-0.0266788211543112,-0.4595924280626699,-9.783378430005907,-0.4946582615511491,-0.0084355697035789,0.1669125705957412,-0.0027607697993516,0.4998986922361825,-0.5017992956518047,0.5228938885955277,-0.4742160460370215,0.2994095981121063,0.1291935294866562,0.0102656818926334,0.6517464370451868,0.996713282290101,-0.6729600515961647,0.0178244020789861,0.0586396604776382,-0.0565262304413365,0.0105727640911936,0.009973790618556,0.0460055031472584,642
1726744783505715700,0.1124148479657247,0.0388689520984888,-0.0106008524587377,-0.4553842357831075,-9.783418762016296,-0.4977181240458041,0.0044520269148051,0.1291310638189315,-0.0050400719046592,0.4981573670933317,-0.5002693883948554,0.52450653121765,-0.4758809233538322,-0.0663556158542633,0.1706181615591049,-0.000575581099838,-0.293112410573475,0.3774485805243253,-0.3650912032544612,0.0556564219295978,-0.0037319255061447,-0.005729972186475,0.0325839482247829,0.089302450588718,-0.012445706290577,643
1726744783545486000,0.1072726993042975,0.003739186528325,-0.0270716198641806,-0.4518880642304196,-9.783605224499103,-0.497259237829782,0.0172530859708786,-0.0309948790818452,-0.0018415979575365,0.4975862023029129,-0.499802879950186,0.524928802095525,-0.4765027545473183,-0.1558253169059753,0.2170348763465881,-0.0332919806241989,-0.0969224606057629,0.1348497844725847,-0.4833762218952179,0.0560809932649135,-0.012740883976221,-0.1360490681265946,0.0259098596870899,-0.0192540779810398,-0.1271028784065507,644
1726744783585252900,0.0341745837371796,0.0155664024442434,-0.0467302600581198,-0.4512145123504102,-9.7843592577368,-0.4828368908541277,0.0415866523981094,-0.0982189401984214,0.0001558608491905,0.4986739474214062,-0.5002635364915281,0.5237883390601602,-0.4761371618627091,-0.118730142712593,0.1465840339660644,-0.0042329668067395,-0.4924264839110895,-0.2119967370390892,0.1007265655964612,0.0173052437603473,-0.014798529446125,-0.0880420569977723,-0.0080734565854072,0.0062836993623874,-0.1354545910984743,645
1726744783625022700,0.0027284385832026,0.004013327294588,-0.1539631388086825,-0.4505936405057087,-9.785076466095449,-0.4686783459138124,0.0253369007259607,0.0044314628466963,-0.0004258460830897,0.4995727202960471,-0.5005256589455427,0.522847980643878,-0.4759530329112592,-0.1532010287046432,0.1035076156258583,0.009510276839137,-0.2332138221887871,-0.3643208034038543,0.1770072567224502,-0.015059339813888,-0.0055825798772275,-0.0700044421344064,-0.0277165044099092,0.0274102155852247,-0.0879686264353804,646
1726744783664791800,0.0247586667466908,0.0117331078916788,-0.1765828938305378,-0.4479335909835994,-9.78531319746077,-0.4662606537802145,-0.0010478915646672,0.1528945118188858,-0.0011267175432294,0.4987481249924398,-0.4996328811022334,0.5235834804506543,-0.4769462370810585,0.0038237397093325,0.1106900572776794,0.0194886736571788,0.022167408144474,-0.1264502049177885,0.0344505511343479,-0.0323760248720645,0.0079046348109841,-0.1070625910844188,-0.0361639000475406,0.0202763131512678,-0.0262955528911901,647
1726744783704562000,0.062111149867624,-0.0130640642344951,-0.1465466520071029,-0.4442854072069749,-9.785056592351198,-0.4750478444131091,-0.0162661746144294,0.160267099738121,-4.19839343521e-05,0.4968515589034977,-0.4982156518325828,0.5253587954345084,-0.4784536237734766,-0.2568903863430023,0.0403987951576709,0.026593254879117,0.0946780792124569,0.2390887421041727,0.0717009621202945,-0.032512929290533,0.0382635928690433,-0.1430019286049529,-0.0325700417160987,-0.0075945199535839,0.0113443095034919,648
1726744783744331800,0.0964051222007721,-0.0167062201291322,-0.0541582911670208,-0.4420677676901221,-9.784706463739276,-0.4842380263563245,-0.0058404183946549,0.1080929413437843,0.0011990526691079,0.4952505126277104,-0.4970660966416075,0.5268914152432127,-0.4796224503624399,-0.0921318233013153,0.0275436639785766,0.0159764979034662,0.1063632563091814,-0.4247083443492651,0.3655588207662105,-0.0174862556159496,0.0684070363640785,-0.0463646233498118,-0.0414382889866828,0.008486476382715,-0.0209294684139313,649
1726744783784102000,0.1559243924116715,0.0078320087999105,-0.0425157841682434,-0.4391885955246165,-9.784704125651716,-0.4869021675316616,0.0116005539894104,0.0418081656098365,-0.006721656769514,0.4943880193434009,-0.4964154516231098,0.5276332072653207,-0.4803701210783959,-0.1087973490357399,0.0019751868676394,0.0055668000131845,0.2484231182910501,0.0754027392476797,0.168989954483509,-0.0318683087825775,0.0800315141677856,-0.0328384397625923,-0.0340385288000106,0.0084227652092056,-0.020244815184595,650
1726744783823871200,0.168777846102789,0.0216173730462789,-0.1021077542891725,-0.4343846658416092,-9.785171158641576,-0.4817781390488147,0.017868710681796,0.0062446459196507,-0.0111041059717535,0.4941997114759797,-0.4961957238228984,0.527592316307138,-0.4808354925908529,-0.2736480832099914,-0.017563359811902,-0.0295180175453424,0.0470920425752177,0.1139747542262077,-0.0660977352857589,-0.0488345362246036,0.0610192008316516,-0.0670356737229973,-0.0237434357404708,-0.0751795523505192,-0.0222085256061516,651
1726744783863640300,0.0795768465945497,0.0042962358891963,-0.0953027869820594,-0.4285314097687602,-9.785507843250036,-0.4802035101432353,-0.0029613589867949,0.0279004927724599,-0.0076685920357704,0.4939762273851675,-0.4961825840265759,0.5275285858405707,-0.4811486085346641,-0.2445383965969085,-0.0576635338366031,-0.052896175533533,0.2771372811978683,0.0549345362365245,0.1653846234679222,-0.0464687533676624,0.0693739205598831,-0.0188447859357402,-0.018866566941142,-0.0178868675813311,-0.0312379252137965,652
1726744783903410200,0.0232579798601567,0.06322364115417,-0.044435317521356,-0.4244361032791435,-9.785627085715532,-0.481390418372862,0.0109595442190766,0.0604884922504425,0.0001707857300061,0.4933674717231147,-0.4957990897353941,0.527946345103766,-0.4817099077309178,-0.1671978086233139,-0.175086036324501,0.0153003865852952,0.1141344017673283,-0.1417325297236442,0.5038789116978645,-0.0388677753508091,0.0573135614395141,-0.0628358793790219,-0.0026750299148261,-0.0364920486330054,0.0323779598111053,653
1726744783943180300,0.0858681287584826,0.0229477448672056,-0.0803249980807304,-0.422852085490711,-9.785753926965594,-0.4802176482664421,0.0013419725000858,0.0382934547960758,0.0041804085485637,0.4928647489107212,-0.4952715868813659,0.5283846520695298,-0.4822863220293602,0.7653636932373047,-0.1221909672021865,0.0648957714438438,0.5303502641139551,-0.9478513439655304,0.5462123250365257,-0.0173843074589967,0.0429140925407409,-0.0004955210112937,-0.0001615638611838,-0.0142576328170602,0.0084628643241536,654
1726744783982950400,0.1508224296301603,-0.0184358204007148,-0.019608334778808,-0.4227139191290363,-9.785819393417238,-0.4789837956225499,0.0164424888789653,-0.0102515080943703,-0.0017536878585815,0.492720762755619,-0.4950560988480944,0.5285270434213921,-0.4824985210651998,0.6898769736289978,-0.1110681146383285,0.1063118577003479,-0.1909355000382289,0.1935813749045133,0.2163087550193071,0.0093979137018322,0.006511814892292,-0.0040077903196564,0.0100981183350086,0.0567018016373738,0.0844551018890924,655
1726744784022719500,0.1400782962432131,0.0155003514707088,-0.0847100812971591,-0.4204990195585414,-9.786386379650237,-0.4692479259626939,0.0296545568853616,-0.0863069146871566,-0.008229836821556,0.4933808741074604,-0.4953833593392486,0.5277502378584471,-0.4823383447120352,0.4563808441162109,0.0270280763506889,0.0780941992998123,-0.0134412635164335,0.076019409841299,-0.5235848981648683,0.0413778349757194,-0.0501673370599746,-0.0007791173038967,0.0251962710171937,0.0437432025047717,0.0194629395253257,656
1726744784062489600,0.0912451456217095,-0.010399228939414,-0.1451133678009733,-0.4167067511361092,-9.78697265510559,-0.4603207423372193,0.0088510941714048,-0.0982015281915664,-0.0118200844153761,0.4944899948008826,-0.4963278874893992,0.5264299140569486,-0.4816739085367515,-0.0102244354784488,0.0986475050449371,-0.0196093935519456,-0.2535978540478274,0.0322848975330591,-0.4323988988518714,0.0627977401018142,-0.0629790648818016,-0.0136539552773989,0.0312781892716884,0.0493159063368802,0.0064228326967975,657
1726744784102259700,0.0290904854059219,0.0226958159327507,-0.0971393547594547,-0.4108162317927926,-9.787148011672496,-0.4619068059522658,-0.015841694548726,0.0016394052654504,-0.0136191453784704,0.4948212330162246,-0.4970904975535835,0.5257867728995382,-0.4812497164723786,-0.0960400104522705,0.0472620800137519,-0.0155342910438776,-0.1901390158982947,0.0536246226817369,-0.2388788987457752,0.0557020530104637,-0.0595484264194965,-0.0656768795251846,0.029625391587615,0.0168455304184113,-0.0404896303691901,658
1726744784142029800,-0.0474023871660232,0.0249701906055212,-0.0114074561338871,-0.4048026340590789,-9.787027015641332,-0.4696775130189955,-0.0091948239132761,0.0790462121367454,-0.0017099711112678,0.4939824627781899,-0.4969092066986175,0.5263346166458971,-0.4816994255483309,0.1637652069330215,-0.010623961687088,0.0682211220264434,0.1488043678060173,-0.2801636798143386,-0.1225210487753152,0.0200272072106599,-0.0382876805961132,-0.1239813945183064,0.0238063260912895,-0.0215871331716422,-0.0978147332703694,659
1726744784181798700,0.0100084760561585,0.0330512057304382,-0.0005435688247904,-0.4047528035679832,-9.78672890947759,-0.4759031826008111,-0.009908172301948,0.0510833710432052,0.0093216868117451,0.4931397636942593,-0.4963204735386907,0.5271909498651113,-0.482233120763806,0.4085773527622223,0.0023314645513892,0.0881884396076202,0.046756307814829,-0.2723863238111138,-0.160703772175312,0.0012330359313637,-0.0228165090084075,-0.083686446471,0.0165878944098949,0.0362225680588395,-0.0847606972395442,660
1726744784221568800,0.081390910279192,0.0134662152945995,0.0777893786558881,-0.4071517910011112,-9.786597392052412,-0.4765729716211557,0.0129635874181985,-0.004242452327162,0.0032426582183688,0.4929569838388659,-0.4960267685481114,0.5274996720323412,-0.4823846170967523,0.4372327029705047,0.0407760590314865,0.1081259995698928,0.2423404739091172,0.3978980788350105,-0.0977232921272516,0.0054544764570891,-0.0218999981880188,-0.0793588838617782,0.0419114418327808,0.0256578806087374,-0.0372816966067766,661
1726744784261339000,0.1513588380618021,-0.0489297428637742,-0.0079705404877662,-0.4060422588566318,-9.78704922747314,-0.4681768991976976,0.0222998596727848,-0.0681519731879234,-0.0148400152102112,0.4935062373014057,-0.4962426578322452,0.5268905047753624,-0.4822667977662131,0.0048178974539041,-0.0445418208837509,0.0763741284608841,0.0109715489346534,0.3334095323115587,0.2059942817538976,0.0024906117469072,-0.0145155880600214,-0.0555632443278096,0.0791952982544899,-0.0020144981814111,0.0258648744229227,662
1726744784301109000,0.0414909346325323,-0.0154565123289823,-0.0919604542842134,-0.3988253862803801,-9.787751238262652,-0.459603570511192,0.0091158375144004,-0.0575297586619854,-0.0231302771717309,0.4942398643827397,-0.4969779753662089,0.5257814681097076,-0.4819684931103143,0.0697425678372383,-0.0568511635065078,0.0245386268943548,0.100603085347265,-0.0998614731997251,0.8904355123072862,-0.0261521004140377,0.0049022524617612,-0.0943716253454796,0.0785974785685539,-0.0170513026731787,-0.0125777557220077,663
1726744784340878000,-0.092368560161069,-0.0086836571931838,-0.1085561997761949,-0.3900628916973248,-9.788089676436782,-0.4599176779616624,-0.0163964591920375,0.0217098239809274,-0.0098990751430392,0.4942016643466891,-0.4974234706961402,0.5253752631367291,-0.4819910414565206,-0.2121695429086685,-0.1314581334590912,0.0312144421041011,-0.1280721800964325,0.0334384514823555,0.3891834419816732,-0.039059218019247,0.0098149674013257,-0.05892781169035,0.0334215015172958,-0.0034381023853871,-0.0417547503676032,664
1726744784380648200,-0.040756446345523,0.0277390707969665,-0.1050315693140029,-0.3882544175032526,-9.787552500820158,-0.4727187804110348,-0.0384021326899528,0.072831280529499,0.0090862633660435,0.493330338730531,-0.4972478663341518,0.5261620559449166,-0.4822066729844759,0.1627145856618881,0.0040208143182098,0.0094692632555961,0.4775951542757451,-0.280707577432692,-0.4418845200777053,-0.0244922079145908,-0.0072283749468624,-0.0769573117459192,0.00705595780164,0.0390697764667915,0.050478556908085,665
1726744784420418300,0.1151724761107936,0.0036263738036155,-0.0100560780575498,-0.3912538550475612,-9.786483410283925,-0.4919783382847905,-0.0400601588189601,0.0695246160030365,0.0086684431880712,0.4922034258458995,-0.4968745593235898,0.5274462888118115,-0.4823399999304806,0.1523399800062179,0.0344932340085506,-0.0113163087517023,-0.0057969227757304,0.208723998978734,-0.0633189182221889,0.0008882976835593,0.0103386780247092,-0.0553793665277305,0.0061058299615979,0.0297404120984603,0.0251871875072014,666
1726744784460188400,0.1193613426353782,0.022404139509797,0.0796889651995152,-0.3917019276086241,-9.785959678670764,-0.5019667214009911,-0.0123891867697238,0.0381799787282943,-0.006057180929929,0.4915538751310431,-0.4966680801134177,0.5281230896807696,-0.4824745556739467,-0.0200648158788681,0.0466504618525505,-0.0060237431898713,0.1245163873109966,0.3461629231616854,-0.2853448818445205,-0.0117880972102284,0.0150777911767363,-0.074719675187231,0.0080474698916077,-0.0024040843041759,0.002412128330025,667
1726744784499957200,0.0630136881979182,0.01076104798913,0.0340623555343598,-0.388176237700507,-9.786137957847115,-0.5012307718092576,0.009520273655653,-0.0463122427463531,-0.007013123948127,0.4915128324259321,-0.4967744609006773,0.5279874928201918,-0.4825552979370172,0.1446498334407806,0.0408392287790775,-0.0340538471937179,-0.0832484112467616,-0.3223419025912881,-0.1265975044339895,-0.0367741547524929,0.0177904497832059,-0.0410460175763582,0.0170855410397052,0.0264370551375555,0.0096238012872403,668
1726744784539727400,0.0244853296980261,-0.0141992057442665,-0.0718680988481268,-0.3852613366344943,-9.786464705583452,-0.4970542898422107,0.0057677403092384,-0.0778249576687812,-0.0092318449169397,0.4922353648057505,-0.4975010114303627,0.5271009947656299,-0.4820389982195495,0.2149301171302795,-0.0367591604590415,-0.0393061302602291,-0.0639863691549748,-0.420435781596601,-0.03707622346282,-0.0316342934966087,-0.0002430286258459,-0.0234758695276919,0.0337528884410858,0.0738094924065982,0.0687875269255833,669
1726744784579497500,-0.022305684104003,0.0071831895023584,-0.0900292304933071,-0.3823141407340765,-9.78659914561808,-0.4966998869139701,-0.0152892982587218,0.0136104803532361,-0.0042540142312645,0.4925505822332699,-0.497985475243772,0.5266261612283658,-0.4817357876660866,0.27615487575531,-0.030462434515357,-0.0207437667995691,0.0456506846604868,-0.2202922716975212,-0.0152209500074386,-0.0120325461030006,-0.005754760466516,-0.016203232193191,0.0258643254637718,0.1082870457123033,0.0622744415374007,670
1726744784619274000,0.0216654499717056,0.0096790979713201,-0.1137701350321993,-0.3801969293843955,-9.786101717489958,-0.5079736701982096,-0.0315812565386295,0.0904477089643478,0.001105923205614,0.4916394960424699,-0.4977002325592268,0.5274409240758268,-0.482069578835538,0.7579239010810852,0.0172480959445238,0.0368793830275535,0.097237883230485,-0.2437155251219868,-0.1615104123830795,0.0110775148496031,0.0010759700089693,-0.0496930142872733,0.0146846510469913,0.1112008234003093,0.0543850810936419,671
1726744784659043300,0.0800442449105903,0.0052004912525415,-0.0319721052568405,-0.3775238742502406,-9.785363466343282,-0.5239311177866534,-0.0352364033460617,0.0915359556674957,-0.0062731588259339,0.4902361974445056,-0.4971524747489191,0.5287272172964096,-0.4826544616521359,0.4985783696174621,0.1106692850589752,0.082805797457695,0.1565952408779412,2.006767399929464,-0.2675064428150653,0.0405017472803592,-0.0069329040125012,-0.0619165086449356,0.0102201206609606,0.1222825181785505,0.0289895229492103,672
1726744784698813700,0.0747059526225552,0.0663321285635232,0.0302607347616925,-0.3721853627664968,-9.78499521755278,-0.5345394228994846,-0.0065366099588572,0.0327413976192474,-0.0129032880067825,0.4891848728793717,-0.4968498078672641,0.5295226092816294,-0.4831606548098359,0.2639762461185455,0.0530037470161914,0.0417202115058898,0.2275011436304077,0.1197577215418219,-0.1656114179611205,0.0374399982392787,-0.001894702669233,-0.0870709378101397,0.0015098708681762,0.0579298044957919,-0.0158759433174505,673
1726744784738584000,0.0438586501445621,0.0130319155305624,-0.019310265147686,-0.3661780121104792,-9.785265266665816,-0.5337501722179353,0.0058537470176815,-0.0497729331254959,-0.0150712700560688,0.4891644200737624,-0.497110671332393,0.5292397056045797,-0.4832230834523944,0.2207888066768646,-0.0491902083158493,0.038611102849245,0.1531552930245175,-0.2704471724420785,0.6804103676021098,0.0098387580364942,0.0232368223369121,-0.1249163372808601,-0.0101636685431003,0.0309047089207684,-0.0744592067532939,674
1726744784778354400,-0.0590121974715963,0.0132429279327392,-0.02270045557525,-0.3596739274460822,-9.785625332149865,-0.5315574844792484,0.0056497082114219,-0.0558588616549968,-0.0172984730452299,0.4896609620256369,-0.497889961293155,0.5284008666522575,-0.482835623143702,-0.1494683474302292,-0.127011090517044,-0.0065031787380576,0.182002653856948,-0.2599155492946505,0.1621598162025213,-0.0223334934562444,0.0561843737959861,-0.1158735370522364,-0.0275342687964439,0.0501543253558222,-0.1173609625983983,675
1726744784818123800,-0.1111029981821775,0.0355552975058555,-0.0327262846250087,-0.355915634358488,-9.785942727535964,-0.5282650918703526,-0.0004716538824141,0.0088395765051245,-0.0029447940178215,0.4898852416111782,-0.4981640493454876,0.5279835255609282,-0.4827821067568816,-0.0541402250528335,-0.1392913907766342,0.0088273743167519,0.0928668285394087,0.040955402983725,-0.1486637902915477,-0.0580123998224735,0.1052842587232589,-0.198984658720158,-0.0286359526216983,0.034009618416836,-0.0844025314516387,676
1726744784857891000,0.0150423785701394,0.0197463184773921,-0.0999625589540228,-0.3556177108578384,-9.785694305732846,-0.5330041030909866,-0.0141598246991634,0.0323465764522552,-0.0016402984037995,0.4895225063875912,-0.4980339709592373,0.5283349405808947,-0.4828995619122832,0.0072206016629934,-0.0596634112298488,-0.0224980562925338,0.0947011312944814,0.1135807864725589,-0.503113188022375,-0.0789440423250198,0.1685610711574554,-0.1484202547261025,0.0240815542638301,0.0642106474641012,-0.0088865747663396,677
1726744784897661400,0.1113336651328951,-0.0201303493589162,-0.0747439465453848,-0.3541956421654671,-9.785471018370986,-0.5380217485899106,-0.0121764261275529,0.0284349787980318,-0.0097923530265688,0.4890681790709257,-0.4978787640723214,0.5287231894104745,-0.4830949868811291,-0.1520811766386032,-0.02187991887331,0.017778392881155,0.0161612630648538,0.4308057844415306,-0.4531488414138555,-0.0976778268814086,0.1865166425704956,-0.1093002230765298,0.0563810281455516,0.0617501710681244,0.0217708831075578,678
1726744784937431800,0.1257597384355962,-0.0061158525317907,-0.0791220520317554,-0.3485702765643596,-9.785271111884713,-0.5453155953925103,-0.0169323962181806,0.0172465201467275,-0.0187725629657506,0.4885144975730418,-0.497961965500659,0.5289964454335823,-0.4832704346569672,-0.5385084748268127,-0.01123883202672,-0.0187484603375196,-0.1963147453911602,0.3894283566534519,-0.4346276808172464,-0.0951156467199325,0.1907638162374496,-0.0500327128367265,0.0588129609823226,0.0881945441457442,0.0589553572844015,679
1726744784977202200,0.0373263622989878,0.0207031808108091,-0.0345745428401976,-0.3400430520419031,-9.785306183198092,-0.5500602326363325,-0.0045444811694324,-0.0060178553685545,-0.0185766704380512,0.4881448140849903,-0.498268872194328,0.5289361002758839,-0.4833937204005641,-0.7135924100875854,-0.0806798562407493,-0.0427840873599052,-0.0344855128498747,-0.1464852772086858,-0.0648702393174171,-0.0725295692682266,0.2368242591619491,-0.1059917561156675,0.0643774345517158,-0.0178333290294976,0.0829607168791815,680
1726744785016971500,-0.0431308473266661,0.0231178407371044,-0.0188661015767604,-0.3338063130768016,-9.785326641464232,-0.5534977693369612,-0.009112692438066,-0.0145439561456441,-0.0088208820670843,0.4879870414588921,-0.4986148460674592,0.528775726122947,-0.4833717215599449,-0.9101435542106628,-0.1616425067186355,-0.011340944096446,0.1969981610780581,0.2452700610876083,0.1009562826991081,-0.06094191968441,0.253693163394928,-0.0772970011622179,0.0634922683238983,0.0160635017788037,0.0550488376654218,681
1726744785056742000,-0.0077120356820523,0.0499222610324621,0.0002898497920483,-0.3310676453605294,-9.785495568290353,-0.5521528575340285,0.0142708914354443,-0.0196087043732404,-0.0003595464804675,0.4881266116312924,-0.4988444429558381,0.5284942606126547,-0.4833016878907482,-0.7541313171386719,-0.2568158805370331,0.005381244700402,0.2396454809377901,-0.0784752785608172,0.2458019760072231,-0.0557482950389385,0.2612554430961609,-0.0745638544378569,0.0730481147766113,-0.0111527233209926,-0.0014804609450133,682
1726744785096512300,0.0808158503375947,-0.0215296947628259,-0.098295612122491,-0.3320571313219145,-9.785570387092232,-0.5502341644311324,-0.00510890269652,-0.0236815232783556,-0.0006166093517094,0.4884058563919073,-0.4989949901380007,0.5282595343467471,-0.4831207797201299,-1.1560266017913818,-0.3623881340026855,-0.0292104221880435,-0.0068221559039317,0.4849456631690263,0.3408352983981371,-0.0557857863605022,0.2613936364650726,-0.0057860743006196,0.0665719136595726,0.0082953428621869,-0.0188755064426339,683
1726744785136282600,0.1012723629109561,0.0268558582216501,-0.0533281970184296,-0.3308167758719995,-9.785471018370986,-0.5527045731326565,-0.0083703603595495,0.002498508663848,-0.0101589187979698,0.4884355163490996,-0.4992250260352729,0.5281613989836882,-0.4829602112607898,-1.5046666860580444,-0.3978211581707001,-0.0390541329979896,0.1206613375843502,-0.0209966107994318,0.1861941872626543,-0.0431313849985599,0.2302649170160293,0.0388083901508245,0.0699575468897819,0.0150368050625897,0.0384426347115077,684
1726744785176052000,0.0426640335325151,0.0110100543141365,-0.0117032972753047,-0.3239826555356383,-9.785487969505786,-0.5564701727438718,-0.0020570829510688,0.007688099052757,-0.0168052781373262,0.488062544797832,-0.4993849978899612,0.5281919219075508,-0.483138611761733,-1.8863400220870967,-0.5034424066543579,-0.0784053951501846,0.0345766799983568,0.2821370257139206,-0.1229904198527336,-0.0406824760138988,0.1826649159193039,0.0650816353120841,0.0783520638942718,0.0586525840786984,0.0592748806955059,685
1726744785215822300,-0.0190584092784672,0.0004243628919124,-0.0291781636893749,-0.3179256205189973,-9.785676185554266,-0.5566534203562885,-0.0021612579002976,-0.0188287999480962,-0.0101751964539289,0.487971839035779,-0.4996223974331777,0.5279762173168131,-0.483220590540118,-2.1694695949554443,-0.7544988393783569,-0.0083148600533604,0.228599515060056,0.4471820419639348,0.5967138472616672,-0.0332437083125114,0.1175842955708503,0.0562227128835394,0.077509120106697,0.0711578819192713,0.1014989473416004,686
1726744785256834800,-0.0744984473517164,0.037839024528861,-0.0063690235752612,-0.3150080525718629,-9.785682615295052,-0.5582139476712793,-0.0008249818347394,-0.0104611329734325,-0.0022834807168692,0.4880464742357457,-0.4999437339438654,0.5277473385932853,-0.4830629350518183,-1.80548107624054,-0.7986682057380676,-0.0219519101083278,-0.096725659392029,0.0813911660075187,0.140649410662055,-0.0047615487128496,0.0736409872770309,0.0169468536347267,0.0740502551198005,0.0823669979028869,0.0747340827384963,687
1726744785296605200,-0.0429541755855083,0.0248655611872673,-0.0060510436672717,-0.3154279950169846,-9.785727623480556,-0.5571847142213955,0.0026768087409436,0.0380597971379756,0.0044412673451006,0.4879425021312949,-0.4997531111095841,0.5278781502853279,-0.4832222725073349,-1.5907573699951172,-0.5160208940505981,-0.0885043665766716,0.2566942491605877,0.3324246129274368,-0.5454600453644991,0.0226579140871763,0.0498561672866344,-0.0046310824503074,0.0616032257676124,0.0916963599879294,0.1000254589892458,688
1726744785336374500,0.0473532873272895,-0.0087684128671884,-0.0275918443460017,-0.3158032580701634,-9.785612472668287,-0.5589874893270432,-0.0053846505470573,0.0599813163280487,0.0016420765314251,0.4874130070811521,-0.4992495988479203,0.5284413574312392,-0.4836612933369213,-1.8939757347106927,-0.254974901676178,-0.1799346059560775,0.0533119034707546,0.9513812716573476,-0.657836132222414,0.0237670093774795,0.0261429734528064,-0.0331220356270787,0.0422416664659976,0.0664235971061047,-0.0092447382709564,689
1726744785376145000,0.0438630705913528,-0.0090618428558111,-0.0041653760511428,-0.3156049955517053,-9.785468680283426,-0.5616142941666766,-0.0019096476025879,0.0515349321067333,0.0013048613909631,0.4867638392385968,-0.4986895112780202,0.5290965232226001,-0.4841763714744485,-2.6419870853424072,-0.2425575405359268,-0.0976148471236229,-1.1204146999564022,0.1660398725062608,0.1063359299108386,0.0079163657501339,0.0363349169492721,-0.1062834782043937,0.016044458374381,-0.0234668870702153,-0.0457584924165159,690
1726744785415915300,0.0313714724825695,0.0149883102953433,-0.0281739550828933,-0.3156826638977974,-9.78542601018548,-0.5622954813638702,0.0020278361625969,0.020162895321846,0.0048340824432671,0.4864157324082858,-0.4983408626512646,0.5294577176735427,-0.4844901252354315,-2.8608195781707764,-0.3537696599960327,-0.2100260704755783,0.4039865319032222,-0.0202045836389064,-0.0210012869745492,0.0096554607152938,0.0571504831314086,-0.0840741214811801,0.0217799190431833,-0.004156418709841,0.0530990598710952,691
1726744785455685600,0.0792115204134955,-0.0054746320188045,-0.0393523517012596,-0.317883608008176,-9.78546341958642,-0.560395492961444,0.0068558808416128,0.019093370065093,0.009237352758646,0.4863479570799833,-0.4980476363114721,0.5296421158684509,-0.4846580735037957,-2.8920347690582275,-0.5891171097755432,-0.217944860458374,-0.6221004366483539,0.1922182698577642,1.213228958058357,0.0130913201719522,0.074497178196907,-0.1002056743943598,0.0568831861019134,-0.0261286741749732,0.101836207338795,692
1726744785495455000,0.1684430977230891,0.0513356349617242,-0.0845464882332831,-0.320026099929586,-9.785412566182016,-0.5600926375573501,-0.0017172512598335,0.0158974044024944,0.002559273969382,0.4862136189712482,-0.4977687876339607,0.5298896214498637,-0.4848089423860297,-2.339648485183716,-0.6714873313903809,-0.2786371111869812,-0.2480474168464541,-0.6714736124306917,1.592139866220206,0.0052891103550791,0.0662424340844154,-0.0504004638703074,0.0732451379299163,0.0246847201610682,0.0603107311158441,693
1726744785535225300,0.1670642836505547,0.013970657685399,-0.056142158460617,-0.3170010895526036,-9.785605458405612,-0.558419005256705,0.0141889620572328,-0.0097780469805002,-0.0112853311002254,0.4861355043460774,-0.4977591883173622,0.5298181160502126,-0.4849751558178911,-1.2812581062316897,-0.1289982199668884,-0.1033592894673347,0.4987861186034977,0.5377922872155905,0.3073001085430383,0.0359715484082698,0.05773451551795,-0.0250983310468145,0.0369548648595809,0.0166543963270611,-0.0384356661146041,694
1726744785574995700,0.0682460724260658,-0.0310071326822042,-0.0901275032360106,-0.3139507255386561,-9.785969031021,-0.55376350760106,0.0041897967457771,-0.0618187934160232,0.0030221955385059,0.4864901119484252,-0.4980664704990689,0.5293050844246574,-0.4848643153329513,-1.2940950393676758,0.0167316552251577,0.046417761594057,-0.6565098520547151,0.470020481237769,0.2499988797077909,0.0427574552595615,0.0825930461287498,-0.0668237434387905,-0.0167449805885553,-0.0029210922031372,-0.0196713124458445,695
1726744785614766000,0.0324497692385688,0.0514706595182418,-0.0615032836349681,-0.3166115057131275,-9.785843943336603,-0.5544051665054633,0.0037340261042118,-0.1203974038362503,0.0041416306048631,0.4874686647857192,-0.4990251180567154,0.5284323311706551,-0.4838464046573119,0.3003401160240173,0.1013942882418632,0.2009570002555847,-0.6670194095008075,0.095193481388688,0.5316770192056894,0.0417274236679077,0.0781906768679618,0.0417335386162158,0.0108515964820981,0.0832098876009695,0.1209549228365998,696
1726744785654528300,0.0424175114255398,0.0225508545041084,-0.0168670367140322,-0.3189478397062048,-9.786256031268834,-0.5457700246291235,0.019925121217966,-0.0761822164058685,0.0004011045675724,0.4887766988063628,-0.499871217265562,0.527214655132062,-0.482981247697122,0.3114641308784485,0.1598026901483535,0.2331428974866867,-0.6230626327440142,0.7320768419533967,-0.7701824084639549,0.0288872998207807,0.0624764710664749,-0.0295498990616179,0.0518229193985462,-0.0480298988140653,0.1774493927330709,697
1726744785694298400,0.0399949604537338,0.0038777182161808,-0.0683925682246684,-0.3175729346238076,-9.786436064010855,-0.5433264674019068,0.005351370666176,-0.0144978696480393,-0.0096859037876129,0.4892014377669149,-0.5002796542563751,0.5267088446372181,-0.4826800557886767,0.1383141726255417,0.0457512699067592,0.186571404337883,-0.0699517803654074,0.110833533591032,-0.1619880032995715,0.0400690473616123,0.0577543452382087,0.0127190147981338,0.0263289660215377,0.0031759374679968,0.0169326949619222,698
1726744785734068500,-0.0833225724615156,0.018489596414566,-0.0225029967743903,-0.3120197209434583,-9.786833538895843,-0.5393854746911675,0.0135327372699975,0.0070120068266987,-0.0115101495757699,0.4891711890019976,-0.5003370577795464,0.5264635157435809,-0.4829188683392352,0.490003764629364,0.1565366983413696,0.2897137701511383,0.5009980224993079,-0.2901625112593173,0.0392932784577831,0.0732067450881004,-0.0064978678710758,0.0823881137561518,-0.087739497423172,0.1408950103204231,-0.007065692040199,699
1726744785773838300,-0.1079200938297435,0.0389741660386323,-0.0573754631152376,-0.310615991625376,-9.787115278446674,-0.5350395909739658,0.0145894158631563,-0.0191578399389982,0.011783649213612,0.4892751619251496,-0.5002962502651978,0.5262918287775954,-0.4830428208176026,0.1498946547508239,0.0108237527310848,0.211170956492424,0.4429294260207563,-0.4082949696868658,0.757636888210848,0.1297764927148819,-0.0386354103684425,-0.0559827392483595,-0.1665053218603134,0.0416041355163091,-0.0957468409551307,700
1726744785813607400,0.075636109612137,-0.0347527489513158,-0.0737455831578001,-0.3186478338463231,-9.78686042690277,-0.5349798966759816,-0.0175380837172269,-0.0394499190151691,0.0127535536885261,0.489798481003532,-0.5004316601627763,0.5261601827070483,-0.4825153155264219,0.883391261100769,0.2770409882068634,0.249665692448616,0.8029619576461613,-1.3261767073243855,1.288790102738142,0.1303224563598632,-0.0514754876494407,-0.0907752082887105,-0.188576728105545,0.0334999267454724,-0.0789252964837942,701
1726744785853371400,0.2073969150934368,0.0505588053703308,0.0329355069288983,-0.3169316775782033,-9.786579271873832,-0.5411048823622986,-0.0039006127044558,-0.0326922163367271,-0.0305290557444095,0.4899376380271984,-0.5009998864241986,0.5259161388842187,-0.482050195022559,0.2397356033325195,0.2029569298028946,0.2075062543153762,0.2242169708605855,0.7748299420088529,0.1986099436562508,0.123169831931591,-0.0695684552192688,-0.0610096183665096,-0.1400316804647445,0.029287117656297,0.0024190923603513,702
1726744785893141500,0.0304984707740135,0.0106219317793846,0.0386065017700195,-0.3032880050911568,-9.787194773423671,-0.537797328716889,0.0122872944921255,-0.060329120606184,-0.0390317142009735,0.4901106644739443,-0.5017458681843856,0.5250439185028324,-0.4820492894227198,0.0640420690178871,0.1386550068855285,0.0560771115124225,-0.0664323740676045,-0.757761318308115,-0.0706435620218515,0.1004983261227607,-0.0793690085411071,-0.053057586216391,-0.0676584616303443,0.1097772112048231,-0.0132345482634613,703
1726744785932911400,-0.2035678583245724,0.0004097498446702,0.0086860318133607,-0.2909842211720533,-9.78775591443777,-0.5343628242235631,0.0015323602128773,-0.0549031533300876,-0.0192096177488565,0.4905098034449434,-0.5026577484538521,0.5240039212209683,-0.4818248500727453,0.0840317606925964,-0.1611507385969162,0.1420618593692779,-0.6656051587887108,-0.1342658471047878,0.5831937828879803,0.0553009919822216,-0.0567168034613132,-0.2032523626346141,-0.0250919573009014,0.0010802346972253,0.1308048381970264,704
1726744785972680400,-0.2293900261169299,-5.78676670789e-05,-0.0072960022270679,-0.2895531471893191,-9.78788743186295,-0.5327458905462176,-0.000201852992177,-0.0059999884106218,0.0127685386687517,0.490815551562959,-0.5029810664274883,0.5236148661316424,-0.4815990779926578,0.1315715759992599,-0.3235601484775543,0.1953864693641662,0.1346149528034031,0.5946230124622583,0.6827057850629091,0.0611725412309169,-0.0407474339008331,0.0775569033405743,-0.0748529806733131,0.0735676784407813,-0.18580109629184,705
1726744786012450600,0.0244378738271072,-0.1222644436657428,-0.0894294745018705,-0.2961797987874597,-9.787186005595323,-0.541891721891053,-0.0516301691532135,0.0635430291295051,0.0103922933340072,0.4904842108747242,-0.5027507349460463,0.5242809238711084,-0.4814524004054721,0.437692642211914,-0.2997779250144958,0.1222463399171829,0.6226885387346148,-0.1623217287659644,0.5263770131014287,0.0261813346296548,-0.0104239303618669,-0.0622842596785165,-0.1317284852266311,0.0587726896272972,0.0303448990639415,706
1726744786052220700,0.1576603128261864,0.0939893662959337,0.0991571243226528,-0.2960751145702786,-9.785867324212193,-0.5652786618931218,-0.0419104024767875,0.1205093339085578,-0.0075064650736749,0.4889297739402408,-0.5023013855578945,0.5258464690907348,-0.4817951374831846,-0.0901616141200065,-0.2432355880737304,0.2296018302440643,0.5608480955671519,1.1965776829868555,0.3081348058015108,0.0396726839244365,0.0239468608051538,-0.109016629495332,-0.1275388896465301,0.0037493386004032,0.0107708067647414,707
1726744786091990800,0.2173029902210459,0.0827174461752176,0.1329109253644943,-0.2852384257953614,-9.78581822437346,-0.5716488179795444,0.0080669587478041,0.0610679239034652,-0.03883658349514,0.48753547704673,-0.5017000635677196,0.5267286054857813,-0.4828697211348629,0.0062264436855912,-0.0888323783874511,0.2333531528711319,1.0409577899470923,-0.4928665192961692,-0.6821132259972393,0.0355376824736595,0.0240652430802583,-0.0717945221552625,-0.1233891919255256,0.0657689965217374,0.0849244181675836,708
1726744786131759600,0.0263784134356305,0.0075005848884582,0.0915361279249191,-0.2686414016617462,-9.78691654100418,-0.5608003474352881,0.0445741266012191,-0.0866699069738388,-0.0383917577564716,0.4875023068067997,-0.5019832749976102,0.5259331254352345,-0.4834756936919703,0.2830396890640259,0.0054460316896438,0.0999162718653678,0.2774000237872824,-0.4750204814821481,-0.2663099265068769,0.02985923551023,0.0840892642736435,-0.1101915458930656,-0.0967468991875648,-0.0565208373135887,0.0283742200454813,709
1726744786171529700,-0.1931472760698758,-0.0082300682067871,-0.0392844740968197,-0.2607035213345661,-9.78824340569377,-0.5410102628814056,0.0327546335756778,-0.1747402101755142,-0.0027717854827642,0.4891874926291801,-0.5031940929371758,0.5238125149479937,-0.482816379527611,0.1911227852106094,0.026761706918478,-0.0110867451876401,-0.2651862927718088,-0.7933014182448387,-1.202552811873704,-0.0248891860246658,0.1048546507954597,-0.0716948018075665,-0.0470969527959823,-0.0239867530757212,0.074602031023777,710
1726744786211299600,-0.1473020004190504,0.0153401924729347,-0.1630080305296927,-0.2655483492835425,-9.788621591356396,-0.5317587792050094,0.0021046982146799,-0.0984831601381301,0.0134554617106914,0.4910046053864946,-0.5044163781696361,0.5221841338769824,-0.4814586258967993,0.4456006288528442,0.0723040476441383,0.019051382318139,0.6641795098997653,0.243871884727478,-0.574636455488205,-0.0366910099983215,0.0989262834191322,-0.0043474871566431,0.0258849989622831,0.0336955246660974,0.089025378079852,711
1726744786251069700,0.1113676770003512,0.0630301644086837,-0.1333013129215687,-0.2741731524289585,-9.787977448233962,-0.539170114907436,-0.0323760099709034,0.1135884150862693,0.0192528869956731,0.4909682195478858,-0.5043097798201667,0.5226487069108238,-0.4811030328839769,0.193090870976448,-0.0266434624791145,-0.0367507636547088,-0.4502722265316173,-0.1311690501332283,-0.1345838270127773,-0.0354522541165351,0.0767654329538345,-0.0463845427598338,0.0507333204150199,0.0316173118862439,0.1155749102986883,712
1726744786290839600,0.2392211728448048,-0.017463760498166,-0.0106511578738689,-0.2749847793390974,-9.787241535174848,-0.5519864514585584,-0.0098721412941813,0.1851911395788192,-0.0095342230051755,0.4890150543272674,-0.5028223695397733,0.5247029082329785,-0.4824115121556431,0.7095640897750854,-0.0347249843180179,0.0636557415127754,-0.1396254013765603,0.1252829147040844,0.6046721127897501,-0.0279678367078304,0.092958852648735,-0.0576450510039692,0.0522136352956295,0.0307107207186287,0.0700387188633438,713
1726744786330609000,0.131408795439545,0.0265104057848453,-0.0053168841738253,-0.2657832722842693,-9.787372468078136,-0.5541780797513202,0.0154741294682025,0.0003238275530748,-0.0156592540442943,0.4876756235240849,-0.5019756178404554,0.5256193468802196,-0.4836501181703634,0.553954541683197,0.0343435108661651,-0.0953676030039787,-0.381755995394662,-0.0095090021014213,-0.761862323886156,-0.0175659470260143,0.1053225621581077,-0.0860281507589388,0.0447598248720169,-0.0206833938315277,0.0901654149604495,714
1726744786370378800,-0.0362583677412942,-0.0313368030279874,-0.0435351172786206,-0.2628670195113867,-9.788031224247812,-0.5437923678806051,0.0267804712057113,-0.1745476871728897,-0.0009039425640366,0.4888895306391737,-0.5029020120194954,0.5242282531994064,-0.4829712564199696,0.9952504634857178,0.1633630692958831,-0.0590550675988197,0.2533234210206195,-0.2972644522190094,0.1091973106913268,0.0018067377386614,0.1284792274236679,-0.0531136866180691,0.0027314419858157,0.0287701080448692,-0.0196643438489409,715
1726744786410148900,0.0510268430071882,-0.0067488897383213,-0.1026279422383755,-0.2662055162843316,-9.788377845728396,-0.5358753111457452,0.0063766501843929,-0.1418159455060959,0.0034943625796586,0.4908314719424748,-0.5044118691848197,0.5223894182265372,-0.4814170283374752,0.664308488368988,0.224926084280014,-0.0715136677026748,0.2345969836428761,-0.4070049298763274,-0.635595951102674,0.0109055405482649,0.1123297363519668,-0.037313699180237,-0.0006110618123784,0.0913704799012746,0.0758880522463237,716
1726744786449919000,0.1257164838157594,0.026471827340126,-0.1292167470216751,-0.2672735656409524,-9.788380183815956,-0.5353230475578457,-0.0068458104506134,-0.001844672486186,-0.0087521728128194,0.4916084852782112,-0.5051687400758677,0.5216305436927902,-0.4806529446201726,0.0344516895711422,-0.0216468926519155,-0.1175458133220672,-1.238715427622944,1.9017676870584488,0.7323553666338324,0.0089033134281635,0.1012815982103347,-0.0477950854111928,0.0427532158792018,0.0467206885121762,0.0108889235689421,717
1726744786489687800,-0.0101463318905793,-0.0110655838936567,-0.0568703996699303,-0.2593510290133766,-9.788101366874574,-0.5442234162416308,-0.0236897356808185,0.1168768778443336,-0.0178405120968818,0.4905126328884476,-0.5048744494356264,0.5223499418002826,-0.4812999023460693,0.1002693176269531,-0.0044820196926593,-0.0054857842624187,-0.2600949609821662,-0.3193605486929416,0.099356154026091,-0.0023639872670173,0.0812018364667892,-0.0210824167862068,0.0771429017186164,0.0235869926188141,0.0168285085016628,718
1726744786529458000,-0.1264328519241884,0.0366033452540636,0.0289244811892509,-0.252299813593924,-9.7877372097373,-0.5540023943908512,-0.0123805729672312,0.0615179277956485,0.0035927642602473,0.4891027094946141,-0.5042390453337279,0.5234398206777318,-0.4822159771368595,-1.0704292058944702,-0.2957017123699188,-0.0464238300919532,-0.3427969538599252,1.0655869120299817,0.0020841127976775,-0.0068714404478669,0.0874301344156265,-0.0265568433090345,0.0678773820400238,0.0143850540224346,-0.0098321719244704,719
1726744786569228000,0.0411736123116686,0.0015407997012138,0.0316928133914247,-0.2550057846169918,-9.787390588256716,-0.5588665298284963,-0.0058899540454149,-0.0386404320597648,0.0062269116751849,0.4890110536482887,-0.5042523659499096,0.5236638374348946,-0.4820517358771138,-0.5289083123207092,-0.157301977276802,-0.1051568463444709,0.2435699061062186,-0.9014479047089816,-0.1921481272310018,-0.00855103880167,0.0928659737110138,-0.0341411289921496,0.0632908567786216,-0.002595217824704,0.0044660908721445,720
1726744786608998100,0.1135843484028242,0.0615817191660404,0.1305178927481174,-0.2555905805013142,-9.787577050739529,-0.5553389402242377,0.0269402731209993,0.0026240141596645,-0.0103995371609926,0.4893790642124335,-0.5044338743329113,0.5233171812975973,-0.4818649030818132,-0.2284702211618423,-0.1101512461900711,-0.1103813722729682,0.4762238659225404,0.1084223807960748,-0.4281032474845647,-0.0170867145061492,0.0981423631310463,-0.0425325800394173,0.0693432167172432,-0.0163358410303364,0.0350123954013455,721
1726744786648767000,-0.0152775207665748,-0.0248988789349794,0.0331072467666119,-0.2531723403784446,-9.788485982277988,-0.5402288301801309,0.0377336144447326,-0.0098663372918963,-0.0021795704960823,0.4896117489961198,-0.5040154625872586,0.5229841471769523,-0.4824276318274104,0.1049415692687034,0.0157918259501457,-0.1790798753499984,-0.0657062517501413,-0.808892370608449,-0.8905817889101802,-0.0143158119171857,0.0758263170719146,0.0260974958687089,0.124220035970211,0.0754952535364544,0.1612292208215221,722
1726744786688553700,-0.0634518056205473,0.0188537535518407,-0.09889416253753,-0.255126817180775,-9.788992762756347,-0.5300324303364381,0.0108205704018473,-0.0479983575642108,0.0125112682580947,0.4903003760876974,-0.5041176333374188,0.5223883079655017,-0.4822670745895047,-0.2181446105241775,-0.2313152253627777,-0.1220530793070793,-0.3698039109900594,0.5451736296385526,0.9908265623390674,-0.0129915019497275,0.0784673541784286,-0.0425325800394173,0.1401726454496383,-0.0163358410303364,0.0350123954013455,723
1726744786728324600,0.0036496816139668,0.0046206455379724,0.0190518334072083,-0.2598292227180674,-9.789125449225306,-0.5252762122526765,0.0148292575031518,0.0700233429670333,0.0110769150778651,0.4904947727229469,-0.5038255211182907,0.5224380126240754,-0.4823207649026295,0.2784004509449005,-0.1514785587787628,-0.0041767074726521,0.2331645396869629,-0.0439326652288436,0.6597837591588497,-0.0182772986590862,0.0692145228385925,-0.0400549744121264,0.0928831174969673,0.0549523184883873,-0.0073019290735333,724
1726744786768095500,0.1130128686578012,0.0407990433782339,-0.054872649981454,-0.2604059266274794,-9.789540459766984,-0.5171920918552204,0.0316507034003734,0.0649765878915786,0.0006611298304051,0.4898713665971045,-0.5026923657489405,0.5231346325655932,-0.4833804653702026,0.4219951629638672,0.0585082918405532,-0.0441166646778583,0.1295807580284774,-0.321446707317233,-0.9588374328821896,-0.0075160581618547,0.0456622131168842,-0.0167548541769851,0.0693458691239357,0.013022305168712,0.0643075091344304,725
1726744786807865000,0.0982485398440621,-0.0322632702231407,-0.1672118388950824,-0.2591087446901016,-9.789949040567874,-0.51004769999329,0.0071599232032895,-0.0312922932207584,-0.0052333641797304,0.48995652106278,-0.5024766656883503,0.5229936859947184,-0.4836708127422393,1.00309157371521,0.2414668798446655,-0.1160818710923194,0.6421025565177202,-1.040026354315877,-1.080860469007492,0.004787883721292,0.0470330044627189,-0.0567101082414155,0.0539890155196189,-0.0217811213737819,0.0466831923462683,726
1726744786847627800,0.0015053447953425,0.016111761367321,0.003336450946331,-0.2563382205308415,-9.790140763747692,-0.5077650324162095,0.0094419261440634,0.0521816425025463,-0.0007979070651344,0.4899211997157678,-0.5024660354744677,0.5228926220674595,-0.4838268696438451,1.2446972131729126,0.2164464145898819,-0.1442406773567199,0.1160180235568433,-0.9099602969884872,-0.3999848219811916,0.0262183435261249,0.0592995807528495,-0.0633033507602987,0.0382228083908557,-0.0102461298700887,0.0440557253529317,727
1726744786887398700,0.0246588961666449,-0.0113350484848022,-0.0619874504227191,-0.2552503156962804,-9.790228442031143,-0.5066355899948627,0.0046277400106191,0.04123205691576,0.0071597667410969,0.4892936984598485,-0.5017865305878079,0.5234897356204394,-0.4845209470220858,1.284205436706543,0.0042158109135925,-0.0577797479927539,0.4705847640570252,0.9514987605571746,0.9407721993595362,0.0511929579079151,0.0552756078541278,-0.0487861240088473,0.012663884088397,0.0182054228780558,0.0278146522172493,728
1726744786927169500,0.1212333470523357,0.0468576127648353,-0.0392565631765872,-0.2568049429934472,-9.790212075418234,-0.5061721737341955,0.0063016708008944,-0.0142713598906993,-0.0007114633917808,0.4893201074177203,-0.5017074919906128,0.5235429224911337,-0.4845187171881591,0.3494016528129577,-0.0166360475122928,-0.0258097648620605,-0.236323222913593,1.181453179091215,0.2902238860577344,0.0744399204850196,0.0317473821341991,-0.0482906047100201,-0.0021096444688737,0.0324630534118274,0.0193517913180286,729
1726744786966939100,0.0816850161212496,0.0169651633262634,0.0876047067601233,-0.2527211442785337,-9.790693721455336,-0.4988082573700696,0.0361120328307151,0.0235007852315902,-0.0176230687648057,0.4893442443723955,-0.5015642727269027,0.5233215302334702,-0.4848813994408292,-0.1601180583238601,0.0374627150595188,-0.0292084906250238,-0.2251489910136908,0.3049889089912176,0.3936813379228114,0.0746305957436561,0.026984179392457,-0.0330223129960941,-0.0128150014206767,-0.0233321479247766,-0.0195671259855851,730
1726744787006710000,-0.0617391199511475,-0.0392804555088281,-0.0953087052661925,-0.2451674226970411,-9.791612005344032,-0.4843880292862653,0.0294552780687809,-0.0471809692680835,-0.0098449205979704,0.4895743911350602,-0.5014572159694806,0.5227213192377589,-0.4854071382974699,-0.3764050602912903,0.0484719015657901,-0.0150496615096926,-0.1458052590552717,0.2574205176085233,0.0992702293083071,0.0623037703335285,0.0229907557368278,-0.0044833856418845,-0.0304998476058244,0.0193133247544523,-0.0435864090744406,731
1726744787046481000,-0.0814450333529152,-0.0142512281924486,-0.1458511440236121,-0.2446155061690136,-9.79180139043629,-0.4808313231853768,-0.0142784994095563,-0.0455725826323032,0.0066907349973917,0.4902736780259596,-0.5020524643789103,0.5219759546677086,-0.4848878730882075,-0.6051328182220459,-0.0779559165239334,-0.081440269947052,0.1509524126853793,-0.1394943954080343,0.2509521983772516,0.0433865487575531,0.0137982498854398,-0.0590836370063014,-0.035298753529787,0.0053105394855403,-0.0378621633758535,732
1726744787086251800,0.0221459452313371,0.0087315879881381,0.0310357011895626,-0.2460035447276197,-9.791440740430357,-0.4874309771787375,-0.0095485560595989,0.1008778512477874,-0.0007957016350701,0.4898625016672832,-0.5018829349458727,0.5224610829951841,-0.4849565229545972,-0.548878014087677,-0.2165504992008209,-0.1398226916790008,0.3282867094051093,-0.3443091119885444,0.4452791309520602,0.0231581144034862,0.0317708291113376,-0.1064673468713182,-0.0265516005456447,-0.0552217967792646,-0.045080803217506,733
1726744787126021400,0.0813602776789106,0.0296001884937286,0.0104489133000373,-0.2422206286554224,-9.7913589073658,-0.4909355147009715,0.0025301747955381,0.1010810881853103,-0.0110869258642196,0.4885214469791797,-0.5008245942543319,0.5236463222400948,-0.4861235785908863,-0.5705087780952454,-0.3272079229354858,-0.1720382869243621,0.4450357506502419,0.2079559372156858,0.675577832879126,0.0149198928847908,0.0312137268483638,-0.0645580635291291,-0.020036419853568,-0.0038914002524834,-0.0645228460852755,734
1726744787165792300,0.042302177950181,0.0105786771595478,-0.0323345818936824,-0.237728577933181,-9.791491009312868,-0.4904988768493756,0.0031697084195911,-0.0331981591880321,-0.0099109504371881,0.4880872667938871,-0.5005743981481998,0.5238642520151044,-0.4865823891670573,-1.0605864524841309,-0.4678298532962799,-0.1719099730253219,0.1804584200896322,0.2282242337405681,0.2584326172605157,0.0405546315014362,0.0424298420548439,-0.0927572946171741,-0.0352603569626808,-0.0235305999561911,-0.0450738391871796,735
1726744787205563100,-0.0015570749825797,0.0032744916260242,-0.0005388561170548,-0.2366662459312938,-9.791816588005425,-0.4844357774181291,0.0200830195099115,-0.1003251746296882,-0.0013918381882831,0.4889449620088907,-0.5012362279686521,0.5229355548701164,-0.4860384605372633,-0.7361088991165161,-0.3758354783058166,-0.248994842171669,-0.002524111650139,-0.0220633632481098,-0.1080558855712413,0.0562429465353488,0.0552464164793491,-0.0326545642458018,-0.0898577719926834,0.040177678343188,-0.0209225021003163,736
1726744787245334000,0.046420810516458,-0.0168283852040767,-0.0782043161323294,-0.2375082497133873,-9.79221523193419,-0.4759035479269921,0.0144394431263208,-0.096958965063095,-0.0017931276233866,0.4901999792096864,-0.5020927578342959,0.5216964543049417,-0.485221179336372,-1.0089136362075806,-0.3554738759994507,-0.169510543346405,0.1083402554705739,0.9571879121094942,0.2680205298170447,0.0794744044542312,0.0582460202276706,-0.0958301444575656,-0.1164347752928733,-0.0193206449778052,0.0160257339015486,737
1726744787285103600,0.0659347084774635,-0.022432196560502,-0.0894961465299129,-0.2374191649241372,-9.792148596438764,-0.477331023446843,-0.0216376595199108,-0.0247769318521022,-0.0024088942445814,0.4907866237972727,-0.5028033949995077,0.5210814289047186,-0.4845527883935042,1.0088335275650024,0.1750398576259613,-0.0091443015262484,-2.259364589034766,2.230239762967825,-0.4058990144610405,0.0760499835014343,0.0422106459736824,0.0283631803449476,-0.1350172013044357,0.0745249563327292,0.1163776871820911,738
1726744787324874500,0.0548790979885496,0.0125824181973934,0.0235012870967388,-0.2339955288846976,-9.791699099105596,-0.4881262294339016,-0.0202905684709548,0.0483954735100269,-0.0113703748211264,0.4902726885274545,-0.5030013744420482,0.5214183818361646,-0.4845051176448596,-1.1292506456375122,0.0059749349020421,0.4027375876903534,0.1364348617069423,1.0061714309871197,-0.2026836959011852,0.0854421779513359,0.0480668023228645,-0.0940799123899079,-0.1331795156002044,-0.0114177446324611,0.1161414490071125,739
1726744787364645000,0.0431845685415901,-0.0234966109216213,0.0433002490768209,-0.2275381694388575,-9.791532510367036,-0.4944576974777504,-0.011373559013009,0.0288323443382978,-0.0128472531214356,0.4895030676289592,-0.5028505745292247,0.5218731897533249,-0.4849498466088539,-0.7392791509628296,-0.2159337699413299,0.1438077539205551,0.0157096103072166,-1.8096628193348645,0.6060321490965783,0.0776015818119049,0.0637172609567642,-0.0543085315589793,-0.1616627424955368,-0.0083692277990165,0.1344434504277072,740
1726744787404416000,0.0224266253362409,0.0471446130126714,0.0772854842543602,-0.2215941663426347,-9.791396316766738,-0.4998625887285918,-0.0073565570637583,-0.0605444014072418,-0.0126865915954113,0.4893110584425774,-0.5032451191994042,0.5217568871238082,-0.4848596587895067,-1.3696153163909912,-0.3046939373016357,-0.0090145394206047,-0.0021570319034159,-0.1384574535757303,0.1912560006968676,0.1206240579485893,0.0129800997674465,0.1507582874859217,-0.0870093554258346,0.1430949406506493,0.2499034017103724,741
1726744787444185900,0.0510888205938041,-0.0073719900727272,0.0493896885257214,-0.2213761944767087,-9.791647661179304,-0.495010691718012,0.0146182868629693,-0.1822285205125808,-0.0053991442546248,0.4906544586870101,-0.5044463402130972,0.5203579641892389,-0.4837559339319212,-2.6234538555145264,-0.4248351752758026,-0.0102274101227521,0.1616759782083332,0.3076800477713346,0.3163736053040251,0.1540862917900085,-0.0212603602558374,-0.0338014304426964,-0.1032487079501152,0.0204110545799951,-0.0001041847477928,742
1726744787483956500,0.0899637457753531,-0.0475748211234807,-0.0085351886332035,-0.2222432231022044,-9.791696176496147,-0.4936480250626802,-0.0225751176476478,-0.1584131419658661,-0.0095401182770729,0.49251192423183,-0.50632645993543,0.5184617249501163,-0.4819367537809835,-2.1376965045928955,-0.4410726130008697,0.0882162749767303,-0.1275175418883562,0.3442401384055614,1.0808441023945807,0.1351144164800644,-0.0322816297411918,-0.0224649023868609,-0.1393050998449325,0.0791939116915688,-0.0846425781520549,743
1726744787523727400,0.0048491935968399,0.0668014996409416,0.0835702636122703,-0.217783394149132,-9.79145009278059,-0.5004603354260325,-0.0119644924998283,-0.0290142223238945,-0.0211605057120323,0.4931352366464321,-0.507594292891874,0.5175561891170242,-0.4809378953231881,-2.7109413146972656,-0.4674510955810547,0.0024901167489588,0.1480805835761129,-0.5610159264147281,0.7698141596734523,0.1047767102718353,-0.0569288991391658,-0.034424724856636,-0.0925327688455581,0.0554056152138393,0.0154661683566053,744
1726744787563498200,-0.1159249749785289,0.0534194554984569,0.0864016145806759,-0.2096863594711758,-9.791536602020264,-0.502244332765974,-0.0088992416858673,0.0347993038594722,-0.0115474369376897,0.492751747996999,-0.5077043170482265,0.5175361437880999,-0.4812364242724382,-3.340975522994995,-0.6519277095794678,0.0197128467261791,-0.2715361367225646,0.4913508540362119,0.5689315218448638,0.0727871283888816,-0.049095045775175,-0.1012765184962656,-0.0474138185381889,0.0119809702890808,-0.0074200441652676,745
1726744787603269000,-0.047265079320874,-0.0667068070948123,0.0645054976582527,-0.2068193709338083,-9.791119253391027,-0.511472800892964,-0.0361281409859657,-0.0226321127265691,-0.0032071699388325,0.4923439377540383,-0.5079067767023748,0.5177920066637078,-0.4811648780585851,-1.6600359678268433,-0.1659299880266189,0.0482612028717994,1.038882737238705,-0.9220482096672058,0.1697095009297132,0.0682341679930687,-0.0630790442228317,-0.0373218231211882,0.0100393760949373,0.0277360911053023,-0.0638312242590356,746
1726744787643038700,-0.0343785453440621,0.002564297530055,0.2022762476114556,-0.2077351706044748,-9.790507843494415,-0.5226506495220586,-0.027735723182559,-0.0376232527196407,-0.0046270466409623,0.492439138652642,-0.5085544205566079,0.51770664388616,-0.4804745724094554,-1.9266549348831177,-0.1464544385671615,0.0457059629261493,0.8418032180201261,0.0419242480158805,-0.8647194717705249,0.0589300729334354,-0.0394055023789405,-0.151868979541026,0.0506527386605739,-0.0587236171880271,-0.086150900355773,747
1726744787682809600,0.0072440345778129,-0.0378320102661848,0.1646714336972683,-0.2074591484083794,-9.79006769851148,-0.5309851644840091,-0.0224383417516946,-0.0562775507569313,-0.0050579458475112,0.4926235388433101,-0.5092108040916254,0.5174718021146338,-0.4798431530999962,-0.596903920173645,0.136975347995758,0.017867874354124,0.405740462898463,-0.8702969796419143,0.0263286194771528,0.0353465005755424,-0.0384003818035125,-0.0664360684286104,0.0455094501376152,0.037457893423899,-0.1575310604233294,748
1726744787722559500,-0.0114784390108659,0.0390986692011356,0.1525940424125641,-0.2056459067076444,-9.789785374438765,-0.5368634819328785,-0.0152218881994485,-0.0567740872502327,-0.0166548248380422,0.4930333578692792,-0.5100616606389952,0.5169231307346196,-0.4791093757718621,-1.70721173286438,0.0413991324603557,0.0018377754604443,-0.1266550798401236,1.1812170322477815,-0.241191851863265,-0.0104702766984701,-0.035198625177145,-0.165211294461321,0.0411308109760284,-0.0269049900264246,-0.0875132473506964,749
1726744787762329300,-0.1157968368205241,0.0270189398288726,0.1381927016923204,-0.1988911534841172,-9.789974175009132,-0.5359288679638877,0.0045055788941681,-0.0254953745752573,-0.0182465557008981,0.4932454461647408,-0.5105971371181914,0.516348071399386,-0.4789406174017247,-1.379860520362854,-0.0190892461687326,0.0437647178769111,0.0652422144349664,-0.9902893867224454,0.2041144593566656,-0.0321656428277492,0.0098362155258655,-0.0972126300582196,0.0292588025331497,0.0362862786615267,-0.0854453459023032,750
1726744787802098000,-0.1768126109331846,-0.065140872952342,-0.0638157618284225,-0.1972812888683751,-9.789991710665822,-0.5362311023134738,-0.0268448181450366,-0.0688552409410476,0.0067380908876657,0.4936109409344431,-0.5110920735529121,0.5158731132320059,-0.4785479540179827,-0.348480224609375,-0.0309811122715473,0.2814140915870666,-0.2499503278583288,-1.07609018586576,0.8798001365244388,-0.033212836831808,0.0034668715670704,-0.1052924304735846,0.0320741049945354,0.0050483762806165,-0.0626842187815345,751
1726744787841867000,-0.0839663137251511,-0.0588344662845134,-0.085310969799757,-0.203637051103264,-9.788516961938145,-0.5602255066893994,-0.0991156622767448,0.0010117364581674,0.0150712020695209,0.4936231314636878,-0.5120521362876699,0.5161067353013866,-0.477255352620503,0.0354458503425121,-0.0445673875510692,0.1513381153345108,-1.6536863679423928,-1.4011200123667715,-0.2998544687122106,-0.0489916540682315,0.0174545478075742,-0.0338014304426964,0.0619156509637832,0.0204110545799951,-0.0001041847477928,752
1726744787881636900,0.0053274421004578,-0.0289157133609056,0.1108382462987676,-0.2076373362531885,-9.786412683135271,-0.594466945117712,-0.0670890808105468,0.1379871368408203,0.0031340587884187,0.492076098396801,-0.511997219909298,0.5178496175245823,-0.4770238042681432,-1.1201388835906982,-0.0089160231873393,0.0772831961512565,-0.0507390573080629,0.8827145626664161,-0.6890922712296247,-0.0921581536531448,0.0544331818819046,-0.1945854373805224,0.1024200096726417,-0.1068143702107015,-0.0504608203219948,753
1726744787921406700,0.1930173478135839,0.0239180512040853,-0.0220749806206673,-0.2043897143677808,-9.784628722327946,-0.6242099761482328,-0.0852200016379356,0.1141702905297279,-0.010329645127058,0.489888414388804,-0.5113829107834732,0.5199166957709519,-0.47768547827056,-0.5967222452163696,0.0265512634068727,0.0535465776920318,0.4744375670276582,0.077233461806178,1.7164911991626024,-0.1052689030766487,0.0953647345304489,-0.0798544031606055,0.1074926778674125,0.0114002500749658,-0.0288188311409787,754
1726744787961175600,0.1617154517021961,0.0679547613292932,0.1214179829042404,-0.1959824264305643,-9.782878079268336,-0.653679012542963,-0.0544111914932727,0.0344841070473194,-0.0237998198717832,0.4882028086957251,-0.5115693442118668,0.5211767061081424,-0.4778386578620009,-0.9234894514083862,-0.2415955513715744,0.0314104482531547,-0.948414384675771,0.7535130132138729,0.9081079471200704,-0.0825215131044387,0.0811218917369842,-0.020898543552705,0.0864408388733863,0.0553419068944407,0.0161508204442972,755
1726744788000945400,-0.0561657585319131,0.0165016374677419,0.1355097096860408,-0.1857982650139369,-9.782450209245086,-0.6629825552001595,-0.0084562469273805,-0.0818210542201995,-0.0230568926781415,0.4879013947979781,-0.5122806386233164,0.5209330584325966,-0.4776500848178012,-0.4983432292938232,-0.2519690990447998,-0.1558881402015686,0.7222139849130064,-1.1745482220083474,0.6705822165489196,-0.0749605819582939,0.0644719302654266,-0.0779763982611242,0.0448093973100185,-0.0299490430305944,0.0641893900469411,756
1726744788040715300,-0.1630277764097787,0.0459895977586507,-0.0435269339721649,-0.1800914499407634,-9.78245956159532,-0.6644091539371758,-0.0089917620643973,-0.1425116658210754,-0.0117100859060883,0.4889294726131946,-0.5137816245686934,0.5195227441933526,-0.4765212718273325,-1.1668797731399536,-0.3554905951023102,-0.0798552930355072,0.132369146637991,-0.5849076741337775,0.3443085274666547,-0.0660924986004829,0.0484960302710533,0.0797827352970372,-0.0056507303379476,0.1188590465358924,0.0423561183608137,757
1726744788080485000,-0.1548700245205312,-0.0151356098115444,-0.1577718103766441,-0.1812157595292665,-9.78208722115159,-0.6695742816153913,-0.0370753034949302,-0.0207861680537462,0.0028455001302063,0.4896907064280496,-0.5148293936871974,0.5187383573314772,-0.4754622084771803,-1.2496732473373413,-0.2813146412372589,0.0417395867407321,0.2464714727666228,-0.1320855804562568,0.0934025063186883,-0.0430077463388443,-0.0280524659901857,0.0846058172050863,-0.03745873644948,0.1225519919028505,0.0813722603776492,758
1726744788120254000,-0.0278024548893794,-0.0228904617220163,-0.189033210080862,-0.1813906411721371,-9.780467510995267,-0.6927817003320902,-0.0785752683877945,0.1616357117891311,-0.0021802056580781,0.4884115231621695,-0.5146700751775846,0.5200353368071226,-0.4755335770881662,-1.4089810848236084,-0.4390017390251159,0.1252267658710479,-0.9320961409509182,0.3380909681260585,0.4425725023418664,-0.0260927453637123,-0.0299080945551395,-0.0944196109393611,0.0107044465839862,-0.0344240170371602,0.1207117160647176,759
1726744788160023800,0.016880827777367,0.0082885203957557,-0.0858533330481499,-0.1741499858614988,-9.778127085348965,-0.7268281276449561,-0.0777918845415115,0.2459369599819183,-0.0104994606226682,0.4852642401572458,-0.5134372372747472,0.5229150268631254,-0.4769283704767351,0.1085075363516807,-0.2145914286375045,0.0767787992954254,0.608590747538209,-1.5689052672356367,-0.1782774227887392,-0.0266736652702093,-0.0122019927948713,-0.0501168657225323,0.0776464417576789,-0.033316112877475,0.0493106593396049,760
1726744788199793700,0.0519496204079128,0.0371878671437501,-0.0408778077028691,-0.1658240743311122,-9.775900641471146,-0.758037212640047,-0.0656417831778526,0.1404001861810684,-0.0053952410817146,0.4822398497835086,-0.5122345876090313,0.5256090448761628,-0.4783256701688714,1.5940645933151243,0.1735815703868866,-0.1233034953474998,0.9445023257985712,-3.145110628351569,0.8886205718398094,-0.0303294342011213,-0.0192638039588928,-0.01662708362845,0.1063795387744903,-0.0362298859989037,0.0572000197833636,761
1726744788239563500,0.1726919873392209,0.0446066189676523,-0.0989385862011462,-0.1623669013482518,-9.774493697282672,-0.7767411824576557,-0.0253934748470783,-0.0600191056728363,-0.0063762106001377,0.4813292543364078,-0.5124190029332942,0.5263359616264498,-0.478246292130231,0.3826078176498413,0.0673538222908973,-0.0334272682666778,-1.3730524402678013,1.4069833514422176,-0.3435188383936882,-0.0161151699721813,-0.0235024560242891,0.0745358019537292,0.1427268385887146,-0.0293508282589842,-0.0017344397018372,762
1726744788279900400,0.1977165932794101,0.0246212310373783,-0.1941582249443978,-0.1615041105064563,-9.77366016906798,-0.7873154757030307,-0.0387191958725452,-0.0798803493380546,-0.0126331010833382,0.4818649237369393,-0.5136214560581738,0.5256756759910163,-0.4771417713066833,0.4516787528991699,0.3216125965118408,0.1095874086022377,1.7415755176670848,0.2171691712409257,-1.1581827781409024,0.0158582590520381,-0.1330990642309188,0.142782568499539,0.174955740571022,0.2102368329607881,0.145804848063318,763
1726744788319102200,0.1531969767417758,0.0751946494549512,-0.2307388469099998,-0.1555911236030049,-9.772460145628452,-0.8032569220047444,-0.0386124886572361,0.0074243210256099,-0.0161944031715393,0.4816638870973506,-0.5145729020861143,0.5255182536366922,-0.4764926881113578,-0.0234872438013553,0.0700348764657974,0.0920275226235389,-0.0365311568006873,0.4391308374553918,1.2953349943369623,0.0246376153081655,-0.1698046922683715,-0.0104171584633935,0.1764776855707168,0.0999917028501164,0.0811499502633232,764
1726744788358872000,0.0197600821412634,0.0523246459990739,-0.1417711081683635,-0.1432112239740788,-9.77128701019585,-0.8196507151838391,-0.0403613857924938,0.0866653472185134,-0.0222858525812625,0.4804260481979607,-0.5147533835433913,0.526136399299247,-0.4768650361392837,0.7176933884620667,0.0574755147099494,0.1410172283649444,-0.0018459201276302,-0.8006032656908035,0.5171341145902871,-0.0275552310049533,-0.1216807961463928,-0.0935843839579261,0.1819301694631576,0.0028398887554212,0.1076785766914486,765
1726744788398642200,-0.170229981139861,0.086241528648138,0.0120388859052211,-0.134133178902138,-9.77018869356513,-0.8341472233742475,-0.0137583836913108,0.0486732274293899,-0.0001946020347531,0.4790674829846491,-0.5145205666872439,0.5270657053462772,-0.4774564280284125,0.6107267141342163,-0.1265913546085357,0.351396769285202,-0.6966678210504352,0.4976163441717624,-0.3538970245450735,-0.0533456988632679,-0.1329997330904007,-0.0157077106110751,0.1629888862371444,0.1225446762460749,0.0538115829214686,766
1726744788438410800,-0.0968988514013122,-0.0251975696206092,0.0295102451879531,-0.1366858225270174,-9.770078803449868,-0.8350088817048817,0.0067043071612715,-0.0463176108896732,0.0156233245506882,0.479118220645801,-0.5144850850457641,0.5271420135669574,-0.4773594283351172,1.172085881233215,0.0498354956507682,0.45428067445755,0.8448482848044484,0.5953928277909756,0.653328299409151,-0.054837167263031,-0.1370548903942108,-0.0636586167716421,0.0963502079248428,0.1780140043458901,0.0685930866322945,767
1726744788478180600,0.1289246778730768,0.019976035580039,-0.0163865597207099,-0.144486997797247,-9.769914552798866,-0.8356498099569231,-2.0207837224e-05,-0.0510349310934543,0.0043685790151357,0.4798482978024489,-0.5149051266755297,0.5267627475842989,-0.4765915281184457,-0.1790206432342529,0.1184763461351394,0.4560900926589966,0.1352194945678115,3.239442524474859,-2.254286408987641,-0.0327929817140102,-0.1059935241937637,-0.1643878675155341,0.1192687153816223,0.0971241389240138,0.1756772867603227,768
1726744788517950500,0.0998124829588457,0.0073322425842285,0.0080161331951618,-0.1441053780685179,-9.770288062286376,-0.8313216445595025,0.0082860849797725,0.0438872314989566,-0.0112712839618325,0.4800406118715364,-0.5149059555086873,0.5265524347739027,-0.4766292189454101,-0.0059002605266869,0.0869046226143837,0.1714791357517242,0.3913272125447168,-0.158650346776843,-0.8576111010700463,-0.0214719027280807,-0.0603180080652236,-0.1026309561793692,0.0777675360441207,0.108091450074967,-0.1056762330262456,769
1726744788557720300,-0.0243538853380829,-0.050105216383934,-0.0234008223969489,-0.1353092552104964,-9.770312612205744,-0.8325267095003277,-0.0021689250133931,0.083888329565525,-0.0033415141515433,0.4790489525875251,-0.5143497308930693,0.5271540590415342,-0.4775617311696467,0.0560400746762752,0.1680990308523178,0.1184703856706619,0.3615390637308359,0.6564882247447967,-0.293078106445074,-0.0562617443501949,0.0513823553919792,-0.2439948535200208,0.0573805086314678,-0.0536143844155129,-0.0070758110045921,770
1726744788597489400,0.0148044142289552,0.0202449156492948,-0.1025133759479969,-0.1363102763460483,-9.770331316906214,-0.8321232432659715,-0.0057631009258329,-0.016453331336379,0.0138729736208915,0.4786938034301479,-0.5138821591970095,0.5275903747358717,-0.4779390540618309,0.191897764801979,0.065098762512207,-0.0278520751744508,0.3026496341223828,-0.4543886123418807,0.4965390703290701,-0.0709713697433471,0.0981289967894554,-0.085740200663032,0.0790794715285301,0.1094513402513228,-0.0373719481565174,771
1726744788637259000,0.1765778523292392,-0.0324959099352359,-0.1477366655092686,-0.1399168768701143,-9.7699636526376,-0.8358311578731984,-0.0072762002237141,-0.0762603729963302,-0.0131952064111828,0.479281137440032,-0.5145347413197257,0.5271333118610962,-0.4771519943390866,9.7710872069e-05,-0.0366142317652702,0.0037906048819422,-0.2048868502349592,-0.5992980185359716,0.2248591412216425,-0.1030344441533088,0.0736723095178604,-0.0141214255170314,0.0551818683743476,0.0755618250997969,0.0181005982386239,772
1726744788677028900,0.2368637229984626,-0.0762105484992265,-0.1782055996615439,-0.1307707623974885,-9.76949603512585,-0.8427716246608644,-0.036283690482378,0.0260316096246242,-0.0387559160590171,0.4791482800758198,-0.5152534275559065,0.5267668380723206,-0.4769147720686348,0.2731188833713531,-0.0713560208678245,-0.0796594098210334,-0.1655733509730547,-1.402547999343276,0.6527770952671766,-0.0911004096269607,0.0858808308839798,-0.0392677330245729,0.0777565762400627,0.0748435070628766,0.1129544073356781,773
1726744788716798700,0.0435360579935368,0.0412368502736091,-0.133019646435976,-0.1117707961748354,-9.767980369865894,-0.8628185335200279,-0.0427727401256561,0.0447010733187198,-0.0369718335568904,0.4776921310718754,-0.515745233755982,0.5272554930616837,-0.4773036361737435,0.1264178305864334,-0.0775037109851837,-0.0010259882546961,-0.2638167579842731,-0.4751578441262244,0.1285650051146745,-0.0773295387625694,0.0601893588900566,0.0481990083032753,0.083018884062767,0.1209270849816035,0.1306898791810032,774
1726744788756568600,-0.0995460871076211,0.0275952784121036,-0.1366225662987679,-0.1030632831820286,-9.766608496990798,-0.8792673448219895,-0.0446281246840953,-0.0880642607808113,0.0024364166893064,0.4772249229706045,-0.516581345402252,0.5272322766239311,-0.4768922060737255,0.3786844313144684,-0.1228090897202491,0.0297907814383506,-0.1038668729161843,-0.5680968245863914,-0.5187298593491315,-0.0539440177381038,0.034796979278326,0.0538012076579267,0.0776292979717254,0.0808768324103672,0.1502430771059356,775
1726744788796324000,0.086522418815596,-0.0481745405822992,-0.084846932484582,-0.109566472797282,-9.764312495008111,-0.9036595163438468,-0.0636619552969932,-0.0955630168318748,0.0088912565261125,0.4778095996839117,-0.518189613765091,0.526833310629723,-0.4749992498098341,0.2876304388046264,-0.1080220937728881,-0.0485307872295379,0.3703036041405051,0.1220920097082853,0.0460889664798975,-0.0081492336466908,0.0052056051790714,0.0663725245059933,0.0873352065682411,0.1564357942662201,0.3107876218652352,776
1726744788836093200,0.2563896036582067,0.0799327838927507,0.0961762088157236,-0.1104931591881439,-9.762681678935884,-0.9209788999352604,-0.0165775157511234,0.0071367472410202,-0.0176570750772953,0.4776783611316699,-0.5189283605602638,0.5269442224594023,-0.4742008493980424,0.402838796377182,-0.1078493148088455,-0.0362940281629562,0.0306965140967629,-0.0950818377077579,0.1660667605131864,0.0246024187654256,-0.0128810936585068,0.0385609684281283,0.0938279703259468,0.1771755807603709,0.1923768762192688,777
1726744788875856600,0.1528795539562124,-0.0559212091863155,-0.0414065077520906,-0.0999076686953194,-9.762252055346964,-0.9267484232474118,-0.0200880840420722,-0.064974620938301,-0.0395891070365905,0.4774274326849333,-0.5195322375668144,0.5266282114101009,-0.4741435925832746,0.5642977356910706,-0.0779065415263176,0.0029124275315552,-0.3092414518691599,-0.4646399572432041,-0.5624661252230405,-0.0284168254584074,-0.0051784142851829,-0.1631973790893331,0.0766283646225929,-0.0538720855036284,0.1381067678413819,778
1726744788915625700,-0.1656408632513135,-0.0687234076142311,-0.0151682699721306,-0.0858999486688524,-9.761119836446642,-0.9399685548264533,-0.0522245056927204,-0.0974268466234207,-0.0360186211764812,0.477696147486035,-0.5213004355545058,0.5255196601539949,-0.4731610061461931,0.6025763750076294,-0.0794464349746704,-0.0335127599537372,0.026863804066088,0.0741132839590311,0.1026198319971561,-0.0708320662379264,0.0114360926672816,0.0275840628983452,0.0577904433012008,0.1182681588375009,0.1358406221408397,779
1726744788955394000,-0.2622886351015419,0.1418535257548093,0.1174152500689029,-0.0745455104969907,-9.759511816728114,-0.957481049837172,-0.0315611511468887,0.0169412679970264,-0.0156240975484251,0.4773460476089664,-0.5224711889264728,0.5252064402316617,-0.4725704695088025,0.3004668653011322,-0.0841635912656784,-0.058310117572546,0.2075188975052908,0.3445423362225294,-0.1664683270514011,-0.0693244636058807,-0.0198365356773138,-0.0120233663923922,0.0417994484305381,0.1701053683795035,0.2533653056672774,780
1726744788995163400,-0.1791662248546257,0.0368295552253723,0.089001641011238,-0.0713270370742538,-9.758485396289824,-0.9681217593822627,-0.0272407494485378,0.106357529759407,0.0096659557893872,0.47636533612089,-0.5221307578497184,0.5260607812659456,-0.4729858380395754,0.1653772145509719,-0.0129463449120521,-0.0297334659844636,0.2412555464829318,0.2812567357480526,-0.4858972648054361,0.0035644932650029,-0.0183957293629646,0.0142417536862718,-0.0280977934598922,0.1500867722993716,0.1344782751459162,781
1726744789034932700,-0.0352300750063266,0.0395201094835996,0.1007281730316579,-0.0772971290263812,-9.757735454705356,-0.975210621664673,-0.0053244032897055,0.0762374922633171,0.0246882941573858,0.4753553831878149,-0.5210680886039647,0.5274561117467845,-0.4736195726792282,0.0227068830281496,0.0081270895898342,-0.018495725467801,0.2711433197463862,-0.3332265769600868,-0.0019335984110832,0.0588043555617332,0.0072317980229854,-0.0497129473970271,-0.0620346665382385,0.1343316423499956,0.1908894689394161,782
1726744789074702000,0.0839680672908201,0.0463145919293165,0.1563980378054082,-0.0859131369439885,-9.758095520189404,-0.9708755881350488,0.0329263769090175,0.001456914586015,0.0240776911377906,0.4754076886073275,-0.520426009547248,0.5278803349588082,-0.4738003377852137,-0.0577173829078674,0.0748515278100967,0.0064268014393746,0.0445080356976948,0.1544640010029077,0.2602572023391723,0.0852361172437667,0.0033290460705757,-0.0730691634672693,-0.0705174729228019,0.0952545639261603,0.112850225441996,783
1726744789114470100,0.1044039663344156,0.0808913997918367,0.0660169251345098,-0.0963234717993065,-9.760350605639816,-0.94693349846825,0.0764281600713729,-0.0943640545010566,0.0129266884177923,0.4768083364851497,-0.5201282592861838,0.5270168542091651,-0.4736810485842144,-0.1637647300958633,0.0695168897509574,0.0394557267427444,-0.1903719296050257,0.3280857069402933,0.1078881277889013,0.1158909797668457,0.0288376100361347,-0.1032224283996503,-0.0406989306211471,0.0590883862466551,0.1693655828628689,784
1726744789154239500,-0.0225438311082776,0.0547509963631629,-0.0753426065582782,-0.1028524169103242,-9.763388950422408,-0.9143611622959374,0.0792859643697738,-0.052695769816637,0.0102467918768525,0.4786502188864122,-0.520061714734005,0.5255047636351642,-0.4735764036087245,-0.3732668161392212,0.036894716322422,0.0896014496684074,-0.3725815224772319,0.6029080257266759,-0.530394578179717,0.1611169129610061,0.0094636911526322,-0.0083353512164118,-0.0419633015990257,0.06726648223761,0.0369761035396135,785
1726744789194008800,-0.0092715766163542,-0.0516167899906635,-0.2012708334285765,-0.1059491134171839,-9.76565864892006,-0.889438025702536,0.0397220812737941,0.0329964011907577,0.0118243042379617,0.4794519263199999,-0.5194371595619189,0.5249130944774464,-0.474106806796656,-0.2562658786773681,0.0492281839251518,0.0621789433062076,0.2834707585357129,0.0101829558402299,-0.1200175415217876,0.1263922601938247,0.0109805772081017,-0.0188447859357402,-0.0582227930426597,-0.0178868675813311,-0.0312379252137965,786
1726744789233778000,-0.0128502479538787,0.0119599023848772,-0.1291793376207351,-0.1091041159825399,-9.766236741068958,-0.8826699928723275,0.0082931164652109,0.1087390184402465,0.0205459501594305,0.479038293414236,-0.5184445573160096,0.5255653030981957,-0.4748880872211593,-0.2792899906635284,0.0328723303973674,0.0192352086305618,0.4008899541273713,-0.0291769946455955,-0.0565869796186685,0.0885415449738502,-0.0331383943557739,0.0375817275828332,-0.0542329102754592,0.0618950868309941,-0.066921043500537,787
1726744789273546200,0.0401360585580114,-0.041830139991641,0.0026631547946482,-0.1116627783562522,-9.766015791794658,-0.884776975088939,-0.0041213352233171,0.1506674438714981,0.0115403551608324,0.4777856042276049,-0.5170335088713426,0.5270554276479561,-0.4760354490569669,-0.1092860400676727,0.0204986967146396,-0.0194284971803426,0.2546083462646231,-0.6876970174789429,0.2057195564657449,0.0433644130825996,-0.0736531317234039,0.0399751780410297,-0.099013440310955,0.0116725893264985,-0.1188800619244575,788
1726744789313315600,0.1062945110550615,-0.011074351722002,0.0967642378367483,-0.1083896841028705,-9.765946233689784,-0.8859526678048074,0.0169794857501983,0.1286688596010208,-0.0033634370192885,0.4762622817738443,-0.5155871708618895,0.5285270910215937,-0.4774967193523139,0.0471437834203243,0.0644319131970405,-0.0230302903801202,0.4181189194889739,-0.3335182533830404,0.3001835545361042,0.0192022081464529,-0.0352470614016056,-0.0882458633410278,-0.11867006868124,-0.0023403731306665,0.0017274711049336,789
1726744789353085000,0.0139207906616851,0.053501288563013,0.0832639741420745,-0.1050499908866826,-9.767226336628198,-0.8721534211635589,0.0514040812849998,0.0214512385427951,0.0041404198855161,0.4757663000265545,-0.5144807193715463,0.5289395400200841,-0.4787264904357883,-0.2177046537399292,0.0448549054563045,0.0152689628303051,0.0952783283942379,0.1586123528540134,-0.0144078800588846,0.0550662092864513,-0.0287040583789348,-0.0495571175144985,-0.067492201924324,0.1255830118955113,0.1869968636813573,790
1726744789392854300,-0.0448678545865695,0.0604828180134296,-0.0486860703010112,-0.1128502071756869,-9.768971718990802,-0.8513838971182703,0.0473213158547878,-0.0796827226877212,0.0302472319453954,0.4768758962267328,-0.5141736405133674,0.5282366553786341,-0.4787284870939533,-0.2467818409204483,0.1272668987512588,-0.0463469326496124,-0.0226180379888042,-0.2746691740512847,-0.1991185507655143,0.1150320321321487,-0.0630515292286872,-0.0198993741642334,-0.036175612360239,0.1474915681743994,0.1389443694429937,791
1726744789432622300,0.0354323287133127,-0.0643926849335432,0.014708835766837,-0.1259632616510614,-9.770389769095182,-0.8330773291204124,0.0426079556345939,-0.0074793542735278,0.0243123564869165,0.4782134279850367,-0.5139618242118977,0.527558876206725,-0.4783689915871294,-0.456852525472641,0.1387095004320144,-0.0795042812824249,-0.3530905670003965,0.0791010092437267,-0.2477449267685413,0.1535282582044601,-0.0009316295618191,-0.1573352821229025,-0.0032650115899741,-0.0042911607093905,0.0269076980067417,792
1726744789472391700,0.0091640245886519,-0.0051367783665657,-0.0060346039891242,-0.1317170850705821,-9.77173533848524,-0.8162245401274413,0.0490866228938102,0.0647760331630706,0.0111464690417051,0.478435728183387,-0.512995624506436,0.527684903671749,-0.4790442585021304,-0.647354006767273,0.1108935251832008,-0.0482607446610927,-0.6685963034287095,0.7211743396669625,-0.2112356895387172,0.1255611777305603,0.0071984692476689,-0.0120115686400327,0.0182756371796131,0.0833401629171334,-0.022858347267413,793
1726744789512161000,-0.0702740711223334,-0.0046253217130899,-0.1625789183974266,-0.1350284289751201,-9.772845345553757,-0.8022845698412507,0.0177703686058521,0.0284583438187837,0.0177562721073627,0.4784185547186745,-0.5120541698800447,0.5279258056595288,-0.4798026881509556,-0.3193271458148956,0.114765278995037,0.0299007017165422,-0.330314781166613,0.0545171876072883,0.2926344543308019,0.0894218310713768,-0.0431502163410186,0.0263212261885637,0.0250678304582834,0.0609884933800902,-0.112457225802727,794
1726744789551930000,-0.0105980577134527,-0.0080260700672864,-0.0425181222558021,-0.1397877066656481,-9.772737209004164,-0.8027846283178776,-0.0101578496396541,0.1408878862857818,0.018952839076519,0.4778746761489096,-0.5112249489285452,0.5287529440139639,-0.4803178188276956,-0.1735952496528625,-0.0063627972267568,-0.0131674725562334,-0.3542374720131978,-0.0697737934499979,0.5507043757587671,0.0378841385245323,-0.0652706399559974,-0.0460330487413099,0.0019218786619603,-0.0321416440043132,-0.1652190211100503,795
1726744789591698700,0.019069076802954,0.0179553434073925,0.0665174220025539,-0.1417718753533438,-9.772082544487716,-0.8103657310966402,-0.0097119994461536,0.2031974792480468,0.0197447333484888,0.4758650910260021,-0.5093071170728973,0.5309646080140666,-0.481907986583399,0.0453725159168243,-0.1600315570831298,-0.0524540916085243,-0.3468629977224394,-0.3515338025450706,0.7885568540662526,-0.0035531907342374,-0.0413547120988369,-0.0906474354568868,-0.0244233198463916,-0.0157522689887206,-0.0860327812682837,796
1726744789631467800,-0.0315001403635367,0.0512830279916524,0.0670703066449612,-0.1480648014850914,-9.772191850081086,-0.8079255714029073,0.0326304659247398,0.0324200950562953,0.0368822179734706,0.4748624489207786,-0.5077305399909623,0.5323555557164953,-0.4830248320970806,-0.2165765464305877,-0.1272349506616592,0.0035186298191547,-0.1011997360661625,0.4399070825248956,-0.2351058099478483,0.0229609496891498,-0.0163834225386381,-0.0587638670000247,0.0012845036108046,0.0514476531019899,0.0940719300128519,797
1726744789671237000,0.0867026798864826,-0.0142459674954414,-0.0089442808907479,-0.1669086364311166,-9.773099612575768,-0.7931130560658871,0.0356421843171119,-0.0873697698116302,0.0441641956567764,0.4760900762542585,-0.507273344478783,0.5320820109758617,-0.4825977855365578,-0.2728826701641083,-0.0845255628228187,-0.0169018227607011,-0.2050995248712599,-0.296882759425044,-0.3480751865237951,0.0827205926179885,-0.0194398667663335,-0.058735814515897,0.0315029732882976,0.0919512023986782,0.0972868369387462,798
1726744789711006500,0.2125799254882149,-0.0526449639946222,-0.055960883609578,-0.1831017011400312,-9.774205527991056,-0.7757244796957821,0.0478354841470718,-0.084114097058773,0.022562826052308,0.4778309263877201,-0.5073899663912081,0.5311368595844128,-0.4817951588001163,-0.2180934846401214,-0.0627287626266479,0.0004988046130165,-0.0799113392459228,0.1230547172605991,-0.0626560703992843,0.1236958503723144,-0.0342086218297481,-0.016203232193191,0.0580460578203201,0.1082870457123033,0.0622744415374007,799
1726744789750775600,0.1235616986683569,0.0219394446074962,-0.2076455560922622,-0.1904497988805174,-9.77516882006526,-0.7617068410634994,0.0093070147559046,-0.0397763550281524,0.0121907768771052,0.4789867986987484,-0.5075207146253,0.5303385377056637,-0.4813890620247039,0.0055313585326075,-0.0180009175091981,0.0508516579866409,-0.1213069602778181,0.2943324904203415,-0.1421019475579261,0.1284787654876709,-0.0726600214838981,-0.0001277728318236,0.0731016620993614,0.0492521934509044,0.0071074876386002,800
1726744789790544100,0.0184188509996049,-0.0234334825575351,-0.1299415541648864,-0.1943923807601444,-9.7745375364244,-0.7687813825596124,-0.0320459641516208,0.031859029084444,0.0167318936437368,0.4789661051670419,-0.5076597477827657,0.5305454945662759,-0.4810348992412225,-0.1252602189779281,-0.0520024523138999,0.0786114484071731,-0.0188392501024529,0.7135632801413536,-0.0621539660960435,0.1108108535408973,-0.0789350718259811,-0.0386245123507454,0.0713029503822326,0.0167181080713926,-0.0391203193439403,801
1726744789830313200,-0.011635821529664,-0.0255769243270158,0.1195324614185839,-0.1947142879245802,-9.773590610963106,-0.780631248698756,-0.011517166160047,0.0885374471545219,0.0054116300307214,0.4780149425892301,-0.5072221421267611,0.5315325162934561,-0.4813528407605492,-0.0547682009637355,-0.1176043674349784,-0.0093169407919049,0.2266440518770366,-0.1034147817671299,0.4925397715598344,0.0765906050801277,-0.0622809119522571,-0.0822559844096191,0.0312132220715284,-0.0020116446414438,-0.1165790823725517,802
1726744789870083000,-0.1277552048354409,0.0573182165026664,0.1514963103037327,-0.1945638283369131,-9.773588272875546,-0.7807230917006731,0.0227655861526727,-0.0049842661246657,0.0087893288582563,0.477483346511803,-0.5066480976035361,0.5320841139471735,-0.48187550648807,-0.1629482060670852,-0.0378637313842773,-0.0435845665633678,0.0471787344779819,-0.2198866135060787,-0.5266361024290322,0.0467140935361385,-0.0723083615303039,0.0050630583973397,0.0394186899065971,0.1164549628025386,0.0447682438367279,803
1726744789909852400,-0.1448728370433673,0.0350233825862407,0.0609481705028563,-0.2021366199450567,-9.774335876372456,-0.7693328789625317,0.025853082537651,-0.1141930595040321,0.0173010770231485,0.4786680505370451,-0.5069395951512646,0.5312601129968735,-0.4813022019358246,-0.1021751314401626,0.058198619633913,-0.0536887980997562,0.3308895488472655,-0.3590700432687997,-0.3073322572469711,0.0472739040851593,-0.140171080827713,0.1265911294921301,0.0161729399114847,0.2317586549444124,-0.0681443656172603,804
1726744789949621000,-0.0862447069859132,-0.0395107571333646,0.0425989324070513,-0.2113845782238058,-9.774919229218364,-0.7593635658729821,0.007794490084052,-0.0163100380450487,0.0125796850770711,0.4799281008813714,-0.5072983499724532,0.5304386390617772,-0.4805747826323103,-0.161902904510498,0.0809627920389175,0.0398394875228405,0.2127348055226728,0.283870717638731,-0.0795949302405119,0.0228695385158061,-0.1029027253389358,-0.1781659252382814,-0.0671221613883972,0.0452926193372812,-0.2267353468896821,805
1726744789989390000,-0.1689148616869933,0.0019026187509298,0.0865642577964812,-0.2141575318021699,-9.774733351257442,-0.7609804264850915,-0.0093321939930319,0.1275859624147415,0.0018880667630583,0.479320577301245,-0.5065629938548202,0.5312185412350061,-0.4810951159657893,-0.1379163563251495,0.0481920018792152,0.0827769041061401,0.0916651976646855,0.3740671213924884,0.2731500016599893,-0.0187748614698648,-0.0239287745207548,-0.2461365417238324,-0.1329344511032104,0.0226049045125953,-0.2255883322790265,806
1726744790029159400,-0.2350095647654496,0.0929956790834665,0.0992928795315325,-0.2110601503087207,-9.774846163982152,-0.7603910822898149,0.0146933626383543,0.1282506287097931,0.0031427526846528,0.4779488270002406,-0.5051859888845535,0.5325000198817279,-0.482489008857184,-0.1600344330072403,0.0610585324466228,0.1156362444162368,0.0771381116729229,0.3999100031793117,0.0867576614767313,-0.0748362615704536,0.0715356767177581,-0.2483741645827889,-0.1464764028787613,0.0640787601461634,-0.1775219099800102,807
1726744790068929000,-0.1009133568728342,-0.0045855742245912,0.0508627567529678,-0.2118294541807845,-9.77527929470241,-0.7546080419089645,0.0183015204966068,0.098067782819271,0.0078077255748212,0.4770329906460822,-0.5038275952301713,0.5335091923707441,-0.4836995668641228,-0.2201592922210693,0.0989063158631324,0.1172043159604072,-0.0994218031408265,0.2272778928011655,-0.3518775014162063,-0.146344855427742,0.118026502430439,-0.1356333451988641,-0.1491934061050415,0.061628458084329,-0.2617477331578731,808
1726744790108697000,0.0352644795994274,-0.0327414091289043,-0.0183973150212317,-0.2143806365009397,-9.775855048763752,-0.7463999663382768,0.0192274153232574,0.0914890989661216,0.0063047804869711,0.4764351504131877,-0.5025959354553863,0.5342781421331461,-0.4847204269130148,-0.2092661708593368,0.1112356856465339,0.0897688269615173,0.0836255009308457,-0.0641559535682201,-0.2077408331602811,-0.2082336992025375,0.1742720454931259,-0.0906910554029047,-0.0598687194287776,0.1550105837686918,-0.0692805939724203,809
1726744790148466700,0.0157466909145936,0.0081996730685234,-0.072253919827938,-0.2156625478039495,-9.776392808902264,-0.7389308725666255,0.0172068141400814,0.085136279463768,0.0059240539558231,0.4758006932905581,-0.501433666884115,0.5350133353042468,-0.4857352062627119,-0.2819544672966003,0.0882081761956214,0.0816704183816909,-0.1735183551607653,0.0912982275158166,-0.126016489675641,-0.257052481174469,0.1937963664531707,-0.101687884909287,0.0609934255480766,0.1192339899286627,0.0106875181036826,810
1726744790188236000,0.0330086086977273,0.0478425321489572,-0.0713314712207764,-0.2163145637055858,-9.776680393671988,-0.734916376228258,0.006399868056178,0.1073429659008979,0.0083409659564495,0.475007109184267,-0.5003132237416564,0.5358703064206822,-0.486721557417248,-0.2406885325908661,0.0707016810774803,0.0697437897324562,-0.1842899610765278,0.0049357028365135,0.1686871721446514,-0.2852557301521301,0.1864774078130722,-0.018081239375961,0.1599581390619278,0.1496363433844409,-0.0307337773672305,811
1726744790228005400,0.1251962776002474,0.0537304211437702,-0.0582896188180893,-0.21557711627651,-9.777031691327691,-0.7304503367301076,0.028602235019207,0.0887248367071151,0.0075334529392421,0.4740649423858067,-0.4990826751305574,0.5368045126278843,-0.4878727282449751,-0.2271391749382019,0.0497010052204132,0.0914699211716651,-0.2892793717492372,0.0365852250754833,-0.0553670824348926,-0.2784915566444397,0.1699792742729187,-0.0205787689798511,0.244387686252594,0.1014790096652694,0.148084921824513,812
1726744790267773700,0.1629896911554038,0.0289630596339702,-0.1330441232901066,-0.2168594842372462,-9.77785236006081,-0.718992830909416,0.0305568650364875,-0.0040760524570941,0.0061242375522851,0.4739674710088504,-0.4983060232016431,0.5369818796087342,-0.4885656121143527,-0.158634141087532,0.0391199998557567,0.0397611893713474,-0.4891540746442973,-0.1989402715891599,-0.0036830724269151,-0.2513206303119659,0.1532010436058044,0.0662085752490907,0.2544748783111572,0.1015500473411753,0.1749609369182027,813
1726744790307543000,0.1144861195481382,0.0562076249122619,-0.07936762429066,-0.2183346896226517,-9.778762460643051,-0.7060803770400583,0.045200377702713,-0.0275808367878198,0.0073897494003176,0.4745628079278033,-0.4982043994989084,0.5364629118283506,-0.4886616305709862,-0.0720909982919693,0.012484073638916,-0.0092166066169738,-0.2470180007334798,-0.2789075422734022,0.1147112518072128,-0.1769231706857681,0.0996022224426269,0.0919383246507961,0.2069556266069412,0.1135354768929537,0.3375455361377447,814
1726744790347312400,0.1764494584429077,0.0076619129300117,-0.1482628813404589,-0.2235850844315253,-9.779896433109045,-0.6885103796884418,0.0394786149263381,-0.0390125587582588,0.0188358575105667,0.4754072677871988,-0.4979254455533128,0.5358866566018435,-0.4887573970681336,-0.0175859462469816,-0.0454209819436073,-0.0644439756870269,-0.2701133008452132,0.0050718964368104,0.2605862881630659,-0.0885201767086982,0.0683279857039451,0.0819325337420683,0.1433387547731399,0.1062741441204678,0.4005879024408757,815
1726744790387082000,0.2879704628414474,-0.018636895930767,-0.1841921997904777,-0.2293121933740563,-9.780381586277484,-0.6796662712365389,0.0148239433765411,-0.0843800082802772,0.0075314994901418,0.4764091263495603,-0.4982481313362586,0.5351655209754802,-0.4882428152448969,0.0621618814766407,-0.0421047620475292,-0.0664225071668624,-0.1615667091475799,-0.0152478380143642,0.0268868378818035,-0.003352453932166,0.0488221123814582,0.0438552982768509,0.1064983010292053,0.0301214290389907,0.4759718273902311,816
1726744790426851000,0.2339676727633923,0.0550830047965049,-0.0673228201013058,-0.2293291262425482,-9.780628839036822,-0.6760771607033907,0.0105965472757816,-0.0673407465219497,-0.008003338240087,0.4772535865658557,-0.4989849941477189,0.53430732551847,-0.487604956327027,0.0508027002215385,-0.0706291869282722,-0.0677403733134269,-0.2925646039649844,0.0139069447994232,-0.098470311102271,0.0726120993494987,-0.0097979186102747,0.2051547439235262,0.0441369786858558,0.1484736471474636,0.3813612239234149,817
1726744790466619400,0.0693533030156046,-0.0393038363844156,0.0026771102547645,-0.225275905328989,-9.780963185557722,-0.6726051006786525,0.0097655151039361,-0.1018974334001541,-0.0080429855734109,0.47800394330078,-0.4998462387353228,0.5333357787314809,-0.4870512407661624,0.0805637910962104,-0.0735393837094307,-0.0758299157023429,-0.134329706121236,0.0308703545600175,-0.0544365235865116,0.1252366453409195,-0.0228132810443639,-0.0411220419546356,-0.0795534700155258,-0.0314392130896914,0.1396983752812259,818
1726744790506389000,-0.086089023233857,0.052689972180128,0.0603344225186854,-0.2236607434836216,-9.78107892089188,-0.6714545424040407,0.0041661038994789,-0.1583401262760162,-0.0036536294501274,0.4792735618403533,-0.5012639732208741,0.531948384678306,-0.4858623115821823,0.0447639822959899,-0.1037585958838462,-0.1458575427532196,-0.0639887620414607,0.1110322710335254,0.0074924015820026,0.151734247803688,-0.008608927950263,0.0175420978478272,-0.1730600595474243,0.0068688839765993,0.0559488278456032,819
1726744790546158000,-0.0857704040050506,0.0047457332223653,0.1060370200295001,-0.2266731318410486,-9.78161726555228,-0.6625389761511236,0.027936402708292,-0.1832847446203231,3.30944603774e-05,0.4812680533654175,-0.5028143169326775,0.5300545738151846,-0.4843561752534004,0.0117991082370281,-0.1241133511066436,-0.1625433713197708,0.0760717793493531,0.1721820285230875,-0.0205389301598072,0.1323002874851226,-0.0104830265045166,-0.0988830657547805,-0.2089185714721679,-0.0382415272154146,-0.0593790671557653,820
1726744790585927400,0.0113772253924049,-0.0820838244467973,-0.0192705907244235,-0.2283515681809745,-9.782177822044492,-0.6536491288613527,0.015013188123703,-0.1713032722473144,-0.0157479010522365,0.483309576202082,-0.5044874040642521,0.5280334157230006,-0.4827888946330476,-0.0430308505892753,-0.111107163131237,-0.1593731492757797,-0.1045403151983395,0.1544283451676368,-0.1956803930103778,0.1025786027312278,0.0033593350090086,-0.0642464174638036,-0.204916849732399,-0.021388678856939,-0.0723080200687749,821
1726744790625696000,-0.0791801023619249,0.0262689982444047,0.0032568829040974,-0.2235368613756261,-9.782641932424902,-0.6483443735167383,-0.0059919725172221,-0.0441393069922924,-0.027338670566678,0.4844376277474053,-0.5056992473809727,0.5266162130231956,-0.4819376388150684,-0.0570611804723739,-0.1114450097084045,-0.1225961670279502,-0.0985715612533502,0.1843552813977003,-0.0052665422260761,0.0688124224543571,-0.0094841718673706,-0.0330939854262396,-0.1720095425844192,0.1069271555359475,-0.0060298399073944,822
1726744790665465000,-0.2683084799129516,0.00753448715806,-0.0041455753721296,-0.2180137505725957,-9.782613290852307,-0.6506686517458409,-0.0025237468071281,0.0073317661881446,-2.2782769519e-06,0.484281376804752,-0.5059489435279756,0.5264888746572356,-0.4819718520264798,-0.0649270936846733,-0.1049975007772445,-0.1116321980953216,0.0317276837754063,-0.0185813663512468,-0.1332686527609825,0.0839142128825187,-0.0556459389626979,0.0456977067065658,-0.1041652485728263,0.1972709318711422,0.053252012809948,823
1726744790705234400,-0.2237904160115867,-0.0148018478125333,0.0548327563624829,-0.2210821434335783,-9.78212287698686,-0.6569748392179608,-0.0324790589511394,0.0453779175877571,0.0066830883733928,0.4840226134878281,-0.5058352103281416,0.5269033434862808,-0.4818982080905321,-0.1176201328635215,-0.1242417097091674,-0.087397426366806,0.3129598878704011,0.1182160450577735,0.1277671327352523,0.0614397339522838,-0.0783540084958076,-0.10552805672721,-0.1286700963973999,0.080421919116564,-0.1849736324917525,824
1726744790745004000,-0.1717008939426392,0.0622878216087818,0.258796993593499,-0.222743519040849,-9.781700267660618,-0.6626695437282324,0.0204119198024272,0.1052726060152053,-0.0017156469402834,0.4831146123466165,-0.5050542128656171,0.527927066254268,-0.4825076497974986,-0.0903610810637474,-0.1034509986639022,-0.0846559032797813,0.471488544496335,-0.1081394722014665,-0.0741121149152517,0.0394119620323181,-0.0226196553558111,-0.1140952570670284,-0.0961343422532081,0.0985607841310091,-0.0140303542666719,825
1726744790784772000,-0.1600647984183393,0.0535264230042695,0.1060112280011177,-0.2248032463159412,-9.78281378186047,-0.6453057364732027,0.0554287694394588,0.0147249680012464,0.0126290945336222,0.4829022700899499,-0.5037927922921015,0.528293722351219,-0.4836362607993567,-0.0747523009777069,-0.099583126604557,-0.1236094906926155,0.3235438257269561,-0.1462964766383171,0.0035234979510307,0.0471417158842086,-0.0093606850132346,-0.1236136480513028,-0.0741019025444984,0.0419226908130338,-0.0991701116683892,826
1726744790824541700,-0.0343881899552419,-0.0876554870992898,-0.0984358973760157,-0.2342109799999743,-9.783639126768708,-0.6292522811643779,0.0174170229583978,-0.0693884417414665,0.0146516235545277,0.483976465207899,-0.5036101068748798,0.5276928998199438,-0.4834087016466259,-0.0158724673092365,-0.0624207928776741,-0.0932834818959236,0.0592715242612175,0.012081482937932,-0.1228337679862976,0.0159499235451221,0.0356160961091518,-0.1268703756917733,-0.0476329997181892,0.014377734940726,-0.037392849380651,827
1726744790864362000,0.0486391258867457,0.0474357049137353,-0.0224959094464778,-0.2389780300050042,-9.784204943957924,-0.6185517311908304,0.0333283469080925,0.0551409758627414,0.000928355322685,0.4845225605882426,-0.5033838159564777,0.5273917852929066,-0.483425810581952,0.0334476791322231,-0.0372800193727016,-0.0459563806653022,-0.0188531324973329,0.3246048790872097,-0.0085047934949398,-0.0059686638414859,0.0339462123811244,-0.0719304234946146,-0.0216242503374815,0.0513867943268036,-0.047687368986709,828
1726744790904134000,0.0884756078431382,-0.0221603938817977,-0.1945674633324146,-0.2373650783830322,-9.784639243721962,-0.6122784230750054,-0.0086661074310541,0.0944560393691062,-0.0001623541611479,0.4837528055261316,-0.5023004146549163,0.528121013496071,-0.4845263198750655,0.0751706212759018,-0.0017563279252499,-0.0194708406925201,0.1244619902426376,0.1295055008351802,-0.2100812588065862,-0.0299335867166519,0.0444777384400367,-0.0922337182676419,-0.0053568286821246,0.0312305844408459,-0.0503218045769492,829
1726744790943904500,0.1219954174660146,-0.0403933851867914,-0.1085971528410911,-0.2346724417655728,-9.78391385205686,-0.6247774738378823,-0.0366286635398864,0.0485075190663337,-0.0034426269121468,0.4827090816546712,-0.501966129640881,0.5290413899504763,-0.4849094486645245,0.1317755728960037,0.0454379729926586,-0.0374078974127769,-0.012413856697455,-0.0090589202463626,-0.379150123745203,-0.0249884612858295,0.0590466074645519,-0.0374975746970274,0.026733249425888,0.0596155701922252,0.0765657414453337,830
1726744790983676000,0.1146968396893702,0.0143944360554218,0.0952291372239589,-0.2326113262509927,-9.78333575990796,-0.6345228419784457,-0.004682685714215,0.0225614607334136,0.0025358393322676,0.4820087387336805,-0.501826334851534,0.5296432663313116,-0.4850937235106319,0.2774781882762909,0.0646282881498336,-0.0746846944093704,-0.1138773582663387,-0.2199684465706348,0.051104748815298,-0.0113210557028651,0.0914150327444076,-0.1050287563024088,0.0467829890549182,-0.0298216172586428,0.0628200790216913,831
1726744791023447600,0.1520300153216347,-0.0404196886718273,0.0201262577056884,-0.2326845193513669,-9.783139360553026,-0.63753123001419,-0.0049440278671681,-0.0697084292769432,-0.0010643468704074,0.4821227910452619,-0.5021052802618212,0.5295236855742049,-0.4848222840322596,0.2803988754749298,0.0177845619618892,-0.1460263133049011,-0.250757917914167,-0.1013502504527568,0.4239835372060537,-0.033393707126379,0.1181371286511421,-0.1396454851833637,0.0516043230891227,-0.0698053119662683,-0.0607553422113414,832
1726744791063219200,0.0913678221533074,0.0472901589632034,0.0781518187601119,-0.2318779339425265,-9.783459678548574,-0.6328576852452009,0.0256975032389163,-0.112706758081913,-0.0056955842301249,0.483185448595126,-0.5030630043227016,0.5283884698524706,-0.484009226360886,0.1822832226753235,0.0242764446884393,-0.0608697459101676,0.2578875505983829,0.6319196006774902,0.5032967278957367,-0.0956925079226493,0.1806307882070541,-0.1731552026704885,0.1210375651717186,-0.0437606970622669,0.0678596714909421,833
1726744791102990800,0.0375948587757535,0.0529950926065444,0.0044902971565723,-0.2324231832677498,-9.78422774031162,-0.6206986800916493,0.0241620689630508,-0.0838690176606178,0.0045381942763924,0.4844500316724647,-0.50377130799745,0.527125500898768,-0.4833853713336757,0.0128135066479444,0.0115607557818293,-0.017743781208992,-0.1796697539299726,0.2596194889575243,-0.062617491954565,-0.128525510430336,0.2071382105350494,-0.1118775444849394,0.1877651363611221,0.080217756580282,0.0744075907304882,834
1726744791142761500,-0.0206791240817867,-0.0254758020401,-0.0662777314951643,-0.2362484223780222,-9.784764915928244,-0.6106823860552162,0.0189070925116539,-0.0595141798257827,0.0128502044826745,0.4855340707965392,-0.5042178180818377,0.5262133859934951,-0.4828254795229407,0.0498098731040954,0.0034384874161332,-0.0776165053248405,-0.2045097788171842,0.0404348862409591,-0.2834457702249288,-0.1300462186336517,0.2086047232151031,-0.0036481666519597,0.1742574572563171,0.0565772299762116,-0.0566195530142867,835
1726744791182533400,-0.0506430495876818,-0.0230447755008935,-0.0330687413871288,-0.242047884170711,-9.784802325329183,-0.6078285309940576,-0.002389115281403,-0.0066274949349462,0.0163288079202175,0.4860652706801507,-0.5043339382672615,0.5259637912367299,-0.48244170528014,0.2236035019159317,-0.0540891475975513,-0.0112982001155614,0.1147538853725418,0.2225228072285652,0.3772159408122301,-0.1384850293397903,0.1789325475692749,0.0128748378307966,0.1188929900527,-0.0055727026904642,0.0130401068285282,836
1726744791222304800,0.0031756160951219,0.0315606749117374,0.0080815265815705,-0.2473843132952228,-9.78464158180952,-0.6082786493817344,0.0049723852425813,0.0257407240569591,0.0128510976210236,0.4860633078600909,-0.504068659973731,0.5262398374372361,-0.4824199666901647,0.0680700987577438,-0.0396430976688861,0.0494439750909805,0.0119992845471948,0.0434083490937948,0.0631114129513502,-0.0819306671619415,0.0972940549254417,0.2564384112359956,0.0920838564634323,0.1784255442888475,0.1747278588146902,837
1726744791262076400,0.0182040026725269,0.0294207402735948,0.0035001901406794,-0.2514888625372201,-9.784743873140217,-0.6048934273902327,0.0167173817753791,-0.0107297040522098,0.0088380081579089,0.4861306709229327,-0.5037423410169258,0.5263882941035618,-0.482530673733811,-0.0633284002542495,-0.046683695167303,0.0338637493550777,0.0800691601561382,-0.1344926415979862,-0.0541296495944261,-0.0072496337816119,-0.0442061647772789,0.1334997946357354,0.0409199297428131,0.0782252127898857,0.1829544929553754,838
1726744791302017300,0.0134876234088093,-0.014106851285696,-0.0175835144203156,-0.2556015585530549,-9.785060099482536,-0.5980256970452145,0.011637887917459,-0.0393581315875053,0.0071063889190554,0.4867102269466221,-0.5037897703182146,0.5260101629684469,-0.4823092628195731,0.0209481306374073,-0.0260538924485445,0.0623706318438053,0.0219017429456114,-0.2083534121006727,0.0469049590378999,0.0593733228743076,-0.0790144428610801,0.035423891961819,0.0126957697793841,0.0367440369329648,0.1073273795004468,839
1726744791341618700,-0.01255490913596,0.0024649288088083,0.0061455900829285,-0.2573911088509485,-9.785174081251023,-0.5954181448953226,0.0070473318919539,0.0225018449127674,0.0014652092941105,0.4869489841123178,-0.5038157671705461,0.5258588684843709,-0.4822063202318967,0.06340903788805,0.0289295725524425,0.0519767068326473,0.1633349974617362,0.1306768827021122,-0.3217681943565607,0.089567631483078,-0.0769256651401519,-0.0408901968269841,-0.0133519554510712,0.017688413266628,0.0057312137246684,840
1726744791381390300,0.014748345793318,0.0084609543532133,-0.0160742789011448,-0.2570114253509789,-9.78533248668313,-0.5929511702599004,0.0050926934927701,0.0551162585616111,0.0021056921686977,0.4865743790837592,-0.5032972601024783,0.5262356547841506,-0.4827144314429583,0.0628140866756439,0.0075610079802572,-0.0085259154438972,0.0702199663149193,0.0766623839199543,0.0226408708751201,0.0748236775398254,-0.0341129712760448,-0.1381589272868819,-0.0412155389785766,-0.027032411231799,-0.0861439317588694,841
1726744791421162000,0.0299289820566773,0.0024608371555805,0.012422186134383,-0.2560313830713741,-9.785319627201556,-0.5936146391373127,0.000308153219521,0.0484213232994079,-0.0011326965177431,0.4860000325707991,-0.5027588635907154,0.5267821646393924,-0.4832578775437308,0.1932751536369323,-0.0011331482091918,0.0160741694271564,0.0712838326867669,0.2038309662401676,0.0666278966397047,0.040330521762371,0.019492108374834,-0.1333077883281279,-0.035748578608036,0.017164085715136,-0.0439129010824486,842
1726744791460932600,-0.0961169711754657,-0.0237356803745031,0.0262976398169994,-0.2570277188986539,-9.785458158889412,-0.590880282269977,0.0106709040701389,-0.0107639320194721,0.0093489289283752,0.4858735524783187,-0.5024229795626861,0.5269702649829884,-0.4835291333352108,0.0048858080990612,-0.0065150773152709,0.0621411949396133,-0.0110057799978181,0.4649725501984357,-0.0514028549790382,-0.0076253814622759,0.0420046858489513,-0.0875945141596719,0.0068309190683066,0.0031686183862882,-0.010627977927681,843
1726744791500704300,-0.0837868107060901,-0.0106973351031541,-0.0882722307581454,-0.2654670824745669,-9.785328979551792,-0.5892871678596362,-0.005237175617367,-0.0722336992621421,0.021757423877716,0.4866177765563041,-0.5026958222231018,0.5266328840133567,-0.4828643055629946,-0.0205388590693473,0.0025521873030811,0.0380616933107376,-0.0846810378657653,-0.1322907476395368,-0.1136737254530191,-0.0587171465158462,0.0460648946464061,-0.0639266428909497,0.0661167427897453,0.024748433047044,0.0596260778865078,844
1726744791540476000,0.0242527082522399,0.0190723647385835,-0.0601648381054401,-0.2750451860231347,-9.784721661308406,-0.5949478239698335,-0.025607693940401,0.0396179929375648,0.0191547162830829,0.4869759203801705,-0.5028707624421239,0.5267398730882886,-0.4822038794732874,0.0211593192070722,0.031026653945446,-0.0271573904901742,0.0017652926394715,-0.4560509925961494,-0.069896543046832,-0.0894818231463432,0.0867605283856391,-0.1115939600368961,0.1372583359479904,0.0222169258250272,0.0634075098210945,845
1726744791580247600,0.0273030539998784,0.0732639736533165,0.0462356814742088,-0.2795921270040795,-9.783996269643309,-0.6046827072490006,-0.0041780741885304,0.1237723976373672,0.0105094797909259,0.4858887460839186,-0.5019524463304401,0.5280852003967931,-0.482785622970264,0.1494704186916351,0.0405133105814456,-0.0614225529134273,0.0604073050918057,-0.272583599948883,0.1016460185289382,-0.0967885255813598,0.0970595404505729,-0.1034861025708261,0.1646159887313842,0.0939583866357803,0.0438612896262202,846
1726744791620019200,-0.018525635842327,0.0286281285911798,0.0584288080930709,-0.2834429572133347,-9.78410206810534,-0.6011643969297409,0.0196311753243207,0.0288164280354976,0.0199153628200292,0.485254767377486,-0.5008650930972564,0.5289470790321457,-0.4836083128100542,0.3274625241756439,0.0113502601161599,-0.0765754729509353,-0.0287191678754985,-0.2730938875585794,0.2937345245271921,-0.0821725726127624,0.0811893120408058,0.0195522320938413,0.1612474918365478,0.1044029616874177,0.0253122729083057,847
1726744791659789800,-0.0193831659871153,0.0382137030601501,0.1105156632808968,-0.2915638842235319,-9.784408357575536,-0.5921991828488186,0.0365564189851284,-0.0668732598423957,0.0229022875428199,0.4859255449224944,-0.500686503826182,0.5286840084078082,-0.4834071659897662,0.3119429647922516,-0.001535924617201,-0.0715301781892776,-0.0244334899129346,0.0174140761375427,-0.0487824433475732,-0.0421256572008132,0.0514922775328159,0.0387086652365513,0.1238617673516273,0.1047925455268938,0.0487650218553142,848
1726744791699561500,0.042039818953257,-0.0643850861489772,0.002750760012865,-0.3019604097492061,-9.785210906130075,-0.5734690191440284,0.0380527712404727,-0.0804253220558166,0.0168580058962106,0.4874457888443767,-0.5007974352576253,0.5276748154974505,-0.4828642354772407,0.2455815076828003,0.0192338544875383,-0.0569017715752124,0.1365655388819053,0.0567681814044713,-0.393227164414525,0.0049680052325129,0.0171914957463741,0.0847896950051654,0.0651317834854126,0.1543069107450544,0.0806945620454847,849
1726744791739333000,0.0897314165905117,-0.0494043746381998,-0.1293137776553631,-0.307603950327821,-9.785527132472396,-0.5650041558006778,0.0019533818121999,-0.0198696311563253,0.0063050868920981,0.488374617638049,-0.501060431122425,0.5270157867740444,-0.4823723493961072,0.0507832616567611,0.0183807928115129,-0.0375175550580024,-0.0280505113663151,0.1994575734615326,0.0282861832857131,0.0482689999043941,0.0061878603883087,0.002953201520341,0.038728754967451,0.1086766295517794,0.0857271950509864,850
1726744791779104800,0.0592768214908428,0.0363765507608652,-0.0533503723176196,-0.3063283591677435,-9.785264682143929,-0.5701894494840875,-0.0213418900966644,0.115384928882122,-0.0031859786249697,0.4877313548031151,-0.5007006759115544,0.5276081922799098,-0.4827488172266206,-0.0218158438801765,-0.0074170897714793,-0.0266562514007091,-0.1146280305031686,0.2463736384153366,0.12443301987648,0.0502549484372139,-0.0084979692474007,-0.0200352732202969,0.0089521780610084,0.1331093614128883,0.0063325805762346,851
1726744791818875400,-0.0183132534669712,0.0277606981068849,0.0494645803928375,-0.3014621413708664,-9.784881235784292,-0.5793309334473684,-0.0109032411128282,0.1105593144893646,0.0018739674706012,0.4861098592315798,-0.4996737056842336,0.5290215916959506,-0.4839004271018275,-0.0342986099421978,-0.0028328842017799,0.0061080874875187,-0.0474392120450735,0.1690139198809862,-0.1152981117844581,0.0246886033564806,0.0031208298169076,-0.045996872316231,-0.0095008881762623,0.0719963009382132,-0.0222848445286625,852
1726744791858643000,-0.0012959946272894,-0.0106131639510393,0.0738403122365474,-0.3021687918028794,-9.784663793641329,-0.5826080919545144,0.0016712644137442,-0.0136158596724271,0.0085185058414936,0.4855981708373461,-0.49924883242468,0.5295803523102648,-0.484241352481647,0.1114812269806861,0.0011053450871258,0.0210719238966703,-0.1184023614101111,-0.1458878958374261,0.2035685159116983,-0.0056410878896713,-0.0011759455082938,-0.05162712415501,-0.0359234623610973,0.0715430042127612,-0.0450529379630461,853
1726744791898342400,-0.0250204594880342,0.0336667072802782,0.1344821202039718,-0.3059779930938035,-9.784950793889164,-0.5757635598219931,0.0326337441802024,-0.0567173808813095,0.0075713666155934,0.4862876733500718,-0.4994357955471937,0.5290743405420537,-0.4839096362683398,0.1192320883274078,-0.0127982199192047,0.0079343505203723,-0.033472572947666,-0.0706651893317699,0.1647550933927297,-0.0159631427377462,0.0106065729632973,-0.0320032196310232,-0.0456258058547973,0.0456866692893207,-0.033277954557864,854
1726744791938110700,-0.0309403510563075,0.0191781632006168,0.0060473904054611,-0.3093351580346003,-9.785726454436778,-0.5606051171241327,0.0328708179295063,-0.0428638979792594,0.0046059899032115,0.4872439981074101,-0.4994995772680533,0.528283142289025,-0.4837463281919126,0.0931056812405586,-0.0192702338099479,0.0101518314331769,-0.0088590502927079,-0.1103232459813356,-0.0010936404556035,-0.0098885875195264,-0.0006429334171116,-0.0078678809767792,-0.0512023605406284,0.0410205634746933,0.0252983379977871,855
1726744791977878500,-0.0307663461962714,-0.0059217912644147,-0.0776852972269058,-0.3110055754648521,-9.786213945692776,-0.5510913657823577,0.0085113933309912,0.0270026009529829,0.0033701609354466,0.4876614667688937,-0.4993632059885285,0.5279528658712015,-0.4838269915311746,0.1226726248860359,-0.0230370089411735,-0.0001886903773993,-0.0806812276398763,-0.1471609845131635,-0.0935603272289037,-0.0004433897556737,-0.0214528162032365,0.0117840731772244,-0.031084993854165,0.055667777847941,0.0402882260455749,856
1726744792017647000,-0.0736507444811984,-0.0002262099713087,-0.0470130955874919,-0.3115161553354933,-9.786222713521122,-0.5506389458397403,-0.0041019362397491,0.0907560810446739,0.0057072727940976,0.487032011308381,-0.4986249623519578,0.5286283383753303,-0.4844844052159847,0.1036789640784263,-0.0100244311615824,-0.0027565769851207,0.0900255406988784,0.0536596939951181,0.074346508193016,0.0083115641027688,-0.0282141212373971,-0.035076067188126,-0.006540585309267,0.0498966242677066,0.0278216162475757,857
1726744792057415700,-0.0133886200137436,0.0298404269903898,-0.0505529236188158,-0.3134199796628207,-9.785912332397698,-0.5550303126664832,-0.0071770227514207,0.0569815374910831,0.0090208556503057,0.4862142015487913,-0.497860746600519,0.5295595792653472,-0.4850742271037243,0.0138167180120944,-0.0200633760541677,-0.0150840831920504,0.1334995389074087,0.0616238047420978,0.167415837034583,0.0055701527744531,-0.0263867788016796,-0.1056520575662143,0.0182536859065294,0.0051729410919127,0.0783904315552674,858
1726744792097184300,0.0096392774175852,-0.0192179106891155,0.0491957003235816,-0.3157977781774476,-9.785636438065769,-0.5585616651304066,-0.0034405761398375,0.030746778473258,0.0041925515979528,0.4857571817248132,-0.4974185959599548,0.5301447529400188,-0.4853465826267727,0.0199915245175361,0.0055645420216023,-0.0278629940003156,0.0668031436087563,-0.0833481452941894,0.0475175379782915,0.0042646615765988,0.0014339592307806,-0.0136539552773989,0.0400601737201213,0.0493159063368802,0.0064228326967975,859
1726744792136952800,-0.0231033007550984,0.0456108275741338,0.0412486137766391,-0.3171725005967542,-9.785820562461018,-0.5545052658790722,0.0285865869373083,-0.0347918421030044,0.0021352998446673,0.4858732631132304,-0.4972577218494119,0.5301006113465685,-0.4854432735675035,0.0335629917681217,0.0257864035665988,-0.005879399832338,-0.0379887717304751,0.1715104128718376,-0.1913642833769321,-0.0082691116258502,-0.0235302280634641,-0.0337733802418573,0.0466683804988861,0.060914606159972,0.003110713615769,860
1726744792176720400,0.0187039332849904,0.0248918646723032,-0.0969288903465494,-0.3193259888362139,-9.786201086211204,-0.5465130250161513,-0.0006086113862693,-0.0410372763872146,0.0049801524728536,0.4865987511798019,-0.4975128184727754,0.5294765380541184,-0.4851363011976284,0.0094707068055868,0.0307472329586744,-0.0189683698117733,0.0001946092566475,0.1165361291468143,-0.0683557433456182,-0.0088974554091691,-0.0395641848444938,-0.0068768383833696,0.034549169242382,0.0695358245422365,0.0083726127744128,861
1726744792216489000,-0.0277615383571013,-0.0007394201904535,-0.0239606482367962,-0.3207444773320108,-9.786157247069475,-0.5464585183499381,0.0050946339033544,0.0375351719558239,0.0007871315465308,0.4866759369251049,-0.497517487280806,0.5294695268338327,-0.4850616652179244,0.01417544670403,0.0277135204523801,-0.0240131970494985,-0.0901784662382677,0.0123100309967994,-0.060603229522705,0.0053835418075323,-0.0494627244770526,-0.0616329104971606,0.0242416635155677,0.0642816760068526,0.0179894443231052,862
1726744792256257500,-0.0207270366104319,0.0465793803453445,-0.0558686022162437,-0.3192494530012831,-9.786042096257209,-0.5494153588615358,-0.0153957456350326,0.0643750950694084,-0.001486716675572,0.4859697760365678,-0.4969829747334852,0.5301134888032462,-0.4856141007869088,-0.0227884296327829,0.0280995722860097,-0.023825641721487,-0.0075622519478201,0.1185275952249765,0.0376110609918832,0.0015345542924478,-0.0564891435205936,-0.0683819783319951,0.0123333325609564,0.0845653116647619,0.019254566604807,863
1726744792296026000,0.0083123396627604,0.0080699092090129,0.0105190924594178,-0.3179125418417156,-9.785689629557728,-0.5563964133879169,-0.0109336953610181,0.0341598987579345,-0.0013769672950729,0.4853045796737385,-0.4966959106047348,0.5307179051452586,-0.4859126011386955,-0.0811859592795372,0.0060214875265955,0.0083287646993994,-0.0077642773259431,0.2790057419508695,0.0462006101608276,-0.0079252608120441,-0.0329184234142303,-0.0464643436975078,0.0187814701348543,0.0982422288342844,-0.0106070812701247,864
1726744792335793700,0.0488362193614244,0.035246669948101,0.0757738375823944,-0.3151910079233348,-9.785634099978209,-0.5589535139922053,0.0060117905959486,0.0106312297284603,-0.0091678434982895,0.4849257102885584,-0.4965638939779719,0.5309642144717883,-0.4861568338260761,-0.2080115526914596,-0.0144862374290823,0.0170594062656164,-0.1712147543935105,0.1621516328960657,0.1085620815277099,-0.0231059975922107,-0.0346698760986328,-0.086731248393841,0.0064622960053384,0.0809360700506251,-0.0204462195082101,865
1726744792375562500,0.0017554653652012,0.0122141694068908,0.0132346715610474,-0.3119542179591953,-9.78609470322728,-0.552678415778093,0.0174380578100681,-0.0439878553152084,-0.0082308612763881,0.4851660858881011,-0.4966724949691565,0.5305612027441322,-0.4862460989444456,-0.1152523159980773,-0.0055562858469784,0.0005257691955193,-0.1074701946377754,-0.2639905436486006,0.1224813012868165,-0.0183801539242267,-0.0186160914599895,-0.0568098331556888,0.0079556051641702,0.067974625940388,0.0570055794900748,866
1726744792415330800,-0.0294032776821404,-0.0245393979728221,-0.0465981581110507,-0.3096757151005789,-9.78645126157999,-0.547612912549451,0.0013946678955107,-0.0441555865108966,-0.006868737284094,0.4857472140293321,-0.4971639224363532,0.5298570779883375,-0.4859313438273434,-0.2024242430925369,0.0111652230843901,0.0218748655170202,-0.0572413153415545,0.2003197432488203,-0.0564057778328657,0.0154129732400178,-0.0309891048818826,-0.0037958646020269,0.0033726396504789,0.1289602606431115,0.0869923104828223,867
1726744792455099600,-0.0426162123354151,0.0120253688365221,0.014376827333495,-0.3067875559110194,-9.78650445307195,-0.5482846377985552,-0.0048096035607159,0.0279934238642454,-0.0092115076258778,0.4857578090754189,-0.4973671119672012,0.5296986808182526,-0.4858854814904084,-0.0457105226814746,-0.0016692425124347,0.0106710148975253,0.082112831345573,-0.0807359169691801,0.1867179188758134,0.067671038210392,-0.0522059313952922,-0.0457051502275047,0.0073295165784657,0.0776298589789308,0.1064343579171691,868
1726744792494868200,-0.0521257989587262,0.0323135391056537,0.0148234020572155,-0.303412837047223,-9.786442493751643,-0.5512744307316839,-0.0045783282257616,0.0485143363475799,-0.0046614436432719,0.4851599669532791,-0.4970550383195825,0.5301353245715272,-0.4863257955294117,-0.1400655210018158,-0.0119787119328975,-0.0036544618196785,0.3007368410373106,0.279909412792325,0.0683323624700307,0.0779515281319618,-0.0360110960900783,-0.0705198899764101,0.0152730382978916,0.0362834245507372,0.0569986108931712,869
1726744792534635800,-0.0448693250244483,-0.0003846154034137,0.0136298814237117,-0.3028887583741918,-9.786363583296536,-0.552924097634852,-0.00394620699808,0.0126517508178949,-5.2260002121e-06,0.4847945944798261,-0.4967717714845364,0.5304800567321958,-0.4866034033751309,-0.1217685490846633,-0.0408540368080139,-0.0493548400700092,0.1625397188981995,-0.2172761387467384,0.2580862880408763,0.0562138296663761,-0.015260693617165,-0.0397433283468009,0.027033383026719,0.0374550370298209,-0.0150871036278549,870
1726744792574404400,-0.0189497978048399,0.0134416653752326,0.0376958166658878,-0.303668620172888,-9.786273566925525,-0.5540952237734571,-0.0024841404519975,-0.0118632847443223,-0.0018381648696959,0.4848046252569877,-0.4968018345307783,0.5305081827039867,-0.486532080583371,-0.1017175987362861,-0.0593585819005966,-0.0618802160024642,-0.0234767371773719,-0.2136883433878421,0.0868465088039636,0.0191926825791597,-0.0230306051671504,0.0019820840451749,0.0105889979749917,0.0570305312682408,-0.0338514572966145,871
1726744792614173000,-0.0078052303908392,-0.0325099384605884,0.036894948611781,-0.3038896607787348,-9.786261876487732,-0.5541916698852554,-0.0015974109992384,0.0011381820077076,-0.0013823937624692,0.4848976248714608,-0.4968962608780098,0.53042437531488,-0.4864344498218089,-0.0955161675810813,-0.0138579979538917,-0.0771776810288429,-0.03321333748959,-0.3148135529130697,-0.1675175438433885,-0.013202023692429,0.0154740139842033,-0.0734169859576737,0.005707980133593,0.0086138987297337,-0.0222987771558924,872
1726744792653941500,-0.0661583428991958,0.0505775100708007,0.018636895930767,-0.3044939102821983,-9.786149648284912,-0.5558355646347627,-0.0027545010671019,0.021060325205326,0.0044638919644057,0.4847230442090691,-0.4967593595817288,0.5306315724171103,-0.4865222510601414,-0.0733690485358238,0.0070877103134989,-0.0992312505841255,0.0403538568940013,-0.0534253007173538,0.0594224953055381,-0.0270902272313833,0.0171574614942073,-0.0564701346062356,0.0111256251111626,0.0909808960617985,0.0524353032993152,873
1726744792693709000,-0.0131401982106268,0.0501841268390417,-0.0336485140364617,-0.3090299645429477,-9.786204008820652,-0.5523321230910718,0.0085607701912522,-0.0097721135243773,0.0181797184050083,0.4848790375825144,-0.4964998848298698,0.5307061003768294,-0.486550203684295,-0.1194196343421936,-0.0024670190177857,-0.01809105835855,-0.1838118952360004,0.2643704828768968,0.1482961260229349,-0.0077744931913912,0.0187905319035053,-0.0225128788475878,0.0192950963973999,0.0618211996108759,0.0486469027678249,874
1726744792733477600,0.1405702079460024,-0.0326852950274944,-0.0433703551709651,-0.313251673891209,-9.785935713273286,-0.5547315489156172,-0.0133239272981882,0.0150716975331306,0.0003480006707832,0.4849583228682641,-0.4964831892118013,0.5308369622239114,-0.4863455950142639,-0.2691848874092102,-0.0066625634208321,0.0487865097820758,-0.1803049100283533,0.4757417814940214,-0.0189081140875816,0.0079000918194651,0.0106009542942047,0.0171026778090337,0.0296321585774421,0.073618358315248,0.0708414957467466,875
1726744792773246200,0.0494716677207499,0.0002618658065795,0.0585305514344945,-0.3128337772727012,-9.785811794632671,-0.557123558618687,0.0015589939430356,0.0501534454524517,0.0008873387705534,0.4845209989321247,-0.4961540226927757,0.5312594298591719,-0.4866558674145881,-0.209253117442131,-0.0038149512838572,-0.0005299079348333,-0.1768264933280646,-0.108614103975892,-0.1343435885161161,0.0381124503910541,-0.009110290557146,0.0117641469173366,0.0667346864938736,0.0787986196305137,0.1767925910584628,876
1726744792813015000,-0.0909823664996773,0.0194943895429372,0.0078641940364614,-0.3133382196635008,-9.7857422365278,-0.5580810054739936,0.0003845398314297,-0.0046522798947989,0.013858531601727,0.4842622882108521,-0.4958943450081058,0.53154775126378,-0.4868632394739247,-0.1340640932321548,0.0019349731737747,-0.0435450188815593,0.0872094238322228,-0.3037678427636623,-0.0688385584264993,0.0554087981581687,-0.0204923246055841,0.0025854539116931,0.0934871584177017,0.0451668055671034,0.0870825643158517,877
1726744792852776400,-0.0396117698224261,0.0444867919802665,0.0495779045742005,-0.3205657597642392,-9.785596690577268,-0.5565505445037037,0.0080573912709951,-0.0003446716582402,0.0240696631371974,0.4845706752728473,-0.4957582013016233,0.5316013411617374,-0.4866366604910829,-0.1638917624950409,0.0086618522182106,-0.0698772892355918,0.1644734634397551,-0.1521989786803722,0.0688479107767343,0.0428146421909332,-0.0479409284889698,-0.0003116469215587,0.0605774633586406,0.0174972803169221,0.007785176266788,878
1726744792892545000,0.0932009193319827,0.0039285716205835,0.0193826727967709,-0.3284313420401886,-9.78573989844024,-0.5493991749117151,0.0240967068821191,0.0089139863848686,0.0140216564759612,0.4848592033776147,-0.4952711548111591,0.5317123713550858,-0.4867238812438554,-0.0570191033184528,0.0256283171474933,-0.0873618051409721,0.1831801732037216,-0.2585281865894794,0.0253314251333475,0.0345103181898593,-0.0516381077468395,-0.0215779383683227,0.0193143151700496,0.0093293598017538,0.0252913739674608,879
1726744792932253000,0.1664721264436841,-0.0148643916547298,-0.0923929639499634,-0.3318217516634613,-9.786098210358618,-0.5408733020961284,0.0140947867184877,-0.0378645099699497,-0.0003375213127583,0.4852890450217139,-0.4951096633646577,0.5314539353848553,-0.486741804369868,-0.0954810082912445,0.0349315367639064,-0.1077896505594253,0.1029856696348637,-0.2967196778178215,0.012269698986411,0.0342258252203464,-0.0770602598786354,-0.0302529852800769,-0.0206918101757764,0.0535895696346648,0.0668377536978339,880
1726744792972019000,0.0329950185637921,-0.0252250421494245,-0.0615711612394079,-0.3298759513579308,-9.786362998774647,-0.5372784559419378,0.0026046545244753,-0.0257055461406707,-0.0065757380798459,0.4857008943913756,-0.4954763326722483,0.530939527058494,-0.4865193223004991,-0.0891429558396339,0.0506904236972332,-0.0798075571656227,-0.0469818967316299,-0.0119581488192081,0.0855634832561016,0.0680825114250183,-0.0910210013389587,-0.0247505062731215,-0.0288432277739048,0.1032950552444439,0.096713338766573,881
1726744793011785000,-0.0453218910975381,-0.0139081138432025,-0.0651683454811573,-0.327126287323609,-9.786307469195126,-0.5399663433190435,-0.0143256532028317,0.0079664606600999,0.0011855228804051,0.4856142553885259,-0.4956718983373768,0.5308860440093849,-0.4864650058132537,-0.2359084337949752,0.018595015630126,-0.0651360675692558,-0.0846818050507456,0.239108615848422,0.0432329925268888,0.0970503911375999,-0.0892270505428314,-0.0864395263051148,-0.0248494427651166,0.0865696372244972,0.1082729806543327,882
1726744793051550200,0.0323499986585229,0.0198281515419483,-0.02311078994181,-0.3265377468459308,-9.785776138797402,-0.5498518871152773,-0.0271713957190513,0.0194946937263011,-0.000371596426703,0.4852275612200826,-0.4958002342144613,0.5312407851513467,-0.4863327250400586,-0.1162677854299545,0.008164320141077,-0.0087267849594354,-0.0050557490196079,0.1132107841163873,0.2591021870851516,0.1184662356972694,-0.0741996392607688,-0.100121521508554,-0.0140501474961638,0.095381989698112,0.1114809189833234,883
1726744793091316200,0.0772522395718842,0.0055617257803678,0.0779050043921917,-0.3243039233792573,-9.785427763751148,-0.5573437772406264,-0.0176776461303234,0.055766075849533,-0.0131941381841897,0.4847176303146601,-0.4957573206372405,0.531640201243914,-0.4864486498395051,-0.1123484075069427,-0.0198194310069084,-0.0425687693059444,-0.2627852595120668,-0.0177624511837959,-0.0323649770319461,0.1336371898651123,-0.0452646948397159,-0.0983513700308743,-0.0052740219980478,0.0801540528274606,0.0750922485264018,884
1726744793131082200,-0.0421046460840851,0.0203548057645559,0.12284432591293,-0.3159779205173254,-9.78540496739745,-0.5624793134981766,0.0022077308967709,0.0632805898785591,-0.0172111224383115,0.4837074640272555,-0.4953753409562474,0.5322421770862725,-0.4871843689955326,-0.202625572681427,0.0065051708370447,-0.0073645114898681,-0.1361282069105654,0.3424181836754083,-0.1377121881663799,0.1294214725494384,-0.0455255545675754,-0.0826156115022487,-0.0223371423780918,-0.0018870764052146,0.0244955656809615,885
1726744793170848300,-0.1244924949787557,0.0203887080341577,0.0383072996277362,-0.3120006874494254,-9.785737560352684,-0.5588964500427246,0.0056830449029803,-0.0191532224416732,0.004036861937493,0.4834779446347139,-0.4951535090955866,0.5322769874105733,-0.4875994448103471,-0.1107635647058487,-0.0057421745732426,0.0018647399265319,-0.017100553208962,-0.0971697498977184,0.1443798293620347,0.1245618984103202,-0.0352925322949886,0.0314559541619382,-0.0633229464292526,0.0471841595717705,-0.0812262669025454,886
1726744793210613200,-0.0150581241285428,0.0182926125377416,0.0028419454276561,-0.3166883703416213,-9.785587922748922,-0.5588950252706185,-0.0057410723529756,-0.0346473343670368,0.010806543752551,0.4839440938033766,-0.4954074571342033,0.5320405690681602,-0.487136950309052,-0.0653436183929443,-0.0718234032392501,-0.043309062719345,0.0035113691218197,-0.227047591176629,0.1047942534267902,0.1387385129928589,-0.1004547402262687,0.0994346900218632,-0.1024938225746154,0.1335062609091401,0.0573460041253129,887
1726744793250379300,0.1223190233971923,-0.0217103120267391,0.0037245734810829,-0.3198402950339019,-9.7855382383883,-0.5579829153943806,-0.0065489490516483,0.0346698127686977,-0.0031957617029547,0.4840667450853816,-0.4953222489333478,0.5320761980095721,-0.4870628717480836,-0.0514443069696426,-0.0449174866080284,-0.0319448225200176,0.1097333903294056,-0.090124507561326,-0.0838502495974302,0.1942375600337982,-0.1327842772006988,0.0243472638010513,-0.1170528903603553,0.0675923577576875,0.0611135079992469,888
1726744793290145300,0.1281320205248892,-0.0249801274776458,-0.0393861809056252,-0.3135330481158569,-9.785260005968809,-0.566346510320343,-0.0256550852209329,0.0524239018559455,-0.0258524660021066,0.4832294883882311,-0.4951886524843777,0.532601008954379,-0.4874561945037007,-0.0140260979533195,-0.0093695595860481,0.0153366066515445,-0.0616554419893771,-0.039608956810832,0.0299859729409217,0.1895712167024612,-0.122586652636528,-0.1468339719153475,-0.1173972710967063,0.0172277974594675,-0.0445975543117849,889
1726744793329911600,-0.0314647950555197,-0.0068833297729492,0.0552221210062503,-0.300431665811967,-9.785102185058593,-0.5761103274330497,-0.0225103981792926,0.0387677922844886,-0.0290408842265605,0.482192916474886,-0.4952803211454927,0.5329829788641409,-0.4879718706153006,-0.0665470957756042,-0.0059677977114915,0.0039187697693705,0.0690306469324976,0.2447182724237442,-0.1091916116029024,0.1762005090713501,-0.0759598240256309,-0.1333077883281279,-0.1063112169504165,0.017164085715136,-0.0439129010824486,890
1726744793369677600,-0.1695067448992282,-0.0010211597412824,0.0672094959199428,-0.2909279061412438,-9.78482921333611,-0.5855544476047158,-0.0242113508284091,0.0125466799363493,-0.0099685043096542,0.4814677581793161,-0.4954996686211488,0.5332307632440136,-0.4881945243204028,-0.0033388319425284,0.0325068905949592,-0.00017171271611,0.1354273651648312,0.1185392856627702,-0.2412713468402623,0.1558214575052261,-0.048634435981512,-0.136508411000343,-0.0290357246994972,0.0706262318611377,0.0242941590740578,891
1726744793409442600,-0.1064744981313124,0.0665028089553117,0.0835141495108604,-0.2903642443764954,-9.78426807232201,-0.5951256282221525,-0.0252595972269773,0.0207025632262229,0.0024272580631077,0.4810889232509581,-0.495616703873657,0.533579464783025,-0.4880681216850489,0.0284475926309824,0.0371024943888187,-0.0008697938174009,0.0967968979973346,0.2553355280280113,-0.0367243412852287,0.136274367570877,-0.0412939451634883,-0.1109226823123637,0.0101103149354457,0.0045950784135202,-0.0854523144992068,892
1726744793449208800,-0.0051670091080479,0.0039472763210535,0.0725111094594001,-0.2917137958219274,-9.783812145248056,-0.6019294630181043,-0.0115116797387599,0.0401934087276458,0.0005772382719442,0.4806056309258626,-0.4953700938671834,0.5341332529325864,-0.4881889063817191,0.0560752265155315,0.0197614803910255,-0.0404707975685596,0.1753466300338506,-0.1823679069727659,0.1536380715727806,0.0882076174020767,0.0101280678063631,-0.1311979291678406,0.0462390147149562,0.0249424212491838,-0.0848718477301299,893
1726744793488974800,0.0346334334205836,0.025356559574604,-0.0047123789420351,-0.2914117989343591,-9.78367302903831,-0.6043127414254471,-0.0089790672063827,0.0158491991460323,-0.0056263962760567,0.4802530594388532,-0.4951253681546483,0.5344738021279548,-0.4884112736894848,0.1331979781389236,0.0286828577518463,-0.0701603144407272,-0.1529881562966853,-0.2763531816154718,0.0788403124809265,0.0257758423686027,0.0140797728672623,-0.0475912836345145,0.0455067940056324,0.0553447610052302,-0.1262931420593988,894
1726744793528740600,0.0142275550559163,-0.0291799172550439,0.0002770633757114,-0.2886628290197812,-9.783455586895348,-0.6091528018677607,-0.0169129148125648,0.0067949360236525,-0.0127710392698645,0.4799773124476584,-0.49522652300505,0.5346109245551446,-0.4884298295372565,0.2118139564990997,0.0341057442128658,-0.056523535400629,-0.150420643896237,-0.0802764827638864,-0.066520929133892,-0.0280868224799633,0.0404560230672359,-0.04871009963057,0.0499157793819904,0.0760816888220142,-0.1022599217767361,895
1726744793568505900,-0.0783630686243064,0.0047843116670846,-0.0171358437180519,-0.2834604380710981,-9.783302442160249,-0.6140352036144584,-0.0099088009446859,0.0141218248754739,-0.005906474776566,0.4796189097486151,-0.4953735547483923,0.5347075121601905,-0.4885270354351496,0.0941885188221931,0.0143206426873803,0.0092529486864805,-0.0625922113828361,0.3962847984194755,-0.1888449940323829,-0.0712028667330741,0.046040803194046,-0.0936361324114724,0.0573530234396457,0.1099683498627506,-0.0152885102347587,896
1726744793608272000,-0.0893978007219731,0.0557850155860185,-0.0903132350664585,-0.283199777840916,-9.782827225863931,-0.6216626297529786,-0.0326227471232414,0.0206961818039417,0.0109262643381953,0.4792447423723421,-0.4953765027657272,0.5350683090517551,-0.488496129095445,-0.0126151554286479,0.0733609572052955,0.0300062950700521,0.0410320484165102,0.5422662177592515,-0.3275590527176857,-0.0872685834765434,0.090940274298191,-0.1353615425201598,0.0648836269974708,0.0903928579076193,0.0034758480005781,897
1726744793648038000,-0.039701493932493,-0.0303764335632324,-0.0098117113750427,-0.2871068865483626,-9.78180957325399,-0.6357246920488775,-0.027462126687169,0.0581586100161075,0.0069061517715454,0.4786397959484956,-0.4952339628859617,0.535869630204239,-0.4883553459857741,-0.0820650681853294,0.0592384748160839,0.0441509447991848,-0.0609331921294331,0.4632330130547284,-0.1392775377869606,-0.1114152818918228,0.1028185114264488,-0.0188884070234023,0.0570304840803146,0.1528759920259471,-0.0144857333513558,898
1726744793687804000,0.0181372027803212,0.0801642545610666,0.0059316550713032,-0.2867364823333919,-9.781320912954213,-0.643388285479322,-0.0089940056204795,0.0788353085517883,-0.0019841713365167,0.4777188652312048,-0.4946434624675587,0.5367788365125176,-0.4888569296910664,-0.1292855739593505,0.0583809912204742,0.0327870361506938,0.0852496680665761,0.0265022224783897,0.0458539886802434,-0.1526390463113784,0.1245938539505004,-0.1309342641298193,0.0530216321349144,-0.0099275734317197,0.0406324592062504,899
1726744793727570200,0.0152240187473595,0.0182435126990079,-0.0273860195755958,-0.2860681363514624,-9.781049694797396,-0.647778629392758,-0.0046443585306406,0.0127942590042948,0.002122945850715,0.477085955684099,-0.4942141448524352,0.5373824502216785,-0.4892458197797385,-0.1266224235296249,0.0556095466017723,0.0213112756609916,-0.0116908761851489,-0.0998363387584686,0.0275099382162094,-0.145670473575592,0.124338686466217,0.0364710355277289,0.0618113353848457,0.1462664194267708,0.0968314487209077,900
1726744793767335200,0.0850132106958888,0.004052490261197,-0.0494470447361469,-0.2883705498086288,-9.781223882320525,-0.6441238332122564,0.0224750041961669,-0.0647419467568397,0.0037675227504223,0.4775498012440646,-0.4944065075634758,0.5370320104054143,-0.4889836997992512,-0.1371887773275375,0.0464290454983711,0.0302680172026157,-0.0262358996924012,-0.0940519101381301,0.0311994403839111,-0.105181835591793,0.0875996723771095,0.0259416751193348,0.0425328016281127,0.0842438976906705,0.1651218078132718,901
1726744793807101000,0.199184638271667,-0.0261222832500934,-0.1896890436410903,-0.290164118694514,-9.781575179976224,-0.6379571272760629,-0.0055079883895814,-0.0478380434215068,-0.0039306227117776,0.4783692681416752,-0.4948860250197834,0.5362971021244934,-0.4885039932541296,-0.1052066087722778,0.0367289595305919,0.027543606236577,0.0497357254844158,-0.1707633938968181,0.1221796879917383,-0.0418593548238277,0.0376526936888694,0.0961580338382162,0.0316756702959537,0.1290921342613175,0.2556276428423821,902
1726744793846861000,0.2437258821192197,0.0374117390275001,-0.1466425866622477,-0.2865222367945127,-9.781215114492175,-0.6450904862873256,-0.0194803569465875,0.0139489090070128,-0.0126191973686218,0.4782422182430577,-0.4953188081100121,0.536236644798974,-0.4882561089200645,-0.047070600092411,0.0087392963469028,-0.0130757270380854,0.0890377352379262,-0.196916656807065,0.1902285573452711,0.0220914725214242,0.0037396736443042,0.048802376457327,0.032937753945589,0.1090633547138888,0.2516239053600467,903
1726744793886627000,0.1617478744007646,0.0173357502043247,-0.036396935961768,-0.2789140998783521,-9.780889535799622,-0.6532823413755744,-0.0137775838375091,-0.0046080243773758,-0.014824217185378,0.477692866567921,-0.4955607305457115,0.5364025471586069,-0.4883659945937426,-0.0923017263412475,-0.0304198767989873,-0.0124518815428018,-0.0164736534822732,0.0407183793574571,0.0685246701717376,0.0608369596302509,-0.0259757675230503,0.005510604660373,0.0126411383971571,0.1133398903887718,0.1695948615740984,904
1726744793926392300,0.0304213321508839,0.0265057296097278,0.0739057056229561,-0.2716368571506813,-9.780783737337588,-0.6579416384235024,-0.0023221760056912,-0.0657636448740959,-0.0161687191575765,0.4777671776602099,-0.4962847058356351,0.5359544572057834,-0.4880501465836435,-0.001866903156042,-0.0542026534676551,-0.0319281108677387,-0.0525118391342461,-0.1161176114737987,0.2257680727601051,0.0740421563386917,-0.0455219335854053,0.0342252795946667,-0.0361531935632228,0.1241058794145006,0.0051786099267628,905
1726744793966158300,-0.0682690879754722,0.0727075088143348,0.1424923351150006,-0.2652730029408819,-9.781196409791708,-0.6544030159685761,0.0207536686211824,-0.0710386931896209,-0.013733928091824,0.4783815156938246,-0.4971223122023855,0.5350090434516941,-0.4876330668968884,-0.0159624814987182,-0.071817971765995,-0.0410137511789798,-0.0725865127831697,0.0439016855686903,0.0333329452812671,0.0489149987697601,-0.0456729345023632,-0.0397152758626732,-0.0878458470106124,0.0779585886097978,-0.0118722024101822,906
1726744794006015700,-0.1253214931488037,0.0140577514469623,0.0538531707406043,-0.2634366543591954,-9.782101249676945,-0.6414801137704402,0.0346446558833122,-0.0811508148908615,-0.0022495300509035,0.4793921311984636,-0.497654124008921,0.5338977016600887,-0.4873160169681229,0.0418174639344215,-0.0664363577961921,-0.0386085845530033,-0.0272226457074284,-0.0401256741613149,0.084549922299385,0.0273548755794763,-0.0594918467104435,0.0076403855139709,-0.1162895187735557,0.0979873772903811,-0.0078684643570246,907
1726744794045785300,-0.0532152016306295,0.0086082538694143,-0.0380220529455691,-0.2682064808432012,-9.782788062897325,-0.6289125278159976,0.0187716037034988,-0.0597512871026992,0.0130626028403639,0.4805862782730741,-0.49804326342429,0.5329338804744844,-0.486797037535414,0.039023008197546,-0.0718438029289245,-0.0410588271915912,-0.0127121820569038,-0.0903536401420831,-0.1690109972715377,0.0203805826604366,-0.0598923377692699,-0.0546999739954015,-0.1333396583795547,0.0757529546245699,0.0160466351256822,908
1726744794085555200,0.0014083141616545,-0.0606353782266378,-0.0144458739817142,-0.2730006745834835,-9.782974525380132,-0.6239084359183907,0.0054890164174139,0.0204129312187433,0.0015990370884537,0.4810251928401724,-0.4980003076168002,0.5327346145964236,-0.4866254231558296,0.0151970349252223,-0.0516757369041442,-0.0556367710232734,0.1962641842477023,-0.0536871665239334,-0.0327595293074846,0.0195142794400453,-0.0438413918018341,-0.0902996083999052,-0.1447727531194687,0.0708883990618167,0.0491162236128933,909
1726744794125323800,0.0074458772928453,0.002653729379177,-0.0430068556208163,-0.2712566256614401,-9.783118317764997,-0.6224318605598061,0.0003333399072289,0.0265367608517408,-0.0090250726789236,0.4807260608109566,-0.4976904118597112,0.532953514135245,-0.4869983403605883,0.0049214945174753,-0.034282311797142,-0.0362925641238689,0.1809044102914631,0.0648696547955274,-0.0516974540114402,0.0292952004820108,-0.0183611754328012,-0.0904554382824339,-0.1431075483560562,0.0796370432160329,0.053008810604643,910
1726744794165093400,-0.09885463424474,0.0292564896225929,-0.0054067544143646,-0.2671591454810463,-9.783083246451616,-0.6247171950180083,-0.0047827148810029,0.0066744470968842,-0.0100284507498145,0.4804268854411271,-0.4977061225624479,0.5330481475016629,-0.4871737049424184,-0.0376145131886005,-0.0401106402277946,-0.0180512443184852,0.0483779541999101,0.1847153468817472,0.0172819741904735,0.0329249091446399,-0.0098498426377773,-0.0725537156252656,-0.1617959886789322,0.0863813572439365,-0.0321170164531329,911
1726744794204863200,-0.2164141881551593,-0.0088490768879652,0.0896492912650108,-0.2637729736414738,-9.783136437943575,-0.6253518396597355,0.0020205385517328,0.0427611507475376,-0.0049612261354923,0.4801257348116844,-0.4975943325772614,0.533182848906567,-0.4874374822933948,-0.0290460605174303,0.0002221344911959,0.0171620696783065,0.1437539525486529,0.0280149651288986,-0.1161298864334821,0.024272670969367,0.023680318146944,-0.1022114612588193,-0.1704548448324203,0.0644728100982029,0.0159354823518078,912
1726744794244632800,-0.2387360014100558,0.0237368494182825,0.0606021335441619,-0.2616524743561633,-9.783250419712068,-0.6244359669238329,0.0101520176976919,0.0828556641936302,0.0023258030414581,0.4794638441652938,-0.4969382656498654,0.5337506294798268,-0.4881362171630111,-0.0933193266391754,0.0110674854367971,0.0067323991097509,0.1658974683608859,0.1916694038033485,-0.0913145941287279,-0.0121983094140887,0.036292940378189,-0.0740402826549019,-0.1446460634469986,0.0436084610760444,-0.0067284229098499,913
1726744794284401700,-0.1582776775395497,-0.0333767844229936,-0.0011515081226825,-0.2657952549830079,-9.78329893502891,-0.6219391086068004,-0.0009324443526566,0.0929024070501327,0.0171743333339691,0.4787356513640931,-0.4957853161574244,0.5347027112485908,-0.4889807273538175,-0.0824008956551551,0.0166900046169757,0.0241368897259235,0.0821808550804853,0.2348755083233118,-0.0415852253198623,-0.0707273259758949,0.0728668197989463,-0.0749833447918295,-0.1405814588069915,0.0324659098059055,-0.1230921723273117,914
1726744794323731500,0.0640074667419307,0.0332218861222267,-0.0674935735583305,-0.2712556392807513,-9.783009596693516,-0.6241315040845423,-0.0033028614707291,0.0857689678668975,0.0053903358057141,0.4779843372753277,-0.4947790328960002,0.535738330659353,-0.4896010668357201,-0.0868435800075531,0.0439601875841617,0.08382498472929,0.0048264703083783,0.18913024071455,-0.1138356380164623,-0.1085738465189933,0.0619704611599445,-0.0314995741079561,-0.0722669810056686,0.123578686335776,0.0979784541984088,915
1726744794363941000,0.1842877873857505,0.0728366881519556,-0.0688320556204766,-0.2703296652759425,-9.783119486808776,-0.6227929489571601,0.0092816706746816,0.0963602364063263,-0.0047187050804495,0.4770868352736254,-0.4937782540540869,0.5365972795032788,-0.4905451358098594,-0.1378340572118759,0.0122906751930713,0.0722929015755653,0.0279900498833507,0.2906692917376756,0.1983329533457755,-0.1013778671622276,0.0045520816929638,-0.0081234260696044,-0.0423152633011341,0.1395249458099249,0.039513314416632,916
1726744794403710700,0.1080153891640715,-0.0428700044333934,-0.0838846633236855,-0.2651348731118254,-9.783381352615356,-0.6209080119933933,0.0068589779548347,0.0331585332751274,-0.011760352179408,0.4763002460379191,-0.4931053439445342,0.5371262574622799,-0.491406664466917,-0.0140894819051027,0.0130083439871668,0.0782826840877533,-0.1251263359028846,-0.056757660010457,0.1308078156054019,-0.0735883563756942,0.0309912990778684,-0.0961137380387634,-0.023651897907257,0.0386801880607381,0.0270258125276537,917
1726744794443480600,0.0110093053954653,0.0277063375711441,-0.0377520038325339,-0.2597072037735953,-9.783630358940362,-0.6193066412113607,0.0103476159274578,-0.009568347595632,-0.0072978921234607,0.4761762906364304,-0.4931846738920148,0.5369773993147523,-0.4916100132762623,0.1354512721300125,0.0163760706782341,0.0440740436315536,-0.1451638193465769,-0.7389297765880822,-0.0516495232164859,-0.0799978598952293,0.0482125058770179,-0.1365925638861488,-0.0250143613666296,-0.0508844251620816,0.0146494611292611,918
1726744794483249200,-0.0572287663872353,0.0247854816883802,0.0108558136004954,-0.2571600217751227,-9.784148829856514,-0.612099815105088,0.0292890053242445,0.0304581224918365,0.0044437353499233,0.4761977304509264,-0.4929743224778138,0.5368283921145215,-0.491962641914494,0.0777666717767715,0.0733383670449256,0.0627446696162223,-0.0418666726097464,0.0348924496829509,-0.1664636508762836,-0.0744692757725715,0.0498030818998813,0.0636511732507031,-0.0085194977000355,0.0968867865041829,0.0910932795282453,919
1726744794523018800,0.0383475403065793,0.042456747457385,-0.1119745203197002,-0.2625042506136,-9.784463887155056,-0.6047903323419391,0.0082043362781405,0.0315294340252876,0.0248052366077899,0.4761660427235994,-0.4922677136492233,0.5371296146975956,-0.4923721063702023,0.0243588406592607,0.0035817653406411,0.0128963515162467,0.0314095760032534,0.0596118803977966,0.2675707402229308,-0.0547411777079105,-0.0111459121108055,0.0490342261515557,0.0018462083535268,0.1581910039030946,0.1176567306745797,920
1726744794562788600,0.2196245102374814,0.0431084893643856,-0.0756464118104428,-0.2728956798390485,-9.784216049873828,-0.6041565279504284,0.0034063854254782,0.011782094836235,0.0220970679074525,0.4762358043235061,-0.4917404489407653,0.5375823108080078,-0.4923372419507227,0.0988812744617462,-0.0324212945997715,-0.0389109179377555,-0.0324023133676499,-0.2730658305078745,0.2273813531756401,-0.0264692641794681,0.0040409592911601,-0.0811770209333393,0.0020066075958311,0.0235131053986959,0.1323964456368703,921
1726744794602558500,0.2400995813808403,-0.0061222822725772,0.0672094959199428,-0.2739176980968564,-9.784366856521368,-0.6012658845428377,0.0242990404367446,0.0159897003322839,-0.0110920807346701,0.4761712520535219,-0.4914641245418559,0.5376979103748246,-0.4925494238849638,0.1433568596839904,-0.0070747667923569,-0.0143494494259357,-0.0139757722519338,0.1722159307926893,-0.0650748219788074,0.0043648318387568,0.02347500808537,-0.0463564948422834,0.0045989444479346,0.0721208680327981,0.1187898080914281,922
1726744794642328000,0.0342354288126342,0.0099579149127006,0.0357259048324078,-0.2661734954445622,-9.785484462374448,-0.5863929077228531,0.0474449172616004,-0.0645548999309539,-0.0167174935340881,0.4765188320819251,-0.4914990128065399,0.5369603690107986,-0.4929829964692954,0.2747631072998047,-0.0198693387210369,-0.0181690882891416,-0.1070505809862166,-0.2106453224301338,-0.1718459284365177,0.0199097543954849,0.013733085244894,-0.0009349407646761,-0.0292738713324069,0.0524918420924106,0.0233555288003641,923
1726744794682096600,-0.1229532661801204,-0.0413040702909231,-0.1094096017351373,-0.2626628569751046,-9.786444247317313,-0.5717410993728786,0.0189949795603752,-0.1401745229959488,0.0018385994480922,0.4779005649093019,-0.4924371300093345,0.5354029859144074,-0.4924025742758469,0.2145383656024933,0.0075387433171272,-0.018307838588953,0.2129803412489593,0.128558575373888,-0.34198622199893,0.0223594326525926,0.0183948911726474,-0.0333059088605805,-0.0462705343961715,0.0346686851137666,-0.0085670496427686,924
1726744794721866500,-0.0444609086203388,0.0246247381687164,-0.0902292100448161,-0.2670846737390384,-9.786534263688326,-0.5681763195633888,-0.0063725081272423,-0.0436701253056526,0.0109343752264976,0.479134942121509,-0.4933528612353922,0.5343892638319323,-0.4913867124650766,0.5449482798576355,0.0048009604215621,-0.0689849331974983,0.107180344845727,-0.5490536859422922,0.1366670630276203,0.021205460652709,0.0130958352237939,-0.0328103872784646,-0.0546234026551246,0.0489263179308269,-0.0170299151085666,925
1726744794761636400,0.0838786354416981,0.0166840082973241,-0.0434393287539482,-0.2695790843706578,-9.786074244961142,-0.5748633230466396,-0.0194857157766819,0.0677139908075332,-0.0003828313201665,0.478798385650188,-0.4931974718557631,0.5348514992403108,-0.4913677390370848,0.5977491736412048,0.0255228038877248,-0.0440053455531597,0.0015899726051837,-0.1687701742529869,-0.1866349167674779,0.0409930497407913,-0.0216017477214336,0.045513833473064,-0.0431087724864482,0.1655160312952473,0.0539296974423807,926
1726744794801406000,0.0744481784692034,-0.0313438172906637,0.0432698539385572,-0.2671812111823819,-9.78563059284687,-0.5834622245658189,-0.0146759068593382,0.0258958470076322,-0.0098432349041104,0.4779534366328556,-0.4928546889370456,0.5355768388168782,-0.4917440085425994,0.8816950917243958,0.010733151808381,-0.0537661649286747,-0.1106140456214547,-0.1444780290395021,0.0815764594465494,0.0544941872358322,-0.0144144473597407,-0.0933525388302747,-0.0353761352598667,0.05196751225763,-0.0262885842942865,927
1726744794841174500,-0.0411555651983246,-0.0090571666806936,0.1430955617051571,-0.262758280173596,-9.785473356458544,-0.5881181606128811,-0.0022947373799979,-0.0726318359375,-0.0127876885235309,0.4779554056290755,-0.4933402305973727,0.5353513773825708,-0.4915008470505111,0.8912444114685059,-0.0400240868330001,-0.0875565558671951,-0.1473931858338415,0.1065869820624589,-0.0740969173461198,0.0486478060483932,-0.0080663552507758,-0.0784956180959474,-0.0340287387371063,0.1034253396937623,-0.0470999336207285,928
1726744794880939300,-0.1419336417863145,0.0519172342419624,0.1086380693733692,-0.2607412229964509,-9.785992996418477,-0.5802966366743668,0.0288884043693542,-0.1381038278341293,-0.0081897210329771,0.4791981038816928,-0.4943973284842588,0.5340020376136434,-0.4906957361930352,0.9115526080131532,-0.0600223504006862,-0.1033895760774612,-0.1366280461914837,0.1213116729855537,-0.0673994655340909,0.0348981581628322,-0.008247060701251,-0.0996060827997047,-0.0192271452397108,0.0865087738827336,-0.0334863251950941,929
1726744794920709000,-0.1235767318407073,0.0043517654687166,-0.048466290070489,-0.262637667734921,-9.786462367495892,-0.571482667632401,-0.0005589132197201,-0.0868422389030456,0.0019668501336127,0.4806966282562192,-0.4954655850754333,0.5325892980995114,-0.4896870592225564,0.6856188178062439,-0.0411327071487903,-0.059984978288412,-0.093787779309228,0.5172177012205124,-0.4098901299238204,0.0159075912088155,0.0113316578790545,-0.064501963127451,-0.024000646546483,0.0771157080448698,-0.0580930459332186,930
1726744794960478700,-0.0705630075989291,-0.0019143091887235,0.0163736637065187,-0.2644756237518042,-9.786180043423176,-0.5754194225594401,-0.0221888236701488,0.0759338364005088,-0.0027597025036811,0.4807155019947398,-0.4955913389548044,0.5326607275144782,-0.4894632857979442,0.3332069814205169,-0.0247679576277732,-0.0356807708740234,-0.0728361766953021,0.582778845411539,-0.2730623233765363,-0.0057144314050674,0.0275952760130167,-0.0226207277028122,-0.0358980596065521,0.0879425512792076,-0.0807499911603052,931
1726744795000248300,-0.0804767545763403,0.0129290396779775,0.0757563749909401,-0.2609964581328444,-9.78576094122827,-0.584074986169301,-0.01133344322443,0.1147448122501373,-0.004670949652791,0.4792747050107906,-0.4946632260515578,0.5339361667572797,-0.4904245344920251,0.2971736192703247,-0.0126260733231902,-0.0262067075818777,-0.0490169096905738,0.2515998486310243,-0.3498632389843463,-0.0113644152879714,0.0298358257859945,-0.0601744005182292,-0.036995593458414,0.0665510183114791,-0.0106140453004511,932
1726744795039938000,-0.0945700522607192,0.0092605802983045,0.0530301639199256,-0.259173005565349,-9.785683784338833,-0.5861889826485887,-0.0012350818142294,0.0072699794545769,-0.0002756521862465,0.4785784913929015,-0.494114646326088,0.5345447001554758,-0.4909942499765015,0.3187771737575531,0.0092387460172176,-0.044153019785881,0.0262830998349934,-0.0251093068152666,-0.0313800576478242,-0.0045401211827993,0.0307891517877578,-0.0778723168321419,-0.0458502620458602,0.0684307767766295,-0.0626702907208818,933
1726744795079704600,-0.0424548294949345,0.0318295549809932,0.059976622056961,-0.2614590524096041,-9.785807118457557,-0.5831090272139757,0.0151947420090436,-0.055681224912405,0.002307855989784,0.4790062280379595,-0.4942954464555382,0.5342305671745107,-0.4907370061317156,0.4746730327606201,0.0216922741383314,-0.0621560513973236,0.0405874464541673,-0.2432066988170146,-0.021210545811057,-0.000734353903681,0.0372981242835521,-0.0920778975182678,-0.048678558319807,0.022481944853207,-0.0542143915686989,934
1726744795119471000,0.0476233912392519,-0.0176923085570335,-0.0283750306129455,-0.2636999997368082,-9.78626421457529,-0.5743650546682998,0.0123795224353671,-0.0417416095733642,-0.0064652506262063,0.4798298485376039,-0.4946149379445946,0.5335171327864543,-0.4903864964726042,0.3629017472267151,2.68182775471e-05,-0.0885019749402999,0.0032864012595266,0.0491746575355529,-0.0270616099268198,-0.0036461029667407,0.0417834855616092,-0.0516551766391377,-0.0314840078353881,0.0310394503494957,-0.0482678403223631,935
1726744795159237600,0.0212007916020229,-0.0063759647727012,-0.0882031841099262,-0.2607704308246262,-9.7865073756814,-0.5715492665952071,-0.0022102976217865,0.0289486311376094,-0.0085227414965629,0.4799164001965028,-0.4947223198518705,0.5332829731566062,-0.4904481622902548,0.2435210198163986,-0.0047073769383132,-0.0368892475962638,-0.0183173085875809,0.360876800429821,-0.0861187790513038,-0.0112519152462482,0.0294211972504854,-0.0233001202351413,-0.0175669938325881,0.0419300110363867,-0.0716094342122087,936
1726744795199004200,0.003933594855573,-0.0070072484135627,-0.0773520466845482,-0.2551754786280915,-9.786323835808036,-0.5771628686932847,-0.0230676755309104,0.0808694288134574,-0.0113589111715555,0.4790576725169576,-0.4943854895451328,0.5338633767664872,-0.4909954339379538,0.2091401368379593,-0.0235343817621469,0.0092183938249945,-0.0194868638236075,0.2584709034442901,0.0508645103186368,-0.0131384655833244,0.0138862803578376,-0.0540766772981733,0.0021395275834947,0.0407583962740143,0.0004762831629283,937
1726744795238769700,0.0253911924965679,0.0197375506490468,-0.011309329521656,-0.2482014748970046,-9.78598481311202,-0.5858941278878599,-0.0136847645044326,0.0486188568174839,-0.0162962041795253,0.4779712164368806,-0.4940379567447331,0.534601519948138,-0.4916006598586463,0.0647078603506088,-0.011967153288424,1.17124291136e-05,0.1180629003226757,0.0891518631368875,-0.1143114388346672,-0.005739601328969,0.0052778078243136,-0.0335895047250669,0.0125155691057443,0.0926695250021759,0.0024330249875813,938
1726744795278536200,0.0574017300676554,0.009058335724473,0.0347077772984281,-0.2401093538561835,-9.785929868054389,-0.590161831802316,-0.0031918450258672,-0.0042381100356578,-0.0217242911458015,0.4774520054170835,-0.4941368872766494,0.5347135838357059,-0.4918837449772743,0.0023805727250874,-0.0023812118452042,-0.0496562421321868,0.0387451065231114,-0.1200181260436773,-0.1685515630662441,-0.0102152749896049,0.01071223244071,-0.0313518750162445,0.0014658297877758,0.0511956602354534,-0.0456334092987002,939
1726744795318302700,0.0046849064132198,0.0498714076280593,0.0460626629948616,-0.2327325414778664,-9.786191733860967,-0.5887988363534212,0.0115415826439857,-0.0383968539535999,-0.0154635701328516,0.4775509472088823,-0.494576549710441,0.5342419137980859,-0.4918584899242625,0.1141627579927444,0.0017490311292931,-0.0849640294909477,0.0432130457174032,-0.2867512415111065,-0.0264127906292676,-0.0134057970717549,-0.0095689008012413,-0.0484183775418438,-0.013085319660604,0.0817152468627318,0.0264592761025181,940
1726744795358069200,-0.0115492392247542,-0.0310638313055038,-0.0060848363390192,-0.2289184996150433,-9.786509129247069,-0.5849840273056179,0.0006199236959218,-0.0341370739042758,-0.0081387236714363,0.477927208231958,-0.494995434461548,0.533671626232386,-0.4916905866799389,0.1783231049776077,0.0383503995835781,-0.0523532889783382,0.0866422184035182,0.1128524721980094,0.0129980132609605,0.016375383362174,0.0028401473537087,-0.0127906860866351,-0.0159381069242954,0.1270833608553279,-0.0033954071712651,941
1726744795397834800,0.0347998212297447,0.0514846880435943,-0.0031821006348356,-0.2264854637818411,-9.786607328924536,-0.5842950586607679,0.0082768779247999,-0.010672427713871,-0.0065436102449893,0.4781002990209554,-0.495280165450248,0.533374459506531,-0.4915580332970726,0.1478807777166366,0.0124794403091073,-0.021437119692564,-0.1191367400992661,0.2046849527209997,0.0644452919036149,0.0392034947872161,-0.0110234636813402,-0.0472715090616606,-0.0157771259546279,0.1014818774757906,0.0056409593208169,942
1726744795437601300,0.0912780797769315,-0.0203162273198366,-0.0620540859181433,-0.2244553096611052,-9.78678385453522,-0.5821352868109941,-0.0056935739703476,-0.0016800856683403,-0.0094667617231607,0.478152870661108,-0.4953357145204928,0.5332196250250189,-0.4916190206264791,0.2164132297039032,-0.0006012617377564,0.0221360567957162,-0.1262420420598238,0.1483732829123735,0.2112812822461128,0.0247318241745233,0.0036382768303155,-0.0472995615457883,0.0052357371896505,0.0609783144793706,0.0024260609572549,943
1726744795477367800,0.0442458410975523,-0.0073445175439119,0.0017594839531928,-0.2200700255152769,-9.786735339218378,-0.5845974026082084,-9.88356769084e-05,-0.0044128880836069,-0.0133483642712235,0.4780315300043978,-0.4955708282009057,0.533118866852836,-0.4916092007080861,0.3420374989509582,-0.0096136117354035,0.0230559129267931,-0.2396366583105176,-0.0034060090512037,0.1327075117468834,0.0025736193638294,0.0055584898218512,-0.040026926494576,0.0189527887850999,0.0954558769182302,-0.0040870284266828,944
1726744795517134300,-0.0328050306833349,0.0204144269973039,0.0367652578175067,-0.2146952188754454,-9.786811911585929,-0.5853364209398627,-0.001634428743273,-0.0135347703471779,-0.0087771927937865,0.4779366581388962,-0.495798945537437,0.5329420763082694,-0.4916632987406464,0.7202004790306091,-0.0536701790988445,-0.0787649899721145,-0.1805262976940721,-0.7029962934195995,0.3253524825841188,-0.0073067024350166,0.0102990232408046,-0.0505282321355538,0.0273576360195875,0.0739369136119727,0.0674182204669108,945
1726744795556900900,-0.0228725607391446,0.0118424134850502,0.0462847813129425,-0.212806628649868,-9.78691887909174,-0.5842317476335913,0.0067754248157143,-0.0366084650158882,-0.0008802140364423,0.4781855878576338,-0.4961142542445409,0.5325956961113548,-0.4914784564303571,0.8270151019096375,0.0112658366560935,-0.1531179845333099,-0.0084019907075911,-0.5283984359264373,-0.1798836889415979,0.0105160428211092,0.0404438823461532,0.0034487225316348,0.0249525960534811,0.122934260085551,0.0772643318684771,946
1726744795596666400,0.0142110423125326,-0.0274386265456676,0.0181014738798141,-0.2129294695782475,-9.7871421664536,-0.580439808004722,0.0031905137002468,-0.0238781496882438,-0.0047567533329129,0.4786010014790559,-0.4963608227121934,0.5321842980285423,-0.4912707549937817,-0.2528927326202392,0.0016083628870546,-0.2151997983455658,0.0994818992976099,0.978870751607418,-0.164704239988327,0.0476976074278354,0.011677504517138,-0.0283986740667256,-0.0235883109271526,0.1598722897872328,0.0400937811857089,947
1726744795636433000,0.0390384817128069,0.0120271224021911,-0.0115502256054431,-0.2111216164386831,-9.78725439465642,-0.5792189975054934,0.0023822165094316,-0.0161428377032279,-0.0082551138475537,0.4787316119851428,-0.4965371491906347,0.5319612860426717,-0.4912069073952432,0.6687807440757751,0.0285633355379104,-0.2901652455329895,0.1087449638139456,-1.2115876205921172,0.106861122828722,0.054272498935461,0.0434044152498245,-0.0740402826549019,-0.0482777245342731,0.0436084610760444,-0.0067284229098499,948
1726744795676199400,0.0271536538581363,0.0117944826900959,-0.0270341373980045,-0.2077660406667739,-9.787319861108063,-0.5792972138408571,-0.006817846558988,-0.0243477988988161,-0.0108660729601979,0.4788693173765856,-0.4968727326755858,0.5316516011776188,-0.4910684431320944,-0.6805495023727417,-0.1963687390089035,-0.3029216527938843,-0.9640383625261484,1.2970417982548474,-0.2790758845776319,0.0333953835070133,0.0474482178688049,-0.0636149968256242,-0.033344704657793,0.0072511510176555,0.0518409039030084,949
1726744795715966000,-0.1039629719681106,0.0252262111932039,0.0345908363878726,-0.2036919961608946,-9.787433842876553,-0.5788222167402506,0.0135584585368633,-0.001083449460566,-0.0058205616660416,0.4789050631193154,-0.4971079855520459,0.5314088543194698,-0.491058274415259,-0.187753677368164,-0.3807074725627899,-0.2697272002696991,-0.3582710018455982,-0.9008902708262204,1.4945423924297094,0.0132476687431335,0.0658000335097312,0.0166071573685621,-0.0033847228623926,0.0593607323480537,0.0793043589292559,950
1726744795755732500,-0.0735380778869614,0.037850130444765,-0.0485959443321451,-0.205685946457088,-9.787786894097923,-0.5721007995307446,0.0113732498139142,-0.0174015816301107,0.014283244498074,0.4791526552438142,-0.4969185173561761,0.5312635970053794,-0.491165633626308,-1.9541674852371216,-0.7174298763275146,-0.5422632098197937,-0.355110199727118,0.9023825552105904,1.6382260562211275,0.0163624230772256,0.0340957902371883,0.0159838629546225,0.0236051995307207,0.094355286132032,0.0948747068962547,951
1726744795795498200,0.1145989140065386,0.0141308166831731,-0.0924666867733001,-0.2126115627354942,-9.787710321730374,-0.5708767010958865,0.000984538346529,-0.0372978672385215,0.0078818229958415,0.4796886862208315,-0.4970590182307258,0.5310733889042047,-0.4907057602246426,-0.7300238609313965,-0.8743531703948975,-0.5473983287811279,-0.4471186213389039,-3.651786477291584,2.5668027908742426,-0.0016811193199828,0.0380028001964092,-0.1277535700007807,0.051477625966072,-0.0402588812200818,0.1089297731957864,952
1726744795835264800,0.090371979516372,-0.0135457102715969,-0.0211877129247412,-0.2139726584882475,-9.78801602667868,-0.5650930761931464,0.022061500698328,-0.0017443759134039,-0.0061546401120722,0.4800370707851776,-0.497061498583962,0.5307933631521065,-0.4906654866753582,-0.6884292960166931,-0.6119804382324219,-0.3911611139774322,0.0154398534551262,0.3433750460088253,-0.2978963203817605,-0.0142084043473005,0.065956063568592,-0.0144891742673236,0.0409550890326499,0.0120519999734766,0.0194559754949994,953
1726744795875030300,0.0055464003470726,-0.0444838693708181,-0.1155716314962133,-0.2108492840370163,-9.78820248916149,-0.5630350842174142,-0.0095295701175928,-0.0227109920233488,-0.0041562430560588,0.4801042121661138,-0.497196464966763,0.5305680690437728,-0.4907067122845772,0.2237518429756164,-0.4166247248649597,-0.3999288380146026,0.4611966849215328,-1.350486388194561,0.1010696799457073,-0.0232103504240512,0.0471570082008838,-0.0697688204473583,-0.0171192456036806,-0.0479633318173,0.0343207735751057,954
1726744795914796500,-0.0477303222124464,0.0049614217996597,-0.0278781139414757,-0.2085990391585044,-9.787668236154316,-0.5730663566272706,-0.0302937552332878,0.0088091744109988,0.0017781244823709,0.479942552823876,-0.4976652924581618,0.5306105055782763,-0.490343556561109,0.1760330498218536,-0.3408945500850677,-0.4636997580528259,0.4727446455046534,0.085751114782691,-0.5854343283563852,0.0044910605065524,0.0440665334463119,-0.0086750486242206,-0.040906935930252,0.0442602075496222,0.0415463820136617,955
1726744795954563000,-0.049438423038274,0.1014373442143201,0.1008229386430233,-0.2100327434897422,-9.787330967023967,-0.5783170071644708,0.0125391744077205,0.0386879593133926,0.0098755713552236,0.4795277840931438,-0.4974115719175944,0.5311004522195786,-0.4904765926673752,0.041834507137537,-0.3088530898094177,-0.4023126363754272,0.3161985775306821,0.5921154135555029,-0.668822805660963,0.0454637743532657,0.0245699658989906,-0.0149566445069562,-0.0657106339931488,0.0382979221613262,0.0311337364702485,956
1726744795994328800,0.0082365344801917,0.0159451726287603,0.02508417237401,-0.2127908282925374,-9.787579973348974,-0.5730567485487088,0.0118831880390644,-0.0060496139340102,0.0029181153513491,0.4795638478520662,-0.4970274611645767,0.5312075547897848,-0.490714588568254,0.260422796010971,-0.2635541260242462,-0.3232361078262329,0.1310739191956818,0.7643284217387437,0.0820616126149892,0.0755244717001915,-0.0230832435190677,-0.0212101896180305,-0.067490704357624,0.0728391860697185,0.0239359978527296,957
1726744796034095400,-0.0840326204270124,-0.0018587796092033,0.0734358230888843,-0.2143449076004326,-9.788031808769702,-0.5646960396995767,0.0298079811036586,-0.0147928800433874,0.002153584267944,0.4799660893403824,-0.4969438306362166,0.5308844641550242,-0.4907556473914432,-0.0079951025545597,-0.2687243223190307,-0.2495428025722503,-0.0471339454881846,0.5833680434763431,-0.518999323940277,0.0739052593708038,-0.015162980183959,-0.0746916227031033,-0.0325593389570713,0.0380994655633345,0.0056270266935869,958
1726744796073922800,-0.0822458831407129,-0.0035357729107141,-0.0081190090477466,-0.2161316996856592,-9.788599379524587,-0.5540698336038739,0.0173495691269636,0.011026014573872,0.0093830404803156,0.4803005575821873,-0.4966564314841218,0.5306430888935698,-0.4909802958410402,-0.4642686247825622,-0.4156928062438965,-0.2786127030849457,-0.0969153367452323,0.4539572351872921,0.3368710709422826,0.0627137273550033,0.0167426373809576,-0.1069348182525951,-0.0106084309518337,-0.0289758780163479,-0.0334030399589682,959
1726744796113692000,-0.0098293018306605,0.0102291330695152,-0.0576466812720522,-0.2204631530187092,-9.78874667904079,-0.5497320601278916,0.0025371611118316,0.0557753480970859,0.0119535299018025,0.4802464656783727,-0.496137833380769,0.5309197537584759,-0.4912583281469433,0.4229339361190796,-0.2672929763793945,-0.3142178654670715,0.1137501516900956,-0.3685509883195161,-0.0295867444902658,0.0416516549885273,0.0262052975594997,-0.0425045275552896,0.0232903715223073,0.0241677105496404,0.0382272931940853,960
1726744796153461000,0.1020329354872927,0.0567225886970758,-0.0222352126836776,-0.2254837393933907,-9.788703424420952,-0.5484831925779581,0.0116642527282238,0.0659326687455177,0.0170127302408218,0.4797009806854015,-0.4952108634110422,0.5317246094800568,-0.491855821032425,-0.1018446385860443,-0.2901731729507446,-0.2433127909898758,-0.4685165064156055,0.1112976439714431,-0.3301736191302538,0.0266266409307718,0.0245566591620445,-0.0483186571941478,0.045136421918869,-0.0080404981681494,0.0161368878170673,961
1726744796193228800,0.1765319490945898,0.0017155717462301,-0.0238450590331107,-0.2307006885903887,-9.788764799219368,-0.5452260539455339,0.0103021329268813,-0.0136826485395431,0.0094172582030296,0.4796241491601244,-0.4946754579360933,0.5320667103582024,-0.4920995726786184,0.5554578900337219,-0.064052514731884,-0.1872913241386413,0.0212806884378194,-0.3018517800092697,-0.1403723472863435,0.0045881737023591,-0.0058490545488893,0.0295019203176023,0.0304783396422863,0.0306571821667952,-0.0441599118131911,962
1726744796232998000,0.201686191030126,-0.0349883112728595,0.0135236080376431,-0.2335591832940466,-9.789167534801363,-0.5366559035968035,0.0299712754786014,-0.1059216931462287,-0.0019375111442059,0.4805431154971739,-0.4950693732699838,0.5312891420965775,-0.4916465207849281,0.3664227128028869,-0.2405561208724975,-0.1628991812467575,-0.2781597926460206,0.1732078644394874,0.6155342830657958,-0.0040502157062292,-0.0273415260016918,0.0257777258624322,0.0206451509147882,0.0293581484823371,0.0292951137330848,963
1726744796272766700,0.0777269992104731,-0.0288227743804454,-0.0226501501601189,-0.2290105252800509,-9.789946702480316,-0.5242750723861157,0.0298556592315435,-0.1063120514154434,-0.018826924264431,0.4818523682032287,-0.4960868543416885,0.5297437323182901,-0.4910067311076297,0.6938221454620361,-0.3695974051952362,-0.222989022731781,-0.630677783922851,-0.5656634599596262,0.834661018115282,0.0240439847111701,-0.0386470928788185,-0.0044752594176447,-0.008032402023673,0.082947711267136,0.0961328719974961,964
1726744796312535800,-0.0676547006704844,0.0455909538298845,-0.0598421820223331,-0.2233902742454782,-9.79059026108086,-0.5146170902680606,0.0151234995573759,-0.0449223406612873,-0.0049099079333245,0.4827443052549736,-0.4968502420685055,0.5285622070280972,-0.4906320664103916,0.6919432878494263,-0.1003675311803817,-0.1249390766024589,0.3265848008580506,-0.3383037340939044,-0.7771148380756377,0.0474311597645282,-0.0355446673929691,-0.1001776264768093,-0.0004441805649548,0.0143748796882922,0.1050511142646893,965
1726744796352304600,-0.1182071128326468,0.025955109989643,-0.0386800784628838,-0.2229664776091463,-9.790705411893128,-0.512584269266203,-0.002409781794995,0.0289870612323284,0.0075771166011691,0.482817454929129,-0.4968462906895062,0.5284678687239657,-0.490665603171824,0.0873383358120918,0.0030622358899563,-0.0356363616883754,0.1424295720770955,1.1720476373642683,-1.5931939053177833,0.0528040304780006,-0.0340569093823432,-0.0071884855903394,-0.0181145407259464,0.0870331082840915,0.0161577867579122,966
1726744796392072700,-0.0581136229303665,-0.0362894569993019,0.0383224241316318,-0.2263472060886211,-9.790411981904509,-0.5167134049601853,-0.0128234326839447,0.0343542918562889,0.0071283960714936,0.4824402442097693,-0.4964718665479185,0.5290186547552183,-0.4908221580867841,0.4139553606510162,-0.1015602052211761,-0.1505355983972549,0.5888754087209701,-0.687103727760911,0.2009118639230728,0.0542007945477962,-0.036420103162527,0.0206990982907358,-0.040556326508522,0.1241695923004765,0.0044939561266044,967
1726744796431841800,0.0241945483242161,0.0241191267341375,0.1206371347248554,-0.2275519422358833,-9.79021733611524,-0.5198703711537644,0.0082512982189655,0.0223218221217393,-0.002594691235572,0.4821193634944225,-0.4962248234281779,0.5294024346329826,-0.490973512959219,-0.2617392241954803,-0.3139133155345917,-0.1724751740694046,-0.4670464338630437,0.5956161151528359,0.3837152397036552,0.0616574957966804,-0.0472719706594944,-0.1053123590167611,-0.04200916364789,0.0281792134966119,0.0738201507979305,968
1726744796471611000,-0.0413129111845046,0.0126005383759737,0.1345078756997361,-0.2271368220963515,-9.790669171535969,-0.5114449995705858,0.0314397066831588,-0.0114292167127132,-0.0002588327333796,0.4822136870265273,-0.4959114843810422,0.5292903149379559,-0.4913180814185349,-0.4194217920303345,-0.2693640291690826,-0.1706464439630508,0.249465905342251,-0.0317635040074586,-0.0472965887039899,0.0747544020414352,-0.0331808924674987,-0.0372937729203491,-0.045907512307167,0.0682396426852792,-0.0606163264662958,969
1726744796511379700,-0.0812031691547483,0.063311319437623,0.016982698982954,-0.2298936830564402,-9.791401577463745,-0.4959721206286921,0.0381755828857421,-0.0898127406835556,0.0101633528247475,0.4832192144475333,-0.4960417553969284,0.5284222905203729,-0.4911330260691706,-0.043527528643608,-0.1586548686027526,-0.1215594559907913,-0.1191013034597039,-0.3715805652737617,0.2304348955273628,0.041556179523468,-0.032474860548973,-0.0838422672203741,-0.0403989143669605,0.0449712053631898,-0.0808681102477945,970
1726744796551148500,-0.0185220008468255,-0.0273076936423778,-0.0108195732433348,-0.2345152967087924,-9.791913034117222,-0.4835833983724936,0.0104266684502363,-0.0247353687882423,0.0038676157128065,0.4843267175666454,-0.4963399742506241,0.5275438576928704,-0.4906851049805552,0.1017697378993034,-0.0051331096328794,-0.1480016410350799,0.221640033044666,0.1285749419867992,-0.2000561238765716,-0.0074062421917915,-0.020541988313198,-0.0752949954237323,-0.0316142737865448,0.0499631912644719,-0.1153069983438122,971
1726744796590916600,0.0145505399325862,-0.0225233819752931,0.0103833737831562,-0.2340685941209085,-9.792058580067753,-0.480843890406005,0.003505292115733,0.0946169793605804,-0.007777452468872,0.4839987269016188,-0.4958691579843377,0.5278541397444005,-0.4911508428597531,0.1553906202316284,0.0293026808649301,-0.1645716428756714,0.0001680500432848,-0.9082026396661996,-0.3231102566152811,-0.0422669015824794,-0.0124331377446651,-0.0791750060616992,-0.0059109274297952,0.0574127948843641,-0.0379593858057865,972
1726744796630685400,-0.0703843630963936,0.0201958158105611,0.0048060120422393,-0.2302373819275759,-9.791979085090755,-0.4842446387602016,-0.0130437575280666,0.1049232110381126,0.0005008658044971,0.4827086044181883,-0.4948659708054654,0.5289586715897523,-0.4922424992110108,-0.1429832875728607,-0.0480685383081436,-0.2946470081806183,0.7185587503410875,0.6409715066611766,-0.3512660915195941,-0.0458167754113674,0.0032017545308917,-0.0865754185113124,-0.0043786382302641,0.0721874350295634,-0.0243388110665371,973
1726744796670454800,-0.0728287057748995,0.0337315892100334,0.0669931497555226,-0.2322820394976995,-9.791750537031888,-0.4879240944579243,-0.0016633779741823,0.022291287779808,0.0138467410579323,0.4820506641588434,-0.4942386325903179,0.5297219837109932,-0.4926967052141883,0.0412411540746688,-0.1698863208293914,-0.4467751681804657,-0.3521389288313686,-0.8110907574355601,-0.1349988375544548,-0.0073556434363126,0.0091259190812706,-0.0719222995536634,0.0043605836108326,0.1150211854060646,0.0920319029520731,974
1726744796710223600,0.0325762999613769,0.0595727174311876,0.1074994572648778,-0.2383282060604542,-9.791702606236932,-0.4859327745102346,0.019835514947772,-0.0218858532607555,0.0118694696575403,0.4822627549460351,-0.4940366140441438,0.5298145904652873,-0.492592006360565,0.0776079446077346,0.0754448249936103,-0.1819924414157867,-0.2449222705632448,0.6195446877509355,-0.7828519204229116,0.0142623158171772,0.0207014456391334,-0.0691610957785975,0.0209753755480051,0.1283085096029564,0.03871751069671,975
1726744796749992700,0.0637768545901402,-0.002788169413805,0.009026113955304,-0.244239603795018,-9.792340904140472,-0.4699106276551261,0.0444651059806346,-0.0770754888653755,0.0092171691358089,0.4833105772268256,-0.4940138520972576,0.529064350805871,-0.4923943766958998,0.0904563665390014,0.041927769780159,-0.0720715373754501,-0.2663439749069511,0.060759881389141,-0.2924649429827928,0.0154423462226986,0.0245509780943393,-0.0463085183815564,0.0192835964262485,0.089493580113491,-0.0144996682618744,976
1726744796789760500,0.071552457027696,-0.0392015450537204,-0.1240484044730663,-0.2485734500145539,-9.79273662545979,-0.459239303776063,-0.0026102242991328,-0.0501812845468521,0.0072005507536232,0.4844390559576497,-0.4944392166710398,0.5281520138858113,-0.4918374909368731,0.4525448083877563,0.0461611859500408,-0.1113844513893127,0.4067768202088773,0.5490665454238652,0.2396674187749624,0.0117522543296217,0.0135552212595939,-0.0169624256631941,-0.0015458656707778,0.1288994064345024,-0.0547669976498931,977
1726744796829529600,0.0806325661925598,0.0253203192174434,-0.0223801375797018,-0.2491245080260559,-9.792465407302975,-0.4646896050712093,-0.0179832149296998,0.0661968812346458,0.0004310845979489,0.4842431961317467,-0.4944817162188623,0.5283752538883276,-0.4917478222550402,0.0375441536307334,0.0486630611121654,-0.0729488506913185,-0.6094016255296767,0.4465630332827567,-0.254701906299591,-0.0165612250566482,0.0263457056134939,-0.0985153192877769,-0.0034650869201868,0.0252682967692613,-0.0607344455537851,978
1726744796869290500,0.0205181613664142,0.0273895267069339,0.03622990883179,-0.2451240767456591,-9.79228946621418,-0.4704780888121574,-0.0006956714205443,0.0993952453136444,-0.0069755809381604,0.4830665157346584,-0.4937332787370951,0.5293535260707101,-0.4926042537638221,0.6223080158233643,-0.1825817227363586,-0.0849028453230857,-0.8710026436932384,-0.5764011270731687,1.341321669486165,-0.0485199205577373,0.0571526810526847,-0.0510318799419095,0.0015006599714979,-0.0039551102843484,-0.0638381928559392,979
1726744796909059600,-0.0821488159744068,0.0183837979525327,0.0778173991739749,-0.241966087638773,-9.792412800332905,-0.4695682439582422,0.0110819647088646,0.0240160338580608,0.0015961846802383,0.482352033298086,-0.4930893655087747,0.5299096112590234,-0.4933510206549139,0.0450918190181255,-0.0162547901272773,-0.126141756772995,-0.237697726137191,1.4304045590400696,-0.7960188605099916,-0.0442797988653183,0.0274692103266716,-0.069373021496227,-0.0044586737640202,0.0560500505972187,0.0361802998196915,980
1726744796948828400,-0.0912147139508277,-0.0201256731837987,0.0200912594575434,-0.2448716546208597,-9.792658299526572,-0.4628687828522175,0.0164094138890504,-0.0770426094532013,0.0118872793391346,0.4828892998250067,-0.4931630026421892,0.5295186429862232,-0.493171438141413,-0.2040511667728424,0.0778867825865745,0.0106762079522013,0.1146352639615535,0.5155027139961719,-0.0839449421435594,-0.0204248297959566,0.02208012342453,-0.0079956532377807,0.0111920861527323,0.0902727569255977,0.0324058250655652,981
1726744796988596500,0.0161251323055475,-0.0493283867925405,-0.0422632341792807,-0.2492604641643352,-9.792785140776632,-0.4578250530639663,-0.0019320179708302,-0.0554469525814056,0.0012258698698133,0.4839132046411923,-0.4937642506954036,0.5287149013060317,-0.4924280670185693,-0.6801929473876953,0.1474112719297409,0.110431432723999,-0.2327773670002818,0.5780453871488571,-0.2553390351593494,-0.0057061649858951,0.032978743314743,-0.1388021388275548,0.0237091481685638,0.0310929889013292,0.065930794920749,982
1726744797028365600,-0.0174293833045288,0.030073066702485,-0.0439466937541961,-0.2502720706259831,-9.792430335989591,-0.4648213051594793,-0.0319643914699554,0.070560485124588,0.0001283859601244,0.4837141854630976,-0.4938581189598038,0.5289645060850972,-0.4922614446168172,-0.8671902418136597,0.1577088534832,0.1009363979101181,-0.2934739738948643,0.3235708598643541,-0.1464332547605037,0.0004653836367651,0.047842439264059,-0.0830550258328206,0.025757722556591,0.064862393937679,0.0393882312988163,983
1726744797068134700,-0.0466546558049507,0.0349175841242074,0.030707272952795,-0.2481312774713151,-9.791888484197855,-0.4772254807131365,-0.0207462571561336,0.1228969916701316,0.0004755418631248,0.4822926402585138,-0.4930875875870873,0.5302795106197641,-0.4930132848357605,-0.492643266916275,0.1160256490111351,0.0151282148435711,0.3046247518539428,-0.644747518068552,0.5020172094792127,-0.0062676360830664,0.0723466575145721,-0.0961417859563138,0.0339770913124084,-0.0018233640900609,0.0238109124516253,984
1726744797107876000,0.0032189255138859,0.0231523275285959,0.0612087942004203,-0.247427714045532,-9.791495100966095,-0.4855812211262061,-0.0110913477838039,0.0524199195206165,0.0059242099523544,0.4811440439215206,-0.4923216086738359,0.5313917443107974,-0.4937030299669482,-0.5618681311607361,0.1743203252553939,0.0275619812309741,-0.2477123396731912,-0.3224836491495371,-0.6663888565123081,-0.0318502560257911,0.0582314915955066,0.0485305783452,0.0291117224842309,0.0802989594571758,-0.0135996757984044,985
1726744797147644200,0.030346513349004,-0.0029933365970849,0.0836556038081645,-0.2485179569676518,-9.791386379894613,-0.4872279288873076,-0.0011542811989784,-0.0034732620697468,0.0024682392831891,0.4809598469331461,-0.4921491176221083,0.5316304703223763,-0.4937975322012516,-0.242331713438034,0.3122866153717041,-0.1053183749318122,0.3369147639535367,-0.8463573011279105,-0.819323163729906,-0.056976530700922,0.034313503652811,0.0411021179780364,0.0157880429178476,0.0545700503056868,-0.0031940017060056,986
1726744797187411000,-0.0023278584256768,-0.0113011462152004,0.0416506917715072,-0.2496619393710047,-9.791458276087043,-0.485176366652362,0.0045540113933384,-0.0462740175426006,-0.0015793815255165,0.481319582478413,-0.4923684253925084,0.531328940722781,-0.4935527841193873,0.2553635835647583,0.3656597137451172,-0.396851897239685,0.662974079632759,-0.9620189855277538,0.3964619085520505,-0.0734122991561889,0.0289889387786388,-0.0387803376666968,-0.0077917519956827,0.0254667488006758,-0.0352277323521906,987
1726744797227178800,-0.0173864209456369,0.0467488916933536,0.0057025224905461,-0.2500160135056823,-9.79159973038435,-0.4821491643182933,0.0014333259314298,-0.0162127017974853,-0.0007259653648361,0.4817592741048103,-0.4926660727192334,0.5309076254599544,-0.4932801678017045,1.1180108785629272,0.5785369873046875,-0.5285292863845825,0.1936477181389927,-1.8613415686458348,-0.964196914088726,-0.0554901510477066,0.0289130490273237,-0.0486022507753456,-0.0202668458223342,0.0499603371536824,0.0271369653015281,988
1726744797266946600,-0.0379965349118225,0.0580617283463478,0.005821728423424,-0.2488587697619572,-9.79169091579914,-0.4809216318173334,0.0042092595249414,0.0502124689519405,-0.0039014820940792,0.4815986794404192,-0.4924925261822155,0.5310096905759649,-0.4935004827208689,1.875416278839112,0.7002853751182556,-0.6277519464492798,0.4377084034368395,-0.7672960393726825,-0.3464806108087301,-0.0077624209225177,0.0113018853589892,-0.0927011896489188,-0.0586171858012676,0.0574765077703399,-0.0386440390351228,989
1726744797306714600,-0.0100619780753739,-0.0483639256745576,-0.033357495200634,-0.2465663297095336,-9.79180489756763,-0.4797499942220747,-0.0012000738643109,0.0455980636179447,-0.0012447242625057,0.4809754020818004,-0.4918859782888989,0.5315154058411906,-0.4941682884754531,1.9177435636520384,0.922069787979126,-0.6292158365249634,0.0988052421450614,-0.1338093355089425,-1.4928949174836277,0.0524959042668342,0.022727059200406,-0.066611817721161,-0.0604893825948238,0.0693373702275333,-0.0171340992855373,990
1726744797346482200,0.0647522024283185,-0.0166150347143411,-0.054146600729227,-0.2471603866125457,-9.791531341323257,-0.4849979413455352,-0.0207371562719345,-0.0049119568429887,0.0006945460336282,0.4807195801426431,-0.4918491628445913,0.5318011038867525,-0.4941464772042342,1.5199724435806274,0.8395203351974487,-0.5609804391860962,-0.4642956738501786,0.2505208212226629,-0.3972714713692665,0.0601229444146156,0.0092171765863895,-0.0822279364920686,-0.0543424971401691,0.0384919080801773,-0.1133641845798119,991
1726744797386249200,0.1015563857504166,0.0032540333598852,0.0124316846150904,-0.2458070175085216,-9.791198748368023,-0.492318858818151,-0.0137590151280164,-0.0020353298168629,-0.0111803207546472,0.4805169725804331,-0.4920823142628523,0.5319363427911753,-0.4939656716132481,2.2255263328552246,0.9461010694503784,-0.6187264919281006,-0.2051709826722741,-0.0215647660762071,-1.2555281768664717,0.0307762566953897,0.0216774400323629,-0.1222311624506488,0.0144212152808904,-0.0136842305430094,0.0023009749853285,992
1726744797426017000,0.1288503613946959,0.0429851552456617,0.0001087210714817,-0.2403304309946484,-9.791126852175593,-0.4964566892752423,-0.0066733425483107,-0.0253223981708288,-0.0126914214342832,0.4803786832673804,-0.4924443671345003,0.5317995780708052,-0.4938867329658946,1.947917103767395,0.9117147922515868,-0.6555384397506714,-0.4215326369225978,0.3595610416561365,-1.093307278126478,0.0235225595533847,0.0053104227408766,0.019708055126504,0.0600585229694843,0.0956543220997788,0.0214196813499787,993
1726744797465785000,0.0808227367361076,-0.0200689745604991,-0.0018657938718795,-0.2361465511724352,-9.791070153552294,-0.4995697067292406,-0.0104362964630126,-0.0658544078469276,-0.0075922627002,0.4806609150915746,-0.493136139879187,0.5313075509455573,-0.4934512613117908,1.963441252708435,0.9123189449310304,-0.6470335125923157,-0.3061521075516939,0.3375713281661271,-0.700927085930109,0.0341999046504497,-0.0145489778369665,-0.0204030219705891,0.0583948083221912,0.0695995374282123,0.0076879578326101,994
1726744797505553000,0.0144639028287492,0.022704583761096,0.0609304887156933,-0.2333838267271406,-9.791048526242374,-0.501313737384975,0.0019843950867652,-0.0630099698901176,-0.0055376547388732,0.4811987364101195,-0.4939551380102226,0.5306300114366516,-0.4928367143805984,2.129224300384521,1.0101323127746582,-0.635855495929718,-0.4873793200567364,-0.2598538822352886,-1.1718179202616217,0.0216824058443307,-0.0137791996821761,-0.0278034321369137,0.0514153130352497,0.0843741821399889,0.0213085331426816,995
1726744797545320700,-0.0067317924730479,-0.0300461786955595,0.0005004238028079,-0.2319402951216325,-9.791117499825358,-0.5005886014482006,-0.0099731665104627,-0.0518330447375774,-0.0064235278405249,0.4817542038676699,-0.4945939262223884,0.5299997769992942,-0.492331068644728,2.4344561100006104,1.0918629169464111,-0.6762987971305847,-0.1508580854654312,0.0986959365516901,-1.0620867949545385,-0.0002745708916336,0.0084561174735426,-0.0450619341202545,0.0325788855552673,0.0195044588458025,-0.0456403733290266,996
1726744797585088800,-0.0416005142205394,0.0481470680534839,0.0433201593536883,-0.2283457229620777,-9.790900642204283,-0.5064487987184897,-0.0143409818410873,-0.0249005611985921,-0.0158344320952892,0.4819061524152869,-0.4952557065438883,0.5296635612765543,-0.491878707377775,2.666422843933105,1.2402052879333496,-0.7194671034812927,-0.1271755965828895,0.0375876801162958,-1.302211455977708,-0.0184013787657022,0.0072560822591185,-0.0508480067084077,-0.0121082933619618,0.0277998017079895,-0.0645158820549491,997
1726744797624855600,-0.0503335087144747,0.0080780925154685,0.0292039191851392,-0.223952018047776,-9.790935128995775,-0.5077448298783973,-0.0060229124501347,-0.0214880984276533,-0.0053617381490767,0.4819596272930526,-0.4956180914136658,0.5293868985560568,-0.4917591623628222,3.224879026412964,1.4076402187347412,-0.5967755913734436,-0.4607628235489129,0.3375397639840841,-1.0847647829696536,-0.0225332025438547,0.00330231199041,-0.0358352606581291,-0.0510449446737766,0.0705089895564829,-0.0892198229397181,998
1726744797664623400,0.0128068015377968,-0.0469143113881349,-0.0263011469483375,-0.222898070281744,-9.790710672590135,-0.5125436815274879,-0.0156346578150987,-0.053912628442049,-0.0059656919911503,0.4821921463172264,-0.4961743470482614,0.5290968457686013,-0.4912823604440323,2.7585177421569824,1.418468952178955,-0.5886743068695068,-0.4674053303033113,0.5371493131369351,-1.3564517263397573,-0.011899079196155,-0.0170745346695184,-0.040026926494576,-0.0674452930688858,0.0954558769182302,-0.0040870284266828,999
1726744797704391200,0.0942376967675052,0.0471697474539279,-0.0265302429964765,-0.2202324130027554,-9.790523041063546,-0.5172521880120039,-0.0201609823852777,-0.040774643421173,-0.0174660384654998,0.4825143448828246,-0.4969100086560624,0.5286331107960973,-0.4907213104669127,2.129664897918701,1.444753646850586,-0.6247859001159668,-0.2627040109694004,1.4524223295807837,-1.200903729492426,-0.003022729884833,-0.0276669636368751,-0.0419529078547842,-0.0582982115447521,0.1194324533765204,0.0361942278803442,1000
1726744797744159200,0.0650742557232268,-0.022255086427927,-0.0107587829668074,-0.2112697927377186,-9.790231949162482,-0.5264404702590778,-0.0206188056617975,-0.0250772703438997,-0.0301877222955226,0.4823373413237872,-0.4976808406175401,0.5283509962499394,-0.490418020636942,1.3467035293579102,1.1376760005950928,-0.4242267906665802,-1.034869702205062,0.2730652459859848,0.4005149833351373,0.0042938953265547,-0.0040877182036638,-0.0793788124049548,-0.0130708338692784,0.0487887223913101,0.0992226821058429,1001
1726744797783927000,-0.037249844730366,0.0159825820297002,-0.0265524913609027,-0.1999258668267167,-9.79001158441007,-0.5348880536740646,-0.0275432784110307,-0.0494130589067935,-0.026758886873722,0.4821992526978322,-0.4985836484828053,0.527907232133677,-0.4901145292512222,0.5523750185966492,0.8469688892364502,-0.3260145783424377,-0.2033712397739291,0.655234425291419,0.4062380371570587,-0.0053728679195046,-0.0014877578942105,-0.0091144686630141,0.0176703594624996,0.1110096847423817,0.0564390453482279,1002
1726744797823694000,-0.1639631210311316,0.0194505504012107,0.0794773682754486,-0.1918750641769729,-9.789590144127606,-0.5454494874378666,-0.0203634835779666,-0.0391632281243801,-0.0163231566548347,0.4821804734132181,-0.4995474661839932,0.5275059360667147,-0.4895834182547784,0.4090844392776489,0.4718858301639557,-0.1463639438152313,-0.6345303676977754,0.6662374653428793,1.0632178448110818,-0.0147593403235077,-0.006688259076327,-0.0024931753724697,0.0240930933505296,0.1399782425353769,0.0622814101343043,1003
1726744797863457800,-0.164186134398356,0.0401315193802118,0.0903460778901353,-0.1891081750132143,-9.78946973261833,-0.5485357264827937,-0.0031507671810686,-0.0293185599148273,-0.0053770365193486,0.4823596637452684,-0.5000505893079712,0.5271782878615967,-0.4892459153747032,-0.1829991489648819,0.1211156398057937,0.1121861860156059,-0.6760261611685157,1.3431167362093923,1.073642792713642,-0.0089244022965431,-0.0143476678058505,-0.010205232745764,0.0062248460017144,0.1722501618558541,0.0836871588570531,1004
1726744797903225600,-0.1151803123573772,-0.006329787543416,0.0325029241979122,-0.1879856007240712,-9.78939666738212,-0.5502495811959728,-0.0073508382774889,-0.0161694698035717,-0.0137923583388328,0.4825359576974618,-0.5003903336887354,0.5269387384747087,-0.4889828483500512,-0.4914107620716095,-0.0154793309047818,0.1914712190628051,-0.4025736694306135,0.3222983557105064,0.6731143653750419,0.0019672701600939,0.0159141551703214,-0.0648335377359529,0.0015063027385622,0.117743824436143,0.0861965113294776,1005
1726744797942993700,-0.1402306007280945,-0.0223269826203584,-0.0018306860258802,-0.1837346104823984,-9.789260473781823,-0.5540730484742671,-0.0201260279864072,0.0293787512928247,-0.0186224076896905,0.4823058897450238,-0.5005708362655797,0.52695227672657,-0.4890103674511801,-0.6286245584487915,-0.0621299222111702,0.1900811940431594,-0.6884130567938089,0.1676934849321842,0.8605535842627287,-0.0137073146179318,0.0241037346422672,-0.0239152884248411,-0.0088307587429881,0.1405589650327805,0.0836801902601495,1006
1726744797982761500,-0.1592996592647396,0.0338514161974191,0.0100992961447685,-0.1770853817262686,-9.788728558862209,-0.5655545562250539,-0.034906018525362,0.0908815339207649,-0.0156943723559379,0.4812244846766723,-0.5003622273794441,0.5277053149596289,-0.4894771498397003,-0.3861125707626343,-0.0304899178445339,0.203507587313652,-0.1332373808398842,-0.2142383784860372,-0.2121229937672615,-0.0414617285132408,0.0538602508604526,-0.0307204566613538,-0.0033227405510842,0.0798354883975814,0.0785155192396603,1007
1726744798022528300,-0.1663103052117861,-0.0033440497308969,0.0349975905578583,-0.1726186663746833,-9.788193721333146,-0.5760869830900803,-0.0217123739421367,0.0912504345178604,-0.0013593866024166,0.4799356772926133,-0.4997621061498842,0.5287817114816238,-0.4901934408976295,-0.223392903804779,0.0177278388291597,0.0864984616637229,-0.0619052520319819,-0.5648854613244533,0.2107750862896442,-0.048419751226902,0.0791937336325645,-0.0152121901706035,-0.0339605696499347,0.1368023067798465,0.045348715172382,1008
1726744798062296000,-0.0419146216710098,0.111655955889821,0.0045441097030416,-0.1750599768458865,-9.787522105681896,-0.5866342056654393,-0.0245559364557266,0.0604782588779926,0.0158406216651201,0.4789564470740465,-0.4991219545038578,0.5298936637825679,-0.4906023661496528,0.012919234111905,0.0823608934879303,0.0820311456918716,-0.0996548447117209,-0.0841997936874628,-0.2316004321753978,-0.0490220338106155,0.0617102496325969,-0.0426323049536906,-0.0561244338750839,0.0734199085671221,0.0453347779785748,1009
1726744798102064000,0.1076418431439436,-0.0352291342914104,0.0604980521151795,-0.1802163001631386,-9.787132229581475,-0.5915613598693162,-0.0014682607725262,0.0350875370204448,0.0054830783046782,0.4785171712791742,-0.4986241125842311,0.5305989341550548,-0.4907749559134454,-0.2700448036193847,-0.1041833683848381,0.1674917191267013,-0.4639560666322708,0.9499790036439896,0.7438543735086918,-0.0701428279280662,0.0971832945942878,-0.0010907642254554,-0.048765730112791,0.0612404816800495,0.0272481180754024,1010
1726744798141874200,0.0380132120519876,-0.0026812019079923,0.0664016866683959,-0.1809173793708905,-9.787359024074672,-0.5875893144331872,0.0272872988134622,0.0174998100847005,0.0020108390599489,0.4783425139151763,-0.4981908826831828,0.5308149980770652,-0.4911514231105181,-0.8005725741386414,-0.273382157087326,0.284610778093338,-0.256701263423264,0.5131523514777422,0.6241968974709511,-0.0923980325460434,0.0729903057217598,0.0025854539116931,-0.0426738038659095,0.0451668055671034,0.0870825643158517,1011
1726744798181643800,-0.0433950329544954,-0.022422844210267,-0.1329003309052437,-0.1821091464387252,-9.787966926839948,-0.5769809362551197,0.0038717773277312,-0.0194560959935188,0.0109576983377337,0.4786972224734834,-0.4979585740675216,0.5305234205404572,-0.4913563452885586,-0.7556253671646118,-0.2775556743144989,0.2490570098161697,-0.1392833830058574,0.2703057181447744,0.3118307377099991,-0.1051379889249801,0.0793171525001525,0.0048511332505324,-0.0371637120842933,0.0441964992302237,0.042231035242998,1012
1726744798221413400,-0.0193686077388003,0.0254828163027763,-0.0950409211754798,-0.1877297993320971,-9.787391172778603,-0.5849126425698399,-0.0301030352711677,0.0707396790385246,0.018380744382739,0.4785138971427684,-0.4978675558368254,0.5309897756778506,-0.4911234483497501,-0.5594233870506287,-0.2299178540706634,0.1964896768331527,-0.0679530077636241,-0.0333949046015739,0.3627203824698924,-0.1278667002916336,0.0629600137472152,-0.049437468623626,-0.0473947487771511,0.0126964319319231,0.0401701023915084,1013
1726744798261182000,0.0430049741909839,0.0437391884833574,0.0442962378442287,-0.1908468353740871,-9.786942844489216,-0.5913708422658964,0.0027133892290294,0.178241416811943,0.0132782431319355,0.4770886801462884,-0.4964916865097954,0.5325856995994658,-0.4921736546745344,-0.4378937482833862,-0.2735912501811981,0.2131434977054596,-0.2159299848347902,0.2988005757451057,0.4788777414321899,-0.1328321546316146,0.050496332347393,-0.0151124675396189,-0.0611797533929348,0.0470465594656765,0.0350263280285755,1014
1726744798300951600,0.030790457724221,0.0033452187746763,-0.0320142638981342,-0.1926985276553779,-9.786951027795672,-0.590628316802904,0.0077903652563691,0.0921129435300827,0.0147931920364499,0.4756906562337214,-0.4948395612850616,0.534085640747482,-0.493563323363572,-0.6720372438430786,-0.3578957915306091,0.2680155336856842,-0.2338566866695881,0.4467687849879264,0.4021580743670463,-0.1236045733094215,0.0596661679446697,-0.0391399601927492,-0.0586813613772392,0.0255913158952607,0.1058469225511886,1015
1726744798340721200,0.0480651619236916,0.0031429742008447,-0.0334440775055438,-0.1969542671374045,-9.78689958986938,-0.5900959634918719,0.0015574160497635,0.0001905968674691,0.0103868609294295,0.4754670609705783,-0.4943376926884767,0.5345248046985577,-0.4938062953002124,-0.874640703201294,-0.4523253142833709,0.3347194790840149,-0.5074608618378639,0.834122088932991,0.7515221316576004,-0.1162057146430015,0.0510576926171779,-0.0336655336699215,-0.0483053177595138,0.0347932590582175,0.1325076052606105,1016
1726744798380490500,0.0512681226834654,0.0475806663423776,0.0129494979441165,-0.1979131570311263,-9.787193019858002,-0.5848645291117951,0.0247475244104862,0.0264108069241046,-0.0021996276918798,0.4755308647659474,-0.49408441337459,0.534509480811144,-0.4940147601322004,-0.9958571195602416,-0.5838258266448975,0.4081822335720062,-0.2694756970614195,0.4782891278892755,0.9365531203597784,-0.0993828773498535,0.0475115142762661,-0.0193321847185492,-0.0378758050501346,0.0314898929641582,0.1169442258905153,1017
1726744798420260000,0.0223472399570979,-0.0047042321681976,-0.0882463656645268,-0.195178599234391,-9.787729026430844,-0.5767426339872181,0.0201244503259658,0.0631139874458313,-0.0016912342980504,0.4752283216860775,-0.4934878722306623,0.5346731811721849,-0.4947244164647084,-1.2364442348480225,-0.5897553563117981,0.3497133255004883,0.3709787999883294,0.0670364774405956,0.2703302680641412,-0.075348675251007,0.0360479094088077,-0.0067409410397725,-0.0494512543082237,0.0839180176040157,0.1409844056369271,1018
1726744798460029000,0.01061237849975,0.0217886379599571,-0.1215010580778121,-0.1931701637551188,-9.78788743186295,-0.5747624199554324,-0.0063053932972252,0.098362997174263,0.0042573260143399,0.4744248164896739,-0.4926274442737692,0.5353717675849158,-0.4955970650547713,-1.3396004438400269,-0.7006632089614868,0.3806206285953522,-0.364388607943058,0.376257324913144,0.5012883106827736,-0.0705030933022499,0.0197757650166749,-0.0154521649474278,-0.0763330832123756,0.024040289344266,0.0395966042193351,1019
1726744798499798300,0.038531134978868,0.0320341376423835,-0.0356464463880285,-0.1910119262753054,-9.787656545716525,-0.5793646165212616,-0.001114725600928,0.1023265272378921,-0.0015085584018379,0.473223463616264,-0.4916841980173476,0.5364569174466738,-0.4965079281322417,-1.447396159172058,-0.7297624945640564,0.4053534269332886,-0.258536369895935,0.4041214833945035,0.1530234468057751,-0.0713204517960548,0.0369998142123222,-0.0665320259166415,-0.0647691339254379,0.0027124664084025,0.1090478831501211,1020
1726744798539567900,0.0395655925931409,0.0184177002221345,-0.0281189734926447,-0.1895025446256622,-9.787807352364062,-0.5773148443846031,0.0163963828235864,0.0499683283269405,0.0036808983422815,0.4724407742231485,-0.4908164029126696,0.53715372538978,-0.4973578307150254,-1.2528778314590454,-0.7618299126625061,0.3510108888149261,-0.0779433636412024,-0.1032049384087324,0.4124443444512784,-0.0655376315116882,0.0322394520044326,-0.0238155680771451,-0.0625480785965919,0.0508032177186105,0.0733578076829202,1021
1726744798579337500,0.0716151104677468,0.0494026210725307,-0.0319522315125912,-0.1910262287952937,-9.788115979921818,-0.5715359687222168,0.0236709937453269,-0.012004816904664,0.0089555643498897,0.4724447537534631,-0.49044126602342,0.5372221039116774,-0.4976500851824624,-1.470565676689148,-0.8639209866523743,0.2573558390140533,-0.1636550231963396,0.4518535409063101,0.0933762028336524,-0.0543762221932411,0.029622508212924,0.0046953102178697,-0.0697369500994682,0.0529451388178626,0.0461236222347477,1022
1726744798619107300,0.0829263396855443,0.0070890814781188,-0.0617757804334163,-0.1959024199969135,-9.788749601650238,-0.5589209999620914,0.0382908247411251,-0.0520759411156177,0.0138327134773135,0.4732051508134978,-0.4903485402286464,0.536707880853386,-0.497574011776972,-1.4447526931762695,-0.7692311406135559,0.3288980722427368,-0.0780950470715761,0.1453401988267898,-0.2289350854236632,-0.0346636325120925,-0.0047986572608351,0.0074365871622256,-0.071174718439579,0.0893632956641726,0.129313604125427,1023
1726744798658877000,0.0676693137177266,-0.0370452438026666,-0.0893640080502256,-0.2018942625565454,-9.789356919893622,-0.5459979516334832,0.0261138919740915,-0.0582362301647663,0.0144745465368032,0.4742605266962577,-0.4904965200200752,0.5359583118345176,-0.4972311094489364,-1.396517038345337,-0.6381409764289856,0.3742478191852569,0.0517965304717421,0.2667074013918638,-0.4470780336001888,-0.0100197680294513,0.030371680855751,-0.0726297445701202,-0.0393480770289897,0.0285050867334008,0.0979575575408525,1024
1726744798698645200,0.0753894413746893,0.0835474672585725,-0.0988181016266346,-0.2070703500201925,-9.78964099753201,-0.5389374021301045,0.0179575905203819,-0.0474052876234054,0.0110089629888534,0.4750617956634662,-0.4907149612925591,0.5354222515480718,-0.4968281495989937,-1.5291717052459717,-0.6626327633857727,0.3575718402862549,-0.2595069684937596,0.6508475885093212,-0.2967489404449239,0.0098559204488992,0.0252037923783063,-0.108017462390149,0.0146176097914576,0.0958989901763852,0.1335643569050822,1025
1726744798738415000,0.1140377729924395,0.0372960036933422,-0.0490939935147762,-0.2111526326314546,-9.789926828736066,-0.5320990440100432,0.0161899682134389,-0.0667380392551422,0.0034937947057187,0.4758672694045618,-0.4910089985694898,0.5348267611710471,-0.4964079333579352,-1.422844171524048,-0.6680933237075806,0.3400090336799621,-0.1629386916205286,0.1465536662697792,-0.4113864328961819,0.0168734341859817,0.026121724396944,-0.0727656413428951,0.0464043617248535,0.0141228902466886,-0.0346542296134401,1026
1726744798778184700,-0.0004511595672927,-0.0955780967921018,0.0515769694369286,-0.2114354316282086,-9.790231364640594,-0.5263770131014287,0.0237262640148401,-0.0596148185431957,-0.0083335759118199,0.4767518483902546,-0.4916524371075791,0.5339622081765316,-0.4958528511215301,-1.245874285697937,-0.595295786857605,0.3959698975086212,0.0823971281796693,0.4978495684057474,-0.7603073495291173,0.0200663637369871,-0.0099310893565416,0.0514195549520896,0.0432603321969509,0.0443340947697404,-0.0740215642547002,1027
1726744798817954000,-0.1345562631524167,-0.0114046065896749,0.0797826348323375,-0.2072161516990512,-9.790904733857513,-0.5153782473662868,0.032092522829771,-0.0030104655306786,-0.0043048565275967,0.4771332016247285,-0.4917277857400323,0.5333673797566639,-0.4960512895508936,-1.3653156757354736,-0.560369074344635,0.4437544047832489,-0.194859432016313,0.3751946641176938,-0.3616365327559411,0.0388972647488117,-0.077802263200283,0.0845976886975578,0.0823461338877677,0.0589176053901668,-0.0583470252608647,1028
1726744798857718800,-0.0823466035688295,0.0568254645496606,-0.0432218500783666,-0.2112423750078305,-9.791349555015564,-0.5051996754402295,0.0157847162336111,-0.0396909080445766,0.0192956551909446,0.4777173583019256,-0.4916135645976999,0.5329860395580327,-0.4960121857333948,-1.201045274734497,-0.4918363094329834,0.4349215626716614,-0.0224748666584491,-0.1839309185057878,-0.3301540376469493,0.0327225439250469,-0.0885938107967376,-0.0366985309905372,0.123383916914463,-0.0072584695285418,-0.079401581359189,1029
1726744798897488400,0.0112201351345516,0.0520984360277652,0.0485072066027671,-0.2211616384105756,-9.79126070768833,-0.5026572609484196,0.0025497968308627,0.0325268469750881,0.0194433387368917,0.4781543773406195,-0.4914127527885377,0.5330496173480276,-0.4957215723314722,-1.027097463607788,-0.3902196586132049,0.36074960231781,0.1769493890553712,-0.2705810279548168,-0.2175590473413467,-0.0097350375726819,-0.0962637439370155,-0.0537451072562485,0.1281783580780029,0.0001302764578082,-0.1438132723873015,1030
1726744798937256700,0.0819186604803428,0.0196130474865436,0.0809106159489601,-0.2258701448950916,-9.791548292458057,-0.4949579751500859,0.0361819006502628,0.0619980655610561,0.0051222052425146,0.4778890188915872,-0.490475396524815,0.5335444867774977,-0.4963732753961147,-0.9798693656921388,-0.3297934830188751,0.3122772574424743,0.0798079884693026,-0.3764899646252393,-0.01989946321249,-0.045772548764944,-0.0960765779018402,-0.0614571657711872,0.1124871149659156,0.0324021992032183,-0.1224075236645527,1031
1726744798977026600,0.1442418821960687,-0.0237450327247381,-0.0335924364676699,-0.2245975128770805,-9.792181914186475,-0.4828074090313166,0.0274766385555267,-0.0061713410541415,-0.0084412824362516,0.4778714597264097,-0.4899028138297603,0.5334899807760008,-0.4970135768236693,-0.5962157249450684,-0.2987937927246094,0.2240693122148513,0.1965358407959342,-0.5444534986704588,0.0962602338373661,-0.0651086196303367,-0.0956044718623161,-0.087750334909046,0.1226227134466171,0.0119172585447493,-0.0067353915067535,1032
1726744799016796200,0.0592098206692375,0.0546574728608131,0.0007481880187988,-0.2203696660489775,-9.7929230879426,-0.469562983261235,0.0341236889362335,-0.0294749084860086,-0.0133857242763042,0.4783173489414254,-0.4899325299064178,0.5328293954305267,-0.4972640167904223,-0.5609238147735596,-0.2629769742488861,0.1525969207286834,0.2425973347470164,-0.2794289357990026,-0.2025482329532504,-0.076041854918003,-0.0978889316320419,-0.0782120153815951,0.1255824416875839,0.045424506655219,-0.0581000145301222,1033
1726744799056565800,-0.0790426666526123,0.0542056374400854,0.0014823475122451,-0.2148457149957306,-9.79366835335195,-0.4563805533440783,0.0310009848326444,-0.0299321226775646,-0.0118908658623695,0.4788142905344087,-0.4900897211004302,0.532053566341755,-0.4974615004722248,-0.312389075756073,-0.2016731053590774,0.1044865846633911,0.2281549678966402,-0.4685679443418979,-0.0725172469392418,-0.0662193745374679,-0.1003860756754875,-0.02475863478065,0.1290064752101898,0.0396606687317602,-0.0430059423053637,1034
1726744799096335000,-0.2032116652980446,-0.0491845944076776,0.0228150218656286,-0.2114341347202658,-9.794277425161004,-0.4447931010007858,0.0298434887081384,-0.009376130066812,-0.001144609763287,0.4792130229016242,-0.4901077950033376,0.5314814077691516,-0.4976714794714861,-0.1804936379194259,-0.1132332161068916,0.0334750637412071,0.2881656383536756,-0.4396148215800523,-0.0931301191180944,-0.0548386834561824,-0.1044879406690597,-0.0260332715260796,0.1524143666028976,0.0691462361361831,-0.0150801373142399,1035
1726744799136027100,-0.1640266695203259,0.0105810152471065,-0.0585293093254789,-0.2156042052128352,-9.794485514953733,-0.4381177148900926,0.0001557425130158,-0.0145230339840054,0.0196337290108203,0.4795746790206067,-0.4899261558252563,0.5313286642728104,-0.497664833737696,0.0104624675586819,-0.0083925519138574,0.0103224739432334,0.2077934401303529,-0.5607914700090885,-0.3149894940018654,-0.0610322318971157,-0.1457412540912628,0.0067253695821273,0.1556930691003799,0.127348377600219,-0.1210173114151693,1036
1726744799175792400,0.041186910184659,0.0427531000554561,-0.0670960621407255,-0.2274860739254392,-9.794036017620565,-0.4421205573232844,-0.0170105081051588,0.0118482643738389,0.0227805376052856,0.4798848151939154,-0.4898177803011904,0.5316205574157654,-0.497160537909767,0.0580478310585022,0.0005005412967875,-0.0499879382550716,0.3142816379934549,-0.389206238335371,0.2104465849876403,-0.0807089731097221,-0.1399531066417694,-0.1293716727219056,0.150629237294197,0.0907215875384863,-0.1148307134684175,1037
1726744799215558700,0.2101880071166902,-0.0518640427500009,0.079831698138453,-0.2326336659469641,-9.79354092758,-0.4503342954497784,-0.0194138381630182,0.0893627926707267,-0.0005165309412404,0.47924524893653,-0.4892745421222815,0.5325139265771626,-0.497356253649327,0.0573468878865242,0.0424106530845165,-0.0406174734234809,0.2962482609137892,-0.0643938539773225,0.1092626310124993,-0.0740949213504791,-0.0798695981502533,-0.0684898271872196,0.145393818616867,0.1106866633330937,-0.1101423181901685,1038
1726744799255325200,0.076636993750371,0.0466740728914737,0.1488356031944975,-0.2289680743778124,-9.793470200431347,-0.4537968935264274,0.0165607668459415,0.0079925395548343,-0.0088958982378244,0.478400201081065,-0.4887462903611573,0.5331643901778932,-0.4979921753004875,0.1435296982526779,0.0614575818181037,-0.0501239597797393,0.1526139892220497,-0.1330851128876209,0.0766606303542852,-0.056311335414648,-0.0780813321471214,-0.0878220119057688,0.1235347762703895,0.1421765562972519,0.0068018997088365,1039
1726744799295091500,-0.0530185830799862,0.003465045762062,0.0708838370511308,-0.2248584836345165,-9.794103237637875,-0.4419852039732038,0.0214493721723556,-0.127052754163742,-0.004715253598988,0.479298960979347,-0.4893271468106858,0.5320657069612857,-0.497732345080311,-0.0237929746508598,0.0223247203975915,-0.0508576594293117,-0.0449377506181597,0.115333767619729,-0.0235746445938944,-0.0148007860407233,-0.0547396913170814,-0.0532134115323424,0.0860944241285324,0.1185258599256165,-0.0093419567051343,1040
1726744799334857700,-0.009150544052571,-0.0096299981325864,0.0418214086959138,-0.224733195020724,-9.794474993559716,-0.4337222198775038,0.0145299965515732,-0.1000899299979209,-0.000861287349835,0.4807349867706682,-0.4904451869681495,0.5306384811272383,-0.4967696393451163,0.0776659995317459,0.0068855760619044,-0.0467386171221733,-0.1232549160078167,-0.0364870253980159,-0.0320861600905656,0.0127506246790289,-0.0572773292660713,-0.0570653742527589,0.0364019311964511,0.1664790128421969,0.0712205581922084,1041
1726744799374623000,0.0638054961627349,-0.0161579385966062,-0.0501216195294633,-0.224516227801796,-9.794683083352446,-0.4291677349109202,-0.009840652346611,-0.0203070417046546,-0.0049898363649845,0.4814513155161355,-0.4909880951950624,0.529917121124953,-0.4963096976993776,0.2114277929067611,0.0016837837174534,-0.069196917116642,-0.0380319167524576,-0.1366407595425844,0.0098988782018423,0.040008645504713,-0.0818206146359443,-0.0829989299977198,-0.0184707529842853,0.1458695016642101,0.0458180314508732,1042
1726744799414389200,0.0491230917450971,0.0152484225362539,-0.0063268649339675,-0.221655267146416,-9.794365103444456,-0.4377979448838159,-0.0237464476376771,0.0711288079619407,-0.009265948086977,0.480909380471338,-0.4910072240745048,0.5303144252164272,-0.4963916946014574,-0.0343886241316795,-0.0292496308684349,-0.0513425543904304,-0.0353732189372181,0.2180038684993982,0.0224240132540464,0.0588052421808242,-0.0165351964533329,-0.082687279365817,-0.0236656889319419,0.1283722224889323,0.0380328574673738,1043
1726744799454155500,0.0230081332849338,0.0205184718936681,0.0993102325251325,-0.2154421830515377,-9.794249368110298,-0.4434773056944832,-0.0017377194017171,0.069430835545063,-0.0120943514630198,0.4797668570759439,-0.4904145473617607,0.5311352196793345,-0.4972050325081614,-0.0190440267324447,-0.0331806167960166,-0.0172666776925325,-0.0638031946077942,-0.0028781857848167,0.2114998934328556,0.0410322062671184,0.0067548449151217,-0.0738283569372724,-0.0236547719687223,0.1158669246483594,-0.0041912131744757,1044
1726744799493921800,-0.0045096411778591,0.0017032967865467,0.0406266459533944,-0.209621623671893,-9.794286192989349,-0.4453958161342888,-0.0071198004297912,-0.0665118768811225,-0.0150916129350662,0.4795355725855449,-0.4905815671910057,0.5310730578215216,-0.4973295182816795,0.0020838964264839,-0.0182463563978672,0.0096229938790202,-0.0539671525090932,-0.0265156664818525,0.057169747942686,0.0047519020736217,0.0146042602136731,-0.0261890945587423,-0.0085513424128293,0.077894875723822,-0.0111875480392016,1045
1726744799533688000,-0.0821581683246418,0.0121264911234378,0.0827928860316053,-0.2060439113155938,-9.794384977188706,-0.4449150468800216,0.0037989122793078,-0.0937672108411789,-0.0106980493292212,0.4804032000228905,-0.4916770254396267,0.5300359021254277,-0.4965162385095668,-0.0447999872267246,0.0047662863507866,0.0141073586419224,-0.0279740485966205,-0.0146399352490901,-0.0438175144165754,-0.0186556112021207,0.0136070176959037,-0.055818789991457,0.0021655145101249,0.0964898961410857,0.0400798531250562,1046
1726744799573454300,-0.1148442488034255,0.0319751009315252,0.0591208820104598,-0.2037341182695701,-9.794632229948045,-0.4405470974614843,0.0076900385320186,-0.0127194803208112,-0.0040445546619594,0.4809868386085198,-0.49220046367932,0.5293395449059104,-0.4961754876267309,0.0343281179666519,5.78706094529e-05,-0.0283015500754117,0.0012833178088068,-0.1918687257677316,0.0687438658803701,-0.0081730056554079,0.0263499673455953,-0.0640544202893506,0.0159245319664478,0.0740006264979485,0.0667335672375746,1047
1726744799613219800,-0.0563265933831222,0.0228618201494216,-0.02430438364055,-0.2028457911277189,-9.794645673951504,-0.4406197243062779,-0.0096309632062911,0.0165058895945549,-0.0046554678119719,0.480905068296335,-0.4921650485226672,0.5293759716949167,-0.4962508642097458,0.0083354003727436,0.0130510069429874,-0.0304258894175291,0.0456169650539755,0.0633493133604526,-0.0459697240144014,0.0057901996187865,0.0243900995701551,-0.0424764796377392,0.0234592854976654,0.064671264412906,0.0414421909868251,1048
1726744799652986000,-0.0106326906354166,-0.0102881697803735,-0.0197649501126259,-0.201403739093244,-9.79456442540884,-0.4430641217837109,-0.0071478504687547,0.0156723298132419,-0.0096298679709434,0.4806470281939148,-0.4920932580989231,0.5295603924082556,-0.4963752130263806,5.19044697284e-05,0.0203161649405956,-0.0246737282723188,0.049127895784378,0.1169528932541608,-0.0561117633223533,0.0044080521911382,0.0239924564957618,-0.0692172007468529,0.0193355698138475,0.0473014064430026,0.0322877082613646,1049
1726744799692752400,0.046255847479403,0.0158446348637342,-0.0357949149480089,-0.19738975421153,-9.79451123391688,-0.4460382422236725,-0.0048108273185789,-0.0041303508915007,-0.0142713505774736,0.4803660675663673,-0.4921632317514509,0.529638531292499,-0.4964944272090859,0.0601642467081546,0.0063454871997237,-0.0290257316082716,-0.0221434427469968,-0.0299801277220249,0.2027700590103864,0.0005533441435545,0.0163103770464658,-0.002365402540646,-0.000833187252283,0.0907260536510497,0.0551739253498148,1050
1726744799732518700,0.0321302366943098,-0.0367301865041255,-0.1038379390826448,-0.1934394822157919,-9.794609433594346,-0.4456318168472498,0.0011504548601806,-0.0493909567594528,-0.0105934087187051,0.4805867864006894,-0.4925912426506728,0.5292209058479515,-0.4963017702180316,0.00394091848284,0.015936117619276,0.0144555000588297,-0.1076271387651562,0.1252308922559022,-0.08054945448637,-0.0075300438329577,0.0396230854094028,-0.0794068603225052,0.0014782411744818,0.0082851690988667,0.0960077751799486,1051
1726744799772285000,0.0169090857574716,0.0818137753337621,-0.0961362421315163,-0.1922845400270074,-9.7943399690032,-0.4519860447121784,-0.0301789715886116,0.0127576347440481,0.0031508989632129,0.4806655948590134,-0.493064169311607,0.529086570748643,-0.4958987972363937,-0.0004242686554789,-0.004073810763657,0.020056527107954,-0.0432113652169704,0.0668073448598384,0.1427460906803608,-0.0153494160622358,0.0294013693928718,0.0175701480486663,-0.0069410922005772,0.0473724395523313,0.0591637302049202,1052
1726744799812051200,0.0486284218296408,0.0453881247341632,0.0068973948309198,-0.1918315903614275,-9.793828512349725,-0.4631423390965908,-0.0156938601285219,0.0466992035508155,0.0009685726254247,0.4799747696892129,-0.4929244596592545,0.5297538719436788,-0.4959944646455455,-0.0297661777585744,-0.0060261208564043,0.0153237571939826,0.0265668121472001,0.0652308893233537,-0.0449579166233539,-0.0181935410946607,0.004459851887077,0.0070968903252389,0.0019676270894706,0.0663570301093394,0.1338838803161867,1053
1726744799851812600,0.0272465563059784,-0.0402443321049213,0.0994751772958785,-0.1896034477168694,-9.793638542735575,-0.4680319743016734,-0.0023458790965378,-0.0056829475797712,-0.0106437122449278,0.4795643890388978,-0.4928579050767592,0.5300510113302448,-0.4961399645015597,-0.0798642337322235,-0.0191355310380458,-0.0001669189659878,0.0503609447106719,0.0310679229587316,-0.083777768883109,0.0090034650638699,-0.0137678980827331,0.0259697276034625,0.0020101754926145,0.1247474469873588,0.1683367147391662,1054
1726744799891579000,-0.0267511374718509,-0.0008984101444482,0.1327285545349121,-0.1843875579657964,-9.79393021915853,-0.464025807400234,0.0227983109652996,-0.0448146983981132,-0.0151885608211159,0.479813273219922,-0.4931999624633738,0.5295399215087712,-0.4961053371070207,-0.0404225513339042,-0.0253805890679359,0.0019990298897027,0.0924672712951898,-0.0405114586085081,0.0229082896396517,0.0509394742548465,-0.0232022069394588,0.012755192364857,-0.0037352920044213,0.1073138806980568,0.1598668646934442,1055
1726744799931345200,-0.0532261431497521,0.0318406608968973,-0.001810848814249,-0.1811061616749502,-9.794497205391526,-0.4532371407518163,0.0212000980973243,-0.0884699448943138,-0.0047562662512063,0.4806648822872069,-0.4937311643298714,0.5285245512801802,-0.4958353133490845,-0.0403482466936111,-0.0231233481317758,-0.0025510475970804,0.127614864782989,0.0041506899386644,0.0562757217124104,0.0621326677501201,-0.0266130194067955,-0.0329861388543038,-0.0127083966508507,0.0808057947344612,0.1233670528790913,1056
1726744799971111400,-0.0317793043647892,0.0161181911081075,-0.0800327371358871,-0.1828012386224232,-9.794785959205033,-0.4462431171460077,0.0062094940803945,-0.0546314790844917,0.0023654047399759,0.4817025590846732,-0.4943858573024857,0.5275743472166823,-0.4951873923765508,-0.0185958165675401,-0.0079916939139366,-0.0056026973761618,0.1093234212890267,-0.0506587586134672,0.1294058398529887,0.0527722500264644,-0.0332630425691604,-0.0097658127069706,-0.0163303148001432,0.1055006937962491,0.0687944955224869,1057
1726744800010878000,-0.0133452009971253,0.0243950210660696,-0.0264016481807455,-0.18417634463422,-9.794832136434316,-0.4446577476507052,0.0001471219584345,0.0581095889210701,0.0015904126921668,0.4817559903391097,-0.4942870973875097,0.527590278239682,-0.4952170468430288,0.0080712158232927,-0.0101858712732791,-0.014460370875895,0.0766924867972731,-0.050761634466052,0.1183645136177539,0.0359811931848526,-0.0305107291787862,-0.0366623545654583,-0.0285440515726804,0.0968794708474073,0.0635326020720647,1058
1726744800050644200,0.050452495451644,-0.0167412914425134,-0.0044680853247642,-0.182133312765602,-9.794846749481556,-0.4451926947776228,0.0071980422362685,0.0698372349143028,-0.0105784991756081,0.4809513857195556,-0.4935675815935297,0.5282892699088472,-0.4959710698419236,0.0447557270526886,0.0076579465530812,-0.0060504409484565,0.0248553320541977,-0.072379007512331,0.0075377020284533,0.0218908730894327,-0.0253753941506147,-0.0518028734475607,-0.028941897675395,0.1034224810163956,0.0953440323079004,1059
1726744800090409500,-0.0466985680119134,0.0325473478615283,0.0289700738966465,-0.1768599754725582,-9.795203892356156,-0.4394251807594672,0.0217602998018264,0.0098926415666937,-0.0076596727594733,0.4805347817470046,-0.4931123761071043,0.5284360267085911,-0.496670847353961,0.0204530488699674,0.0364861339330673,0.0023090881295502,-0.012445055553317,0.0862099644660949,-0.0760527275890111,0.0255377441644668,-0.0148970857262611,-0.0365065315327956,-0.0228490643203258,0.0881308403929229,0.059640015080315,1060
1726744800130175700,-0.1157428964098915,0.0384761533886194,0.0072095295200124,-0.1759009577146731,-9.795594937500358,-0.4309830772371962,0.0242340397089719,-0.0351040326058864,0.0033133609686046,0.480896675379914,-0.4931158949890803,0.5280253170084088,-0.4967537420815388,0.122151181101799,0.0395768359303474,-0.0144991865381598,0.0789762138202786,-0.1031330422163009,0.0376183675155043,0.0239274222403764,-0.0103933168575167,-0.0410179650922305,-0.0227436237037181,0.0669406067175324,0.0128387013632687,1061
1726744800169951000,-0.049508072474692,0.0097539167732,-0.0299870689194649,-0.1792880976686254,-9.795902396014332,-0.4225170083174481,0.0161976851522922,0.0015067094936966,0.0100482292473316,0.4814211823225093,-0.4930564134602261,0.5276720050204897,-0.4966801467494177,0.1733469814062118,0.0635127425193786,-0.0126695279031991,0.063902563329041,-0.0007417582780122,-0.1665183036729693,0.0051919780671596,-0.0209325272589921,-0.0062254943394131,-0.0034219562076032,0.0750448200549464,-0.0039828402539569,1062
1726744800209717800,0.0340789413429796,-0.0017699322819709,-0.0166202954113483,-0.1819206746619194,-9.796051449096202,-0.4179267944503575,0.0148575883358716,0.0807187929749488,0.0027294673491269,0.4811968722697665,-0.4924408240317679,0.5280249715492579,-0.4971330157923689,0.2566573321819305,0.10847669839859,-0.0083105992525815,0.0245543032810091,-0.0207639710873365,-0.2434305707007646,-0.0088453385978937,-0.042463231831789,5.61015433224e-05,0.0144598670303821,0.0810071077265311,0.0064298012937011,1063
1726744800249484300,0.0904559314727783,0.0678729282647371,-0.0299298588395118,-0.1821836547133512,-9.79626246149838,-0.4128472261637449,0.0123737221583724,0.0753685906529426,0.0029700687155127,0.4804680955806114,-0.4913926739180239,0.5287557010067374,-0.4980975016104631,0.4655133485794067,0.1092365011572837,-0.0286924373358488,0.0247483645483851,-0.1662351028174161,0.0623196780517697,0.0006096448050811,-0.0904566049575805,0.0101977880831807,0.0381202809512615,0.1026506289942189,0.0759992073034867,1064
1726744800289251000,0.06686612584237,-0.0668032532066106,0.0175835874855518,-0.1825358108855783,-9.79640976101458,-0.4091853426553308,0.0111094871535897,-0.0054569449275732,0.0022499449551105,0.4801833714576614,-0.4908842696864964,0.5290513014198672,-0.4985592655393324,0.4631934762001037,0.1540129780769348,-0.0189939364790916,-0.0151879245206713,-0.0683680183053016,-0.1926540309265255,0.0337354093790054,-0.0861584097146987,0.018405367038591,0.0710060596466064,0.0846363402075134,0.046130586265074,1065
1726744800329017600,0.0098737072279676,0.0263905787974596,0.0685422058284282,-0.1825553558362647,-9.796678641083837,-0.4026830480892211,0.0293007865548133,-0.0468391850590705,-0.0022020505275577,0.4806730853751817,-0.4910704487643275,0.5285649785082086,-0.498419783345115,0.2143247872591018,0.1356274187564849,-0.0118087939918041,-0.1760305206447839,0.1354822371572256,-0.0926151553332805,0.0492119416594505,-0.1187352463603019,-0.0195958543231477,0.0708102509379386,0.0663598842201288,-0.0085600833291537,1066
1726744800368783400,0.0123481893164105,0.0252940157324075,0.0111608609616756,-0.180391108740773,-9.797377144742011,-0.3863023701200261,0.041824035346508,-0.0392228104174137,-0.0071001364849507,0.4814865604429678,-0.4912118120668656,0.5276427727962832,-0.4984723711979656,0.2551393508911133,0.2014326453208923,-0.0960380584001541,0.1207101999610662,-0.3142132489323616,-0.6514961155459285,0.040527157485485,-0.136673018336296,-0.0626239536613924,0.0893267914652824,0.0357664149393094,0.0349151752547011,1067
1726744800408550100,0.0142338021336123,-0.000891395881772,-0.0772936310281977,-0.1777875386462546,-9.79782664207518,-0.3759587803579867,0.0112605961039662,0.0091930236667394,-0.0052320719696581,0.4818532053249781,-0.4912112910452229,0.5271432739256398,-0.4986469954240555,0.6827306151390076,0.3377725183963775,-0.2509795725345611,0.3290101283088326,-1.0286164870291947,-0.6116831605955958,0.0390089973807334,-0.1304786950349807,-0.0629636522108456,0.1271658986806869,0.0127601425346103,0.0394854491621721,1068
1726744800448317000,-0.0360773120859637,-0.009559855505824,-0.0169534363558515,-0.1777548419530503,-9.797837163469197,-0.3756954532466828,-0.0104260621592402,0.0379532240331172,0.0078694801777601,0.4815618066309932,-0.4908915657431744,0.5274282967097461,-0.4989418563495094,0.6102920770645142,0.359804093837738,-0.4244960248470306,0.3497378590390086,-0.1806026508659124,-0.1664192272126674,0.0387115441262722,-0.1246452033519744,-0.0326545642458018,0.1267030984163284,0.040177678343188,-0.0209225021003163,1069
1726744800488083500,0.0199171449996531,0.0423059408098459,0.0461211517164483,-0.1825733664169907,-9.797480020594596,-0.3826555745828897,-0.0128118731081485,0.0021140114404261,0.0172824338078498,0.4813002732885701,-0.490710784027749,0.5279326964483682,-0.4988386392951822,0.5575905442237854,0.3699407279491424,-0.5134432911872864,0.2755532634094357,-0.1946931355386972,-0.4058466997519135,0.0424162484705448,-0.1164102852344513,-0.0468320901645114,0.1209670454263687,0.0347323979997425,-0.0092517045845714,1070
1726744800527850200,0.1714027329799719,0.0133130705595016,0.1491700227806344,-0.1871146448421292,-9.797367207869886,-0.3833532745234668,0.0180061981081962,-0.0284440238028764,0.0024572717957198,0.4815172692478897,-0.4907314090943604,0.5279472147435303,-0.4985935378238421,1.1024258136749268,0.5748331546783447,-0.5755384564399719,0.3121583622291684,-1.0438426977336406,-0.5076103533111512,0.0544382408261299,-0.1357338428497314,0.0259896515800617,0.1169508472084999,0.1016166097713634,0.031832326893392,1071
1726744800567616800,0.1462714517949148,-0.040578678625822,0.1120002392828464,-0.1856260319858789,-9.797944130975008,-0.3690773502811789,0.045365959405899,-0.0964310392737388,-0.0129468357190489,0.4824243834477821,-0.4910417765131583,0.5269683869419555,-0.4984466029745669,1.5807907581329346,0.6875864267349243,-0.6054431200027466,0.0427688821464777,-0.6634130555719137,-0.3618612814225256,0.078902743756771,-0.1555507332086563,-0.0153960645457496,0.1069617345929145,0.1050473970707971,0.0460264043713919,1072
1726744800607382500,-0.0409566633590497,-0.0559925208568573,-0.0136404393503442,-0.1826016791960224,-9.798692318993806,-0.3502790532436222,0.0381067655980587,-0.1881578266620636,-0.0038802523631602,0.4842596812632896,-0.4921806325170819,0.5249928443212953,-0.4976278152233258,1.1770758628845217,0.8447859287261963,-0.5419057607650757,0.2975976296961307,0.9199006762444972,-1.0797240853887051,0.1171820908784866,-0.1482798606157302,-0.068042279782542,0.0915803909301757,0.1075715909193269,0.0146842949806246,1073
1726744800647149000,-0.0840314879158511,0.0258095640391111,-0.0793722274005413,-0.185465946053341,-9.799090378400685,-0.3373683164073154,0.0093165803700685,-0.1505790948867797,0.0143970241770148,0.4864874032951627,-0.493714498689029,0.52292159112565,-0.496113919380974,1.6928523778915403,0.9976415038108826,-0.560133159160614,0.3565352640941739,-0.3363946856021881,-0.8053390620410442,0.120540402829647,-0.1353845596313476,-0.1333077883281279,0.0623844787478446,0.017164085715136,-0.0439129010824486,1074
1726744800686915800,0.0134392359561286,-0.0116647188305854,-0.0619394830951467,-0.1913581093644723,-9.798877612432836,-0.3402862496806308,-0.0213673934340477,0.0056687863543629,0.0111014936119318,0.4872931713916084,-0.4943999211483373,0.5224160105856105,-0.4951724225851908,1.924170017242432,0.7704670429229736,-0.6566386222839355,0.342252763980627,0.1533697760254144,-0.1955482545306906,0.0979363992810249,-0.0985832139849662,-0.1394616073832847,0.0627117156982421,-0.038050395407353,-0.0614330314103513,1075
1726744800726682400,0.0297064253471791,-0.0178606508612632,0.0344821153163909,-0.191913569556456,-9.79851520886123,-0.3502174957821145,-0.0259518418461084,0.0782965794205665,-0.0082407779991626,0.4865436136011611,-0.4940902745965266,0.5231930074058382,-0.4953980282282128,2.020045518875122,0.7869439721107483,-0.796569287776947,0.5193260716766118,-0.185277072417736,-0.9025094695258884,0.0548537969589233,-0.0652975067496299,-0.105971827572491,0.0813425406813621,-0.0409641662454931,-0.0535436664000153,1076
1726744800766449200,-0.0571356995426118,0.0233037186980247,0.13724573969841,-0.1867736311184242,-9.798230546700951,-0.3608045389112085,-0.0144357373937964,0.0484814718365669,-0.0132049098610877,0.4854466395495968,-0.4937505521979491,0.5240289160857018,-0.4959291083639546,2.159334421157837,0.8751022815704346,-0.9502081274986268,0.003718728262186,-0.6259960558474064,-1.141491755580902,0.0141931548714637,-0.0543952658772468,-0.0521787484220927,0.0800435543060302,-0.0237217340475413,-0.0430198749325936,1077
1726744800806215700,-0.16000925057251,0.0155009359925985,0.1684101087689399,-0.1834092327192425,-9.798358556994796,-0.3590481236979365,0.0244256667792797,-0.033640194684267,-0.0008104257867671,0.485305830007168,-0.4936914977098245,0.5239991082087507,-0.4961571248340376,1.7961795330047607,0.9238100051879884,-1.030134677886963,0.2202601229935884,-0.2078033770024776,-0.878643367704749,-0.0037836518604308,-0.0561481416225433,-0.0679706073523964,0.0612611696124076,-0.0226877171079744,0.0011470031942124,1078
1726744800845973500,-0.1552866607637144,-0.034855040282011,0.0670072148134931,-0.1870840305081568,-9.798730897438526,-0.3468293511811643,0.0210596211254596,-0.1064651235938072,0.0171902850270271,0.4864264474623683,-0.4940500697435259,0.5230658696151854,-0.495687495964078,0.9881342053413392,0.938030481338501,-1.0028066635131836,0.0608972440332174,0.423415966451168,-1.417634217055142,0.0301039218902587,-0.0471357628703117,-0.0202191464537987,0.0129565494135022,0.101354451703839,0.0070102669211337,1079
1726744800885740300,-0.0111837851795367,0.0295943432748317,-0.0730278268098831,-0.1981591494151391,-9.79883494233489,-0.3375774291133508,0.0158820617944002,-0.1315778642892837,0.0198889914900064,0.4882134409200132,-0.4948691248428107,0.5218392543212031,-0.4944047239062027,1.4314039945602417,1.113761067390442,-0.9725374579429626,-0.0020820669710636,-0.4787503156602382,-0.7027768054500222,0.0748872309923172,-0.0357007049024105,-0.1260550772535149,-0.0447839871048927,0.0747724785201251,0.0860783922419883,1080
1726744800925506800,0.1519735906929709,-0.0464846877992153,-0.1105646900543943,-0.2061425128518603,-9.798772983014585,-0.3346075464570894,-0.0194197818636894,0.0010096140904352,0.0019994920585304,0.4892396241173962,-0.4953743322367686,0.5212144543882823,-0.4935427705762996,0.8190245628356934,1.1163623332977295,-0.9171961545944214,-0.4813987843424081,0.6426128441274166,-1.3316770583063364,0.0947668701410293,0.0073210508562624,-0.1114100731036625,-0.0592958331108093,0.053971833250788,0.0627298297552391,1081
1726744800965273600,0.0993482447142712,0.0142190794885158,-0.0097194299817085,-0.2014008712827228,-9.79842343892455,-0.3474660416495054,-0.0309766009449958,0.1413636654615402,-0.0205325968563556,0.4880217374642605,-0.4950040194316843,0.5221942721535706,-0.4940840071296017,0.8039534687995911,1.2423813343048096,-0.7848442196846008,-0.6366764398157596,0.0059919338911771,-1.151798045539856,0.0567637421190738,0.0200888663530349,-0.0460249248003587,-0.0635155662894249,0.0314927470749476,-0.0254997446046909,1082
1726744801005040000,-0.0691141970301047,0.0280155496507883,0.0331119594743475,-0.191554508719407,-9.798155143377183,-0.360369764223136,-0.0270685143768787,0.1112325340509414,-0.0116280540823936,0.4860523229338253,-0.4941126993354104,0.5236662923170243,-0.4953579551835931,0.737238883972168,1.4107643365859983,-0.7241532206535339,-0.7597001774162053,0.1875485244810581,-1.0997615688323974,0.0049930363893508,-0.0215527936816215,0.0263012999286758,-0.0523238033056259,0.0841193305960856,0.0240471483433153,1083
1726744801044807000,-0.0710696054141968,0.0517144051462411,0.1094716341206803,-0.1870552245387807,-9.797910228705405,-0.3692422585193067,-0.007651749998331,0.020040575414896,0.0013925419189035,0.4850949544559964,-0.4937974516443342,0.5243950726583038,-0.4958394185573833,0.8923994302749634,1.4882440567016602,-0.6839218735694885,-0.6966027929902077,-0.2518599608719348,-1.491838394168019,-0.0071625621058046,-0.0519712306559085,0.0591958378096576,-0.0240399539470672,0.1567036696884781,0.0507217636799672,1084
1726744801084572700,0.0544143482873216,0.0222439805120229,0.1151040505170822,-0.1893875034112483,-9.79791958105564,-0.3678417075389996,0.0114052053540945,-0.0256467144936323,0.0051643759943544,0.4852468690079703,-0.4937612420481532,0.5243610820181339,-0.4957628858607915,1.3259539604187012,1.7303881645202637,-0.6729092001914978,-0.4189221621632575,-0.6552554680794477,-1.0469237126141786,-0.0012053386308252,-0.0872287601232528,-0.0039236380046728,-0.0189365558326244,0.1782124495274387,0.0940998044004663,1085
1726744801124339500,0.060973706802912,-0.0193365686327219,0.0718798258185386,-0.1913079135471954,-9.79808733883798,-0.362326158987917,0.0215152613818645,-0.043671365827322,0.0009131707483902,0.4856932104641706,-0.4938468800982014,0.5240121671437623,-0.4956094142026714,1.0305527448654177,1.7281231880187988,-0.6355355978012085,-0.6118664082080125,0.1206482406407594,-1.1305454141527411,0.0162979569286108,-0.0776400342583656,-0.0710870771388057,-0.0164771378040313,0.1522850951944012,0.0789987635788042,1086
1726744801164106200,0.0109949298102408,0.0043371524214744,-0.0187642851701006,-0.1922061227622442,-9.798417009183764,-0.3527856657696888,0.0119713246822357,-0.0364462807774543,0.0007347470964305,0.4864104255746096,-0.4940661528576814,0.5233409028817242,-0.4953965886052967,0.3004226684570312,1.7775764465332031,-0.6238651275634766,-0.5600450355559587,0.3163891316667199,-0.8341951541692018,0.0101818395778536,-0.0384131669998168,-0.1092441181082744,-0.0126594072207808,0.142757269661501,0.0282006832596147,1087
1726744801203882800,-0.0228542396311648,0.0304132584422826,-0.0396024905374273,-0.1924743635106831,-9.798456172150372,-0.3515504614189267,-0.0064075370319187,0.0299204085022211,0.0032654078677296,0.4865198516284648,-0.4941038567948045,0.5232451275151027,-0.4953527022441218,0.2388911098241806,1.7325743436813354,-0.4698859453201294,-0.7059598194003105,-0.4133089984565973,-0.337284327918291,-0.0334810577332973,0.0037786848843097,-0.1002293749303556,-0.0215197205543518,0.1215033413664437,-0.017915972661518,1088
1726744801243649800,-0.0266050800646655,0.0033715222597122,-0.0022188085606321,-0.1924645727690309,-9.79834862012267,-0.3545173118678852,-0.0061371331103146,0.0825079455971717,0.003822274506092,0.4858455477969208,-0.4935446325473999,0.5239170249145069,-0.4958615203484999,0.6689879298210144,1.6666650772094729,-0.4287736713886261,-0.5543187668636441,0.0798424752607941,0.0119774380415678,-0.0657967031002044,0.014167740009725,-0.0216215583143406,-0.0181657187640666,0.1800922171257436,0.0420435635466128,1089
1726744801283416800,-0.0369560676818713,-0.0029021511822938,0.0187151853313669,-0.1934853854504414,-9.798212426522374,-0.3577935205269604,-0.0043121669441461,0.0716789662837982,0.0072251292876899,0.4849634027522253,-0.4927259102732845,0.5248462350035401,-0.4965564052238322,0.8902475833892822,1.3778444528579712,-0.3183887004852295,-1.418479435707629,-0.4757356440141796,0.3961199632465839,-0.0777974650263786,0.007619110867381,-0.0021734030829044,0.005914382636547,0.1861153498727828,0.194215508089587,1090
1726744801323184000,-0.0341689394476823,0.063292614737153,0.0142108961820602,-0.1971706315681338,-9.798116564932466,-0.3583766907097772,0.0064867115579545,0.0230782553553581,0.011611757799983,0.4845839787265683,-0.4921572539115121,0.5254078072230626,-0.4968966720116646,0.694137454032898,1.1277742385864258,-0.1853546202182769,-1.416539115294814,-0.1641533281072974,0.0304389774054288,-0.049806609749794,-0.0216553509235382,0.0028616062552406,0.0557844154536724,0.2620667725117876,0.2357688587001524,1091
1726744801362950100,-0.004627787664812,0.0652121846228837,-0.0182592947900295,-0.2038171203779056,-9.798240483573078,-0.3511954374361783,0.0248006451874971,-0.0031320075504481,0.0197240114212036,0.4848653963545477,-0.4917301376369997,0.5254592808824788,-0.4969905695399581,0.6919483542442322,1.005308747291565,-0.0375395938754081,-1.4398312896855174,0.562801056265831,1.027407695761323,-0.0277542956173419,-0.0462722703814506,-0.0694926658205222,0.0692681670188903,0.1689366351273842,0.1830070633928291,1092
1726744801402717200,0.0431720926525071,-0.0279278713673353,-0.0737549355080351,-0.211813708622381,-9.798323485681411,-0.3440333637870848,0.0136469509452581,0.0037105279043316,0.02220887131989,0.4852387592566881,-0.4913289115479733,0.5254871274371676,-0.4969934027853341,-0.1439604014158249,0.694792628288269,0.0838813111186027,-1.584298358939588,0.6317158947989344,0.8927887974351644,-0.0005922431591898,-0.0596340000629425,-0.0446498827206436,0.1141812950372695,0.2507866142856888,0.2356576899432577,1093
1726744801442484200,0.0746968560006469,0.0698047731101512,-0.0878723812529817,-0.220443681133259,-9.798345112991331,-0.3379963121125474,0.0160351768136024,0.0110640153288841,0.0187282543629407,0.4855655159180386,-0.4909019563598048,0.5255932705797924,-0.4969841012849207,-0.1889529079198837,0.3875123858451843,0.3592593073844909,-1.6073486873984335,0.8469909228563308,1.5002747986018656,0.0140596870332956,-0.0430754944682121,-0.099498229377903,0.1733531653881073,0.0603874267809791,0.0959105618831701,1094
1726744801482251300,0.1308547600196674,-0.0636754765748977,-0.0896071326237171,-0.2239295870202593,-9.798338683250543,-0.335812428734824,-0.0045188232325017,0.0528100095689296,0.0028217250946909,0.4853967143204305,-0.4904245680042341,0.5259328966234688,-0.4972607094995165,-0.1448781192302703,0.4188294112682342,0.4685542285442352,-0.3470836912684142,1.2433970095679163,1.1511287679761648,-0.0085394801571965,0.0181485004723072,-0.125567686462216,0.1435718536376953,0.0253957179746357,-0.0621037520124576,1095
1726744801522018600,0.0320462299389764,0.0125496849715709,-0.0276139831125736,-0.2228339190043509,-9.798250420445203,-0.3391475645069032,-0.0004631048068404,0.0438238270580768,0.0028696632944047,0.4847295509930736,-0.4899484259355187,0.5265379883781411,-0.4977404603275905,-1.612962245941162,0.3343031704425812,0.7122906446456909,-0.2677117561288177,2.131211817982793,-0.044814124238491,-0.0083814729005098,0.0379461571574211,-0.0569457299284636,0.0962817519903183,0.0535924283120315,-0.0756062076642178,1096
1726744801561785300,0.0282679535092785,0.0349152460366487,-0.022374328893423,-0.2238441189602017,-9.798169756424429,-0.3407965738229453,-0.0065204543061554,-0.0314803719520568,0.0084700230509042,0.4846519626900151,-0.4898964581723862,0.5266661655616062,-0.4977315358897772,-2.0184597969055176,0.1131532117724418,1.1562135219573977,-0.7172136193424463,2.1609905779138208,-0.7043173128902912,-0.0201697088778018,-0.0080378064885735,0.0163434831973863,0.0352872535586357,0.0942307190374471,-0.0461999434405472,1097
1726744801601551600,0.0157713321655057,0.0062286652565002,0.0663105012536048,-0.2246654818130657,-9.798064542484283,-0.343290034606494,-0.0011298637837171,-0.0399607829749584,-0.0026578619144856,0.4850377195936968,-0.4903882484438149,0.5263290660109626,-0.4972278584621196,-1.8187358379364007,-0.1671770364046096,1.4361556768417358,-0.0522341181714087,1.0780506722837686,-0.1794938128411769,-0.0137169798836112,-0.0247415658086538,-0.0588916352652711,0.0513863451778888,0.1006998419863171,0.1011794239304959,1098
1726744801641318700,-0.0762437201164662,0.0271668238669633,0.0942834173390641,-0.2231814355340786,-9.79820190512836,-0.3402879667136818,0.0100510651245713,-0.0239417590200901,-0.0025022001937031,0.4853635365902361,-0.4906589576776201,0.5259312165826759,-0.4970636833244868,-1.2510777711868286,-0.2718879580497741,1.847042679786682,0.2357571134634316,0.9450818792521952,0.6537737050890922,-0.015713483095169,-0.0351340398192405,-0.0688774976308224,0.1030110493302345,0.0703076765644131,0.0277174320706049,1099
1726744801681086000,-0.1165292792809195,0.018420622831583,0.0394143110215663,-0.2240459799415431,-9.798285491758584,-0.337342560911551,0.0031119273044168,-0.055194292217493,0.0068014203570783,0.4858251017692057,-0.4909498117573628,0.5255168564226707,-0.4967638414081194,-2.564764976501465,-0.8452426195144653,1.2847353219985962,-0.1484576001949608,0.4318371733158826,0.611723784866929,-0.0026947555597871,-0.0166943930089473,-0.0824036857846192,0.1292466521263122,0.0703713894503889,0.0270327811245573,1100
1726744801720852700,-0.0175581242507323,0.004169979161024,0.0224374572575092,-0.2296431058288551,-9.798250420445203,-0.334581754428707,0.0014306947123259,-0.0541087538003921,0.011886728927493,0.4866352728144846,-0.4913652390605819,0.5249944029516542,-0.4961121286352349,-2.7445435523986816,-1.0146247148513794,1.1833540201187134,-1.092821978827566,-7.297956868267059,1.5480992105722426,0.0036545067559927,0.0246617347002029,-0.1332279919570312,0.1601331830024719,-0.0494608175331726,0.0822690904863644,1101
1726744801760619800,0.0638478374671191,-0.0037058687806129,0.0159013700196519,-0.235482424707897,-9.798155143377183,-0.3332822526700794,0.0039000485558062,-0.0217988267540931,0.0095822922885417,0.487160608289954,-0.4915417535517782,0.5247660152408419,-0.4956630170350304,-7.077232360839844,-1.2653565406799316,-0.2772935330867767,-0.235528200078383,6.242942788177729,-0.614601386129856,0.0064929127693176,0.0489476025104522,-0.0510038320243591,0.142964020371437,0.036548443578917,-0.0606232904966222,1102
1726744801800387000,0.0915649886932224,-0.0100327337145805,-0.0885363250544294,-0.2423994923536665,-9.798113057801126,-0.3295513955786824,0.0048429821617901,-0.0667074024677276,0.0200442541390657,0.4878097835475322,-0.4916668531678138,0.5244674920809705,-0.4952162987565574,-7.049807071685791,-1.4757760763168335,0.1560978442430496,-1.4049503843098878,1.8020833239912983,-0.269400001476705,0.0193745996803045,0.0366844497621059,-0.0083073004447505,0.1037515327334404,0.1077700361008755,0.0401910036156419,1103
1726744801840154000,0.145673668564856,0.0030289924323558,-0.1045826199701055,-0.2510184685464948,-9.797857037213443,-0.3307138634867966,-0.0104089509695768,-0.1075303480029106,0.0152457738295197,0.4889430808861709,-0.49246658484445,0.5237732118337705,-0.4940373927410245,-4.087931156158447,-1.5198737382888794,0.2377056330442428,-0.0004855915598571,-0.3671148180365562,1.0243331836868077,0.0487409941852092,0.0309189651161432,-0.1024433155196253,0.1111158728599548,0.015345186025172,0.1499026479041204,1104
1726744801879915300,0.1668461291215382,0.0298404269903898,-0.0111725148668512,-0.2525885856737382,-9.79773370309472,-0.3331440132431685,-0.0037549510598182,-0.0508063919842243,-0.010174898430705,0.4897438708961015,-0.4933574338926267,0.5230526352188941,-0.4931179142025781,-5.61802339553833,-0.8346099257469177,-0.6003897190093994,-0.178242716801539,3.222013835290074,-1.884960198511928,0.0621817484498024,0.0356218442320823,-0.0405785461950814,0.0793306231498718,0.000191133520528,-0.0020539625421195,1105
1726744801919682300,0.064889966931194,-0.0167301855266094,-0.0171393143167719,-0.2447544945145957,-9.797850022950769,-0.3355568465385586,-0.0078478613868355,-0.0263502076268196,-0.0219577904790639,0.4897998012195357,-0.4939595628901578,0.5226017489193345,-0.4929375699603253,-3.549889326095581,0.1810347884893417,0.2678070068359375,1.650981492897868,0.2608440623164176,-2.974151127360761,0.0313043110072612,0.0916991382837295,-0.075095550161763,-0.001758492202498,-0.1295483170635998,-0.1359517726314254,1106
1726744801959449300,-0.157146225824207,-0.0464355879604816,-0.0078863693356513,-0.2384958359786309,-9.797773450583218,-0.3422657695926726,-0.0287029538303613,-0.0402845777571201,-0.003041214775294,0.4898297536263717,-0.4946721153489982,0.5222549154048152,-0.4925608010395758,-2.500372886657715,0.4470799565315246,0.1505124717950821,-0.1130684895688667,0.6322288127571344,-3.361255132719874,-0.0075260996818542,0.0878127291798591,-0.1396174372658133,-0.0669992864131927,-0.0293017558197141,-0.0575404398520244,1107
1726744801999216600,-0.2208727019339799,0.0678723437428474,0.1391606334090232,-0.2388141629464924,-9.797309340202808,-0.3550883532214909,-0.0264090448617935,0.0158018190413713,0.0072441725060343,0.4896988508473318,-0.4951803640786072,0.5223991518532287,-0.4920270433600135,0.1505354195833206,0.3684055209159851,0.0992681235074997,0.3557543428495526,-4.72100151669085,0.2523053665518761,-0.0271531417965888,0.1470357775688171,-0.1436377057578414,-0.0744572430849075,-0.2243699146662838,0.0037326671684597,1108
1726744802038983700,-0.0625613230542279,-0.051574704414606,0.1499380114784464,-0.2410531557786278,-9.797124631285667,-0.3586831993756815,-0.0020735953003168,0.0619903057813644,0.0009456613915972,0.4891802743971336,-0.4946963592710279,0.5230327580363376,-0.4923566002846716,-0.6669501066207886,0.5096353888511658,-0.4090113043785095,2.0700699515387413,0.9270949716627598,0.1183592529207468,-0.0231494363397359,0.2539607882499695,-0.2985795351392589,-0.1305128186941146,-0.278883558609616,-0.0213186503946082,1109
1726744802078750700,0.1813438976872712,0.0524789597779512,-0.0179062801012769,-0.2394031418155878,-9.796880885657668,-0.3663634882126003,-0.0337565317749977,-0.0084835039451718,-0.0239568892866373,0.4886574690889626,-0.4946266070642062,0.5234728836059669,-0.4924780988707322,0.268911600112915,0.4787555932998657,-0.4342119991779327,-0.1523337840411812,-2.513708329546452,0.9805185188144444,0.0058624325320124,0.3085339963436126,0.0352400164450285,-0.1371735781431198,0.0049891283655597,0.1080050686994567,1110
1726744802118516700,0.1200574534070678,0.0112462011575698,0.0399123236715793,-0.2267489187573082,-9.796946936631205,-0.3725571552209556,-0.0103269107639789,-0.0085114035755395,-0.0472140088677406,0.4883493709812362,-0.4952959112802438,0.5231415577139469,-0.4924629259269658,0.3104055225849151,0.4209480583667755,-0.3499369025230407,-0.0329570977061986,1.2731027042627334,-0.3513151913583278,-0.0102341966703534,0.1933697909116745,0.2651695608327165,-0.0947715863585472,0.2151724444657564,0.1396112815196626,1111
1726744802158284000,-0.1655660444494336,0.0036409868508577,-0.0157960830142721,-0.2139149917505681,-9.797122293198107,-0.3755065065458416,-0.0078782681375741,-0.0046548969112336,-0.0076643233187496,0.4879581512164381,-0.4957183464217904,0.5228850977322584,-0.4926979574445155,0.538496196269989,0.2901023626327514,-0.1725446879863739,-0.6809252583216875,-0.2995931874275207,1.5839561213731763,-0.0427836328744888,-0.0051147318445146,0.4217537688599899,-0.0369705185294151,0.3037103404227644,0.1353814253975637,1112
1726744802198157600,-0.1666643428138457,-0.0040863925307989,-0.0569090146472677,-0.2182038115182891,-9.79687620948255,-0.3794341648509726,-0.0192255042493343,-0.0759536027908325,0.0275680851191282,0.4883272514694461,-0.4960847767461064,0.5227290437237331,-0.4921286659859281,-0.6413248777389526,0.1028176471590995,-0.0126442275941371,-0.429369687223807,0.9314537513941524,-0.7483715586721896,-0.0525391474366188,-0.1603350490331649,0.1923921103210188,0.0404709428548812,0.3160605572994798,0.3811807162573561,1113
1726744802237929500,0.0874920401658862,0.0895154357522726,0.0186907084772363,-0.2288993017242289,-9.79635656952262,-0.386499865453504,-0.0114642549306154,-0.0468729473650455,0.0125467907637357,0.489176615871133,-0.4967837978609233,0.522409674028552,-0.4909177414574846,-0.1657487899065017,0.1113646849989891,0.0190699584782123,-0.6039346653606742,-1.4480834235936402,0.9958353304117916,0.0260358955711126,-0.2047348469495773,-0.0068325408714503,0.0979717448353767,0.2373081605640239,0.2910260692860931,1114
1726744802277700900,0.1198615472424775,-0.0711187783181667,0.0776642544388771,-0.2307428289653733,-9.796284088808298,-0.3872646027483046,0.0015800932887941,0.039639763534069,-0.0123601565137505,0.4891482618812361,-0.4966949905239801,0.5225314203124654,-0.4909063511999139,-0.5670461058616638,0.0335539393126964,-0.0040848948992788,0.3533706625834107,0.3704208738446235,0.1567185019314289,0.0455699004232883,-0.1047909036278724,-0.2484221501766703,0.0346088632941246,0.0467060480654705,-0.0442324199269758,1115
1726744802317472800,-0.0651325435154139,-0.0379220266371965,-0.0086299177119508,-0.2257625380684621,-9.79626246149838,-0.3907525179293006,-0.0151101760566234,-0.0010892323916777,-0.0008494086796417,0.4886955416173655,-0.496659943078039,0.5227348616377552,-0.4911761324707374,-0.1589691787958145,0.0463392436504364,-0.1913486570119857,0.7134141539942472,-1.1966413958728312,0.2112017872691154,0.0199032668024301,-0.0391843654215335,-0.2339329667761921,-0.0121431248262524,0.0346540469503495,-0.0636883954219752,1116
1726744802357244200,-0.1083680750592611,0.0850958657443523,0.0562531080218031,-0.2295132506377994,-9.79598013742566,-0.3956316682729869,-0.0138567863032221,-0.0213420949876308,0.0223757307976484,0.4888404515061428,-0.4968675050409927,0.5227755585189503,-0.490778564358827,0.0561854839324951,0.2075241804122924,-0.3550112247467041,0.9922541109241544,-0.884324335950613,-0.7974842568874358,-0.0036461029667407,0.0417834855616092,-0.1766276097550988,-0.0314840078353881,-0.019062941606401,-0.1291568426611367,1117
1726744802397015000,0.0070092577075585,-0.0673345836043357,0.052225898332335,-0.237301584692765,-9.795577986365556,-0.4008823188101872,-0.0203356072306633,0.0083442013710737,0.0130510600283741,0.4889616896373351,-0.4968540884576293,0.5230442854547158,-0.4903846211195545,0.8537052869796753,0.4427627921104431,-0.242739737033844,0.3258015415258705,-0.4812093992501497,-0.7564899831980466,-0.0443181879818439,0.0513744130730629,-0.0345606216294108,-0.0493038520216941,0.0410234175854828,-0.1171456210809759,1118
1726744802436787000,0.05047918252917,0.0215098210185766,0.0334042569518089,-0.2397708426168188,-9.795089910587668,-0.4112394987061619,-0.0250780880451202,0.0425852723419666,-0.0042380453087389,0.4885305601929844,-0.4968006765370235,0.5235995293463285,-0.490276023548405,1.3462257385253906,0.4699039757251739,-0.282762199640274,-0.411104035758227,0.0993652141153812,0.2972130142927169,-0.0997773259878158,0.0272318013012409,0.010501310207555,-0.0459637530148029,0.0215189587396802,-0.0715052477519493,1119
1726744802476558300,-0.0768627287976443,0.0497457354217767,0.0774854272732511,-0.2372264553636312,-9.794892926710844,-0.4173123158138245,-0.0103575475513935,0.107810266315937,-0.0005804619286209,0.4875772878035049,-0.4962343843895371,0.5244315427399321,-0.4909085983433197,2.333724975585937,0.5587363243103027,-0.3928945064544678,-0.4132894169732928,-1.0976982065618035,0.0418085126817226,-0.1179945170879364,-0.0231927745044231,0.0636711017938796,-0.0516466535627841,0.073755958421342,-0.0454111037509515,1120
1726744802516330200,-0.1124243647127412,0.028036592438817,0.0247135489633306,-0.2357824488340877,-9.794884158882498,-0.4184097921943291,0.0121417045593261,0.0798892974853515,0.0068738684058189,0.4864846999995894,-0.4952014540453154,0.5254602584982894,-0.4919347779695489,2.191971063613892,0.8523418307304382,-0.4921927154064178,0.2820926020503044,-1.265212827795744,-1.7865559383831917,-0.1235898435115814,-0.0191234610974788,-0.148864034704538,-0.0214867126196622,-0.0571754424645332,0.1225433793381322,1121
1726744802556102000,0.0368004204624332,-0.0075087681949138,-0.1486275864670053,-0.239858593965508,-9.794952547943591,-0.4144591183397919,-0.0029597310349345,-0.0065065687522292,0.0134641183540225,0.4863348592115226,-0.4946179813741344,0.525818017479677,-0.492287494567007,2.504135608673096,1.234212875366211,-0.4612623155117035,1.2890873321190477,1.16283089620769,-0.9881177417717874,-0.1032675877213478,-0.0069106854498386,-0.0318112201732816,0.0204776152968406,0.1410759746442083,0.1057636281819082,1122
1726744802595873500,0.166670699489396,0.0487292518556118,-0.2327286690203472,-0.2486718688877299,-9.794478500691056,-0.4204400924455374,-0.0249001588672399,-0.0227464195340871,0.021330963820219,0.4866369592304282,-0.4947776423904275,0.5259577581943093,-0.491678940534919,1.2598106861114502,0.8937329649925232,-0.3764556646347046,-1.817041823670268,2.139230873787403,0.4345079268950969,-0.1003379300236702,-0.0942578241229057,0.1324133785053622,-0.0026086443103849,0.3276012844242155,0.0936653128401841,1123
1726744802635645400,0.2909850066233426,-0.0365378788024187,-0.1580137659063562,-0.2553713299937546,-9.793754278069734,-0.4330552073361352,-0.0333174690604209,0.0439959913492202,0.0090841520577669,0.486422409212876,-0.4948426254361892,0.5265077845402601,-0.4912367253759553,1.8084386587142944,0.4297463893890381,-0.4848504960536957,0.8858844248741865,-0.6403676955491304,1.2948919267445802,-0.0907037109136581,-0.1483257114887237,-0.0174853170261369,-0.0061744395643472,0.4126734039667993,0.2498866149723529,1124
1726744802675416000,0.3168371676951647,0.1096130518853664,-0.0582511134386062,-0.2524927788827568,-9.793260941594838,-0.4457276784371584,-0.0136731192469596,0.0324825644493103,-0.0088106812909245,0.4855384113806106,-0.4947072192833348,0.5272480952497903,-0.4914536192201924,2.912633419036865,0.5370222926139832,-0.6829053163528442,1.9703814968183635,-1.477522868567705,1.0195598318051546,-0.0522874556481838,-0.1714138090610504,0.0337939869217574,-0.0251496490091085,0.2544897248536348,0.159790548054222,1125
1726744802715187700,0.0708072281509637,-0.0767974084764719,0.0597907440960407,-0.2415437157745473,-9.793298935517669,-0.4509438787154853,-0.0086254933848977,-0.0200538095086812,-0.038583904504776,0.4851083754134913,-0.4951059624798011,0.527126005018132,-0.4916077697828557,2.5734572410583496,0.4168507754802704,-0.7191084027290344,0.785350166979432,-0.7836386868864298,-0.3067395520508289,-0.0333622060716152,-0.0047802524641156,-0.3352375149236992,-0.0882638320326805,0.0061314628053427,-0.0743233419465599,1126
1726744802754959400,-0.2976187820820137,-0.0121592243492603,0.1657260207841172,-0.2183319314099848,-9.79389105619192,-0.4498879764543846,0.0291421972215175,-0.041103508323431,-0.0519279390573501,0.4848746573508302,-0.4960491977281156,0.5261873209419163,-0.491892875767708,2.0771749019622803,0.5317676067352295,-0.7508754730224609,0.0329696649268269,-0.2199398049980402,-1.2865958075642585,-0.0343078337609767,0.0543532893061637,-0.0550153874869691,-0.2407340705394745,0.2177514098419807,-0.2324247541703283,1127
1726744802794731300,-0.522110149437189,0.2046475433200597,0.0654220279812812,-0.2121612616847269,-9.794771930679678,-0.433380238039419,0.0337157249450683,-0.0026258106809109,0.0269274618476629,0.4854382928144906,-0.4961270722155486,0.5253134034469334,-0.492192507258572,0.6696007251739502,0.1994543373584747,-0.564094603061676,-1.6279942928031086,1.9664052866637705,0.5601672006309032,-0.0827326774597168,0.1240913942456245,-0.2285663799754343,-0.3773882091045379,0.0699773394983494,-0.166424615773838,1128
1726744802834503000,-0.2819824562067166,-0.0781260267317295,-0.0425835521748289,-0.231274378558807,-9.794363349878788,-0.432814968839474,-0.0227978844195604,0.0705147087574005,0.0606995373964309,0.4855886010028789,-0.4952325205105539,0.5261294256848676,-0.4920733794634452,1.742788553237915,0.5767812728881836,-0.6070403456687927,1.967184162081778,-1.940814333811402,-0.875605315183103,-0.1401328891515731,0.1436468660831451,-0.0170022736163926,-0.3165570795536041,0.1751610808664932,0.2182417689085006,1129
1726744802874272500,0.1674583427357487,0.0630061990112066,0.0461257913589477,-0.2540985518452711,-9.793640296301245,-0.4363814291493967,0.0101681100204586,0.1612110137939453,0.0360522754490375,0.4849578043579629,-0.4935137195507735,0.5279142641841484,-0.4925105666370908,1.2642980813980105,0.1352353394031524,-0.1621525585651397,-2.467622870197892,0.2371837852656841,-1.3558318408757448,-0.1579919904470443,0.0749061927199363,-0.0093101425029861,-0.1494571566581726,0.1660199987620115,0.3333403760654851,1130
1726744802914044200,0.3338907399572431,-0.0504319641202688,-0.0021264541020616,-0.2617653966787271,-9.793626852297782,-0.4321222738675773,0.0195804499089717,0.1601485162973404,0.0112815303727984,0.483492719698839,-0.491309174745727,0.5297616445585384,-0.4941686213454062,1.289649486541748,0.1660079509019851,-0.329618901014328,-0.9718757781535386,0.4550158043295145,1.1679606603115795,-0.1530987173318863,0.0774070844054222,0.0052787509703892,0.0355243347585201,0.0642122503327205,0.3035620179932564,1131
1726744802953815000,0.263190479312092,0.0002706336349248,-0.1164612738123163,-0.2654351712326519,-9.793901577585936,-0.4235808381566777,0.0253013800829648,-0.0616538636386394,0.0135052632540464,0.4832053195349391,-0.4903623848275689,0.5302276334855276,-0.4948898876171919,-1.6705429553985596,-0.4992225766181946,-0.5939121842384338,-0.5998749416410922,1.14334176736176,-0.7841676791965961,-0.1317243129014969,0.0443830639123916,-0.0494293446826748,0.1083249673247337,0.0763308184446068,0.1798893880300223,1132
1726744802993586700,0.1435503745342604,0.0122451490670442,-0.1253682183673605,-0.2701437690487131,-9.794203775402902,-0.4134774138260632,0.0120886163786053,-0.2068438827991485,0.0163680408149957,0.4851344268785412,-0.4916533240961525,0.5285437450068172,-0.4935210554403254,0.4373325705528259,-0.1963662356138229,-0.3682900369167328,0.3139414462536573,-1.1293816310703757,2.0719307769745585,-0.0707055777311325,0.0170605815947055,0.1444766955989413,0.1450866758823394,0.1371326347127556,0.2394907653001137,1133
1726744803033358300,0.0343914413582533,0.0743476772367954,-0.0144072590043768,-0.2771034519935026,-9.794206698012353,-0.4087682132218033,0.0110706966370344,-0.1129605397582054,0.0192883182317018,0.487084618762498,-0.4931236555695751,0.5269444367742182,-0.4918405011607775,1.181834697723389,-0.4345819056034088,0.0120840212330222,-0.3421399512559175,0.3581973520874977,2.171656933356821,-0.0059651089832186,-0.0611217580735683,0.1127570672658272,0.1318516582250595,0.1248184846632648,0.1952127206997014,1134
1726744803073130200,-0.0016030512824654,-0.0215869779080152,0.0175356932232156,-0.2834568030755967,-9.794189746877551,-0.404797117633745,0.0056768129579722,-0.0332552455365657,0.0204872731119394,0.4879829661847198,-0.4935386250246539,0.5263635014438751,-0.4911553734580259,2.139589309692383,-0.4728900492191314,0.2145626246929168,0.7689426375359296,-1.0312520962297915,3.3031133248746394,0.0374501645565032,-0.1200740113854408,0.1410922042598016,0.2016151845455169,0.1588398779995739,0.3083755192222073,1135
1726744803112901600,-0.1029101384469308,0.0377203665852546,0.1244424087593331,-0.2907861595829948,-9.793941909596324,-0.4056110643651336,0.0105981500819325,-0.0041241757571697,0.0242521855980157,0.4882983659305815,-0.4935250803308109,0.5264156186417897,-0.4907996132754413,2.255094289779663,-0.604458749294281,0.237636387348175,1.377217450992763,-1.4520932437568903,2.195747710779309,0.0689158886671066,-0.1647069454193115,0.0739486816815799,0.2370005249977111,0.1097816773173864,0.1567700859881937,1136
1726744803152673500,-0.2174698164216242,0.0145043261706829,0.1656266520628705,-0.3040175066757947,-9.794069335368276,-0.3926264585750177,0.044500283896923,-0.0297363698482513,0.0440133698284626,0.4890568522636817,-0.4929528899188646,0.5263229298678721,-0.4907188119619737,2.5099637508392334,-0.8258694410324097,0.0647634044289588,1.8493439645990728,-2.6576626269727943,1.9324235220849515,0.0512877702713012,-0.1514253616333007,-0.1581985478887334,0.1602226793766021,-0.0820586169403046,0.0367259350206935,1137
1726744803192445200,-0.098606139376387,0.0094189857304096,0.0364694532087072,-0.3265141102420166,-9.794073427021504,-0.3740522891495376,0.0515792891383171,-0.1239765733480453,0.0592662468552589,0.4908274787903394,-0.492678189016253,0.5256800936047735,-0.489915434752298,2.5095934867858887,-1.0083918571472168,-0.2935828864574432,2.4606299425706264,-3.05038476447463,1.3003408398002383,0.0330534316599369,-0.0667263641953468,-0.096282043810375,0.1350403130054474,-0.2043411259857006,0.0077364109298388,1138
1726744803232215800,0.056187897298485,-0.0412198991388082,-0.0543908943464979,-0.3518718753930181,-9.794010298657415,-0.3520250566607341,0.0330429002642631,-0.0808284357190132,0.0446350984275341,0.493221750766401,-0.4927403632550611,0.524552396992522,-0.4886552785939386,2.8823935985565186,-0.93425714969635,-0.4357542991638183,2.112477306896448,-3.551692656640708,-0.3621908056378364,-0.0275448020547628,-0.0205736979842185,-0.0107494112086191,0.0963218882679939,-0.1979153672545217,-0.0739661442730342,1139
1726744803271929000,0.0245288400461897,0.0062152212530374,-0.0161304295351728,-0.3660021075543016,-9.794010298657415,-0.3373130060235038,0.052181776612997,0.0834219232201576,0.0292091574519872,0.4939059941543311,-0.4919503764076494,0.5245788824133082,-0.4887316927426646,3.130582809448242,-0.6969084143638611,-0.4235724508762359,1.3905536101669072,-3.2101819431990384,-1.084971411457658,-0.079875461757183,-0.0554144009947776,0.1439649284182116,0.0617174357175827,-0.0043937688463833,-0.0314849382278276,1140
1726744803311698400,0.0121663116771727,0.013012041786313,-0.1939315035164356,-0.3817710103007033,-9.793924373939634,-0.3220186619862913,0.0193435121327638,0.1291438043117523,0.0588000528514385,0.4935212179629069,-0.4898949268944693,0.5257578751514257,-0.4899168171723252,3.583171367645264,-0.3264904320240021,-0.1594830602407455,0.5749883376657963,-2.6927316022664307,-1.9896470460414888,-0.1388682276010513,-0.1752786934375763,0.1763919926346279,0.0477203093469142,0.0944364981420803,0.0068674415090063,1141
1726744803351467500,0.0889979146841913,-0.0161520933777093,-0.0914776392033323,-0.4056311573050916,-9.792890939238667,-0.3242153317803516,-0.0004240805283188,0.114964947104454,0.0700656324625015,0.4929079647578118,-0.4880672239828073,0.5275611490445073,-0.4904194472696621,3.987073421478272,0.0970523282885551,0.3585439026355743,0.1325666419714689,-1.7835830600522458,-2.8502064755231142,-0.1300562024116516,-0.2365451902151107,-0.0247224560722825,0.0858270153403282,0.1437986228074412,0.0999282274261582,1142
1726744803391237000,0.1101194305049255,-0.0252139362335205,0.1181658127078786,-0.4270521675290539,-9.792059164589643,-0.3218226279575377,0.0281278956681489,0.1701778769493103,0.0553365983068943,0.4920929692100961,-0.4859094594601202,0.5294340237871474,-0.4913614138578503,2.707909345626831,0.496306300163269,0.6539879441261292,-0.3302420081913471,-0.7087602637737989,-3.421846087282896,-0.099275879561901,-0.2427068948745727,-0.0530096097556641,0.0955308526754379,0.1271499324186705,-0.1465240200501866,1143
1726744803432251100,0.1801534823263064,0.0310281754702329,0.0331237229773774,-0.4454611364554613,-9.791588624468446,-0.3110008262244984,0.0514344424009323,0.0956696346402168,0.058811891824007,0.4913647410391941,-0.4835673574860298,0.5310548375958613,-0.4926499328197877,1.987125277519226,0.7604859471321106,0.9487019777297974,-0.8243301782369613,-0.7867473204262554,-2.81994519277215,-0.0854072421789169,-0.1900233626365661,-0.1586417433452792,0.083027109503746,0.1091920317280106,-0.2046379717741161,1144
1726744803472020700,0.2742420712130144,-0.0429231959253549,-0.0797895760297775,-0.4662272629672661,-9.791260123166442,-0.290264619926922,0.0477809086441993,-0.021711029112339,0.0494398511946201,0.4921326039389062,-0.4821965122883443,0.5313058447737233,-0.4929566024722261,1.5308866500854492,0.7404556274414062,0.9734151363372804,-1.5972651002794502,-0.5948871067585423,-3.2525878372520207,-0.1550015807151794,-0.2380428910255432,0.0999264373278711,0.0582549311220645,0.272265072051622,-0.207373424619995,1145
1726744803511789800,0.3230274371700361,0.0147509944081306,-0.0814636284555308,-0.4795482976375147,-9.791173613926768,-0.2707830715992488,0.0573771111667156,-0.0484438985586166,0.0366884805262088,0.4933473015045053,-0.4817760679183672,0.5307522158655653,-0.4927497030539054,1.358972191810608,0.2384202629327774,0.999282956123352,-2.577914844258129,-0.9845570536155251,-0.908860226792097,-0.1651345044374466,-0.3355471789836883,0.1568366849509999,0.0886295810341835,0.4530698944261297,0.0247042514120228,1146
1726744803551558100,0.1626161086026579,0.000529576832056,-0.1605307536959648,-0.4942131846647709,-9.791018715626,-0.2491767131373286,0.0394460409879684,-0.0501976609230041,0.0542471036314964,0.4947244880729068,-0.4813472384658371,0.5301031155559415,-0.492486741613612,-0.6832150816917419,-0.0050206175073981,0.693402886390686,-1.7333809591650962,1.3993266992092133,-2.675731952148676,-0.1598478108644485,-0.3500613272190094,-0.0204104654915281,0.1742880791425705,0.3445003237117082,0.1673743177141062,1147
1726744803591327500,-0.0090877810146659,0.1289718323498964,-0.0721054330016486,-0.5110522739259525,-9.790323134577276,-0.2424327735687605,0.0121321994811296,-0.0002624432090669,0.0452939681708812,0.4956974766116314,-0.4811344304436346,0.5299719723763632,-0.4918570371473877,-1.4531158208847046,-0.5717014670372009,0.2434175014495849,-2.6749258964627978,1.666439904922992,-1.4188690195471048,-0.1340189725160598,-0.3626475930213928,-0.2857432883112691,0.2380745410919189,0.4129773188168182,0.1913419984798878,1148
1726744803631096800,-0.1594147552780807,0.1807329992473125,0.2128466136003844,-0.5211367743603885,-9.79016239105761,-0.2270626974142156,0.0958214476704597,0.1558478623628616,0.027350902557373,0.4955108956725688,-0.4795919531825853,0.5306303173746261,-0.492840884711719,-1.38179349899292,-0.357560396194458,0.3576109409332275,-1.270680445551872,0.7930109108656644,-0.2430442017316818,-0.1258367896080017,-0.2702905535697937,-0.4484295943396165,0.325408011674881,0.1620964686427265,0.3010188180501573,1149
1726744803670866000,-0.2749271674003452,0.1312789402484893,0.067410589716304,-0.530571980573237,-9.79053531602323,-0.1851759683971293,0.1263814866542816,0.1438188254833221,0.0401611067354679,0.4951524833883891,-0.4765364867089746,0.5313702325371388,-0.4953611193196219,-0.6812203526496887,-0.1138679012656211,0.456294298171997,-0.8815484414964914,1.034924866458401,0.3115677028596401,-0.1091687604784965,-0.1606159955263137,-0.2765571432223543,0.3453230857849121,0.1717083465967327,0.121365659061959,1150
1726744803710635500,-0.3296601166501641,-0.0061158525317907,-0.0419043560053221,-0.5464681264284997,-9.790357621368765,-0.1436460077953059,0.1060336902737617,0.0218180455267429,0.0461524203419685,0.4956751710703732,-0.4741028944855928,0.5315546571600964,-0.4969729721039256,-0.4050819873809814,-0.0458780899643898,0.4384747445583343,-1.002237014147639,1.6599062653705476,-0.2436824996352195,-0.0830866917967796,-0.0797574147582054,-0.1843751734082587,0.2927066087722778,0.247606212417595,0.0487203789959894,1151
1726744803750404600,-0.3624066038129851,-0.0290209273010492,-0.1034872533482965,-0.5749236018665135,-9.789300221270322,-0.0971771386197302,0.1127636581659317,-0.0626491457223892,0.0845781192183494,0.4978615030194969,-0.4725159025339159,0.5307385202113333,-0.4971712705293399,-1.8054888248443604,-0.312877893447876,-0.1256687194108963,-1.5297534065425396,1.2046081369683146,-0.4216261604249477,-0.0637197270989418,-0.0572564043104648,-0.2204983887288719,0.2424177974462509,0.1879804861575364,0.0870379123233724,1152
1726744803790174000,-0.0553250699240714,-0.023165187010169,-0.2533364631652832,-0.6162484957497567,-9.787075530958177,-0.0613516230374807,0.0697112679481506,-0.0430251099169254,0.092764675617218,0.5003435934817161,-0.4710911351644823,0.5302840792345169,-0.4965160602138309,-1.5968213081359863,-0.367712140083313,-0.1117974445223808,-0.95971363119483,-1.41229431733191,0.3632441140830517,-0.0709286630153656,0.0314176194369792,-0.2565499087864533,0.2520093917846679,-0.0019045698210655,0.1118181789805181,1153
1726744803829942300,0.2236999612491577,0.0637204847604036,-0.1867594199299812,-0.6491194495424628,-9.785076466095449,-0.0360504240790382,0.0739740803837776,0.0902092903852462,0.0508957952260971,0.501610225626856,-0.4693655415565199,0.5305978218344362,-0.4965371133694286,-1.6903281211853027,-0.4133592247962951,-0.048008345067501,-0.4700386014163494,1.1549835437081752,0.4810679449528455,-0.07510357350111,0.0880081504583358,-0.1732829755023121,0.2673780918121338,0.0054914969594596,0.0749671608420088,1154
1726744803869707500,0.168269092863053,-0.0542500611037015,-0.2516986328303813,-0.6619233284708113,-9.784272163975238,-0.0160025037230108,0.0463639423251152,0.0859382152557373,0.0110750095918774,0.5013494307747028,-0.46736597939739,0.5313990420956185,-0.4978280866352717,-0.5959057211875916,-0.260626345872879,-0.1594236940145492,-0.2576619251489639,-0.5003524911373853,0.4896101478487253,-0.0727216526865959,0.0610350854694843,-0.0185050885279313,0.1896252781152725,0.0051194053941901,-0.0358082014045561,1155
1726744803909477000,-0.0968527198377996,-0.061297057005763,-0.1494084711790084,-0.6600140607833862,-9.784407773053646,-0.0110030743007897,0.0060155061073601,0.034899529069662,0.0004105017869733,0.5008801083175997,-0.466713618707691,0.5317324503912435,-0.4985559616479414,0.6097123622894287,-0.2048129290342331,-0.2186409384012222,-0.2448831075966358,-1.3781263825312255,0.6372457641363144,-0.0434084050357341,0.0208738893270492,0.1003895613275934,0.109667994081974,0.0578835861673112,-0.1025139056709595,1156
1726744803949246200,-0.2117707462634891,0.112312373971939,0.0900970350325107,-0.6616637276865541,-9.78428794606626,-0.0170745773758448,-0.0129100317135453,0.1124527230858802,0.0153162227943539,0.50010735875838,-0.4661091116501321,0.5325531496692709,-0.4990211099338213,-0.0969223156571388,-0.2504472136497497,-0.099957562983036,-0.1186328091651201,1.326544225462526,-0.5580354492992162,-0.0173532981425523,-0.0101415673270821,0.0665039734325138,0.0234453827142715,-0.0432160185592016,-0.1122627900760155,1157
1726744803989015600,-0.207464573502168,0.012903905236721,0.2492962478637695,-0.6688130149193108,-9.783789348894356,-0.0227452354318927,0.0228319037705659,0.1293466687202453,0.0221373736858367,0.4988052891888149,-0.4646179605194363,0.5341252989582067,-0.5000335093196326,-0.7014582753181458,-0.1379127204418182,0.0856753513216972,0.1182137069702148,0.9082157914087176,-0.8378811492055654,0.0094125308096408,0.0037509761750698,0.0049427307989215,-0.01646738499403,-0.1091936391632072,-0.1078106329727452,1158
1726744804028784600,-0.1398817872904241,0.0304652808904647,0.1257809273540973,-0.6792343095600605,-9.783096105933188,-0.008016549895337,0.0440186075866222,-0.0333476588129997,0.0236239433288574,0.4988806694118223,-0.4633807788032015,0.5344969449342521,-0.5007089004876326,0.1483617424964904,0.0385182313621044,-0.1347600221633911,-0.3607324235230684,-1.862353960558772,-0.3976484879881143,0.0245084818452596,0.0329623371362686,-0.0651096877962118,-0.0206436570733785,-0.0991561379419639,-0.062489783054823,1159
1726744804068554200,-0.1178480154629796,-0.0182195473015308,0.1294067166358232,-0.6885490311983973,-9.782443779504298,0.0075114093890384,0.0280463639646768,-0.108000248670578,0.0175759177654981,0.5003251180560263,-0.4636248457019586,0.533543838087666,-0.5000576584017907,1.011380672454834,0.1318372040987014,-0.2366822510957718,-0.5573410372942685,-1.2231579391375182,-0.7678764696091414,0.020807085558772,0.0817170292139053,-0.178402126880642,0.0110479928553104,-0.1919705787070095,0.0237691145699354,1160
1726744804108322300,-0.0854527894232422,-0.0216050980865955,0.1193611234396696,-0.6956556483332067,-9.78190251223445,0.0289293651436339,0.0489744804799556,-0.1138582900166511,0.0129330847412347,0.5021282011760133,-0.4640701569388594,0.5321314709047069,-0.4993418529196877,0.3392885625362396,-0.1089426502585411,-0.0150324180722236,-0.075784432041645,0.0582725946180522,0.4025163862854242,0.0202489104121923,0.0409840010106563,0.0605701994693605,0.0419897325336933,0.0374623572531738,0.0124735715450369,1161
1726744804148092000,-0.1515162571132183,0.0081774612367153,0.0639309126406908,-0.6988743181187659,-9.781607913202048,0.0459025953286327,0.0231226477771997,-0.0589259900152683,0.0022491468116641,0.503566460511748,-0.464561764653891,0.5308879219812889,-0.4987596833078822,-0.6918042898178101,-0.1804793626070022,0.0928187444806099,0.1795218698918819,1.0861134210996328,-0.7649766565144062,-0.004209111444652,-0.0233721900731325,0.01662708362845,0.0295662805438041,0.0362298859989037,-0.0572000197833636,1162
1726744804187861000,-0.2030064250495284,0.1177180324077606,0.0661076675913063,-0.7063414391290396,-9.781014623484015,0.0565949574291473,0.0179792456328868,0.0373117923736572,0.0289323199540376,0.50411001789881,-0.464189575106174,0.5307000079878568,-0.4987569971860817,-0.2989840507507324,-0.1020440012216568,0.0529261901974678,-0.2699199336975812,-0.0788992030613124,0.2015349642574787,-0.0027447245083749,-0.0551622621715068,-0.0445103098531719,-0.0011613373644649,0.114769192539528,-0.0476734409260563,1163
1726744804227630300,-0.0836449362836778,0.1065232691764831,0.078223066498572,-0.718113563856855,-9.78014660847783,0.0586956149362493,0.0092270411550998,0.0913005843758583,0.0246310383081436,0.5037613193895338,-0.4630719281136409,0.5315747792324692,-0.4992166384043629,-0.0744889080524444,-0.0894062295556068,0.067560464143753,-0.3555360239237546,0.079727032187581,-0.2857131306350231,0.0019606428686529,-0.0980650559067726,-0.0281948745733359,-0.0504049137234687,0.1684963622802868,-0.0970882821593433,1164
1726744804267399400,-0.0321256153181195,-0.028948446586728,0.1470639538794755,-0.7226463849809021,-9.779795895344018,0.0612314033244503,0.0166910085827112,0.1312842667102813,-0.0131203476339578,0.5028172213939504,-0.4616910665922444,0.5326531952228671,-0.5002966352655078,0.0953264907002449,0.0496793240308761,0.1198877170681953,0.0231622644007205,0.7427174784332513,-0.1938344728827476,0.0130673898383975,-0.1025107651948928,-0.1354693959419615,-0.0888512656092643,0.116514209575951,-0.1259210482108406,1165
1726744804307169000,-0.1872579440366476,-0.0697270316988229,0.1548889484167099,-0.7152062981080264,-9.780317288869618,0.0652283548729727,0.0209547355771064,0.1497155427932739,-0.0282312594354152,0.501258546369636,-0.4602356585331366,0.5337203555913027,-0.5020613111769944,-0.925079882144928,-0.1212679147720336,0.059016577899456,-0.3760790457367897,2.459809273837507,-1.147567860624194,-0.0045541259460151,-0.1123405173420906,0.0421691900871228,-0.1189997121691703,0.1409615818837657,-0.1501943060607649,1166
1726744804346823000,-0.1904638274058699,-0.0510959809869527,0.0519908748669084,-0.7075115058217197,-9.780841605004667,0.0702632574673742,0.009520067833364,0.0640982910990715,-0.0147322015836834,0.4999888006640502,-0.4590525879181815,0.5344981686431177,-0.5035807622419705,-6.63397368043e-05,-0.0729649364948272,-0.0129154715687036,0.2086789907932281,-2.1531126841455697,1.201837795472145,-0.0301146153360605,-0.0390043035149574,-0.2396392338600941,-0.0601503886282444,-0.0236755180023494,0.0436180874209152,1167
1726744804386587600,0.0199281047850847,0.0139507839411497,-0.0713479154655011,-0.706315574035421,-9.780946234422922,0.0677565399100305,-0.0301487557590007,-0.0612850710749626,0.0044547831639647,0.4999827091986067,-0.4592379884770525,0.534458462173454,-0.5034599146686142,-2.0004944801330566,-0.4796992540359497,-0.189066469669342,-1.3684353018611668,1.7825304822593926,1.3377701144844292,-0.053077083081007,0.0099460743367671,-0.1808672566188499,-0.005370732396841,-0.0114887743168568,0.0892654247802682,1168
1726744804430077200,0.2028799491256475,0.0170130941212177,0.0347404739916324,-0.7120964955244213,-9.780566879716517,0.0616259875660296,-0.0112466849386692,-0.0197791568934917,-0.0005218730075284,0.5005288417085232,-0.4598120728510633,0.5342572477373184,-0.5026060811170999,-1.643144130706787,-0.3686566650867462,0.0435717068612575,0.9848059868752956,1.6236746760383247,-0.242346282595396,-0.0814060643315315,0.0492643862962722,-0.0470159633980132,-0.0190934278070926,0.0029774848657601,-0.0085740159563836,1169
1726744804469842000,0.1014602866984903,-0.0412274979233741,0.0773258162647485,-0.7068937392495572,-9.78098598191142,0.0549540218217065,-0.0121897291392087,0.098946675658226,-0.0226833596825599,0.4998010689158981,-0.4596599469935966,0.5347063285736977,-0.5029919325366452,-0.2323587089776992,-0.0235895626246929,-0.0632438883185386,0.6261579684108496,-2.229379639007151,-0.8902022880733013,-0.1057785376906395,0.0097100846469402,0.0263012999286758,-0.040412601083517,0.0841193305960856,0.0240471483433153,1170
1726744804509606700,-0.1421943750817328,0.0392716876804828,0.0633697624934371,-0.6990685985818504,-9.781575764498116,0.0493076362654566,-0.011312672868371,0.1081037074327468,-0.0077913552522659,0.4983448168667284,-0.458825460815302,0.5356913352815654,-0.504149054632557,-0.9481841325759888,-0.0734973102807998,-0.1997634619474411,-0.2926502364218235,0.7843015347093343,-0.8243985672980546,-0.090235136449337,0.0325351171195507,-0.085943997873133,-0.0182212591171264,0.1008272677582688,0.0998101174718234,1171
1726744804549371400,-0.1867830930665135,0.080929978236556,0.0669207421064376,-0.7011663015134633,-9.781487501692771,0.0355810278854449,-0.0433973036706447,0.0896417275071144,0.0238140020519495,0.4970976201759266,-0.4580754740520297,0.5369848531959944,-0.5046861796719526,-0.6457047462463379,0.0182235594838857,-0.1714444607496261,-0.2513917588382959,0.3556029516801238,-0.846418091404438,-0.0718394741415977,0.0246233791112899,-0.0649613060011994,-0.0143733918666839,0.1669960224536247,0.0933039961139671,1172
1726744804589136100,0.0346645592112094,0.0905675751537084,0.1766150425344705,-0.7132708000008017,-9.78064988182485,0.0228515818831976,-0.0094821024686098,0.0670051202178001,0.0286741089075803,0.4962873528149268,-0.4571874245521817,0.5383442693854847,-0.5048405777243785,-0.2918893992900848,0.1361637860536575,-0.1134627163410186,-0.173536950263381,0.9951420874506236,-0.3923381066203117,-0.0628140196204185,0.0372451022267341,-0.0635308439398184,-0.0176904890686273,0.1287618063284084,0.061485601847805,1173
1726744804628901000,0.2285295733626931,-0.0786129334658384,0.1192933189004659,-0.7247277943648397,-9.77981167743504,0.0210667283100192,-0.0073564792983233,0.0022157386410981,0.0144505957141518,0.496217126920636,-0.4565712647353543,0.5389513669903213,-0.5048194687463281,-1.8610879182815552,-0.1458286494016647,-0.0653363987803459,-0.4893833533555269,1.754565786013007,-1.396613348597288,-0.0740145817399025,0.0115054557099938,0.0461932305719703,-0.0299556143581867,0.2115285715380683,0.0447891496274387,1174
1726744804668665600,0.1582285411681979,0.0346036958694458,0.1632943731904029,-0.725504550890997,-9.779752056202293,0.0215079121892806,0.0141181871294975,0.0091575337573885,-0.0111714107915759,0.4962488777691382,-0.45654022443498,0.5389567933970069,-0.5048104243825321,-0.3388808667659759,0.0772241875529289,-0.2264061123132705,0.6772410899162292,-2.387360123698413,1.001979824516177,-0.1138063743710517,0.0110845612362027,-0.1655347359957173,0.0315252803266048,0.0773575174441095,0.196495581850782,1175
1726744804708429600,0.0077330054048448,0.0794762722969055,0.0542535636684624,-0.719259665152058,-9.7801822643131,0.0328357317822752,0.0277215410023927,-0.0038937283679842,-0.0039639892056584,0.4962945786993067,-0.4563635953731218,0.5385704339824765,-0.505337305625977,0.3501422703266144,0.3190126121044159,-0.4148041009902954,0.2556137604475021,-0.7127189382717013,-1.2356120547801257,-0.1275706440210342,0.0136646963655948,-0.0114798706328379,0.0728923752903938,0.201735747526586,0.1116129661314655,1176
1726744804748194300,-0.1759535098858177,-0.0232405903339385,0.0735012895405292,-0.7178318243060261,-9.780267019987106,0.0384274736749939,-0.000552789773792,0.0596915483474731,0.0066425767727196,0.4962295702340234,-0.4560921117600619,0.5385357274895933,-0.505683188941882,-0.4940768480300903,-0.1919925212860107,-0.365526407957077,-0.4588508524477481,0.0896624430075287,2.047898159480095,-0.1374217271804809,0.0128835504874587,-0.1362964852827135,0.0281662158668041,0.1428846954334527,0.0268313699510763,1177
1726744804787959000,-0.2644362415894866,0.1109890164136886,0.1532417657315731,-0.7216754941221326,-9.779973005476592,0.0414369805221678,0.0335149951279163,0.1602962017059326,0.0190913826227188,0.4952256531003735,-0.4546603228418581,0.539602902787504,-0.5068178995861177,0.1070276200771331,0.0055468585342168,-0.2431781589984893,-0.0040396307796239,0.2386637946903705,0.1881751319468021,-0.142879381775856,0.0388556979596614,-0.0111682245675125,0.0293411277234554,0.1842384683513082,0.1038277921479661,1178
1726744804827723800,-0.1853226651251316,-0.0411491719901561,-0.0220528418540954,-0.7328536715447902,-9.779117849951982,0.0465932673068018,-0.0010620597749948,0.134737879037857,0.0258767157793045,0.4940542884318874,-0.4525377957307217,0.5411413382940494,-0.5082184532723165,1.5227453708648682,0.0849393159151077,-0.0071603800170123,0.1738718813061714,-1.7092457580789924,0.6924316447854042,-0.1418493390083313,0.04325807467103,-0.0539925244123674,0.0017445513512939,0.1622690487306565,0.0101209828201914,1179
1726744804867488500,0.0310192615114152,0.0538975944042205,-0.0413502520867856,-0.7465860634949057,-9.7780966902107,0.0425469008257146,0.0040632630698382,0.0677637904882431,0.028741093352437,0.4933284753388606,-0.4512053787458832,0.5424430090390445,-0.5087201930931603,2.288315773010254,0.17619189620018,-0.1197557672858238,-0.4457990631729364,-1.0002128148436549,-0.0074427172213792,-0.1487567722797393,0.0982594564557075,-0.1827932379790581,0.0070815756916999,0.0124878032830776,0.129546673095785,1180
1726744804907253500,0.1784974222149699,0.0659685559481382,-0.1134159512996673,-0.7583427714578806,-9.777150933793187,0.0514659924762789,0.0372518524527549,0.0466264151036739,0.0159435309469699,0.4932897999586434,-0.4500673219864727,0.5429690325462857,-0.5092046280659457,0.5653414130210876,-0.0384757257997989,-0.3000025153160095,-0.5793208139121532,0.5405819179341197,-0.6960112568378448,-0.1327220499515533,0.106415644288063,-0.0827153272833675,-0.0240559726953506,0.087868673192244,0.0348179551080567,1181
1726744804947018200,0.151799311838299,-0.0569704259783029,-0.1720312218755483,-0.7647147907078266,-9.776613758176564,0.0584563445539679,0.0092001464217901,0.083354040980339,0.0104948421940207,0.493000149183414,-0.4490569045231005,0.5434771866164774,-0.5098345588076328,0.157601311802864,-0.1416644304990768,-0.282565712928772,-0.5717389804810286,-0.1915945850014686,0.7271797175616026,-0.1193995326757431,0.1108774989843368,-0.0360951605531969,-0.0835302546620369,-0.0191221929463907,0.0415324493864318,1182
1726744804986783000,0.1243091743011027,-0.0003904606223106,-0.1759995409846305,-0.7664038397733122,-9.776481656229496,0.0585339398348238,0.0166432596743106,0.0866502001881599,0.0049338811077177,0.4920854555675739,-0.447984059066207,0.5443582298081848,-0.5107214036404621,0.923884391784668,0.0180007573217153,-0.2246759980916977,0.2498462829619646,-0.6623387043386697,-0.0204676184892654,-0.095071941614151,0.1214195564389228,-0.033849409186712,-0.0899255126714706,0.0030383396451914,0.1331852944596205,1183
1726744805026546700,0.1189187864996492,-0.0201636671066284,-0.2492103231459856,-0.7686451889593153,-9.776310975837706,0.0575243335340172,-0.0173799805343151,0.0192547794431448,0.0164406225085258,0.4915757587724029,-0.4473659424883669,0.5449135607110384,-0.5111616188082502,2.1152775287628174,0.3017144501209259,-0.1712019890546798,0.5674883372992277,-1.0825956222370263,0.2104582754254341,-0.0652507171034812,0.1384181976318359,-0.0339971059951349,-0.0349553227424621,0.0754213708829134,0.2767971625233069,1184
1726744805066311700,0.0917233210600912,0.0169675014138221,-0.1112000288158655,-0.775117965169996,-9.775883105814456,0.0411696119899861,-0.0334651060402393,0.0210820604115724,0.0196973904967308,0.4912203874895922,-0.4474360684407613,0.5456206545937153,-0.51068741701581,0.1171319186687469,0.0940729901194572,-0.1922688484191894,-0.4708405654489994,1.216383768827468,-0.8597183024823665,-0.0527103319764137,0.1402710527181625,-0.1119454586219973,0.0050658714026212,0.08597587258243,0.3442014503629877,1185
1726744805106076200,0.0671607614073902,-0.0281277778536081,-0.0439577951035229,-0.7818301761597395,-9.775380416989323,0.0327350159207358,-0.0021039801649749,-0.0105598857626318,0.0308874547481536,0.4910650456341184,-0.4473133997225393,0.546115098721706,-0.5104157219608159,1.5521820783615112,0.3938736915588379,0.0198918767273426,0.5586112033605575,-0.65195481909886,0.0892389568984508,-0.0603381395339965,0.1015191376209259,0.1032268853790592,0.0243101622909307,0.1549456105073914,0.3862966344989836,1186
1726744805145841200,0.1894122725263237,-0.0324228446990251,-0.1203688391774892,-0.7981381176862865,-9.774076933175325,0.0277428816056926,-0.026565495878458,-0.0885569676756858,0.0510855540633201,0.4918934151314756,-0.4475374273831492,0.5461645885060586,-0.5093675545478105,3.158352851867676,0.4778926074504852,0.2909592688083648,0.1758984186977148,-0.6829429548196494,0.684472210213542,-0.0693569928407669,0.0657860860228538,0.1115983987499959,0.0742566660046577,0.1918170869120396,0.4922547075407579,1187
1726744805185606000,0.3265156811445951,0.167110132086277,0.0066366615355014,-0.8102939079694449,-9.77309610544443,0.0199986127380281,-0.0107981730252504,-0.1045937538146972,0.0086377179250121,0.4931008085251378,-0.4485401083571559,0.5457033311766443,-0.5078102456614647,0.2705212235450744,0.1549802273511886,0.2119773626327514,-0.1890980920106172,2.827176605330408,-0.8298135780841112,-0.0486068725585937,-0.011111038736999,0.0515879474886693,0.1302206963300705,0.3132538658482954,0.6174673700202256,1188
1726744805225370600,0.0828279208123684,0.1587719273298978,0.1864788494229316,-0.8075229819513857,-9.773287244102358,0.0339373363486258,0.0805040672421455,-0.0484209172427654,-0.0001922916126204,0.4941019834867997,-0.4490740838805597,0.54461192111044,-0.50753678170536,0.3622862994670868,0.146328255534172,0.0344669595360755,0.0015875614523887,-0.2825046899825334,-0.7642500958055257,0.0291327405720949,-0.1535772979259491,0.1516939152350649,0.1308533698320388,0.4291382530881091,0.5259535269923508,1189
1726744805265135400,-0.2009098911616951,0.1005687446862459,-0.0102297267245594,-0.8134832785952836,-9.772544316780566,0.0774168555490672,0.1105252504348754,-0.144913449883461,0.0471099875867366,0.4960937350472624,-0.4487049963536471,0.5428781310051191,-0.5077775790327522,-0.0942205339670181,-0.0421540848910808,-0.5869404673576355,-0.769492088112235,-0.7202990181371569,-0.0035591537863016,0.1053361594676971,-0.1309586763381958,-0.1835361835671588,0.1114567369222641,0.1603689507303759,0.2919438051855191,1190
1726744805304900000,-0.1921897013504058,-0.0886000744730234,-0.1663748035490512,-0.835820636479184,-9.770273449239134,0.1163953598360996,0.0532034039497375,-0.2431223690509796,0.0753766223788261,0.4996614537573667,-0.4493285990333713,0.5405268711856179,-0.5062340823263733,-0.2109727263450622,-0.1195675432682037,-0.657398521900177,0.0525444262295961,-1.2531520953848958,-0.179122641441226,0.0648907274007797,-0.0937022119760513,-0.0776285712041426,0.1454719007015228,0.0566916227366542,0.1993384040612727,1191
1726744805344663800,0.1427056856047362,0.0511246225595474,-0.0719464613139629,-0.8620138660736382,-9.76754256297052,0.1497581431332044,0.0971674621105194,-0.1860459595918655,0.0547160990536212,0.50337383270587,-0.4501693627933039,0.5382490171795552,-0.5042324340316107,-1.2610843181610107,-0.4181286692619324,-0.9674036502838136,-0.9346247826457024,0.787037608609721,0.2462672554314136,0.0589091069996356,-0.0285003613680601,-0.1715327343015,0.163390964269638,0.0133944013005588,0.1750828645311296,1192
1726744805384558600,0.2425437779288738,0.062841363838315,-0.2744680985212326,-0.8788027229849249,-9.765193954017755,0.1977040443250909,0.1119141802191734,-0.1480724811553955,0.0344387926161289,0.5064340528961205,-0.4500908829014625,0.5360392677606338,-0.5035917789967661,-0.4013660848140716,-0.1530923843383789,-0.8588554263114929,-0.1415156721025705,-1.1158497301284225,0.2635352010965347,0.0873259305953979,-0.0233219489455223,-0.0676028608853928,0.0867625921964645,0.0408221091599902,-0.0002083694955857,1193
1726744805424328400,0.1971584296736866,-0.1216419278532266,-0.5499374465068801,-0.8886337235823273,-9.763569567686318,0.2312091313028708,0.0284936688840389,-0.2917255461215973,0.0251515693962574,0.5096145594242962,-0.4512409348459348,0.5334728049393509,-0.502077228685156,-0.6316078305244446,-0.1074331104755401,-0.5761959552764893,0.1195429097473621,0.5472771047238261,0.2375146246552467,0.114603541791439,0.0348583273589611,-0.1498351538921706,0.0442578084766864,-0.1088215453146491,0.0029647309862863,1194
1726744805464098600,0.1676454810719937,-0.0040606735676527,-0.3662999945223331,-0.8921905392810702,-9.762935361436009,0.2438962885163724,0.0026367781683802,-0.2599533796310425,0.0221797358244657,0.5130133604039253,-0.4540139014130745,0.5305055394699921,-0.4992520513615416,-0.2151378989219665,-0.1742760688066482,-0.2427458018064499,-0.2427741526186466,1.0663025129534305,0.4203483955740928,0.1288209855556488,0.0265475269407033,0.0011188148544111,0.0375187620520591,-0.020736927816784,-0.024033217999374,1195
1726744805503868400,0.1222169512622058,-0.030953356668353,-0.1534866804033517,-0.8956935789659619,-9.762678171804549,0.2413241912723518,-0.0162576120346784,-0.0835490673780441,0.0153469750657677,0.5146966849019704,-0.4557449529356253,0.5291431080517242,-0.4973846453822572,0.3665588200092315,0.078665867447853,0.0308619700372219,0.6270335822016,0.1166669524522498,-0.1328460434347391,0.12147918343544,-0.0193491894751787,0.0206429978890577,0.0407050102949142,0.0431624800073681,-0.0019358445962745,1196
1726744805543638300,0.0746007752150297,0.0819084678798914,-0.0440565473368391,-0.8986550591200589,-9.762564774557948,0.234844400798995,-0.0027385461144149,-0.0751904547214508,0.0177279952913522,0.5152723049875608,-0.4565292359040863,0.528779089082619,-0.496455746990931,-0.5833151340484619,-0.1354979872703552,0.0800673365592956,-0.3206464968502521,0.9308641149379312,0.2207300785928964,0.129806250333786,-0.0740911439061164,0.0504846167561132,0.0459678992629051,0.0968259414287284,-0.0506660331710474,1197
1726744805583407900,0.0091241675022989,-0.0103887075453996,0.106935320576094,-0.9018620384678244,-9.762291802835463,0.233789430119656,-0.0065796268172562,-0.101225845515728,0.0134313907474279,0.5162320902476754,-0.4574326141993191,0.5280487289667404,-0.4954030901780128,0.9059700965881348,0.1031859070062637,-0.1221497505903244,0.6601040771543979,-2.611974350248277,0.0561824904710054,0.112733244895935,-0.0920331701636314,-0.0347164469453622,0.045094821602106,0.0497720571731217,-0.1132530340892262,1198
1726744805623177700,-0.114354693454504,0.1070136830419302,0.2587356735940091,-0.9036298518579452,-9.761930568307635,0.2419519312492571,0.0419637858867645,-0.1030250638723373,0.0092314286157488,0.5174352682260446,-0.4581992473155198,0.5269889321235127,-0.4945672885190843,-0.1153939962387085,-0.0920910760760307,-0.1774040907621383,0.520095887005329,-0.4473154590852558,-0.596005406731367,0.0902051329612732,-0.0792752355337143,-0.1046130425078328,0.0967434421181678,0.0510609188067261,-0.0718247711630538,1199
1726744805662947600,-0.1614802364405244,0.1074801315099,0.1934797046283259,-0.9070821112036704,-9.76090239430368,0.2690504573866725,0.0580696761608123,-0.1907348930835724,0.0194119121879339,0.5196245293629115,-0.4589463621406048,0.5250242673482434,-0.4936680861653235,0.881450355052948,0.1634987294673919,-0.1705306619405746,0.9609726913452148,-1.3787696488708256,-0.0080950436502695,0.0688398852944374,-0.0646347403526306,-0.1140753285238519,0.121918998658657,0.0754299377818591,-0.1505347261294256,1200
1726744805702716700,-0.226799096308276,-0.0555272414326667,0.2335346516409888,-0.915534151598066,-9.75920435821414,0.3002223521765321,0.0601228922605514,-0.208556056022644,0.0296349842101335,0.5226056881319673,-0.4600487619750422,0.5225400047830341,-0.4921285471350827,-0.5717167854309082,0.3009138405323028,-0.2376299947500229,1.138595449617505,-0.5901682980757207,-1.5849205824911594,0.0511287525296211,-0.0714272409677505,0.037841627477901,0.1053836569190025,0.1515262670505791,-0.1976733203932643,1201
1726744805742486500,-0.2456887979563325,0.0300748202681541,0.2006651591530069,-0.924327698906511,-9.75711644602418,0.338628983992897,0.0844269022345542,-0.1984471678733825,0.0208216458559036,0.525717241010852,-0.460886576793774,0.5199214263224421,-0.4908020131668046,0.4201141893863678,0.2565494179725647,0.0024441774003207,0.2687590732246637,0.4913298843134194,0.4914017074406147,0.0202693697065114,-0.0371499694883823,-0.1496830960024613,0.0874447971582412,0.0069309837191569,-0.2571844255640171,1202
1726744805782256400,-0.1731121489800512,0.1007499464720487,0.0914198080688715,-0.9303154680792242,-9.755218503448368,0.3750008220460266,0.0516261681914329,-0.1576175540685653,0.0065238019451498,0.5285650651970487,-0.4616889273886334,0.517420152484923,-0.4896312576882359,-0.0147819034755229,0.030552290380001,-0.0232381504029035,-0.3379308091282844,0.6183595696195959,0.1144032087713479,0.0110392477363348,-0.0510476157069206,-0.0681102806845679,0.0335996262729167,0.0874312590225134,-0.3877213335398584,1203
1726744805822026200,-0.103327834136039,0.0346054494351148,0.1023170861909165,-0.9312665582589804,-9.75431717069447,0.3955271849852055,0.0284550599753856,-0.0281574297696352,-0.0074782902374863,0.5300287949821373,-0.4621140449984715,0.5160274561171044,-0.4891174199770637,-0.1214268654584884,-0.0464349016547203,-0.0058254706673324,-0.5344675267070531,-0.6374437709264457,-0.6814578308284283,0.0286238938570022,-0.0498796142637729,-0.045937095819856,-0.0371612682938575,0.0026037790154281,-0.4317979738166556,1204
1726744805861797000,-0.1141759028214961,-0.026589316239953,0.1301432507494464,-0.9284987740460784,-9.754324184957149,0.4018183940839022,0.0052255494520068,0.1018470153212547,-0.020124178379774,0.5297093164827182,-0.4615956820580743,0.5161805793058978,-0.4897909717228562,-0.1798765808343887,-0.0671592503786087,0.0253723300993442,-0.2569260120898485,0.6114708330191672,-0.3908873232901096,0.0408421605825424,0.0027180826291441,-0.0279356482484145,-0.1073825433850288,-0.0804076439960394,-0.5272461971513926,1205
1726744805901567000,-0.1216324293725192,-0.025972061124444,0.1925736591666936,-0.9207428261570632,-9.755389183840157,0.3937069838207215,-0.0210607331246137,0.2110527753829956,-0.0410819314420223,0.5277688291254942,-0.460384003739294,0.5176611818065396,-0.4914606410283662,-0.2284859269857406,0.0632424876093864,0.0850477144122123,0.8764233535677194,-0.5245350384965539,0.4872358199328184,0.034016091376543,0.0492987483739852,-0.0944477593216113,-0.175265833735466,-0.1008260256492532,-0.5547026881473138,1206
1726744805941336600,-0.1498950125869363,0.0150888480603694,0.2630190317353233,-0.9087913262743502,-9.757243871796131,0.3750357472289353,-0.0368145741522312,0.2229215800762176,-0.0452195517718791,0.5247824185089695,-0.4588409692591871,0.5199456342894453,-0.4936849116476703,-0.2103431522846222,-0.1563438773155212,0.0657913237810134,-1.328092770078778,-0.4664464221432804,1.023787751698494,0.0497834682464599,0.0339997559785842,0.047179830456525,-0.2216282188892364,0.0260098153019673,-0.5277987895328551,1207
1726744805981106400,-0.2792474417522549,-0.0473129553169012,0.3638806584209204,-0.8945098490741104,-9.759337044683098,0.3543796934954822,-0.0455452241003513,0.166481077671051,-0.0562077425420284,0.521950221978772,-0.457685255227643,0.5219730560381606,-0.4956171113944881,0.0316689535975456,0.1279403567314148,0.1768054515123367,-0.0130459440559148,-0.3219944773931056,0.2204272962540387,0.0432783626019954,0.0685695856809616,-0.0793153643804602,-0.3504401445388794,-0.1710034131977707,-0.7262333766222,1208
1726744806020875500,-0.2946498858064413,-0.1436012462049722,0.3666220660835504,-0.8734212491422891,-9.762108847483992,0.3297912687491625,-0.0803881511092186,0.0641088187694549,-0.0659478679299354,0.519703728335861,-0.4577114314830063,0.5231496639875264,-0.4967119567302873,0.0478577762842178,0.1795162558555603,0.2455917745828628,-0.2539630706310272,-0.2570884361099451,0.3500900334775447,0.054414227604866,0.1346309930086136,0.0155237414794508,-0.5057776570320129,-0.1801980338540859,-0.725333359042555,1209
1726744806060645400,-0.2876059586443006,-0.2618266436129808,0.4637099829167127,-0.847245701334998,-9.765538821932672,0.2946530093452893,-0.1025881990790367,0.0668950155377388,-0.0924902185797691,0.5177270895569608,-0.4588344153207485,0.5238777114502172,-0.4969726896271206,0.5050849914550781,0.3768109381198883,0.3781461417675018,-0.0142769471555948,-0.6718424457430839,0.357249257582426,0.0367999747395515,0.2299804836511612,-0.076989807509724,-0.5784479975700378,-0.2154677741505205,-0.5083985445467755,1210
1726744806100415200,-0.1188744359012693,-0.0280196413040161,0.4244271893203258,-0.8096268954280763,-9.769950793156028,0.2508872251159511,-0.1212755069136619,0.1034652814269065,-0.1098983883857727,0.5147545064260166,-0.4599617246875376,0.5250176410980086,-0.4978147109529621,0.9191945791244508,0.5924380421638489,0.4738489687442779,-0.6507727697074412,-0.2585407903427258,-0.6261521231919527,0.0156116690486669,0.218851625919342,-0.0371660023718141,-0.4990433156490326,0.0189874515176634,-0.0677238112507853,1211
1726744806140184800,0.1307654377683997,0.0722305389523506,0.2856336356580257,-0.7730099600400775,-9.774134216320514,0.1978455534213222,-0.1525180041790008,-0.0109795229509472,-0.0910153836011886,0.5120769076745042,-0.4618181453567818,0.5259626266098927,-0.4978599845126367,0.4582434594631195,0.7521979212760925,0.3038351833820343,-1.3059773843824862,0.1653804952820763,-2.5160651218056675,0.0346456989645957,0.0477327778935432,0.36690610718932,-0.3520128726959228,0.4518463074479252,0.2950399263036437,1212
1726744806179954700,0.3142247201744467,0.0849497352719306,0.3614396950095891,-0.7381476862996816,-9.77772551881075,0.147028946498176,-0.1263977289199829,-0.0532469414174556,-0.0974003002047538,0.5104991399678176,-0.4646272972494567,0.5259515990093462,-0.4968773501774808,-0.0290455278009176,0.2423300147056579,-0.2161237895488739,-6.577293400731683,1.3981767985217273,-2.228314347863197,0.0755521729588508,-0.1331285089254379,0.2285634025670588,-0.0698393732309341,0.4189574526723474,0.8817731901630759,1213
1726744806219724500,0.2453290977984666,0.2754366512924432,0.3941822731822729,-0.6999279918901622,-9.781014623484015,0.1105449259079992,-0.0776454731822013,-0.0227763298898935,-0.0903980433940887,0.5088937782648284,-0.4668535362030745,0.5257485646120298,-0.4966520717745029,-0.7946963310241699,0.2092830538749694,-0.8097784519195557,-6.330009077212214,0.4961185798946768,-2.77930630839169,0.1704102009534835,-0.1214840114116668,-0.2521817401722073,0.2302668541669845,0.3057027198163792,0.8578935712732374,1214
1726744806259494700,0.1945295424748212,0.4008890773445367,0.1883072338938713,-0.6685816173162311,-9.783315886163711,0.1004936062239576,0.0043166964314877,-0.2609782218933105,-0.0555671155452728,0.5090795564265458,-0.4692479657902215,0.5241017061535612,-0.4959452285092545,-1.7039514780044556,0.3888043463230133,-0.8476964235305786,-6.95785163770914,0.607077310767956,-2.897536966496706,0.2733936905860901,-0.2309912890195846,-0.1873313745990395,0.3663453757762909,0.6278644070025533,0.678341744634509,1215
1726744806299264500,0.1066704225622117,0.1447118377953767,0.0016436755537986,-0.6523990557350218,-9.784066996791958,0.129588594275061,0.0593688450753688,-0.5070664882659912,-0.0165536645799875,0.5133552755092958,-0.4731220420684982,0.5191804637429357,-0.4930248777609455,-1.9145386219024656,0.7194812297821045,-0.3180190622806549,-5.8369636942178005,0.4219928017802536,-3.193423700621724,0.3474825024604797,-0.2950349748134613,-0.2972991764725186,0.4346445798873901,0.5568368140991777,0.4330295249056071,1216
1726744806339033300,-0.1054746369063854,0.0093389062315225,-0.0385871942813508,-0.6482500462967902,-9.783817990466952,0.1645817461198195,0.0541470982134342,-0.4621806144714355,0.0096567664295434,0.5190275174305359,-0.4774890587982346,0.5134324348683318,-0.4888782319114044,-1.2662357091903689,0.8892914056777954,0.8577086329460144,-3.7589036207079887,-0.1934596482209861,-1.7109738970458506,0.3193721771240234,-0.1113110557198524,-0.4667271022481843,0.5512335896492004,0.0513387767668813,0.3842851120134815,1217
1726744806378803000,-0.1939228818185627,0.0865600930780172,-0.1859574741636402,-0.6551210280448198,-9.78277695698142,0.196132392827887,0.0410844720900058,-0.3313186466693878,0.0375396609306335,0.5238310486432538,-0.4805198209588941,0.5090193834700681,-0.4853874313313814,-1.8761507272720337,1.11462140083313,2.355720043182373,-3.14156491856873,-0.0012919395066797,-2.789077176299691,0.2668778002262115,-0.029514530673623,-0.1439567999106831,0.560940682888031,0.0680281599256442,0.1712042147331871,1218
1726744806418452000,-0.1553800198692828,-0.2810907315313816,-0.3253273481428623,-0.6694222328588366,-9.781737677061557,0.1996318888488225,-0.0630083009600639,-0.1442627608776092,0.0434263348579406,0.5266374335684548,-0.482538494151702,0.5069301807304755,-0.4825260086699237,-5.306868553161621,1.8111300468444824,4.0860443115234375,-0.5566863727778196,1.57435388803035,-5.57455895845592,0.2001562118530273,0.0877762958407402,-0.0123319345846422,0.5738437175750732,-0.2754336921503767,0.2180014025476761,1219
1726744806458217200,0.0749042882062494,-0.0181231011897325,-0.3100894470006227,-0.6852762200728059,-9.7813442938298,0.1614990324725397,-0.1352696865797042,0.0467222817242145,0.0350766405463218,0.526437217979314,-0.4835234045157887,0.5079084150052755,-0.4807265303966866,-9.054948806762695,1.0614980459213257,4.949759006500244,-2.820284215468168,-0.1928103905320167,-6.185280872803926,0.2366065979003906,0.0922358781099319,0.0174298924778937,0.433537870645523,-0.1551453343305736,0.0430892321080667,1220
1726744806497982200,0.2277753209292888,-0.1352250475257635,-0.4187690174281597,-0.699283629572019,-9.781258953633904,0.0915115597392432,-0.2059843242168426,0.0158825293183326,0.0395673774182796,0.5245597005169221,-0.4845194110468976,0.5104656202107262,-0.4790647110382385,-4.314986705780029,-1.4786882400512695,6.419388771057129,-6.444296550649404,-8.029863029828666,-0.5285755460590124,0.271660178899765,-0.038031879812479,0.4583837098600342,0.3103920221328735,-0.0218082377095706,0.1851712191567756,1221
1726744806537747500,0.3755769414335489,-0.1376473062366247,-0.3416629813939332,-0.7118123448207974,-9.78078139925003,0.0034817351749035,-0.2351562678813934,-0.0703641474246978,0.0151237258687615,0.5230503546235862,-0.4869459727904795,0.5125486323174223,-0.476020804274579,0.9370161890983582,-0.2284595221281051,6.519463062286377,-1.0625516359873115,-7.945584910207986,-0.194652511267364,0.3343842029571533,-0.1183344423770904,0.2907303194762207,0.1398515254259109,-0.3543986539242789,-0.016499161241221,1222
1726744806577512400,0.4650174122534692,-0.1584077701926231,-0.3240203571975231,-0.7108718491002917,-9.780373402971028,-0.0967613152272999,-0.2927297353744507,-0.0351933725178241,-0.017466053366661,0.5210843173491471,-0.4902527371835761,0.5143789533741937,-0.4727978230725639,-2.1414387226104736,0.1049313396215438,6.495700836181641,-2.3011142111361025,-5.6857864598006005,-3.68670639950335,0.4192078411579132,0.0236054547131061,-0.1530806568857282,0.0033776713535189,-0.5357684897704049,0.1613121863972395,1223
1726744806617277700,0.4935104432228952,0.2780342665702104,-0.4359317491531372,-0.6860941123269498,-9.780022105315329,-0.2254663863997906,-0.3319645822048187,-0.0466284565627574,-0.0855376347899437,0.5173510317517964,-0.4944352160260976,0.5167488786800677,-0.469949333656413,-6.340100765228272,-0.9075185656547546,6.386562347412109,-4.238898383471369,-1.396736682716012,-1.742702622000873,0.5802040696144104,-0.047928474843502,0.0840342643948271,-0.0538612902164459,0.0504180908585432,0.2199097021207213,1224
1726744806657042700,0.7264112174071371,0.1746995643019676,-0.4787537862589582,-0.6433621281247586,-9.778888717371224,-0.3602644406851381,-0.3877386152744293,-0.0412085428833961,-0.1253899931907653,0.5136566142734788,-0.4999529850636309,0.5180882046915891,-0.4666780702250172,-6.278528690338135,-1.892904043197632,6.5309600830078125,-5.112038477584719,-7.239954761153459,-1.6139948474146424,0.7533690929412842,-0.0592378675937652,-0.2856560484192334,-0.1098854467272758,0.0714516224351478,0.157837623888161,1225
1726744806696807000,0.7593582321107387,0.0598152940154075,-0.142812726175785,-0.5905672342654317,-9.773839617288113,-0.5419284737048671,-0.5535951852798462,0.0199516341090202,-0.1595221161842346,0.5074303562282684,-0.5057660425844324,0.5213745025455447,-0.4635556371063905,-4.614828586578369,-2.207901954650879,6.381941318511963,-5.760776526594162,-6.552630668640137,-1.148242983406782,0.8636354804039001,-0.020809257403016,-0.3831721823355182,-0.0672934204339981,0.1888695622180588,0.2198967330412939,1226
1726744806736572000,0.5797707496367395,0.2151537397652864,0.6616904695630074,-0.5176709979459643,-9.763080322864653,-0.7646410678844898,-0.5615573525428772,-0.3990669846534729,-0.2468374669551849,0.5012392760050116,-0.51498955482487,0.5232318812774122,-0.4580102493656435,-1.2928465604782104,-2.446577787399292,5.368472576141357,-8.618916133204102,-10.036292283844949,-0.7076811633002013,0.9482754468917848,0.011786694638431,-0.4336767367679625,0.0501297451555728,0.1151744671384803,0.4070671083923429,1227
1726744806776337200,0.7414354757986963,0.2305956390470266,0.8654899446863681,-0.4367734972069039,-9.751586868947744,-0.9413559905968606,-0.417191594839096,-1.2099539041519165,-0.3227327466011047,0.5020741291984356,-0.5302390897436842,0.5165678129400656,-0.4471305261957273,0.3247205317020416,-1.484189748764038,3.137418031692505,-3.1203555418014526,-9.57344856236875,-3.12839797848165,0.983208954334259,0.0447683297097682,-0.1669851357334293,0.1878761053085327,0.1387225616521667,0.36481837766245,1228
1726744806816102100,0.5753481108888984,-0.357318231165409,0.3258979876376688,-0.3541840247929096,-9.74351812878251,-1.0529865928497164,-0.2529890835285187,-1.4375756978988647,-0.3651928603649139,0.5091726468873,-0.5492499495804103,0.5020078372584782,-0.4324994483775962,-2.1068687438964844,-0.4653550982475281,0.5536983609199524,1.4936697012484073,-5.191480847612023,-2.9850626897364854,1.074002385139465,-0.0230625290423631,0.2664647882750258,0.2389157712459564,0.5010912172080949,0.274586756464839,1229
1726744806855864300,-0.6570117371622473,-0.4202233078896999,-0.1082790998678654,-0.289596073015593,-9.744359255781768,-1.064879713608697,0.112588383257389,-1.6174843311309814,-0.3072773516178131,0.5205218301685068,-0.5663712885004163,0.4832362984038083,-0.418046883875209,-1.3048875331878662,0.3350766897201538,-0.5412934422492981,1.1734481518119573,-6.115313602608442,0.0456466295398771,1.274691104888916,-0.0028930557891726,0.1631980732090771,0.1993079185485839,0.3924072628663853,0.1612988885242491,1230
1726744806895629300,-0.1719441829129122,-0.2256850706517696,0.7597253118574618,-0.2687385053606704,-9.755292737728356,-0.9656260701090096,0.2222953587770462,-1.839244365692139,-0.1353103965520858,0.5368049989736117,-0.5800597214312269,0.4612634242204343,-0.4032458263437471,0.8696014285087585,0.2904150187969208,-0.5584708452224731,0.4473655818372964,-5.759171429485082,-0.7189625088363886,1.5021791458129885,0.1348986327648162,0.0628764168853871,0.0672207623720169,0.3287655424306169,-0.005981073428801,1231
1726744806935394600,-0.3098103743309155,-0.1044809496939182,0.4744715423624962,-0.3168720198128372,-9.76022902508676,-0.8988438596904277,0.0020687105134129,-2.484740734100342,-0.0393456481397151,0.5567261274536637,-0.5964918788914692,0.4359193997051772,-0.3797733900761466,2.0545358657836914,0.3356772363185882,-0.5995365977287292,1.4167495431751012,-4.82148842831254,-1.711257536292821,1.6941919326782229,0.2097426652908325,-0.0764493028582772,-0.0524566136300563,0.3050973560680635,0.0651976857400732,1232
1726744806975159600,0.1795056494094431,0.0713397275924682,0.0275111803252249,-0.4090496239790692,-9.759775436100362,-0.8659308203216641,0.0115634202957153,-2.7415759563446045,0.0010286564938724,0.5789398226712971,-0.6160829200183668,0.4056994207719094,-0.347388016659473,2.609570264816284,0.0514086782932281,-0.5736895799636841,0.572955955055356,-3.63556833294034,-2.038928232691437,1.8423569202423096,0.2561685442924499,-0.1578663019933737,-0.0982683673501014,0.2158484440311789,0.1918420204238966,1233
1726744807014924800,-0.3247575854308903,0.2361141102075576,0.0792530580002814,-0.4970520248198881,-9.761593883699176,-0.7966149997722357,0.0752080604434013,-2.3951785564422607,0.0129780462011694,0.5998202320504313,-0.6324432301173281,0.3750088294395569,-0.3155939908387759,1.092007040977478,-0.2924735844135284,-0.8426662087440491,0.4492477423220872,-1.2103057640880346,-2.246737162651866,1.9381760358810425,0.2793145477771759,-0.3643317631892859,-0.0576859340071678,0.0186208820859494,0.3676719404626637,1234
1726744807054689000,-0.3549280846258625,0.191948220744729,0.5370820931196213,-0.5672885769434273,-9.76127298118174,-0.7524103126689792,-0.1032195165753364,-2.298314094543457,-0.0287994313985109,0.6162559030982485,-0.6464515912076787,0.3470772123400978,-0.2861230687592261,-0.9419749975204468,-0.3885191679000854,-1.3617849349975586,0.131473586037755,0.033148528625071,-2.0851319115921854,2.0501856803894043,0.2346908301115036,-0.2113638824956491,0.0496842935681343,0.0797383938318118,0.5662940129481255,1235
1726744807094454000,0.4370796405466273,0.3157680771589279,1.3617793511033058,-0.606768500547111,-9.759698279210925,-0.7419806885913014,-0.0347010977566242,-2.155745267868042,-0.1277860552072525,0.629515771798908,-0.6606024592123271,0.3184884239311945,-0.2566701040747886,-1.539743185043335,-0.3914666771888733,-1.784245252609253,-0.6454933679997921,0.2962862548366188,-1.057668978512287,2.2070188522338867,0.0690011605620384,0.1506704722051508,0.1518551707267761,0.1719839121351018,0.6562016628883779,1236
1726744807134219300,0.538903244132176,0.0437614003151655,1.6496365080296993,-0.5918749923957511,-9.768709268662333,-0.6264142081942409,0.3400111496448517,-1.8715382814407349,-0.2276407331228256,0.6432829153715581,-0.6695021136850712,0.2893184356928043,-0.2329139467737015,-0.7000284194946289,-0.6787895560264587,-1.7101699113845823,-1.8788287100195884,0.4588423768803477,-0.194754071945697,2.3547987937927246,0.0007350775413215,-0.2489063534970395,0.2596918046474457,-0.3410551151612773,0.7330000942781567,1237
1726744807173984300,0.3706941012954339,0.2684744110643863,0.9550093990266324,-0.5507080655531957,-9.77884137109816,-0.4912828668339177,0.3354657590389251,-1.761773943901062,-0.2382237315177917,0.653589235999266,-0.6731863286183293,0.2680832371773275,-0.2185695320963267,-1.0185478925704956,-0.7126343846321106,-1.2556663751602173,-1.6060732606351376,2.300059441386164,-1.703475650244951,2.49214506149292,0.0579896122217178,0.1406789929495658,0.3820483088493347,-0.6977157957334071,0.7726651651903986,1238
1726744807213749500,-0.3085404274603351,-0.4502618878006935,0.8924491902172564,-0.5069845860956237,-9.78764310171306,-0.3396883568527177,0.3005156517028808,-1.5598863363265991,-0.1527402400970459,0.6658222861298821,-0.6777514714420485,0.2407742296315009,-0.1983969541441002,-1.2416871786117554,-0.726282000541687,-0.7824065685272217,-1.1019219617366791,3.416277931761741,-1.4427490768283604,2.634556531906128,0.0886871814727783,-0.3003465265454724,0.413686603307724,-0.7007935226783156,0.6441204722113907,1239
1726744807253514500,-0.9495664773203432,0.1847048254877328,-1.3320330321371554,-0.4959327384663745,-9.792935362902282,-0.1511752159900497,0.4097390174865722,-2.910465240478516,0.0766911879181861,0.6802692544717601,-0.6811281974838082,0.2092179957353626,-0.1718311445965378,-1.6371583938598633,-0.6738697290420532,0.0364981517195701,-0.6997095268338919,4.793358604632318,-1.0166162526339293,2.7718000411987305,0.1341400146484375,0.1140298636806197,0.3873554468154907,-0.8684757555641234,0.6134690210990608,1240
1726744807293279700,0.026763649893552,-0.1547229442000389,-1.74928229265213,-0.6004742592411115,-9.788246328303217,0.0061539777437166,-0.0071552279405295,-3.663183689117432,0.3524059951305389,0.6971160690832457,-0.6880429406831832,0.1621207766640055,-0.1197619031978,-2.01828670501709,-0.4505765736103058,0.7704046368598938,-0.8325602464437484,4.414578775504231,-1.044152640465647,2.878795862197876,0.1431082189083099,0.0962477762145921,0.2997503280639648,-0.9881066358558832,0.5517680594675243,1241
1726744807333044700,1.269171063902229,-0.3059557081967592,0.1131850651532411,-0.7189535218123346,-9.779918060418964,0.0817928330104332,0.0414567589759826,-2.7411320209503174,0.2710772156715393,0.7067670767715244,-0.6940521923276556,0.1188329942348362,-0.0681948975736211,-2.359436750411988,-0.5088034272193909,1.4088563919067385,-1.6514064403116702,3.627102994672954,-0.8698599033989012,2.91694712638855,0.1162597462534904,0.0295518261572229,0.1840949356555938,-1.0402798906855284,0.5249892485374584,1242
1726744807372810000,1.2301809696421029,0.3405506362378597,0.3039636393303982,-0.7764796819772571,-9.773854230335354,0.1980706126151606,0.1777410209178924,-1.6028685569763184,0.1106273680925369,0.713375714376528,-0.6942323980657614,0.0891211922942402,-0.0345524737577951,-2.779221773147583,-0.4482075273990631,1.7949674129486084,-1.0329828655451536,2.7133547035783527,-0.7985387343764304,2.84778356552124,0.0510869920253753,0.1018698904126882,0.0664759874343872,-1.0512876799773423,0.4348168467137962,1243
1726744807412574000,0.8512173814449459,0.1807809300422668,-0.9279682473659516,-0.7958513949885964,-9.770158298426866,0.2846761340037919,0.0472200252115726,-1.2221144437789917,0.0845691114664077,0.7171617986679285,-0.6932398316515923,0.0700292231568581,-0.013913160337979,-3.0687294006347656,-0.5353450775146484,2.0615105628967285,-1.392290224701166,1.0178726824358104,-0.6145581315100193,2.6927947998046875,-0.0050921682268381,0.2999476816873066,0.0267092753201723,-0.9923020417191089,0.5457898253081366,1244
1726744807452533200,1.2157141990028322,-0.2808668596476316,-0.8878279601573944,-0.8239629523597657,-9.765053084242345,0.3676878321515396,0.1928495019674301,-1.4400862455368042,0.0905542969703674,0.7202149347129934,-0.6917370752355725,0.0524686156318993,0.0061030989747942,-3.298062801361084,-0.7350733876228333,2.385974645614624,-1.6525158628582954,0.1180997252017259,-1.351572429865599,2.486181259155273,-0.075626716017723,0.1171027043878566,0.0287564750760793,-0.8726857014093548,0.5523694228941575,1245
1726744807492305700,2.027665080399066,-0.1890998455762863,-0.3358289049455896,-0.8103630276829004,-9.76000456868112,0.5059666046921163,0.2270266264677047,-1.7484620809555054,0.0068122777156531,0.724573436920291,-0.6879557219870716,0.0303283339015401,0.0281150538718742,-3.495631694793701,-0.9336376190185548,2.4344277381896973,-1.3433166426956653,-1.3903564801596104,-1.3916175861366091,2.267677068710327,-0.1578524261713028,0.0842206264129374,0.0229656305164098,-0.693500077734515,0.5488767950054257,1246
1726744807532078600,2.0447053547881544,0.187703422781825,-0.1406331901796162,-0.7786215163115412,-9.75358534928858,0.6570321954283863,0.2668825089931488,-2.0392167568206787,0.0265421941876411,0.7283032950657108,-0.6830039117271214,0.0025171995868408,0.0554394553148289,-3.887694835662842,-1.187119483947754,2.3651394844055176,-1.0991033971846105,-2.5405063201010227,-2.0075537280015645,2.069327116012573,-0.2815411388874054,-0.3569163358336314,0.0338441990315914,-0.5200569067018106,0.7068781032890081,1247
1726744807571851300,1.5641782387137413,0.506507506635785,0.2301893232684582,-0.6998712932668626,-9.745133162763716,0.8443583823956549,0.4103560447692871,-1.3414695262908936,-0.1409966051578521,0.7328068403453208,-0.6755897969376552,-0.0229810477195625,0.0777456610645366,-4.56437349319458,-1.4378843307495115,2.030468463897705,-0.7968190709769726,-3.5104666200220582,-2.789375282463431,1.9316463470458984,-0.2867293059825897,-0.2978962838491424,0.1063927486538887,-0.3314737419433891,0.8979968874722719,1248
1726744807611624000,0.6451144516848027,0.3505973984777927,-0.3264152895100414,-0.6056101608248428,-9.735717099642754,1.0096604421466588,0.2464181631803512,-0.8219481706619263,-0.1102972850203514,0.7371207013683053,-0.6685283454128648,-0.0398935259792843,0.0901739917590754,-5.20019006729126,-1.4978010654449463,1.5295315980911257,-0.5389011252403259,-3.962591379085183,-3.946063438132405,1.7191647291183472,-0.3922724425792694,0.4541441725941375,0.2479167729616165,0.0116643786205793,1.075792956484854,1249
1726744807651396900,-0.2172722662892192,-1.034328434935212,-0.4354606245100498,-0.5472261417215689,-9.733443894013762,1.0634895744245498,-0.0407973565161228,-0.6079424619674683,-0.0579630061984062,0.737944490070166,-0.6657253064951243,-0.0508619361671194,0.0982898701016319,-5.3661298751831055,-1.47284734249115,1.1147788763046265,-1.107294886946678,-4.190151595959067,-4.998996035772562,1.501649260520935,-0.396023541688919,0.1755126525168307,0.4146145582199096,-0.0588028427369659,1.081646139492467,1250
1726744807691169500,-0.5873235396364703,-0.7663643114805221,-0.0321896204650402,-0.4754026492001488,-9.737297646832465,1.0627437244933098,0.035036414861679,-0.5476901531219482,-0.1750102490186691,0.7371141966846806,-0.6648957233557578,-0.0610641093301622,0.1041516872358406,-4.693060398101807,-1.186761736869812,0.970119833946228,-0.2777724007636308,-4.463608471611142,-5.249278956586123,1.2839404344558716,-0.3237105906009674,-0.0874149198090657,0.4769108295440674,-0.1273135894146282,0.7774311374831945,1251
1726744807730942200,-0.5875272089824081,0.3351619289368391,-0.3365063292831182,-0.4208806027546525,-9.73330068615079,1.1207569375228137,0.159694030880928,-0.7734278440475464,0.0349512174725532,0.7380643076622537,-0.6617010400471712,-0.0707745098568015,0.1113721676034105,-3.2757437229156494,-0.5461682677268982,1.0302400588989258,1.0241647683173418,-4.246887628659605,-4.706270688287914,1.0750677585601809,-0.2516125440597534,-0.1244132831295486,0.35772904753685,-0.2038400080631487,0.4295910748895257,1252
1726744807770714000,0.2987455210896209,0.5461468585848808,-1.7639724967837334,-0.4447917127612978,-9.724767835605144,1.183827580072358,0.0395940840244293,-1.5219895839691162,0.4071802794933319,0.7371197451179136,-0.6575085698165014,-0.0855807959968026,0.1304338291159654,-1.624127745628357,0.1527048349380493,1.1842752695083618,1.2952309494405985,-4.435929606568813,-4.267557491722703,0.8567808270454407,-0.0746697708964347,-0.335030557642132,0.2473186999559402,-0.4223823490871116,0.417545028591156,1253
1726744807810486800,1.4470382984548806,-0.8648971664249896,-1.1640484553039074,-0.5435263008229434,-9.709842653673888,1.2625097063168882,0.2975010573863983,-1.3187400102615356,0.4117182195186615,0.734427506594526,-0.6519998243892688,-0.1025970127560375,0.1580708965800552,-0.7956412434577942,0.6191931962966919,1.01687753200531,0.8857207587450742,-4.985622174936533,-3.028140783962608,0.6245284080505371,-0.052552506327629,-0.0226412362013012,0.2055470794439315,-0.2015633318354375,0.4285482513057068,1254
1726744807850253300,2.213679381050169,-1.4460124625384807,-0.7741068884313106,-0.6275206350661814,-9.68193757866025,1.4271253912389277,0.2925508916378021,-0.1824074536561966,0.2074073851108551,0.7364145181213883,-0.6444345920613189,-0.1092744744419216,0.1745188103392608,-1.6328773498535156,0.7569287419319153,0.8708592653274536,0.1284831720501184,-4.357885705162585,-3.385737247547507,0.4252265989780426,0.0891888737678527,0.2586473925223574,0.2244518846273422,-0.2161885992383584,0.4962403796434402,1255
1726744807890026000,2.3076658247366546,-0.8479039460480212,-2.634275906166434,-0.6598566051993519,-9.683889297249912,1.3990176332600417,-0.4369714260101318,0.2105109840631485,-0.0639669671654701,0.735359227236212,-0.6457912484796898,-0.1078128734238597,0.1748622542904697,-2.5868077278137207,0.788244366645813,0.7804938554763794,-0.2030553056925535,-5.803516182646155,-1.940131612244248,0.2811305820941925,0.1005662605166435,1.0104678130067883,0.2873775660991668,-0.0089433144888345,0.5317800046561285,1256
1726744807929799000,2.912721676146984,-1.3805699762910604,-4.70151180332303,-0.5987257716059684,-9.72927391485274,1.0738474484402685,-1.274274230003357,-0.1997385919094085,-0.195565864443779,0.7248741210850989,-0.6575984918493836,-0.1131955937566026,0.1711972833735599,-0.9576889872550964,0.7016959190368652,0.5542020797729492,0.0330810163468122,-8.932644228968023,-0.0559942744225263,0.165840744972229,0.1279461532831192,-0.31610914568156,0.1790692657232284,-0.0339824997977586,-0.0540854999254457,1257
1726744807969571600,2.215206882878393,-0.3746224171876907,-4.300454968196154,-0.5373203588549047,-9.783077985754607,0.4160126313921063,-2.1216964721679688,-0.6149324774742126,-0.0868616551160812,0.7014284227508049,-0.6802493407257983,-0.126688965907559,0.1709063842916357,1.4259769916534424,1.2253568172454834,-0.5478036999702454,2.091266761085391,-10.041045615851878,0.5128068990409373,0.0767950490117073,0.2281431406736374,-0.2932802779536694,-0.0338629931211471,0.074834579404327,-0.227054861167632,1258
1726744808009344300,-0.9689818102777004,-0.3985071506440639,1.143487313312292,-0.5929354977667332,-9.78283599369228,-0.3390353363040834,-1.5145697593688965,-0.562723696231842,0.1946417242288589,0.6717554042172912,-0.7052292310438775,-0.1412010014043538,0.177366206100856,2.700006484985352,1.8033370971679688,-1.8387433290481567,0.6754705731123686,-8.025099176427721,1.9523964889250696,0.03552957624197,0.216834083199501,-0.1522722265796735,-0.1086726263165474,0.1121637958141043,0.0716759464100468,1259
1726744808049117200,0.1811640841409564,-0.3182201464861631,2.762656202363968,-0.5567545426432043,-9.759572022482752,-0.7817531654007732,-0.9184844493865968,-0.2809693217277527,-0.274900883436203,0.6542470031398139,-0.7185596760280849,-0.1533959288508872,0.1791714897725207,3.13138484954834,1.5532505512237549,-2.8203067779541016,-2.052425866037607,-5.457936904591322,2.2629045997291803,0.045571994036436,0.3411425948143005,-0.2090259410673752,-0.163803145289421,0.2611455112147144,0.1351113214856013,1260
1726744808088889900,-0.6164199798591434,-1.383888307058811,2.072051773005724,-0.5187307726645842,-9.720119717538356,-1.1918838260821998,-1.3883991241455078,0.3102568089962005,-0.1013694629073143,0.639099950956542,-0.7316667109184943,-0.15947722712144,0.1754484601522142,3.268678903579712,1.1641643047332764,-3.4264419078826904,-3.0887475206166504,-3.722084294615686,1.2532774753302336,0.053224179893732,0.212859645485878,-0.052873032562877,-0.2113517075777053,0.4800673165429383,0.2854934052034281,1261
1726744808128661800,0.2231394047569483,-1.4487579618543385,0.2573044900134205,-0.3872918926140293,-9.601977906760572,-1.9550927422717213,-2.4135992527008057,0.553309977054596,-0.271936297416687,0.6130756253229404,-0.7574684072796026,-0.1610080791950918,0.1563847662720788,2.6228954792022705,0.388454794883728,-3.495603084564209,-4.20640948779881,-1.1650722453936937,-0.5046709388583899,0.0954772159457206,0.1432248651981353,-0.2877371655422263,-0.2095482498407364,0.442712020410411,0.5014170881615951,1262
1726744808168434400,0.5960342309670522,0.3991349271535873,1.3070660564020276,-0.2804485611703247,-9.362426807841658,-2.904596529619396,-2.5503487586975098,-0.626173198223114,-0.4110624492168426,0.5749688480326897,-0.7858605863046192,-0.1746892950278697,0.1460052864664261,1.981659173965454,0.0684199929237365,-3.169596672058105,-3.3623499422192573,0.7960653300002217,-1.004372199545428,0.1789949685335159,0.1697278916835785,-0.4767322173034772,-0.1022621914744377,0.3826126122239977,0.7467330707501619,1263
1726744808208207000,0.0261548155465163,0.1135714341223239,1.0396347246497868,-0.2347497447854839,-9.06668737323284,-3.7296696351781486,-1.6756923198699951,-1.2606536149978638,-0.4035932421684265,0.5374218294824341,-0.8074190285429431,-0.1955370483837877,0.1449740223287435,1.919779777526856,-0.1511638164520263,-2.5972461700439453,-3.0862358300566672,2.0032360109329224,-1.2690893769681453,0.30384162068367,0.1448904871940612,-0.4793095204455778,0.0072230910882353,0.4010802160024643,0.7993698514383286,1264
1726744808247979500,-1.2510752891108392,1.517576062014699,2.121968188819289,-0.3665070248691365,-8.906532467111944,-4.087757973933219,-0.4708169400691986,-1.138198733329773,-0.0198961552232503,0.5155343461500249,-0.8131818353456076,-0.2171473273037618,0.1606449606624743,1.780697226524353,-0.2870413362979889,-2.009286403656006,-2.6228151854753494,2.873986579561233,-1.783377308347076,0.3763282299041748,0.0296722818166017,-0.3168912725025787,0.0661929696798324,0.4986954446453601,0.6807260094225406,1265
1726744808287752400,-1.1688424115821718,3.0702614313334227,0.9935779068738222,-0.6075055461173877,-8.875902351048587,-4.125493830348551,0.1259843409061432,-1.1746293306350708,0.4439086616039276,0.5076292814450222,-0.8122098953715834,-0.2250704990205725,0.1788041965986181,1.3270323276519775,-0.3853279054164886,-1.5390886068344116,-1.990290020120144,3.787011524817348,-2.6495605690598487,0.4248009920120239,-0.0761874839663505,-0.5112928412161767,0.1184332072734832,0.423636038942635,0.6295875044681132,1266
1726744808327525000,0.0925766499537974,2.770255571451783,0.0624567484349012,-1.009406102059409,-8.956422579440474,-3.864448400241136,1.1257063150405884,-1.4920308589935305,0.2734391689300537,0.5088518559166368,-0.8026181115002591,-0.2298612646524658,0.2098516322314337,0.9524089694023132,-0.3534115552902221,-1.2617627382278442,-1.3059697855979204,4.35713839392662,-2.956580983878672,0.5395421981811523,-0.0194263197481632,-0.0628551275021862,0.1337059885263443,0.3251739842120558,0.4682879948893562,1267
1726744808367297800,2.0161451768666505,-0.938245311230421,-2.574964177758992,-1.155429753105715,-9.14747940430343,-3.3405095740720627,1.2946277856826782,-0.2004197686910629,0.0697852373123169,0.5261521747647817,-0.7854108128901892,-0.2311891877438136,0.2298812453336637,0.53700190782547,-0.1659765839576721,-0.7970995306968689,-1.306936584803462,4.647652202841639,-3.0569717416495084,0.6528081893920898,-0.0780768916010856,1.0032879845052958,0.0634706020355224,0.4543608840847388,0.3148632372736931,1268
1726744808407070700,4.547918739935756,-3.22815832939446,-4.5734407192051405,-1.1906493158511815,-9.25326383781135,-3.0215649127036333,0.4429095685482025,-0.835726797580719,-0.2387587577104568,0.5377910890211843,-0.7752145272549155,-0.2304330139403223,0.2381676733027236,-0.0102151148021221,-0.3211880624294281,-0.0891683623194694,-2.8648627773851154,4.72411701836288,-3.6025644734829663,0.7754825949668884,-0.2422279119491577,1.5417343517154454,-0.023796621710062,0.6179120450478047,0.2751339420188218,1269
1726744808447182600,1.7995361237265168,-1.1103086818099022,1.006953813536465,-1.231212504646927,-9.30790962023437,-2.8314848239183426,0.5889368057250977,-0.5571374297142029,0.0803193971514701,0.5403869332496286,-0.7656325371546597,-0.2411894942643253,0.2522228465831563,-1.0256606340408323,-0.3096953630447387,0.6677699089050293,-3.050841860592365,5.670089708974957,-3.654471770852804,0.8922920227050781,-0.2323402613401413,3.267606834946573,-0.0731517449021339,0.4124195753362029,0.4526462621865794,1270
1726744808486525700,-1.0266711981803178,-5.358967996317148,2.333530333833396,-1.3527163392037151,-9.38901612408161,-2.487358375020325,1.0718904733657837,-0.13538458943367,0.2200854122638702,0.5516031485746656,-0.7561001123397075,-0.2348033338259805,0.262514970084658,-2.431401014328003,-0.4969606399536133,1.580177903175354,-4.293397450900078,6.393078989109396,-4.590325803032517,0.8845306038856506,-0.4579247236251831,0.5759146221978589,-0.0349216312170028,-0.5618414539860561,0.6260777427814901,1271
1726744808526294000,-0.5346015283502638,0.8026321411699057,0.3507771389588713,-1.368040603455156,-9.458270862093569,-2.199999523004889,0.1897578984498977,-1.0977708101272583,-0.1369676440954208,0.5594328060864222,-0.7448198367386462,-0.2396083683955475,0.2736170980253629,-2.950397491455078,-0.23037651181221,2.460049867630005,-2.6915602203994986,4.723759290966392,-3.050117637971044,0.8743965029716492,-0.1265574395656585,-1.465365836175531,0.2001647353172302,-1.455759511179477,0.9512735734991729,1272
1726744808566063000,0.7521804494358598,4.001899891644716,3.521261862541735,-1.486901083896309,-9.460828145360946,-2.1100299137443304,0.1781276315450668,-1.2970552444458008,0.1386159658432006,0.5538687252251476,-0.7373637649504864,-0.2527375393426866,0.2926564702935672,-2.1467528343200684,0.1671559363603592,3.0088324546813965,-2.782535207310319,4.319301707485318,-0.535236172991991,0.952948033809662,-0.1647799015045166,-0.1394434415389318,0.3190569579601288,-0.9990914095982908,0.9204441354714332,1273
1726744808605832400,1.4956462620183824,1.6688380521059036,5.049992063516378,-1.6574043655522166,-9.495183419427276,-1.806896861752868,0.8790338635444641,-1.599581003189087,0.1043417826294899,0.5531631843799523,-0.7226996636977244,-0.2642561198115793,0.3191932576821706,-1.7005640268325806,0.2404034733772277,3.4093425273895264,-4.488428440091013,3.6636522716522215,0.1748865382414311,1.0578454732894895,-0.2167399376630783,-0.4239614349720999,0.3055599927902221,-1.310042880255729,0.6183385268315672,1274
1726744808645601500,1.5520063010133802,-0.8422229778021574,3.124429659372568,-1.731870554602146,-9.552951717785,-1.3827978814736008,0.7755308747291565,-1.31213641166687,-0.2252426892518997,0.5579088979161626,-0.7033818368237634,-0.2752400096718022,0.3438526027862576,-1.3462852239608765,0.1036206409335136,3.885994672775269,-5.129907311752438,0.8500845049574971,-0.1095376120289787,1.08223557472229,-0.2450803816318512,-0.3606942834697663,0.188185378909111,-1.403934631396085,0.431348622613959,1275
1726744808685370600,1.8764836081981653,-0.7169143441349267,2.011838857974857,-1.6530746657848356,-9.61406698848307,-1.0037309059672057,0.8158102631568909,-1.4419198036193848,-0.4708204567432403,0.5631106242512578,-0.6831551885061667,-0.2906458741913044,0.3629470099249154,-1.2221601009368896,-0.1547517925500869,4.068750381469727,-4.576252269494534,-1.905549689815193,0.1506792217671871,1.071480631828308,-0.1536435931921005,-0.6943734995681792,0.0617897398769855,-1.485289557046443,0.3180994061833247,1276
1726744808725140000,1.0093357402369378,1.5395347958445549,-1.8726795397400853,-1.5638926997706293,-9.673386607936024,-0.3875963919859379,1.7749117612838743,-2.125450134277344,-0.2595286965370178,0.5721386959525707,-0.6525102199458821,-0.3065816830448043,0.3910185263971446,-1.1616877317428589,-0.2909413576126098,3.74626350402832,-2.9907115092784164,-3.709521165640652,0.0155377608716487,1.0013622045516968,-0.0864045992493629,-0.5828992203881964,-0.0099984407424926,-1.394619836692512,0.4015186439523473,1277
1726744808764909000,-0.2680472716934979,0.5089467164814472,-4.717731701239943,-1.5002199996747076,-9.68906348501742,0.2043625340999104,0.5412185192108154,-0.7164940237998962,-0.1525447815656662,0.5797267543756286,-0.6236537849194993,-0.3172323545311462,0.4175361736946026,-1.461681604385376,-0.3192242085933685,3.229785203933716,-2.511146370103955,-4.975708099165559,0.277591198977828,0.8623138070106506,-0.0947512686252594,-0.6905209157932549,0.031860914081335,-1.194707432135567,0.5369425385184585,1278
1726744808804678100,1.4267811078459025,-0.5562403825759887,0.4897107221463695,-1.4285767590910194,-9.69812649691701,0.2755358556169085,0.104795441031456,0.5038653016090393,-0.1770225465297699,0.5835944115003494,-0.6203776318931579,-0.3179358037770146,0.4164926144548893,-2.2369346618652344,-0.4928674101829529,2.537682056427002,-2.127639804714918,-6.40946547576487,0.0814109666865319,0.725527822971344,-0.0366832874715328,-0.5546638539742678,0.0933845788240432,-1.2708427965067326,0.5250038250520825,1279
1726744808844446500,1.6848625735811888,0.0283820448756217,0.8242296404719353,-1.3537145564608275,-9.704398416793346,0.403098204761371,0.7989429831504822,0.2912981808185577,-0.1718524098396301,0.59222980056065,-0.6175551974970337,-0.3131665509608701,0.412087532429875,-2.72857928276062,-0.6145616769790649,1.9985005855560305,-0.9842670576930046,-7.482122180050611,-0.4881359836429357,0.5953352451324463,-0.0385501645505428,-0.2758004979024641,0.0298939663916826,-1.1512478643111883,0.3851835221579298,1280
1726744808884215600,1.5108495302386582,-0.310939341828227,-0.171621472030878,-1.3052474626727402,-9.684404261034729,0.8240416436191648,1.306413173675537,0.2778788805007934,-0.1675008237361908,0.6085876775129059,-0.6052812122806025,-0.3026883263027255,0.4142892232207933,-2.639534473419189,-0.5664496421813965,1.6522454023361206,0.1009124435573816,-8.917445490792392,-1.0762797170884906,0.4417702853679657,0.0147814685478806,0.0214358196340268,0.0012916118139401,-1.1756557448588312,0.404816187660396,1281
1726744808923984000,0.3913468305606394,-2.022464443016052,-3.524647121065855,-1.221536256219819,-9.631610828480124,1.382135618172586,1.425971746444702,-1.525682806968689,-0.0980919152498245,0.6237200387208772,-0.583419491589053,-0.2985839726434325,0.4259607852287808,-1.8709285259246824,-0.156961053609848,1.1600751876831057,0.7851379855334758,-10.533308908557892,-1.2972677159652113,0.2312549352645874,0.0249482914805412,0.8660852071657776,0.0421927943825721,-1.0751391687512395,0.4718923760568723,1282
1726744808963753000,0.2138946065496653,-1.6223662237882612,-6.831062994617223,-1.101096105371788,-9.572772270542382,1.8220937002323567,0.1434966623783111,-1.2530866861343384,0.1314980387687683,0.6218275515952975,-0.5548879458048787,-0.3149578390997774,0.4541272513604671,-0.7548799514770508,0.1477669030427932,0.3725036680698395,0.1899485713601112,-11.566757638049124,-1.0445707197472454,0.0435963198542594,0.1616203337907791,0.7244937664132565,0.1298388987779617,-1.0978371035758403,0.5879226745733991,1283
1726744809003522000,3.231592395496368,-2.196559027162194,-2.51374807703495,-1.185597439289093,-9.598325813993812,1.6238533936060964,-0.786683976650238,1.1886029243469238,0.0819494053721427,0.6165552865671853,-0.5644211756192095,-0.3140624985026771,0.4501701077703028,0.2742051780223846,0.827947735786438,-0.9374085664749146,0.8820552219748496,-11.334419539248945,-0.2707840031810105,-0.008016257546842,0.0637475550174713,1.3641056020937858,0.157500684261322,-0.4571091964121908,0.4693656340582296,1284
1726744809043291600,3.797014447915554,-1.939590929496288,-2.100433233359456,-1.1761118911284951,-9.66151321479082,1.200961597159505,-1.5036524534225464,0.2045347392559051,-0.3495596349239349,0.610937803817582,-0.5825528873989663,-0.3152778641665856,0.43357468274747,0.7282395362854004,1.1125787496566772,-2.4186267852783203,-0.1993675570905208,-9.36318610177636,0.1501332783222198,0.0707092732191085,-0.0510667972266674,1.210511369662732,0.0774311944842338,-0.0201957998275407,0.3294629866428673,1285
1726744809083060500,0.4840967181894928,-0.4187672638624906,-4.142337705382705,-0.9850833425119518,-9.754642749387026,0.2165954630061984,-3.139944076538086,-0.7080108523368835,-0.6752997040748596,0.5823359504732036,-0.6074816431200772,-0.3462986540028708,0.4146420424888432,0.6679998636245728,1.16398024559021,-3.620624542236328,-1.6266151134043931,-7.658327472740411,0.7137532497555017,0.1757070422172546,-0.1570145934820175,0.1689193186664022,0.092233158648014,-0.0731663082653889,0.4068191615132615,1286
1726744809122829800,0.7045661730848253,-1.997081579956412,4.312041361093521,-0.6405211325451732,-9.762488786712288,-0.6737522248871624,-1.5416247844696045,-0.5401954650878906,-0.8846471309661865,0.5554844269738823,-0.621574223041665,-0.3847041559225934,0.3963398847457794,1.1213462352752686,1.1040157079696655,-4.291191577911377,-3.4250919373363256,-6.443361315625905,0.666389514099434,0.2018371522426605,-0.1883064806461334,-0.5899020118223502,0.018962949514389,-0.3120231915421784,-0.0291833056553732,1287
1726744809162599200,-1.8603557724788784,-1.9058149166226384,3.509711417740584,-0.4536401320621371,-9.73374609183073,-1.103987223703414,-0.9683917164802552,0.5185040235519409,-0.0176594778895378,0.5449665001901899,-0.6295004492485293,-0.4000210839435273,0.383045476388826,1.867819905281067,0.9112258553504944,-4.542679309844971,-5.396985884544253,-4.202116759040951,0.0600058298851363,0.1471942365169525,-0.0538485646247863,-0.1886080434713512,-0.1551501750946045,-0.3582555850807577,-0.1919493715221993,1288
1726744809202368300,-1.3720184210449455,-1.6823633041113617,-0.5349427430033683,-0.4601444724548608,-9.61677274031043,-1.864496817806363,-2.6676056385040283,1.240164041519165,0.2199709564447403,0.5275655880441198,-0.6594192527828516,-0.4002863095193105,0.35582540398454,2.6201889514923096,0.7400890588760376,-4.425941467285156,-6.837633605179191,-2.890706535954773,0.0987725180523935,0.1629193127155304,0.0436585508286953,-0.5023473547490314,-0.1725984066724777,-0.2689301372089423,0.254453411431238,1289
1726744809242137300,0.9639118135370314,0.7766565729141235,3.62254138584584,-0.4904583256432786,-9.389498939162491,-2.7869655909731983,-2.2199456691741943,-1.7570912837982178,-0.2588087320327759,0.4924969115719865,-0.6824913249887702,-0.4198824703931099,0.3396339651659442,3.643784046173096,0.3801122903823852,-4.077610969543457,-8.494384913650155,-1.017557625137269,-0.3539052078515291,0.1753244400024414,0.104365162551403,-0.3808871766708791,-0.1160055547952652,-0.1478683107986114,0.4113346661763265,1290
1726744809281906700,1.7112895388662814,-0.965224503570795,3.447866663724184,-0.5676094794608653,-9.110473323467373,-3.5843355738312006,-2.190413236618042,-1.3016847372055054,-0.467526912689209,0.4492857985897737,-0.6888145321387236,-0.4563822971374668,0.3396939285890815,3.857076644897461,-0.0235904660075902,-3.851452827453613,-8.05540838997364,1.390782158225775,-1.6704349659085274,0.1666747480630874,0.1426231414079666,-0.9177147105075418,-0.0733176320791244,-0.1297631927901413,0.3020305889085866,1291
1726744809321674800,-0.5090910568555816,0.8163081998229026,3.755199505493045,-0.5950847482224926,-8.815185139757395,-4.255437430340051,-1.6040546894073486,-0.9712382555007936,-0.1252062171697616,0.4150355431756951,-0.6947456381938832,-0.4840407260125379,0.3328340209576685,3.305407762527466,-0.3557431697845459,-3.632181644439697,-6.2686751953274005,3.834643044564128,-3.098378687793016,0.1379774957895279,0.0841834247112274,-0.6188516639854759,-0.0414127707481384,0.0911195464806631,0.3123491720935329,1292
1726744809361444000,-1.1638478912305086,4.202643997785449,3.9733845757782458,-0.8348615091234445,-8.661246039411425,-4.5228538567841055,0.2748323976993561,-1.3871403932571411,0.1911846548318863,0.3914063015650573,-0.6954573015575736,-0.4969311004834027,0.3408808198087716,2.439507246017456,-0.6468333601951599,-2.989922523498535,-5.2989785147786135,5.686860811033845,-4.546260451334715,0.1266906112432479,-0.0186199061572551,-0.9385291696731,-0.0193909984081983,0.047089375694096,0.3278261426886543,1293
1726744809401213200,-0.9610840427652,4.977075295865536,1.4561828511580823,-1.1540432671833782,-8.93977598054409,-3.862504864957928,2.827908515930176,-1.3350719213485718,0.1748660206794738,0.3978148802712567,-0.6721801339283707,-0.4950826213465226,0.3805394601486694,1.4821137189865112,-0.989431858062744,-1.8091837167739868,-3.7964503842920063,7.522226811423898,-5.201223073947429,0.1649448126554489,0.1034240424633026,-0.5511490507863461,0.0189230889081954,-0.0394583054269198,0.3022351533036679,1294
1726744809440982300,-0.5251733364000917,-0.4815174422860145,-1.8728019970759748,-1.3147706394299865,-9.34099297466874,-2.680968683758378,2.733234405517578,0.6838551759719849,0.3371827304363251,0.4333232245973121,-0.6453453788860899,-0.4692767878384999,0.4189743727891133,0.3303877413272857,-0.6483744382858276,-0.5716546177864075,-1.3709499150305986,8.58466022785902,-5.128808995121717,0.2399632334709167,0.036708727478981,1.263178837750107,-0.0377151817083358,0.6053210416851564,0.1509124734006356,1295
1726744809480759000,3.476253384774924,-8.538673552709817,-13.07262748017907,-1.2300431686066091,-9.347808499902486,-2.6973797203332186,-1.2256215810775757,-0.1417484879493713,-0.3903495669364929,0.4422303377010151,-0.6521632925940293,-0.4606638009115618,0.4085391824305823,-0.9570173025131226,-0.4554467797279358,0.419766366481781,-2.905890076561272,8.475846217396855,-6.26002310231626,0.3547595739364624,-0.2487441748380661,0.9026154871836304,-0.1652236580848693,0.7671149106521159,0.0555833646672312,1296
1726744809520528600,3.5089813499003646,1.164461127758026,1.519288126629591,-1.1683498057596384,-9.339313643279672,-2.753648135522008,0.7692804336547852,-1.0297820568084717,-0.0928125828504562,0.4337671643013511,-0.6429686058577683,-0.4764329558291818,0.4140641282156885,-1.3521593809127808,0.1044257134199142,1.1584161520004272,-2.003433871592581,7.838651891186833,-5.050848388084769,0.4609589576721191,-0.3705475330352783,2.777456004349887,-0.3592847883701324,0.7171775981809944,-0.0163073273219051,1297
1726744809560298000,0.9735625621967016,-1.30832014811635,2.1842766148246824,-1.2836113849259911,-9.447629641091822,-2.29455894427374,1.3253891468048096,0.5542511343955994,0.3582465946674347,0.4460446100523753,-0.6342780146772061,-0.4633371864699522,0.429015380904891,-0.935522437095642,0.6309725046157837,2.301771402359009,-4.264267802527547,6.38158378162682,-3.756106683465838,0.5143955945968628,-0.0811667963862419,-0.0083721075968031,-0.2903919517993927,-0.3495082150015979,0.2668357770118862,1298
1726744809600067600,-0.2466293667420744,-2.5572949578166004,1.7229462205208836,-1.2944881682492793,-9.507086623188853,-2.0273089604377748,0.1276216506958007,-0.4677652418613434,-0.0947995483875274,0.4554765511910266,-0.6290104072488952,-0.4557520105094306,0.4349449241663153,-1.0327712297439575,0.943464457988739,3.1410436630249023,-4.906467974200845,5.065707519042491,-2.790350849497318,0.4277106821537018,-0.1552623808383941,0.2025562153303064,-0.1135832145810127,-0.4610998369509353,0.6438905359130352,1299
1726744809639837000,-1.4091187560357152,-0.22301731274724,4.306965080742538,-1.354538147803396,-9.508515194687249,-1.9808492609493435,0.1195196062326431,-0.699018120765686,-0.0048419814556837,0.4490658511115796,-0.6225154384793118,-0.4620278469230394,0.4442350078794568,-2.295637369155884,0.9558297395706176,3.7668588161468506,-6.40875761975646,4.539565337610244,-2.8115222323417663,0.3653617799282074,-0.1523706912994384,0.2046293135436251,0.1854794174432754,-0.870096196372807,0.8327912787206471,1300
1726744809679606800,0.3359234148286283,2.2459739231944083,4.590703988695144,-1.4013431535981595,-9.540656884357333,-1.783951601103693,0.6912438273429871,-0.7645211815834045,-0.0180994272232055,0.44840649294854,-0.6129066982787308,-0.4640060306344213,0.4560432011679295,-2.45603895187378,0.6331804990768433,4.282884120941162,-6.556850332161784,1.4718021528333425,-1.285063045039028,0.4100601077079773,0.078509509563446,0.2606593351329677,0.4128024280071258,-1.2328627560719847,0.4958429778236895,1301
1726744809719376100,1.4352091828428208,1.500802037346363,2.607770761078596,-1.351412124737352,-9.595297406083343,-1.5080835726566613,0.4756049215793609,-0.6606236100196838,-0.4709410369396209,0.4511970553976109,-0.5980023747778718,-0.4682777220571021,0.4685405712840137,-1.982767462730408,0.4197301268577575,4.227921962738037,-5.811128411215544,-0.4151198472708463,0.4346650902181863,0.4183992743492126,0.1533694565296173,-0.0744704359667841,0.3454348444938659,-1.2787510854132471,-0.1212829857471864,1302
1726744809759144400,0.5830041786000132,-0.3225771726518869,2.593596105253696,-1.1794595210559666,-9.6522649094522,-1.2700512077376245,0.8024010062217712,-0.3663227260112762,-0.5580574870109558,0.4577354532254963,-0.5832006742341884,-0.4739531211602588,0.4751037844490607,-2.2599570751190186,0.0137394350022077,3.9103057384490967,-4.8114533565104,-2.562383805388212,-0.2471142276495695,0.3936246037483215,0.1553808003664016,-0.6993918391868472,0.0982272550463676,-1.1472338794294743,-0.489008747889474,1303
1726744809798914000,0.2350749033529311,0.1552531055539846,1.959391023987532,-0.9678502489645032,-9.729515906915069,-0.7551075889289379,1.879274249076844,-0.149704560637474,-0.4360927939414978,0.4756202691797855,-0.5631108670351644,-0.470537908818582,0.4850625539298026,-2.7105040550231934,-0.2696276009082794,3.335190773010254,-3.5660119816333053,-3.510317859201133,-0.7672042694360017,0.2801331877708435,0.0316753610968589,-0.7235264557510614,-0.0775204375386238,-0.8040325825523584,-0.2481794091956689,1304
1726744809838683600,-0.7773064881902187,1.4482809919923545,-1.9660043046474456,-0.9041710460625588,-9.76319372011125,0.1814261874095536,2.523289680480957,-0.3335988223552704,0.0291090980172157,0.5010197897467558,-0.5357406939069642,-0.4513665335868639,0.508162744044758,-2.9324986934661865,-0.4986150562763214,2.8611302375793457,-2.968843960863352,-5.469228698456287,-0.7897095312327146,0.1674074381589889,-0.0602603368461132,-1.06044253487885,-0.0428986884653568,-0.9101648065846412,0.2360437666513957,1305
1726744809878447000,0.4709175031427294,0.8415823418110608,-3.870384804552793,-0.964871379284188,-9.718834353902936,0.8852643932797014,0.9870179891586304,0.2094605714082718,0.2616259157657623,0.5175422898629861,-0.5179603542149157,-0.4319504026422266,0.5265795860333566,-2.69610857963562,-0.6054141521453857,2.5808143615722656,-2.317474394306541,-6.7692533119142055,-0.6348246744692325,0.0921983197331428,-0.1258723586797714,-1.1545143187612297,0.0191631261259317,-0.8579482240699231,0.4919044693309813,1306
1726744809918216400,1.5881936128124594,-0.1094505548000335,-1.2193605926811697,-1.0903491589732468,-9.679691845560074,1.1336185379877686,0.8434184789657593,0.725341796875,0.2602936923503876,0.5262908639224491,-0.5184637164961655,-0.4164095501326605,0.5299211283640356,-2.0444753170013428,-0.5866207480430603,2.4418656826019287,-0.7419412333637475,-7.974272075510025,-1.1953536941498517,0.0968623906373977,-0.1557648330926895,-0.8114443931788206,0.1009628400206565,-0.6707030664496123,0.6974009576305746,1307
1726744809957986000,1.680798685143143,-2.1298872913807627,-3.9147166982322927,-1.171581773418188,-9.597211715272069,1.64052468855232,1.605069875717163,0.5190133452415466,-0.0273112542927265,0.5439900429511999,-0.51097463847687,-0.3940322810967612,0.5363939108419085,-0.57076096534729,-0.1744028180837631,2.151381492614746,0.738415397325158,-9.954559757053852,-0.8108768224239349,0.0844802856445312,-0.0156965106725692,0.3607061200380325,0.1517354696989059,-0.7349491094540804,0.4410484345797449,1308
1726744809997755600,1.816153058137,-2.1350860290676352,-5.994574176552892,-1.2647384882822632,-9.540388004288078,1.884627751687169,-0.269095629453659,1.1619296073913574,0.2218026369810104,0.5562594536616187,-0.5118418552295683,-0.3767341742399268,0.5354108176674292,0.905799150466919,0.3539924919605255,1.4943280220031738,0.5814706854224204,-11.75828558755517,-0.252264450019598,-0.0176569633185863,0.0648979842662811,1.2680791770122946,0.1781972348690033,-0.7599546636339276,0.4628870491612702,1309
1726744810037525000,4.638403312981128,-2.5314368784606454,-1.4455056820601224,-1.3821395636953413,-9.567361935931444,1.6509578197613357,-0.189693197607994,0.9862313270568848,-0.0588570907711982,0.5594112228657934,-0.5299457267497636,-0.36739910752188,0.5208017995592821,0.6701482534408569,0.2946305572986603,0.2025163471698761,0.0066115270942449,-11.62462062895298,-0.1422759889505803,0.0177376270294189,0.3256188035011291,1.1649445273607968,0.2188984006643295,-0.7297552671380341,0.2259543891124427,1310
1726744810077294600,4.599733682847023,-1.5457441718786955,-4.764380055168271,-1.3644190519571304,-9.588939561489225,1.5365471583358945,-0.9781185388565063,-0.3149944543838501,-0.3612530529499054,0.5606170799859244,-0.5357256841303513,-0.3669548913365886,0.5138584852268938,-0.192220076918602,0.3858132362365722,-1.203436017036438,0.4788637129068374,-10.831251406168937,0.4092090157918632,-0.0541728027164936,0.1855888962745666,-0.3487088813174516,0.1815734058618545,-0.5639696251211688,0.0048100209262542,1311
1726744810117064000,2.876603191800416,0.9459452180832624,-3.5820272968888283,-1.099207588211447,-9.711416186600925,0.8065490954179316,-2.578314781188965,-1.066110610961914,-0.760780394077301,0.5410313751338943,-0.5466807546862819,-0.4000219903020401,0.4984050306139249,-0.0552275963127613,0.5992205142974854,-2.8341848850250244,0.899037336435914,-9.12752791864276,1.4402087446957823,-0.058200292289257,-0.0372822992503643,1.7179262004017828,0.160936489701271,0.5533248604554682,0.0032404934582998,1312
1726744810156833500,1.9730732201203705,-3.205857065737247,2.676236979061365,-0.6612002748932689,-9.784331785207986,-0.0056549204891547,-1.7648671865463257,-2.218773603439331,-1.266240119934082,0.5117364086822626,-0.5437670016305338,-0.4523336916827051,0.4876858095412182,1.6040934324264526,1.0019627809524536,-3.650620698928833,-1.8274562501788136,-9.191708422130343,1.887378511700034,0.1039110273122787,-0.2839313447475433,1.1586935772072524,0.2201166898012161,0.6071298081401735,0.0719802357194013,1313
1726744810196602000,-1.0044687187224626,-5.933223928055167,3.049986120545864,-0.3383791739502921,-9.779621707820892,-0.6441122158396989,-1.7155622243881226,-1.4015966653823853,-0.456535130739212,0.4827638988960701,-0.5331458307359226,-0.4985941318686697,0.4838371964216522,3.019132614135742,0.4910770654678345,-3.994076728820801,-6.169946525549888,-7.306743401312827,0.6144657770514488,0.1737193018198013,-0.2318853288888931,0.6277909764401615,0.0399899743497371,0.1423869841775391,-0.6011851109242067,1314
1726744810236371500,-1.9941200998023152,-3.5593145298212763,5.366376226747036,-0.2363779487755149,-9.733293087366222,-1.1736799878064543,-1.274893283843994,0.8495416045188904,-0.2096608430147171,0.468362751001061,-0.5409242489044285,-0.5169545255936179,0.4698886507904016,3.739696502685547,-0.1291500777006149,-4.259080410003662,-8.016948018676041,-4.479444630907476,-0.6951350585252046,0.0998770967125892,-0.0512854754924774,-0.3665022756287828,-0.1913415491580963,-0.3100970092525705,-0.8256606231231242,1315
1726744810276141000,-4.06398809902817,0.7171884849011898,-0.8718345644727349,-0.1617777580823749,-9.586060791182517,-2.061960733232647,-3.089559316635132,2.05331826210022,0.4311788976192474,0.459925280582445,-0.5782207737598338,-0.5203762818758892,0.4281800114072303,4.375651836395264,-0.6747585535049438,-4.363094806671143,-8.521625387275218,-1.5912950859591364,-1.1217209602493792,0.0463539808988571,0.1455993056297302,-1.3782489859975873,-0.3376223742961883,-0.4339051752289757,-0.5407780615607276,1316
1726744810315910700,-0.8238629991166293,4.118893116909265,3.503504964315891,-0.1547667468091473,-9.277201178237796,-3.174900494198501,-2.449066162109375,-0.9559949636459352,-0.0130310719832777,0.4325522784303638,-0.6141695535436447,-0.5335453459653295,0.3886177068781334,4.039978981018066,-1.1447943449020386,-4.412186145782471,-7.965079884272813,0.7626397379994392,-2.352975915798545,-0.0044582467526197,0.226687803864479,-1.627294327840209,-0.2719820439815521,-0.3263061665797606,0.1027593683320097,1317
1726744810355680000,-0.299305273864232,2.1910721201837062,3.556951892343163,-0.5735309784643352,-8.98731397678852,-3.881965352231264,-1.8122349977493288,-3.0867602825164795,0.1860542297363281,0.3780593266634766,-0.6121062280258291,-0.5685517766301321,0.3989311535658046,3.450042486190796,-1.4611810445785522,-4.220509052276611,-7.169375496539473,2.460895607769489,-3.8464775670036673,-0.0108452355489134,0.2403645515441894,-1.5902553676478564,-0.0130675602704286,0.0424937367332167,0.4769962750671431,1318
1726744810395449300,1.5869949045471845,1.5577508360147476,5.963073707395791,-0.8784609238099307,-8.761005805802345,-4.3178082540571685,-0.7216788530349731,-1.4942017793655396,-0.3269359767436981,0.3372314999838867,-0.6035038857612658,-0.5965987080457481,0.4075879626831448,2.8768091201782227,-1.7127398252487185,-3.751638174057007,-5.975202536606789,3.596001461705565,-5.105377850651741,-0.019613679498434,0.0740621462464332,-1.261290685915947,0.154842808842659,0.4066710948120802,0.3078324253214523,1319
1726744810435219000,0.1438292828071862,3.835872878620029,4.429584036934376,-0.9789566032599656,-8.805337699481845,-4.204528788618744,1.1646912097930908,-1.062355399131775,-0.2894607782363891,0.3275114450165838,-0.5885795661151024,-0.6065850320197645,0.4223327673708277,2.484931945800781,-1.984202861785889,-2.546404838562012,-4.840421092319488,5.1442865502387285,-6.4463230880409474,-0.0329427011311054,0.0166828371584415,-0.728666668183729,0.2314478456974029,0.4743796628279611,0.1062934333428274,1320
1726744810474988500,-2.0292228312350806,1.7436919252991676,-0.8487702074885368,-1.0940133075039833,-9.125763831579684,-3.419641855236888,2.8133299350738525,-0.3561313152313232,0.1638895571231842,0.3412642025209487,-0.5659400041691259,-0.5950337216184322,0.4573680279506601,1.3350002765655518,-1.474291443824768,-1.0499693155288696,-2.2081027499616144,6.602154285743832,-6.423311045765876,-0.0141331451013684,0.0507126189768314,0.6026297202419489,0.1867096126079559,0.6914702524073422,-0.1869585592312738,1321
1726744810514758100,-1.515238266716897,-5.450495356413722,-14.849068997913598,-1.162377161090821,-9.330407283246515,-2.786171517986059,-0.314490258693695,0.0528395883738994,0.1264553368091583,0.3619376373942531,-0.5599004445216043,-0.5732073795818526,0.476388383811873,0.5375428199768066,-0.7401394844055176,0.2720315754413605,-2.143430079042912,6.107441846320032,-6.950979998373985,0.0150269083678722,-0.1219141408801078,1.5872124928206204,0.1186520531773567,0.9919268517311662,-0.18666438032398,1322
1726744810554550000,4.86998708628267,-1.861251552274823,-1.8392822970509528,-0.9813545312471688,-9.297224560090898,-2.961241961427033,0.3158966600894928,-0.153188019990921,-0.6703438758850098,0.3597357959141377,-0.5557639277334723,-0.5848998055579039,0.4686244325271033,-1.301075458526611,-0.4692579507827759,0.7995197772979736,-3.1380323605284093,6.629763008159399,-8.900379205179213,0.0601289235055446,-0.0050941975787281,0.9445639197926968,0.0867200419306755,0.4336484239889308,-0.5362730417590588,1323
1726744810594319400,-0.4889163203656673,-1.8365262763410808,1.310554190778732,-0.9924960299212484,-9.419663191279769,-2.5407246390268203,1.5656317472457886,1.1472184658050537,0.7534412741661072,0.3761567009050659,-0.5530172195151314,-0.5689576947207885,0.4785031216029488,-1.9957979917526243,0.7436734437942505,1.2147157192230225,-2.566829971142113,5.941513617494702,-7.154202477326988,-0.0379559062421321,-0.4258255064487457,0.9207159381501376,-0.0100459270179271,0.2558125526889227,-0.3495928976103663,1324
1726744810634089700,-1.7353733020260929,-3.4272570064157244,2.5430212255314,-1.1372197042848915,-9.5045731790632,-2.1307691887818274,0.6448010802268982,-0.2886306941509247,0.2431753426790237,0.3908613791492397,-0.5563468888825126,-0.5469160225441355,0.4884550001483571,-1.1943223476409912,1.45612370967865,2.2213141918182373,-4.465823809573054,4.632385075604915,-5.447327247771621,-0.026610005646944,-0.2269090563058853,0.4889396281760185,0.1325563341379165,-0.4691662024959921,0.3436228467574342,1325
1726744810673860000,-1.0087592555232343,1.3315636610597372,4.29399132514,-1.2280236454777418,-9.539335280364751,-1.914004945079982,0.434471845626831,-1.1480158567428589,-0.0635766610503196,0.3855160049670167,-0.5443315472653355,-0.5488991382718852,0.5037760279864858,-0.823156476020813,2.048982858657837,3.05574369430542,-4.747246549537778,4.071306605347991,-3.3066470519587394,0.0532040894031524,-0.0342556461691856,1.1475028325639665,0.3582711815834045,-0.4878447090787813,0.4590888259220868,1326
1726744810713630500,-0.2557897015362977,1.9708073210150003,6.035293724954128,-1.2703640730790793,-9.592597499474882,-1.5933013112150132,0.8627773523330688,-0.0097856018692255,0.0744817554950714,0.3876787492743782,-0.5329219724359798,-0.5451879794101587,0.5181402717611427,-2.237410306930542,1.7313594818115234,3.612782239913941,-6.818926566621661,3.7491695776790377,-3.741600311468541,0.142195388674736,0.0830050185322761,0.9478705601226538,0.2542324066162109,-0.6097437169656157,-0.0289012076282291,1327
1726744810753400800,0.4449729876123368,0.5586258164077997,3.1816824094235896,-1.2187488905236123,-9.62995663153231,-1.3960561531059443,0.3032281696796417,0.5527601838111877,-0.3747807443141937,0.3975763102936254,-0.5306173177966118,-0.5381675549520176,0.5203402959544657,-2.831707715988159,1.6500520706176758,3.8794000148773193,-5.956405481678247,1.7206746223270892,-1.0632257358565926,0.176152765750885,0.1583141535520553,-0.1395308732272125,0.0524264462292194,-0.709362613581121,-0.3904504662428051,1328
1726744810793171200,0.1047731375735253,1.258435296484828,3.142980046063661,-0.9511234244387596,-9.681536012122034,-1.2383924792788925,0.8268398642539978,0.7967391014099121,-0.7119122743606567,0.4166049671484978,-0.5276946009601269,-0.5335530463851427,0.5131275701716465,-2.082058906555176,1.2158925533294678,3.990638256072998,-5.073904854023456,-0.6122253046482801,0.5434064738355576,0.1100435927510261,0.134981483221054,-1.10465679352805,-0.1414806544780731,-0.6275249459151179,-0.471647278722003,1329
1726744810832941600,-0.6439636011492461,1.261555474331975,2.0268378357946872,-0.6773365131147205,-9.75034592897594,-0.8014555716712027,1.5794708728790283,0.8253666758537292,-0.4158254861831665,0.4441578278652933,-0.5194005033479268,-0.5206591759636502,0.51172341787375,-2.788071870803833,0.8279787302017212,3.642324447631836,-3.7806659551829096,-0.9415364617303014,-0.3051362085074186,-0.0685058385133743,-0.0546605102717876,-1.0728368100930004,-0.1586307734251022,-0.3664314023496582,-0.1382859694663435,1330
1726744810872709000,0.2906837586544454,-0.1161456685245037,-1.5718676241725682,-0.6216820651058107,-9.786870948296784,0.0326951154518988,2.567657470703125,0.0942687913775444,0.1112386956810951,0.4714752795516195,-0.5023570741359574,-0.4959540131314671,0.5285623239959342,-2.456074476242065,0.5318147540092468,3.436471700668335,-3.571630406036973,-3.424238243116438,0.0051420390635728,-0.1343071311712265,-0.21697299182415,-1.323924106092006,-0.0191676393151283,-0.2723687881544232,0.2764165657078847,1331
1726744810912479500,1.0175666121613234,0.478498971247673,-3.853037948432565,-0.7052730061799287,-9.749147074580192,0.7919015613842755,1.158075213432312,1.2309426069259644,0.2996058464050293,0.494959911925283,-0.4914588181838549,-0.4670037314913857,0.54349831948297,-2.035371780395508,0.4514939785003662,3.3546011447906494,-3.881782396879792,-5.308281180652976,0.2278541583191603,-0.0853185355663299,-0.3063841760158539,-1.1676639423873274,0.0257632192224264,-0.4181035392567515,0.2567898732884787,1332
1726744810952249900,1.7336626987159252,0.3849304607123136,-2.342891744157672,-0.9411818761389702,-9.709448101398348,1.0055804062914102,0.7089518308639526,1.3981647491455078,0.5048259496688843,0.5097326498866062,-0.5047361340996113,-0.440421506571257,0.5398546404907714,-1.966586351394653,0.3467127978801727,3.18937611579895,-3.936754342517256,-6.382496220296621,0.403783045220375,-0.042903296649456,-0.3229986727237701,-1.0388676858000456,0.0446011424064636,-0.4564578198313713,0.2539014583705924,1333
1726744810992020200,2.534070734095573,-0.9404133029192684,-3.139522599086165,-1.1488753630261868,-9.637319269254805,1.4044747296221554,1.2258827686309814,0.9413663148880004,0.2376234084367752,0.5270960780539093,-0.5086464231317264,-0.4119108342307773,0.5420129063437055,-2.197528123855591,0.2158179134130478,2.7363498210906982,-2.514172439926863,-7.747659368619322,0.3739384535115212,-0.0785420089960098,-0.2082474380731582,-0.1561690878877416,0.1703643947839737,-0.3202921304546296,0.242378869690746,1334
1726744811031789600,3.631683600461483,-2.336550266176462,-4.482722921925783,-1.242868747910112,-9.590614216703177,1.6265896867021918,0.1006252691149711,0.3112276792526245,0.0869846269488334,0.5370889465636229,-0.5095191290049758,-0.3968088498074566,0.5426495308303498,-1.5486133098602295,0.1399074345827102,2.116848945617676,-1.5401713401824235,-9.842684605455398,1.153129586404562,-0.2243923842906952,-0.2061248123645782,0.8508786510098725,0.3485532701015472,-0.0990294154229108,0.3273155993506312,1335
1726744811071560000,4.708854275040328,-2.251097257557511,-2.166904624263197,-1.2498315726600586,-9.593166239273549,1.6060628853715957,0.0386873334646225,0.1140200123190879,-0.0246192533522844,0.5380837098834127,-0.5115091499842096,-0.3955653828088855,0.5406960198830065,-0.1963679492473602,-0.0371298156678676,1.13692045211792,-0.5548024587273598,-12.161875740551949,1.935422703900933,-0.2432082444429397,0.0421707965433597,0.4559260510422289,0.4900278449058532,-0.1162272367275785,0.0909811609232798,1336
1726744811111330300,4.344249101737141,-1.8775784176975487,-3.739046827593445,-1.1535264037024229,-9.620574470680952,1.5113918204218149,-0.8240176439285278,-0.7411707043647766,-0.557898998260498,0.536473793529316,-0.5108287550698926,-0.4024853397362127,0.5378246858832973,0.1766639500856399,0.228918045759201,-0.5523164868354797,0.9694751467525958,-11.692925518894194,1.7009592835098504,-0.3035825490951538,-0.2239816635847091,1.5021423460394143,0.3721920549869537,0.4325844480192288,-0.2995079933620989,1337
1726744811151100700,1.4190294708058238,0.6411456941843032,-3.2956811290472743,-0.8098547128345817,-9.726991356873512,0.9487648786138744,-2.2558889389038086,-0.7258050441741943,-0.929097294807434,0.5223180586809352,-0.511900750497574,-0.4354125345236149,0.5249356006788862,0.5492069125175476,0.0613732673227787,-1.9895936250686648,-0.3487204986900091,-10.526607949614524,2.3074919294744727,-0.2477299571037292,-0.0797635540366172,1.0313356828600169,0.274810791015625,0.6449858568690717,-0.4894299689762294,1338
1726744811190871000,0.440779554510489,-2.77270413364768,1.5874889716744425,-0.3191242922516539,-9.801343125763536,0.047002441762737,-2.136847496032715,-0.6218041181564331,-1.4388747215270996,0.504156669316225,-0.5176158693658709,-0.4792466528665967,0.4982192817688846,1.3968875408172607,0.1374039053916931,-3.048549175262451,-0.7167173602581024,-8.965712385833262,1.914600280624628,-0.1830362826585769,-0.2004859149456024,1.3056240409001707,0.0880814120173454,0.9372842111133038,-0.5227950264288113,1339
1726744811230641400,-1.9119765079922968,-4.953260705035925,2.866120083969831,0.1824650289379991,-9.780806533691289,-0.6876959215003997,-1.688610315322876,0.6285901665687561,-0.9226151704788208,0.4966973962376563,-0.5234001750294204,-0.5109941190218387,0.4671498640540171,2.5398647785186768,-0.165827065706253,-3.5493500232696533,-3.384688615277409,-7.465873640561103,1.2385983771145344,-0.1109147071838378,0.0909002423286438,-0.0066769176265428,-0.2583595812320709,0.1767626160453073,-1.0572655122779309,1340
1726744811270411800,-4.644530563689768,-4.165209462404251,4.437956728482246,0.3868917873805388,-9.726847564488647,-1.1870802982579916,-1.0469391345977783,1.4844766855239868,-0.0453833378851413,0.4995997143405185,-0.5442199734114519,-0.5141486857978035,0.4357475963682998,2.8401436805725098,-0.5874989628791809,-3.870248317718506,-5.304310523456334,-4.86539858944863,0.3150093312134966,-0.1072987243533134,0.3126588463783264,-0.3390017628280445,-0.6306292414665222,-0.0007027619914733,-1.072258571813628,1341
1726744811310182100,-4.345244250254333,0.3873854526489972,-3.6520483430981634,0.3307665069894865,-9.609700025445225,-1.927339204557985,-2.943702459335327,-1.181037425994873,0.4307861626148224,0.47908758036385,-0.5668803847813954,-0.5262257865835156,0.4149796791878971,3.2583236694335938,-1.043241262435913,-4.039249420166016,-6.7150272162079805,-3.076787033709884,-0.3444436250884086,-0.1458073705434799,0.4861139357089996,-0.9187376968797296,-0.7769079804420471,-0.1001792887109331,-0.6127146225351839,1342
1726744811349952500,-2.91520940130949,2.4248902284085747,2.292989356869459,0.0518938990321476,-9.400696040481328,-2.7918817123264072,-2.9516077041625977,-1.5651276111602783,0.6555647253990173,0.437128539735312,-0.5827894547041953,-0.5501843324858101,0.4081326788581154,3.1706736087799072,-1.455917477607727,-4.008772373199463,-7.288412794852256,-1.0118319409668446,-1.9931518392920493,-0.1797893941402435,0.4557161629199981,-1.2604561347879468,-0.6848817467689514,0.10539982723766,-0.0046063635675818,1343
1726744811389723000,-0.6991182098772376,2.148667395174503,4.25995344645977,-0.2878915158537216,-9.053544983065128,-3.7577696482419967,-2.389734268188477,-0.7734588980674744,0.3116976618766784,0.3884083521197907,-0.6002337882326122,-0.5755973720627929,0.3969206888492229,2.666276931762696,-1.7769346237182615,-3.8644630908966064,-7.1676686926215885,0.8435296764865517,-3.1826901251614093,-0.1683992892503738,0.4182637631893158,-1.5633545012407004,-0.4306955635547638,0.2392505085371434,0.3657209525253623,1344
1726744811429492200,1.19706371293813,1.2408996397942305,4.018986051002145,-0.4482772167894989,-8.71813989302218,-4.468047915363312,-1.406520128250122,-1.090222954750061,-0.171435996890068,0.3544782726237634,-0.6110202131838746,-0.5953665638346686,0.3828028641291447,2.003505229949951,-2.0116188526153564,-3.608389616012573,-6.440323555365205,2.2017036965742705,-4.534978009819985,-0.1103425398468971,0.2747629284858703,-1.5892954365745189,-0.2161518931388855,0.4935417882092296,0.500004773678258,1345
1726744811468893400,0.9453485673643648,3.0396903519809246,5.55206714066267,-0.618390403149277,-8.617880944937466,-4.638979067042469,0.2023490369319915,-1.2231173515319824,-0.1215739473700523,0.3325546283204844,-0.601375265631066,-0.6122662010047532,0.3910055999479859,1.124805927276611,-2.019510507583618,-3.2592549324035645,-5.133969154363871,3.7460686890542494,-5.648064339649677,-0.0484596565365791,0.1356658935546875,-1.0645311924319714,-0.0227415859699249,0.6659053107790649,0.4634833710866048,1346
1726744811509033000,0.1746509028546512,4.569353157630562,2.604599437566101,-0.7534490080669521,-8.812027552509308,-4.236845834855735,2.086356401443481,-0.7023134827613831,-0.0279102083295583,0.3353795956499318,-0.5866271645962794,-0.609825865667974,0.4141273647053327,0.6397354602813721,-1.801377296447754,-2.471435070037842,-4.133997747060656,5.219764692810178,-6.354844827783108,-0.000153036089614,0.065686747431755,-0.1508043185847345,0.0862235203385353,0.8292394314579665,0.1094035373205319,1347
1726744811548783600,-1.2110264065127818,0.451782813757658,-3.4110499679803845,-0.8583117966853082,-9.239101456946134,-3.1737524932071564,3.184054136276245,0.248227521777153,0.3805586397647857,0.3628075592516368,-0.5641731961311304,-0.586110008645693,0.4544825365118626,0.09915292263031,-1.3764947652816772,-1.298750400543213,-3.2661201035201546,6.08387275468409,-6.75585373211503,0.0379005298018455,-0.1155654639005661,1.2702607588350772,0.0520943291485309,1.1955812192954125,-0.068030411248235,1348
1726744811588553200,3.3808316475883124,-7.758325139540434,-14.847710569041968,-0.8697630188956856,-9.370540556192395,-2.758051631177961,-0.6531824469566345,0.5181946754455566,-0.4488789141178131,0.3792699568918976,-0.5614956419916266,-0.57038947142234,0.4642550066180103,-1.0346049070358276,-0.907636284828186,-0.2775816619396209,-2.737610316173732,7.329161569347977,-7.744848987373709,0.0817849487066268,-0.4137284755706787,0.9625710664525629,-0.0004675374366343,1.2158429399490356,-0.149447314485209,1349
1726744811628322800,2.143729061989486,-0.313501885792613,0.3924003582015633,-0.6775797472860664,-9.3629628144145,-2.83658068575263,0.7036211490631104,-0.3430026173591614,-0.0274189114570617,0.3830952149536734,-0.5590167149640493,-0.5763034548042905,0.4567413500658652,-1.2303205728530884,0.2694227993488312,0.4894102215766907,-0.9625897711530328,7.011256480160355,-6.697101683416962,0.1163683459162712,-0.6162613034248352,3.206822988159954,-0.1192625537514686,1.391008514327556,-0.2648031021405011,1350
1726744811668092200,0.3562124618805944,-1.6105232257813211,0.8903308828890323,-0.7922563661713152,-9.483309441760182,-2.36845069443658,1.474864840507507,0.4728020131587982,0.426349401473999,0.395698738104101,-0.5547550563693258,-0.5594677914156163,0.4718740790580349,-0.6053069829940796,1.0646648406982422,1.3860132694244385,-3.347444634032249,6.426824606844782,-5.878961591991782,0.1630630493164062,-0.1618693172931671,0.6007866496585309,-0.0020425654947757,0.1857855699291452,-0.0636444055831991,1351
1726744811707862000,-2.3988621993131933,-2.779429057988524,2.452158174562454,-0.9801044581208378,-9.555497895136474,-1.9754129151143127,0.47891965508461,-0.8472000360488892,0.50117027759552,0.4004973984208431,-0.5498473234150287,-0.5462471502864898,0.4887574601218102,-0.8306567072868347,1.7800010442733765,2.2044215202331543,-4.042808825138211,5.869835451728105,-5.037084651148319,0.1169281080365181,-0.1568959653377533,0.2283906398160383,0.2386563122272491,-0.0380978581281378,0.3068215677784756,1352
1726744811747631600,-1.0477921660117804,0.7428758838653564,3.75792133167237,-1.1740270476784556,-9.547104745322466,-1.909149321742356,-0.1542468816041946,-0.5305124521255493,0.0827430263161659,0.3878018605179518,-0.5434702948332134,-0.5495266745840179,0.502265144324491,-1.8787736892700195,1.7097288370132446,2.960130214691162,-6.22634061294496,5.052274621495604,-3.992368093189597,0.0930083468556404,0.0047713392414152,-0.5741188248222694,0.4207220673561096,-0.6893283450078219,0.159724369216524,1353
1726744811787401000,1.447466460739076,3.196827371585369,5.197013347297907,-1.1169169209685177,-9.564205517727135,-1.857102031379938,0.5264780521392822,0.4954166412353515,-0.3790533244609833,0.3910935191153075,-0.5411110345306362,-0.5494403536237575,0.5023543421248287,-2.276089906692505,1.636399745941162,3.536906719207764,-5.147107452878355,3.2617788594454526,-1.9003043365076184,0.1461213380098343,0.3774638772010803,-0.397679577246122,0.4354366660118103,-0.916054376079887,-0.2661032980188727,1354
1726744811827169500,0.3875884278751909,0.9895651641011236,3.133991268444061,-0.910272504742816,-9.626948097366094,-1.6320790778987109,0.6343371868133545,1.0096068382263184,-0.2999441027641296,0.4106090015858824,-0.5390367084372105,-0.5409734757405376,0.4981841776916477,-1.965129375457764,1.5019481182098389,3.872294187545776,-5.847686163762211,1.623247098276019,-0.5358265401005745,0.2329128533601761,0.3894274234771728,0.1114012687426991,0.200754165649414,-0.4561414108259603,-0.501854748926498,1355
1726744811866934300,0.0502408254623413,-1.5032868398994206,2.591153972798586,-0.7647600911542772,-9.67404419506192,-1.4136555226825176,0.7806432247161865,1.1665432453155518,-0.2218929380178451,0.4321561599284448,-0.5428645388431146,-0.5266635199771181,0.4910853071292664,-1.800989866256714,0.9946377873420716,4.032375335693359,-6.529971677586436,-0.3521963581070303,0.2227665528565645,0.2607402205467224,0.2848049700260162,-0.0896851297633722,-0.0066233463585376,-0.3662757368639111,-0.4055790617916733,1356
1726744811906703600,0.0356022053875029,0.064946811684966,2.0971441286861894,-0.613053572165966,-9.734528182119131,-1.016610991936922,1.506272792816162,0.4974298775196075,-0.2010395377874374,0.4562531725298208,-0.5394451313475227,-0.5107168344447459,0.4898982216803781,-2.726636409759521,0.6019922494888306,3.7202630043029785,-5.366372135093808,-1.251715925101936,0.3403684846039861,0.1999064087867736,0.1696180403232574,-0.7571035119865089,-0.0676326528191566,-0.4595930856497958,-0.2225643813479691,1357
1726744811946473500,-0.3261366552317515,1.5606787061601877,-0.7058662958979606,-0.6096968090839684,-9.785060684004426,-0.2263753910034894,2.3178720474243164,-1.0296260118484497,0.120744377374649,0.4740866058471046,-0.5169012371635063,-0.49432281325956,0.5135172683807164,-2.757681369781494,0.2189229428768158,3.267515182495117,-4.385364955979585,-3.492212585929036,0.5859165589153766,0.114527516067028,-0.0021600166801363,-0.7881075759287923,-0.0761055201292038,-0.3217567596470937,-0.133048781198915,1358
1726744811986243000,0.3695714174084365,0.4333814801484346,-2.949365353411436,-0.6655543784495442,-9.768672443783284,0.5481310181394219,1.3520585298538208,-0.2097602188587188,0.2490742653608322,0.4841349129336916,-0.4915566348610077,-0.4800262179900907,0.5418119977321509,-1.8204655647277832,0.1410741657018661,2.984077453613281,-3.1492595647245643,-5.265753706046938,1.0546189432919024,0.0246437098830938,-0.1629819571971893,-1.1583974438048898,-0.0424971282482147,-0.4133606921112164,-0.0597983063479885,1359
1726744812026012400,0.3620553426899016,-0.2152753203183412,-2.910895629763603,-0.8067783741291612,-9.733829678460957,0.8786677714936435,0.6805292367935181,0.9817156791687012,0.3595840036869049,0.4939352632511025,-0.4913640701231541,-0.4623437723209305,0.5484775105936492,-0.7494947910308838,0.2037196457386016,2.814964056015014,-1.9805109689056872,-6.746214966154098,1.4530647191375494,-0.0345436558127403,-0.189182162284851,-1.2812562001019716,0.0279704425483942,-0.5801859063088893,0.0746102965286234,1360
1726744812065782000,1.4426719199389215,-0.1235924773991107,-2.4071960201554,-0.9581453589648008,-9.69428092740476,1.1283932045549154,0.7430974245071411,0.9575722217559814,0.2545473575592041,0.5069981134367197,-0.4975017574611751,-0.441542704831019,0.548165171299214,-0.0659241825342178,0.22238589823246,2.4801011085510254,-0.8398591712802648,-7.823263767918944,1.8206050691097968,-0.1033872067928314,-0.0506135411560535,-0.2806385490507818,0.1126128956675529,-0.6310377032764256,-0.0066593842531408,1361
1726744812105551600,2.6237080426618453,-0.7484861249625683,-2.910566543939709,-1.1174559962812811,-9.65342226279378,1.3164772972173988,0.3875232636928558,0.9102357029914856,0.2641628086566925,0.5174431227733833,-0.5040411954962708,-0.4228721002134278,0.5471510335482552,0.7057344913482666,0.28943732380867,1.984310269355774,-0.3603144903719425,-9.30774186245203,2.6805945897489782,-0.2000488936901092,-0.0788529813289642,1.0034743008576332,0.1320080459117889,-0.3154557232741266,-0.0283691671277396,1362
1726744812145321200,4.753901038990914,-2.244607311016321,-2.3228971500076354,-1.1895335366290063,-9.634971829345822,1.3866143710218368,0.2889429032802582,0.6281043291091919,-0.0173812042921781,0.5254206555008283,-0.5099577210509543,-0.411394536763827,0.5427989535892712,0.8719109296798706,-0.0644530579447746,1.17000150680542,-0.5241834485799074,-10.308923814588784,3.104841161805392,-0.1811942756175995,0.3194319307804107,0.920015315600112,0.1945898234844207,-0.4182410845639184,-0.1305597408621572,1363
1726744812185089800,4.960678287816047,-2.254835275042057,-3.438855674272776,-1.175894448985532,-9.631327919885516,1.423087221764028,-0.2760415077209472,0.0992096066474914,-0.3650237917900085,0.5314313578099358,-0.5121917611378621,-0.4063278792119945,0.5386445618472276,-0.1779974550008773,-0.2260102033615112,-0.2528276741504669,0.1458697756588459,-9.471551783949137,2.961078003036976,-0.3323551416397095,0.0830319598317146,1.4178718252032994,0.2051458805799484,0.1449031682495493,-0.2689132226067595,1364
1726744812224859400,2.515261696468293,0.145610247939825,-4.779438508090377,-0.914139190108329,-9.71254197576046,1.0006401734102517,-1.9785993099212649,-0.239892840385437,-0.8653448224067688,0.5263592076499731,-0.5173137776124944,-0.4258732243754893,0.5234162178665199,-0.3470828831195831,-0.5912149548530579,-1.642287015914917,-0.3399228597283363,-9.034862494426966,2.329304532831907,-0.4550115764141083,-0.0487981475889682,0.4377382140532135,0.3449997305870056,0.7107024108175188,-0.1425377086266875,1365
1726744812264629000,0.430502307982929,-2.560028182172775,-0.0386731189991347,-0.5090620499568059,-9.792557177239656,0.1307000078493729,-2.0450901985168457,-0.9966784715652466,-1.2752529382705688,0.5074935211485676,-0.5256671151449736,-0.4658435767336153,0.4991134714419272,0.2058524638414383,-0.5092986822128296,-2.827303171157837,-0.0887824453026056,-7.876059538561106,1.7016227158546446,-0.4747533202171325,-0.3590651750564575,1.2166796099688857,0.452765017747879,1.2505974424660204,-0.0760169758556177,1366
1726744812304398600,-1.0073046728007495,-3.806835584706068,2.4431553684175014,0.014309542242455,-9.79312767060399,-0.5146261868899688,-1.5335289239883425,-0.5061702728271484,-1.1745388507843018,0.4938531593959566,-0.5197474562067614,-0.5060644375388538,0.479448114181883,1.3966659307479858,-0.5764589309692383,-3.370549440383911,-2.5493279244601723,-6.892451821559667,1.3486708632051945,-0.4194843471050262,-0.4000210762023926,-0.0055773491828294,0.2966551780700683,0.5176917484730482,-0.6453887385815381,1367
1726744812344168200,-4.31386185451895,-4.658009930726886,4.680671259868145,0.2609276124140247,-9.750445882219076,-1.0154475011155009,-1.0293958187103271,1.535534381866455,-0.0746466442942619,0.4921053300424536,-0.5323276761402694,-0.5180739890329873,0.4539372583224594,2.364563703536988,-0.8426388502120972,-3.589351892471313,-4.900865916410088,-5.173261300310492,0.1554453401904553,-0.3377169966697693,-0.237420305609703,-0.2921608637359924,0.0269293896853923,0.3667344038842245,-0.6238819132376462,1368
1726744812383937500,-3.995771179631352,-0.7740823385119437,-2.619902512899041,0.2893968971816822,-9.656255440393087,-1.6862177875824271,-2.6572515964508057,0.1940318644046783,0.327948123216629,0.4836648284969653,-0.5600169598195561,-0.5218756396880413,0.4243759982107747,2.747178077697754,-1.106656789779663,-3.7679014205932617,-5.630328191950917,-2.742256972935796,-1.1498106711149214,-0.273093432188034,0.077828049659729,-1.3752227700442077,-0.1870154738426208,0.1956840097395703,-0.5419763679672033,1369
1726744812423707100,-3.2828850680992003,2.207965387317538,3.9755443841606377,0.0520595607555238,-9.4293247535944,-2.6935987404897808,-2.4557480812072754,-0.453096479177475,0.5898964405059814,0.4481817796183909,-0.5911826670394782,-0.5365057040735957,0.4022407889653986,2.5960280895233154,-1.330552101135254,-3.868474960327149,-5.800516416308284,-0.7828814387783408,-2.391195464077592,-0.2269493192434311,0.3286522626876831,-1.4387499241895974,-0.3191745579242706,0.1999446445924229,-0.2242341959900222,1370
1726744812463477000,-1.031183122646809,2.517661451086402,2.682790638488531,-0.2010823981843888,-9.148103673681616,-3.5273449818477034,-2.146350383758545,-1.679494857788086,0.0633468627929687,0.406730779099697,-0.6051483199863938,-0.5600357604409048,0.3933517163522911,2.397158622741699,-1.3655978441238403,-3.776872158050537,-5.655640327861905,0.6819584738269447,-3.274816620194912,-0.2414209842681884,0.343313992023468,-1.1724253846354782,-0.2981616854667663,0.4985180787844583,0.0342780304119223,1371
1726744812503246300,0.8150507471077144,0.4107429473608732,3.590682897031307,-0.4406574990333989,-8.857785679599642,-4.185193096768856,-1.4397242069244385,-1.64102041721344,-0.3036064505577087,0.3629934087645187,-0.6028189724192466,-0.59160353495952,0.3935102830873174,2.2482967376708984,-1.407286524772644,-3.488717555999756,-5.069718508249521,1.8213570565208792,-4.250388914778829,-0.2797857820987701,0.2352124452590942,-1.320270259759575,-0.2101244628429412,0.5103614786501973,0.143110585744353,1372
1726744812543015000,0.6525199056357145,1.8327157781422136,5.097673852145672,-0.4903128162253647,-8.715595469236373,-4.468595612373948,-0.3801088631153106,-1.1924967765808103,-0.5325645208358765,0.3418792403825541,-0.5943916856876987,-0.6119914119448432,0.3940602823354463,1.904785394668579,-1.3435235023498535,-2.89673924446106,-3.9080449653834095,3.3445085805803534,-5.378035684880614,-0.3164114654064178,0.147926464676857,-0.8773904450342058,-0.1163517758250236,0.619721944013983,0.2449113473104313,1373
1726744812582784800,-0.1545647579636424,3.656144672501087,1.253720542922616,-0.6287881707839668,-8.796793743020295,-4.288519907991588,1.4147356748580933,-2.554500102996826,-0.464552491903305,0.3285386652873258,-0.571195316842389,-0.6264100669149134,0.4164235884320865,1.762071132659912,-1.067739963531494,-1.8603934049606323,-2.3834581478238106,5.178288188561797,-5.915603515690565,-0.2451292723417282,0.0588030628859996,0.0742859736448153,-0.0326676592230796,0.9343594827730208,0.4947545249998569,1374
1726744812622541300,-1.6810145198509097,0.4615589423626661,-4.930760119414329,-0.8670145239051431,-9.136799020335078,-3.455080540625751,2.2866404056549072,0.2148237079381942,0.401462972164154,0.3323367443176714,-0.5411270211890862,-0.6191458912944109,0.4619439785331625,1.1018548011779783,-0.421289324760437,-0.6812915802001953,-2.249977898138761,4.636018463671207,-6.125360949370265,-0.0647811666131019,-0.0546978414058685,0.8736415408294648,0.0445633605122566,1.0052529279027134,0.6501574873533099,1375
1726744812662310100,2.597103236591816,-5.085291924956441,-10.613291376811263,-0.8886907144665718,-9.23412951375246,-3.179853732691705,-0.5272811651229858,0.9126911163330078,0.0063674594275653,0.3489310612892367,-0.5485629498507898,-0.601004252079654,0.4648867886686083,0.0027017497923225,-0.3554081916809082,0.2166727930307388,-3.7751030603587625,4.604305228546261,-7.217433132743835,0.0730482190847396,-0.2306149005889892,1.6264448714040218,0.11246208101511,1.1773790615200996,0.5290521505948156,1376
1726744812702079200,1.6703370584920048,-2.830358450236917,-1.2341522113606334,-0.804085116457194,-9.183594673779606,-3.34445948074162,0.0979341268539428,-0.5986929535865784,-0.1267057508230209,0.3462405112000509,-0.549017824574986,-0.6075355136330457,0.4578181736391589,-0.9307199716567992,0.2125553339719772,0.3581470251083374,-1.7423001786798238,5.862546463763714,-7.141846269100904,0.177226036787033,-0.4611569941043854,2.6400693948760625,0.0821993947029113,1.2598378567591308,0.3371778353365138,1377
1726744812741848300,-1.4210191833183168,-0.4161743247598409,1.8018766955032943,-0.8676878200568259,-9.252359582448005,-3.1323040460094806,0.6540957689285278,0.1580558121204376,0.2799447774887085,0.3490687845429356,-0.5446607095551081,-0.6025344596494181,0.4673840715069168,-1.2224642038345337,1.0424975156784058,0.7584376931190491,-2.7026123602896925,5.953161969712376,-5.889193063148856,0.2352112829685211,-0.3891671597957611,0.0597549055976793,-0.0450092852115631,-0.0229323851845809,-0.1109976655110251,1378
1726744812781617400,-2.4261858211770653,0.6910954277455806,4.380486828549206,-1.0831154083274304,-9.271165405204892,-3.007112024459243,0.1780265718698501,-0.9955273866653442,0.5800164937973022,0.3436431156380058,-0.5447165969111902,-0.5971631828808773,0.4781101477332712,-0.7349336743354797,1.603371500968933,1.5437355041503906,-2.865389431607723,5.195476054728031,-3.83094594361186,0.2122692018747329,0.0689496621489524,-0.0358047056896612,0.0073107369244098,-0.6646605714149773,0.2436398660698905,1379
1726744812821386200,1.2713695968598129,2.256147526684403,6.392557011061906,-1.4032001796416935,-9.361538334569335,-2.561834062550962,1.9175701141357424,-1.6436128616333008,0.3989858031272888,0.3332525054094318,-0.5290601935279505,-0.5922098394080665,0.5082573133323388,-0.8037012815475464,1.706933856010437,2.148618459701538,-4.279676384061575,4.314064975875616,-2.9194439701393247,0.1322080492973327,0.2408734112977981,-0.3363058382749557,0.1239487528800964,-0.7314319681786,0.1460651703667826,1380
1726744812861147400,0.0749995652742683,-2.3519617703199387,3.3100960233688355,-1.737323851571977,-9.52372854591012,-1.5654707627423106,2.6102986335754395,-0.4531926214694977,0.7355820536613464,0.3398962333171163,-0.5091507455457424,-0.5661998888397293,0.5519545512001214,-1.5606756210327148,1.601595163345337,2.473094940185547,-4.307908791333436,3.499125141796469,-3.004448650468886,0.1217075288295745,0.3109922409057617,-0.0177428057684097,0.1160814389586448,-0.4785293298533186,0.038084153829771,1381
1726744812900916500,3.2564223008483646,-0.2075783360749483,-0.6137456460833549,-1.7863824815124272,-9.60565630301237,-0.8429761342570186,0.9271230101585388,-0.2429796904325485,-0.6017364263534546,0.3538482118005398,-0.4939888734228176,-0.5467676045800541,0.5760309849840898,-2.098777532577514,1.182900309562683,2.578263759613037,-3.996643870812654,2.3156834192365405,-1.4392632805392145,0.1645487248897552,0.1917400658130645,-0.5255359591674059,0.0031391619704663,-0.4035211063485592,-0.1037020651427563,1382
1726744812940685600,1.1537234606444835,1.5930068583130836,-1.2600199353277683,-1.5155471865355967,-9.653834350726008,-0.822786090600118,-0.2251764684915542,1.7594101428985596,-0.4720481932163238,0.3711643809357884,-0.4943158807295845,-0.5455293083262417,0.565938626662603,-2.555804491043091,0.9133562445640564,2.615297317504883,-2.5515309874624013,1.0590057800740005,-0.4973325587943196,0.2252087146043777,0.0544431172311306,-0.7721997396357357,-0.0437306389212608,-0.2852777714250609,0.0919004951247479,1383
1726744812980454700,1.5081652595907449,1.56138305503726,1.107374235793203,-1.2867016060262917,-9.676081838369369,-0.9424738887108862,0.3777427971363067,1.5552785396575928,-0.3954582214355469,0.3942524819921363,-0.5094060153038358,-0.5371762359260839,0.5445294662202719,-2.6501448154449463,0.6532086133956909,2.7389471530914307,-2.514768652254343,-0.5872247189044952,-0.1710755285859108,0.3211974203586578,-0.1144212409853935,-0.9556598988246172,0.0245608706027269,-0.0670325319178402,0.2537697400160134,1384
1726744813020223700,0.1139858601421117,0.7149526886731385,1.6147802987039088,-1.1895808098368346,-9.717300568464395,-0.5739013826793059,1.6721773147583008,0.7677799463272095,-0.0102026211097836,0.4197621164929249,-0.511717260017104,-0.5171134046712365,0.5427144627970275,-2.6660945415496826,0.491141676902771,2.900976657867432,-2.727605347248912,-2.208423798609525,-0.2267799532163888,0.4126890897750854,-0.1759501993656158,-1.0071517472613605,-0.0020214058458805,-0.3196425074394792,0.0419229556745151,1385
1726744813059992800,0.4486063026133924,-0.1054366429835557,-0.8529425247371196,-1.1325997163340449,-9.740867322012782,0.0558228405454894,1.4196542501449585,-0.245010033249855,-0.1861687302589416,0.4404588640685332,-0.498848226297992,-0.4983013890206702,0.5557357241094307,-2.5485897064208984,0.4313518702983856,3.0592355728149414,-3.0217449454456564,-3.791469673269987,-0.013254654903151,0.4128706157207489,-0.1623298525810241,-0.9066706077933312,-0.1107029467821121,-0.4151490733653307,-0.2106326273453422,1386
1726744813099762000,0.7145471766121685,-0.6193062028199434,-1.895403412723541,-1.0783163374826312,-9.732024674865604,0.5434276627540588,1.139110445976257,-1.2366222143173218,-0.1019278392195701,0.4461254116749531,-0.479214598813359,-0.4925913813862166,0.5733055003399877,-2.0605010986328125,0.4045050144195556,3.039921522140503,-2.323079959228634,-5.4158215179175135,0.5731003684947267,0.3538467586040497,-0.0160191804170608,-0.5991449103334918,-0.2067853510379791,-0.4902964861450716,-0.2650424273217097,1387
1726744813139531000,0.4127469806596636,-0.6603355478227139,-3.898919994163513,-0.9623659723345188,-9.6721409917891,1.301510321971029,2.2428171634674072,-1.6261078119277954,-0.0658454447984695,0.4473229427060078,-0.4419263913460299,-0.4882033480110034,0.6051948286469423,-1.4090170860290527,0.5225610733032227,2.7217495441436768,-1.594757501372695,-6.888742445647716,1.417525788244605,0.2215997278690338,0.0499936677515506,0.9246589036222548,-0.2705825269222259,-0.2581675000509247,-0.20740321697006,1388
1726744813179300000,0.6614281653650105,-1.3503180458903312,-7.308710317471623,-0.9433454839136453,-9.586544190785288,1.83810901548788,0.1604147255420684,0.2632788717746734,0.0176585596054792,0.4524952493352841,-0.4230403844443737,-0.4767801925915597,0.6236709711474558,-0.8929906487464905,0.3182451426982879,2.0235962867736816,-2.167832114371657,-8.304315346258878,1.717293747717142,0.0757082998752594,0.1473224610090255,0.9644384677596388,-0.2523457705974579,-0.1914845852883532,-0.0493819207777967,1389
1726744813219068200,1.9166690497227008,-2.86509717066288,-1.58782857889235,-0.9429771620579064,-9.61677390935421,1.6729722293011844,-0.6789834499359131,0.1935944557189941,-0.0098167210817337,0.4542361472067672,-0.4310931306112022,-0.4783940521852228,0.6156032383562167,-0.107964314520359,0.121494174003601,0.8723885416984558,-1.3876117114961146,-10.346852270966767,2.800720267820358,0.0939899384975433,0.1723923087120056,2.6681080331414937,-0.2118623405694961,0.7615550115026534,0.1387530389888212,1390
1726744813258837200,2.655812615191936,-2.595495216873288,-1.4408033495880663,-0.9283958981934934,-9.658626845699548,1.4210511858917771,-0.8081793785095215,-0.8122479915618896,-0.1065855100750923,0.4435079983073455,-0.4322143805680909,-0.490649860602428,0.6129878270161064,0.6020030379295349,-0.118077129125595,-0.5272865295410156,-0.9980991836905478,-10.185895985335112,3.544150862959027,0.133956104516983,-0.1318650543689727,1.2695171008609234,-0.2810245156288147,1.0049272761449215,-0.205038917257823,1391
1726744813298606000,0.3607462328527122,-0.8706488618195056,-3.731581314018369,-0.8469186613377183,-9.741351306137442,0.7478075681138783,-2.7721073627471924,0.7506120800971985,-0.1301319897174835,0.4324808800622675,-0.4467087843966457,-0.512175447193983,0.5925267881780586,0.8101453185081482,-0.3616174161434173,-1.9470609426498413,0.7486930457115173,-7.906621850085258,3.123584440720081,0.1569977700710296,-0.1478692442178726,-0.556549959981814,-0.2585271894931793,0.7848891253389417,-0.1841448717837221,1392
1726744813338375400,0.3577307574890553,-0.869212107014656,0.6744482443273067,-0.7533724356994033,-9.766579855418204,-0.4655544052070006,-3.109692335128784,0.1062203794717788,-0.4583665132522583,0.4106634508709664,-0.4741010175300912,-0.5467768234316829,0.5546340381745358,1.552794337272644,-0.3622483909130096,-2.7448570728302,0.2950391773849725,-6.766099231797456,2.314634786966443,0.1616505086421966,-0.2551017999649048,0.2357492772168479,-0.1294881701469421,1.0816989656582474,-0.1362288816729094,1393
1726744813378144300,-2.404685060247779,-3.1663334491223094,4.578863913297653,-0.5986914309449494,-9.67870751069784,-1.4610142168372868,-1.7959948778152466,0.7033817172050476,-0.1530639827251434,0.3949657483562124,-0.4952967020167446,-0.5737352822452992,0.5191444871051212,2.4373867511749268,-0.6904717683792114,-2.922287940979004,-1.8195564368397,-5.307343023020029,1.3110165475934743,0.1210102438926696,0.0278763473033905,-0.5324315273674205,-0.1385286152362823,0.3144190371701493,-0.7044128091540187,1394
1726744813417913300,-4.219380613052845,-2.44508019900024,5.807687915372848,-0.4726561635036021,-9.610474516949058,-1.8936166754372417,-0.4907245337963104,0.988211452960968,-0.1900404095649719,0.3969006513225854,-0.5116616067827923,-0.5785758203022707,0.4959056421934372,3.2048685550689697,-0.8807708024978638,-2.776785135269165,-2.886589456024766,-4.086180933874846,0.7170202156621962,0.0826433226466178,0.1953951567411422,-0.7002719099570065,-0.3185097873210907,0.4131101148836314,-0.8622563695926219,1395
1726744813457682700,-4.426612035386264,1.413908182269335,2.686234641462564,-0.4686325340107083,-9.580230185332894,-2.042044757276773,-1.230538845062256,-0.8749696612358093,0.4780405163764953,0.3947992045580393,-0.516685438838611,-0.580647455242671,0.4899165802135198,3.428317070007324,-1.3786414861679075,-2.6302053928375244,-3.96774569310844,-2.5266440912261605,-0.9993799442160874,0.0207564961165189,0.2863025367259979,-1.2066706224560737,-0.443442553281784,0.3716446069533005,-0.5065956598432735,1396
1726744813497450500,-1.178180002639443,2.0734049411803483,-0.6279845993161202,-0.8506065560702234,-9.303893954852224,-2.980675852954388,-3.158513307571411,-0.6412416100502014,0.8381937742233276,0.3470705092176074,-0.532507485170474,-0.6069661935152606,0.4770429281356909,2.783460855484009,-1.6421533823013306,-2.6222376823425293,-3.581113689175248,-0.7749794334821403,-2.183557506769896,-0.043837022036314,0.2919754087924957,-1.2313213718488811,-0.2974562346935272,0.4110823719156906,0.2519947297001257,1397
1726744813537219800,-0.9924695803057402,2.6919787380725144,5.043659937885403,-0.8212878879316151,-8.956858048248291,-3.907760887745024,-1.5118699073791504,2.582033157348633,0.0083210244774818,0.3311287700434367,-0.5636503242184654,-0.6176881643580698,0.4371652795974072,2.0662078857421875,-1.831446647644043,-2.591968297958374,-3.614061434531211,0.1888321345508098,-3.236443927180767,-0.0715005546808242,0.2039318680763244,-1.4409189387917518,-0.0706300884485244,0.6000939546866342,0.5256435477277264,1398
1726744813576988700,-0.5605010722277686,1.7680279096543787,3.0038720196247097,-0.5339482520733029,-8.824937302964925,-4.243320876088738,-0.2570746541023254,0.6969532370567322,0.3026386499404907,0.3460583719931978,-0.5877966159884971,-0.6089698577617444,0.4048388417971679,1.484893798828125,-1.8504663705825808,-2.525218725204468,-3.23449863833189,0.9426558211490512,-4.064687771730124,-0.0519890785217285,0.0731668099761009,-1.3064118302769958,0.0242457725107669,0.808204826735705,0.2989113243768923,1399
1726744813616770300,2.871701975755393,2.760031699079275,2.4291110609740016,-0.6825037596847862,-8.835169943165779,-4.200521891064942,0.5767379403114319,-0.7449854016304016,-0.029223009943962,0.3400494650641266,-0.5861374669034994,-0.6087773671061116,0.4125524134729625,0.8736896514892578,-1.7988981008529663,-2.367359638214112,-2.8076836770921942,1.6121081568852067,-4.792463409358263,0.0025956144090741,0.0319481119513511,-1.0708122454628348,0.0136255146935582,0.972579834769666,0.0802768937558401,1400
1726744813656540000,4.292922526864707,3.0678631380200385,0.2953103955417871,-0.6324873175628483,-8.994560879176854,-3.8559380537882446,1.0625898838043213,-0.2301837652921676,-0.2480751425027847,0.3496957709112185,-0.5738018617282669,-0.6060936760477691,0.4255759509934105,0.3190338909626007,-1.5177911520004272,-2.028700590133667,-2.595295310387016,2.609144972041249,-5.632860925298929,0.1013378202915191,-0.0091416779905557,0.8161771938543766,-0.0155077185481786,1.5048564273037015,0.09046814250038,1401
1726744813696309500,1.285818977972865,-1.7808423830419775,-2.2637395892485976,-0.655695028540492,-9.204352215126155,-3.319688319839537,2.073652744293213,-3.2576606273651123,-0.3705227673053741,0.356868431330114,-0.551945990410051,-0.6038316234561952,0.4509854063516794,-0.3876220285892486,-1.0749949216842651,-1.3523839712142944,-3.6419746928513046,3.7317183844015,-6.532740557777881,0.1014651954174041,-0.0272841788828372,1.2564391542315485,0.1101574897766113,1.3404111305125057,0.2185086762163788,1402
1726744813736079000,-0.5965989887103438,-2.2499235376030207,-11.04238421985507,-1.0357977037701755,-9.22877646228671,-3.150742789019644,-1.081578493118286,-2.560951232910156,-0.5701159238815308,0.3126743228159541,-0.5100306721738354,-0.6328600811246697,0.4915196217869623,-1.0179680585861206,-0.6545356512069702,-0.5700973868370056,-2.9070155734598635,4.769177226316929,-6.679395930856466,0.146503284573555,0.2220469713211059,2.2160263825677333,0.3143109977245331,1.1047300048947333,0.1268956927961204,1403
1726744813775848700,-3.791955703221261,-4.1399540251165625,2.2887062727227807,-0.9906116044141352,-9.196048497161268,-3.259105840843916,0.3974447548389435,2.2615928649902344,0.7544229626655579,0.312488008812494,-0.5124179037035512,-0.6352920969220854,0.4859867254427904,-1.1713217496871948,0.487873375415802,0.1274755299091339,-1.7975445115178823,5.604980984726548,-5.368813683027029,0.0909990966320037,-0.1663507372140884,1.9038091297581792,0.2103310674428939,0.9765325909834356,-0.2807610246529802,1404
1726744813815617000,-1.605127650348097,-2.502874800843,1.1241387619808316,-1.098524574383348,-9.164517632865904,-3.3128876999139782,-0.4794575870037079,-0.3890581727027893,0.6638163328170776,0.3226070763595476,-0.5358900108273223,-0.6178447761296402,0.4764601998466664,-0.6901795268058777,0.9537175297737122,1.0437034368515017,-2.811401820832491,5.495190238186717,-4.529338542628288,0.0029660193249583,-0.1459142118692398,-0.7612029101293534,0.2360163629055023,-0.2495011775850318,0.0119323956067324,1405
1726744813855378700,2.205991749157012,2.227057625800371,4.805748715128004,-1.4046822348929942,-9.11697028427124,-3.328375776425004,0.1876294016838073,-1.6128474473953247,-0.013526901602745,0.3004708204992328,-0.5290853564859671,-0.624314525462205,0.4899155829551704,-0.6961718797683716,1.474730134010315,1.5532572269439695,-1.235392859071493,5.164605115646124,-2.840430054657161,0.0191584024578332,0.1500536501407623,0.0772839316180907,0.3953875601291656,-0.5804701666103675,0.2945630295068956,1406
1726744813895148300,1.7063161343678832,0.9872527955055236,4.971452195286751,-1.5117872494801878,-9.185448192691805,-3.084223321190476,0.517879843711853,-1.057793140411377,-0.2189389169216156,0.2886135982199731,-0.508907500872915,-0.6310822293470142,0.5093629272522731,-0.996516764163971,1.4069719314575195,2.0409603118896484,-3.153106303280592,3.9709254921883343,-2.8929981540232896,0.0411685407161712,0.2993046045303345,-0.4470128594094887,0.5068274140357971,-0.7790796353425831,0.3194066528569906,1407
1726744813934918000,1.15925975972265,-0.3741881174236536,3.164071641670167,-1.542481809081882,-9.248708074203131,-2.872727227149904,0.7176166772842407,0.9139915704727172,0.3475249111652374,0.2948093136237205,-0.5080915391315819,-0.6231463017135356,0.5163518733344229,-1.5042181015014648,1.182742714881897,2.311760663986206,-3.6101807937055823,2.4716972800299524,-1.734546788074076,0.0569830648601055,0.1956221759319305,-0.136717240578588,0.4014423489570617,-0.4646685622831806,-0.0213921334726386,1408
1726744813974687500,1.9856955319367349,-0.2316284892261028,1.2072361473843454,-1.4838108627960085,-9.343234616115687,-2.5831539139553903,1.3655856847763062,0.4488502442836761,-0.2676301896572113,0.3118667506469024,-0.5103249621458318,-0.6093214512180343,0.5206102447408447,-1.758543610572815,1.020518779754639,2.432478427886963,-2.7285826678484675,1.3296166186451912,-0.5985844634391367,0.0807040259242057,0.0943963527679443,-0.2761464617959223,0.2395166754722595,-0.2740798663886263,-0.1961475538644008,1409
1726744814014457000,-0.2323461359761655,1.579813030219078,-2.1232231573164464,-1.3704223840251564,-9.498485383582114,-2.0176985437884927,1.2431271076202393,-0.0663583576679229,-0.3417016565799713,0.3332072080577448,-0.500449655864662,-0.5936532118515657,0.5348822222967943,-1.728556990623474,0.9755030274391174,2.521099805831909,-1.9145260463446376,0.0105851069003343,0.1127693239592015,0.0546810366213321,-0.1433960795402526,-0.4717740103742107,0.0861561894416809,0.0362541436573257,-0.0532440852318191,1410
1726744814054226700,-0.2726923210203647,0.6956739877074957,0.0192341311715543,-1.1600875888489186,-9.594324177137016,-1.6653977023936808,0.8717471361160278,0.1732520759105682,-0.7538429498672485,0.3479217750193559,-0.4872880287728457,-0.5894590987875337,0.5422535487029893,-1.6071776151657104,0.8384960889816284,2.5781710147857666,-1.675519721826911,-1.156379089719802,0.4298509679347276,0.0659321770071983,-0.2250790745019912,-1.3644902174971998,0.1291143596172332,-0.0204076912958407,0.2975445843346417,1411
1726744814093995000,-1.055014299285039,0.8582166657477617,0.5549580876804888,-0.8115651700142771,-9.692969260284304,-1.248229105899483,1.352831244468689,0.7902738451957703,-0.8363019227981567,0.373662317169015,-0.4748521664788481,-0.5815130196615419,0.5447333508294094,-1.6095339059829712,0.7542375326156616,2.5812108516693115,-1.2180477565169334,-2.2202536448739467,0.7423497410994022,0.0859952270984649,-0.2919997870922088,-1.552270358777046,0.1464190781116485,-0.0664985757381888,0.2522484669991768,1412
1726744814133764900,0.0129889531716704,2.667784792536497,-1.7606150030493737,-0.6905478768654167,-9.75252794919014,-0.7627232515644282,1.0711058378219604,0.4303390383720398,0.4587713479995727,0.3952300476507503,-0.4683584535721963,-0.5652684505877023,0.5521822419881656,-2.012270927429199,0.5483466982841492,2.521249532699585,-1.0522224035441874,-3.17017551150322,1.1482885761141777,0.0465373843908309,-0.1985965818166732,-1.4914372660212218,0.1127098649740219,-0.4024414213530719,0.0908206913982518,1413
1726744814173534500,1.6259955202013254,-0.3553910624951124,-1.4891244590342043,-0.90549053116329,-9.753376090452074,-0.4712771667679771,0.7507250905036926,0.9289207458496094,0.4329708218574524,0.4042109839159701,-0.4765397354696081,-0.5449204789643285,0.5590929578752056,-2.3276069164276123,0.3753848075866699,2.377739191055298,-0.5215536845982074,-4.599367187622189,1.3999696732878684,-0.0577008426189422,0.0294611100107431,-0.6877142608746886,0.1034546494483947,-0.3883743906211108,0.0206938901093672,1414
1726744814213303800,1.5271853096202015,-1.4397200843960043,-2.9130560226678845,-1.0200633243478834,-9.750328393319249,-0.2468407810030504,0.4328932762145996,-0.2981098592281341,0.4348085522651672,0.4118281900508221,-0.4801895099860722,-0.531039934455852,0.5637481981029299,-1.3935954570770264,0.3533587753772735,2.15505051612854,-1.1189683736056089,-6.706815852701664,2.5631927836835384,-0.2260488271713256,0.0212200637906789,1.1855607605405152,0.0912948548793792,-0.075924443300534,0.1474154524645768,1415
1726744814253073400,1.3650567653387784,-0.8225912256151438,-4.890953009682893,-1.194769099194929,-9.732845343598722,-0.1210086075189057,-0.0010837027803063,2.079296827316284,0.3689147531986236,0.4225405251680433,-0.4938642563640046,-0.5121209020934399,0.5615067374309483,0.5443050861358643,0.1732836067676544,1.6813679933547974,-2.334380520921945,-9.150368696004152,3.687674952274561,-0.2682187259197235,0.0349001251161098,1.4648236921228468,0.0930090472102165,0.0231826359018916,0.2657112299613654,1416
1726744814292843000,1.634428125242889,-3.246345143470168,-3.978143753004074,-1.2211292097888886,-9.723941906175018,-0.3523684632709249,-0.4500413537025451,0.8434255123138428,-0.1882840543985366,0.4339746117593445,-0.5163507028777404,-0.5013459314550128,0.5419411016607067,1.0011996030807495,0.0085613979026675,0.4272886216640472,-1.2823328894227743,-8.930929826265572,3.6023815181314944,-0.2364574670791626,-0.0290940757840871,2.718551979960501,-0.0169227141886949,0.5661074774000794,0.0616901297102682,1417
1726744814332612900,-0.1236355128232389,-2.1035960813045502,-4.014442562353611,-1.1707297596987336,-9.71358476281166,-0.6678674046322703,-1.3150190114974976,-0.975332736968994,-0.1568092554807663,0.4257167671509629,-0.5208484041568386,-0.5126096963260303,0.5335854878809179,0.750321090221405,-0.4811443388462066,-1.0443848371505735,-1.0715396829545498,-7.514571328234672,3.620252690386772,-0.1689380705356598,-0.1092419698834419,0.7486802592951805,-0.048475794494152,0.529850096039474,-0.006360787753167,1418
1726744814372381200,0.0157266345072537,0.2414712533265352,-1.4445334760271011,-1.1474359048075973,-9.65651789072156,-1.2670499800950288,-2.0998282432556152,-1.717495322227478,-0.2734841406345367,0.3940344288006507,-0.5166886074664669,-0.5455588461345945,0.5292780132502265,0.7548245191574097,-0.7390834093093872,-2.1569507122039795,0.6231663853794336,-6.278629018586874,2.7679163148492574,-0.0992595851421356,-0.0798823833465576,0.0645955048961099,0.087224967777729,0.7592012879833578,0.1340688084290363,1419
1726744814412150800,0.7177879851642995,-1.3972767809420823,1.869172408401966,-1.0914330086871982,-9.521629527804254,-2.0779167195163666,-2.347625494003296,-0.6471267342567444,-0.2440849840641021,0.3598688769717797,-0.5159849676193706,-0.5828411299466812,0.5143444055583966,1.0501940250396729,-0.7580612301826477,-2.60453200340271,-0.1100245552957057,-5.420273236629367,1.9978046335339543,-0.1112527549266815,-0.3464286625385284,0.0944090712790377,0.2547817826271057,0.7723611407425254,0.082123727198923,1420
1726744814451920400,-1.3124682077065108,-2.6338199790924786,3.806696760757267,-1.0553970149923115,-9.296187033736706,-2.9389477120324967,-2.0396032333374023,1.4938253164291382,0.2697764337062835,0.3408410434893136,-0.5357012484571191,-0.6023859274516475,0.4837175959712039,1.6305506229400637,-1.1287736892700195,-2.759770154953003,-2.6362597734600306,-4.233401247359812,0.7278432229716331,-0.1039491891860961,-0.0784744545817375,-0.6212688811950385,0.2810741364955902,0.2630756024944596,-0.4276434844857081,1421
1726744814491690000,-1.0056238070417194,-1.924490390998125,3.762245624612272,-0.9498404719561336,-9.042750032806396,-3.673809508529305,-1.5252671241760254,1.0217891931533811,0.1007438972592353,0.3378661690317849,-0.5671859248884003,-0.6046588184668238,0.4455719615784306,2.014387369155884,-1.18663227558136,-2.8078479766845703,-2.890778724408149,-2.909833845750988,-0.3051221799820661,-0.0742366388440132,0.0631572529673576,-0.6879368175841868,0.1843780428171157,0.2514058786951936,-0.4512073884898796,1422
1726744814531459600,0.4098270746249705,0.4961620537102222,3.6067107795074578,-0.8805871221836655,-8.860906441968678,-4.108445664913952,-1.0809844732284546,-0.4045705497264862,-0.5010978579521179,0.3256131262041688,-0.5727194575594221,-0.6176284163172124,0.4295390432145045,1.925040602684021,-1.3651069402694702,-2.9010772705078125,-3.4303000273734328,-1.2850770735643804,-1.681255635130405,-0.055359560996294,0.2808794975280761,-1.1904717673271894,0.0728756338357925,0.0752219986861804,-0.452332848855853,1423
1726744814571229200,-0.0952084232294931,1.0137059181451795,-0.398548067176342,-0.2292059017216786,-8.556937523674964,-4.785048456926644,-2.520685195922852,3.958123445510864,-1.1996846199035645,0.3372488303622714,-0.5918982310796531,-0.6273962591513361,0.37721839938498,1.6400959491729736,-1.3156322240829468,-2.9981818199157715,-3.0626462801545857,-0.0279024446651339,-2.7420541438400745,-0.0926725566387176,0.3556275367736816,-1.1399553397938609,0.0004687118344008,0.0880503316357731,-0.2435274186713621,1424
1726744814610998500,-0.5130470644723624,1.3308651574015615,2.929813680723309,0.9214083773937076,-8.218984502714871,-5.269696890714764,-0.148832157254219,1.6776454448699951,-1.4595431089401243,0.3699362696334506,-0.6077425873426245,-0.631924608372664,0.3073555857212096,1.566765308380127,-1.2560627460479736,-2.9619297981262207,-2.8008132068008185,0.9403709250822664,-3.5135192855909465,-0.0909074172377586,0.3749935626983642,-1.3949544754743577,-0.0038404944352805,0.2735601350971497,-0.0109487411645124,1425
1726744814650785000,-0.169589527811855,3.939112303820252,2.771744348704815,1.4512356040142476,-8.305536997008323,-5.008227974498272,1.4167011976242063,-0.4766614735126495,-1.4275060892105105,0.3902124307136734,-0.5834878235638968,-0.6441199678010686,0.3039501204786495,1.4180908203125,-1.094334602355957,-2.7901177406311035,-2.1515321369558573,1.9298545483797789,-4.210893355214596,-0.0393135584890842,0.2292852401733398,-0.9433509638063609,-0.0107830297201871,0.6945682914879172,0.2154217430517077,1426
1726744814690555100,-2.2355602273382247,4.672447036880254,3.474965098530054,1.7484898271001874,-8.648018893569708,-4.280763594776392,2.5545005798339844,1.0653948783874512,0.2017233669757843,0.4223723156691111,-0.5592940357572022,-0.6367482847888419,0.3214707532920159,1.0610896348953247,-0.8526239395141602,-2.4827725887298584,-1.9928063868552448,2.7541794659197327,-4.788927636447548,0.0722582042217254,0.0417407937347888,-0.3746074022816494,-0.0643212720751762,0.972302186872065,0.3915081586021929,1427
1726744814730325500,-0.5918089779548347,0.120831780514121,-0.7228396425306797,1.6940400056406857,-9.089062286648154,-3.269491625779867,2.5638999938964844,1.948480248451233,0.8916686177253723,0.4636252861810234,-0.5554591575008252,-0.5984670470331178,0.3440261148853077,0.6931536793708801,-0.4899824559688568,-1.9183920621871948,-2.560269005191326,3.3039351626515385,-4.998593884712458,0.0853974223136901,-0.0569742359220981,0.882972336819768,-0.0971337854862213,1.154637214488536,0.4797183935074135,1428
1726744814770095600,3.011919132480025,-3.667099197235703,-12.17544950787425,1.7160305959135294,-9.326082990306617,-2.499959205657244,0.3137133717536926,3.03576135635376,0.272352010011673,0.5050696158548893,-0.5641733748241055,-0.5560313431439778,0.3426984207268616,0.3298985362052917,-0.3249959349632263,-0.9708690643310548,-3.930957054415345,4.076405974313617,-5.245401822891831,0.0843730941414833,-0.1978114992380142,1.391836927975714,-0.0665585920214653,1.354156016618013,0.357966977397725,1429
1726744814809866000,2.6898633533537386,-1.8890268634289504,-2.064324393624067,1.9077521682955323,-9.355640508702397,-2.236709543503821,0.4850499033927917,1.440287947654724,0.1715198755264282,0.5338813254617386,-0.5797558419778948,-0.5271846117702288,0.3176953444257331,-0.2849627733230591,0.0687515065073967,-0.1394257992506027,-2.1555314357250928,5.17276094957292,-5.065495337596535,0.0475671552121639,-0.1792271733283996,2.6276579493314025,-0.0476888269186019,1.0510292482368648,0.4289972006496041,1430
1726744814849623300,1.494538446906954,-4.721471472290158,0.4401885298147797,1.785068914695829,-9.442624380150436,-1.95467086359784,0.2041761577129364,0.4915543794631958,0.8844320774078369,0.5470774788511492,-0.5856378489467564,-0.5066446375230801,0.3178768060509891,-0.7150251865386963,0.6189889311790466,0.6322214007377625,-3.001884060677886,5.992949790221452,-3.959204074734449,-0.0274056326597929,-0.1683283597230911,-0.0355996412543696,0.0059908903203904,-0.0048645607001526,0.0330695839206338,1431
1726744814889392600,0.7774624824695289,-1.6416805805891752,1.2634351505987345,1.5348872622996568,-9.464719307580587,-2.057561329229921,-0.1042463257908821,-0.7397269010543823,0.2394290566444397,0.5401628796961291,-0.5960871770162545,-0.4995863385165525,0.3214303793142809,-1.018161416053772,1.0206934213638306,1.4340307712554932,-2.327619356223941,5.456074033328891,-3.1301372233644127,-0.1065020784735679,0.0571194887161254,-0.5951097000006585,0.0218628253787755,-0.8191314405500888,0.0265112232021754,1432
1726744814929163000,-0.7693526796415447,3.5155098748862743,1.3935820180773737,1.4340427694119513,-9.490988305824995,-2.008742645525188,0.6062818765640259,-2.987266778945923,-0.3142276406288147,0.524716863971679,-0.5743424276116789,-0.522061440934734,0.349649614302331,-1.228384494781494,1.2365673780441284,1.9347846508026123,-3.143237820217013,4.409679897546768,-1.757341095945239,-0.1487379372119903,0.2658117711544037,0.0417914656487992,0.0501224771142005,-0.9499912786036728,0.1576238350070081,1433
1726744814968933000,-2.815833665800094,-0.6450462087541818,3.617856150639057,1.229675065946579,-9.533602874192596,-1.9413157074622809,0.6048921942710876,-1.8411214351654053,0.2464033514261245,0.5016994992638012,-0.5476990402287941,-0.5468137841560531,0.3864170056258544,-1.427598237991333,1.1919636726379397,2.331202507019043,-3.754234459853172,3.538295122668147,-1.3936577136620878,-0.1483850479125976,0.314068853855133,0.6707418640900403,0.0564516000449657,-0.5101693170789628,0.2310019182929769,1434
1726744815008703500,-1.3211419280275702,-0.7677630723625422,4.262561583131552,1.0857619042482227,-9.58596200698316,-1.7609202696062622,0.4836784601211548,0.7911655902862549,0.3642905950546264,0.5024733840254983,-0.5450675321235616,-0.5410021550448485,0.3971631431053607,-1.3852853775024414,0.8597074747085571,2.626948833465576,-3.830907365167141,2.0107684522643683,-0.789106304642558,-0.1186431795358657,0.0999689996242523,-0.0717072822632268,-0.0401789769530296,-0.2757567135596647,0.0514200435758568,1435
1726744815048473900,0.793456097349897,0.9666939916014672,2.5409505567371844,1.065192652015388,-9.64118646607697,-1.4433591715507208,1.0566421747207642,0.1401577293872833,-0.0335226841270923,0.5153406396550093,-0.5430050743924366,-0.5279548519994587,0.4010402296368899,-1.5820131301879885,0.7058022618293762,2.714824676513672,-1.4471598790079354,1.0760814180374143,-0.3255193635836243,-0.0661180615425109,-0.0199161674827337,-0.7476486512251198,-0.1590811759233474,-0.2090613229080103,0.0158319603285402,1436
1726744815088244000,-0.8406115240175277,-0.3051835547804832,0.8408568040154873,1.0481591726932673,-9.698091425603629,-1.0093484535880386,1.2713912725448608,-0.3922236859798431,0.0634581446647644,0.5249228314341821,-0.529116039614585,-0.5210553401622801,0.4159250201856739,-1.8490184545516968,0.6161685585975647,2.816979169845581,-1.079127946126461,-0.1453682558774948,0.0056651861548423,-0.0267329476773738,-0.2304386347532272,-1.4117697089359162,-0.2250614911317825,0.0174397814009571,0.1634662408922798,1437
1726744815128013300,1.2958179555483162,0.8950333614915609,0.3857143045663833,1.0943435623716562,-9.735473354014754,-0.4397334064584225,1.7327980995178225,-0.6708937883377075,-0.4420511126518249,0.5371955561925212,-0.5075410798779025,-0.5146087985431869,0.4347422789474628,-2.14878249168396,0.4899367988109588,2.914243459701538,-1.1987000819683074,-1.6722515138112009,-0.2410662527222186,0.0416643135249614,-0.2642644047737121,-1.7985228550307453,-0.1596186757087707,-0.05550828100387,0.4297434159070253,1438
1726744815167783400,1.119644519301504,0.8117764016121626,-1.7222966705709697,1.322740303134918,-9.715212656274437,0.1880620817600749,1.4131311178207395,0.1665424555540084,-0.6428486108779907,0.5544508540128169,-0.4794392177627012,-0.5104405338077803,0.4496361480557122,-2.164945363998413,0.4483631551265716,2.958977222442627,-1.5184084211856126,-3.1956381618008014,0.1593962697733193,0.1164417415857315,-0.2337609082460403,-1.3885177204251289,-0.1034425273537635,-0.0418629508492769,0.368365183423832,1439
1726744815207553800,0.5639459885172545,-0.2304962703257799,-4.318774468740821,1.527838074440509,-9.663392452666162,0.6745002667754888,0.82090824842453,1.232344150543213,-0.5389444231987,0.578686931958577,-0.4684260228085404,-0.4961724682786511,0.4466670339308222,-2.106529235839844,0.3509465456008911,2.8347976207733154,-1.7153052042484285,-4.654584047931433,0.3966757704984396,0.1912271827459335,-0.0458163805305957,-0.851154691472277,-0.1151794642210006,-0.0919721081893891,0.1961976035512052,1440
1726744815247324200,0.8011139916919171,-1.3762275631725789,-4.379216370221973,1.706812393452227,-9.61734790984988,0.8739557213451713,-0.0961830765008926,0.7797698974609375,-0.5791699290275574,0.5963698852321082,-0.46754525491861,-0.4866642522990246,0.4346289253854831,-1.78720223903656,0.4923878312110901,2.44997787475586,-1.916509913638234,-6.277607274323701,1.0875380470752716,0.1456051617860794,0.0618735775351524,1.1406390842743217,-0.129699021577835,0.1460977848615963,0.1178495589660946,1441
1726744815287094300,1.35976172767058,-2.896570167291164,-2.051079712125659,1.9120641862757504,-9.587095979449153,0.7758678336892276,-0.5866128206253052,0.8970814943313599,-0.6556993126869202,0.6051502668686106,-0.4730005880354514,-0.486530772063643,0.4163548404795785,-0.8514690399169922,0.2821901738643646,2.060478925704956,-3.1899387811154125,-7.77709296837449,1.9122674537628888,-0.0504890792071819,0.1648012995719909,1.0957727914571762,-0.1405037492513656,0.1105919342543464,-0.2046921679130755,1442
1726744815326864600,1.710149136659503,-2.9442092858225104,-0.8864700427424163,2.1587318392016,-9.545293896508216,0.6305899595089256,-0.7764415740966797,1.5111916065216064,-0.8296144604682922,0.6168041301754958,-0.4835346470968935,-0.4837800177459166,0.389491888612016,0.8119477033615112,0.1854639947414398,1.124602437019348,-1.3685370086699724,-9.936493354487418,3.349268342328072,-0.2045292556285858,0.1974739879369735,2.6213155945673585,-0.1984068751335144,0.7500257556200027,-0.1435074121753685,1443
1726744815366634200,2.095479702605307,-2.6005478240877387,-1.1267670646578072,2.539694419196248,-9.46667745591104,0.3199210321199148,-1.633564829826355,1.0408345460891724,-1.347745418548584,0.6270548630643684,-0.4981952730482542,-0.4852731564550529,0.350875483693979,1.762756109237671,0.0015396536327898,-0.2794362902641296,-0.5737304465591907,-9.37424817853868,3.5566602159202096,-0.271686851978302,0.1853719055652618,0.686939477109909,-0.2006324082612991,0.6202532013464719,-0.1177682373581919,1444
1726744815406404400,-0.1873357585132121,-2.2674486728996035,0.5217921695291996,3.108261783903837,-9.295797157636285,-0.3118509767804294,-2.052114725112915,0.6362540125846863,-1.7223241329193115,0.6253807983893828,-0.5124412009889858,-0.5032931449086421,0.3049571880581765,1.3442445993423462,-0.4190436899662018,-1.6210044622421265,0.3193120333760976,-6.98832685547173,3.263157746583224,-0.3217370212078094,0.1191170066595077,0.1985870559710078,-0.0886621624231338,0.9761852388504892,0.052303877205681,1445
1726744815446174700,-1.220006489369273,-2.267752624282241,1.6258815384328364,3.648774435994029,-9.061908906784652,-0.8594382434319704,-2.122040033340454,0.0269537903368473,-2.140040874481201,0.6199119358059925,-0.5185151016174425,-0.5243674703226965,0.2681232010071525,1.352471113204956,-0.6433506011962891,-2.4175822734832764,-0.1879296327531337,-5.947451775372028,2.421553192940354,-0.352486252784729,-0.140896275639534,0.4932142367552966,-0.0162807144224643,1.0542425842601806,-0.1348982084578834,1446
1726744815485945000,-3.18493615052253,-2.5578362250864504,2.6665958750128747,4.4172018174842,-8.618895674937963,-1.540572468329221,-1.5041868686676023,0.4155905544757843,-2.0137720108032227,0.6104578824781894,-0.5184734191508675,-0.5565362986576188,0.220893393400904,1.9274592399597168,-1.0656287670135498,-2.659128427505493,-1.8560306027561424,-4.937938048219681,1.1129355231821536,-0.3504940569400787,0.0493929237127304,-0.6395658045817166,-0.1907083392143249,0.4649546492155641,-0.7171710223097354,1447
1726744815525715200,-4.325504653778672,-2.032429372191429,1.9082440434657035,5.002166482502222,-8.261741109901665,-1.7006972715727984,-0.5649943947792053,0.577731192111969,-1.1683392524719238,0.6167285058288731,-0.5165909588889399,-0.5655485923767736,0.1814790083568006,2.290318012237549,-1.1301099061965942,-2.77163314819336,-1.962141199478507,-3.5387422819137573,0.2285772849619388,-0.3366217315196991,0.1652331203222274,-0.6730754946693778,-0.4044917225837707,0.4909992641195654,-0.5885560405734926,1448
1726744815565485600,-2.9022955592006445,-0.4748147297769785,2.107425722595304,5.286920997238159,-8.079219473671913,-1.7161235348939894,0.412381649017334,-0.2405095696449279,-0.6428328156471252,0.6192558757592275,-0.507061657628858,-0.5747925059344364,0.1703652219009234,2.183388948440552,-1.405913233757019,-2.8023688793182373,-3.330710941374302,-2.1109487821549178,-0.9321329658299684,-0.3122763335704803,0.3060327172279358,-1.254150312642008,-0.475257009267807,0.2763668448146432,-0.2472353880775161,1449
1726744815605254700,-0.3318137875527143,0.7514578342497348,0.4285762718237936,5.475306557065248,-8.002745305800438,-1.4654144976228474,0.7289476990699768,0.7512177228927612,-0.5986258387565613,0.6299842903890261,-0.4937901762802521,-0.5752274379853446,0.1685357961659096,1.663670778274536,-1.5194226503372192,-2.853545904159546,-3.0547879678696392,-0.7303714993402362,-2.3947154548972844,-0.2989527583122253,0.3477893471717834,-1.3362304838269947,-0.4273203611373901,0.2683741838266141,0.1679880839645862,1450
1726744815645041200,0.0345224473267793,2.278080541551113,-1.3061293600738049,5.762288100200891,-7.875424163267016,-0.971654463553056,1.1439601182937622,0.735598087310791,-0.9069595336914062,0.6515733716909365,-0.4758188174832518,-0.5684514428197569,0.1609706795463751,1.406805157661438,-1.530437707901001,-2.837010622024536,-3.027984132096172,0.2462394906416535,-3.177935039588809,-0.260636419057846,0.2876931726932525,-1.422030406187475,-0.2780322432518005,0.4472180265927687,0.5401292787957936,1451
1726744815684812000,0.3393190486162901,2.6420260819017884,-2.408649872225523,6.150912154734134,-7.625106755661964,-0.4408989431064575,1.428546667098999,0.8928070664405823,-1.284562349319458,0.673782762076358,-0.4478022936419667,-0.567408756145312,0.1534181150306793,1.109883189201355,-1.4542114734649658,-2.749395608901977,-2.498108024832606,1.3489888431131838,-4.091055846434832,-0.1930188983678817,0.194924458861351,-1.288822397572547,-0.1307891011238098,0.5198096539424732,0.5943645441891625,1452
1726744815724583200,-3.142974785366654,-0.5400111323088407,-0.2117593480866402,6.423031644302606,-7.390633398398757,0.5418600481111556,1.793502688407898,2.710844039916992,-0.5998982787132263,0.7121535965025823,-0.4198113109442697,-0.5441794650683188,0.1430544703696379,0.9045866131782532,-1.1787208318710327,-2.5459704399108887,-1.884879096099734,2.2379145353794097,-4.488989873366058,-0.1140991151332855,0.1173694878816604,-1.0949481772013008,-0.0628062412142753,0.6646091334886849,0.3944944809366017,1453
1726744815764354000,0.4086790005683898,1.654672748631239,-4.416729231536388,6.578349631786346,-7.093999645298719,1.6033927893795072,1.799517273902893,1.126196265220642,-1.1351661682128906,0.7510803358226998,-0.390422512423714,-0.5155773253262073,0.1327727972595813,0.7668209671974182,-0.8496458530426025,-2.00980281829834,-2.295139812901616,3.2750966061800715,-5.11041526029706,-0.0405938923358917,0.1423328965902328,0.6428730294335633,-0.0426719821989536,0.8823068586483597,0.3753278620433062,1454
1726744815804125200,0.5811988827437162,0.6380705245226621,-2.3981284782111643,6.886316095283627,-6.618038083574176,2.224997624530644,1.9898265600204468,-0.3949109315872192,-1.1301017999649048,0.7720144873537029,-0.3490701412178684,-0.514496579178874,0.1320491478552054,0.5560954213142395,-0.3561915159225464,-1.1502511501312256,-3.1352216870218514,4.356649149104952,-5.452768562042713,0.0011164725292474,0.0054372660815715,1.7540706959724426,0.0018766729626804,1.2668901133581996,0.4272298621835186,1455
1726744815843891000,2.1778929051369427,0.7097890222996472,-3.314979703757167,7.233713820937275,-6.133853467905521,2.4939181719273327,0.865596354007721,-0.043509341776371,-1.214340090751648,0.781174868281871,-0.3130475860405941,-0.5242583091833578,0.13007818654784,0.0593807436525821,0.0271442420780658,-0.3138014674186706,-3.245518044996261,4.8731145706534384,-5.513129799503088,0.1409914493560791,0.0392380952835083,2.547456285369396,0.1154715195298194,1.3143239185757931,0.5644350506758317,1456
1726744815883662000,3.3284412428766488,1.45451784055531,-0.9088222328692674,7.456389772900938,-5.758843512704968,2.721831440022588,0.3272726833820343,0.957978904247284,-1.1935861110687256,0.7908595293667353,-0.2948485312914656,-0.5237266098569504,0.1153952021809342,-0.5768026113510132,0.6518666744232178,0.4946116507053375,-3.535909688836336,5.666500160050392,-5.328075429925322,0.1857846230268478,-0.3267202079296112,1.989517574442923,0.1144705489277839,0.9769773390762508,0.1693389688505791,1457
1726744815923432700,3.9311236431539056,0.5251794738799334,0.8360852056995034,7.591721203410625,-5.295028315848112,3.2401930505812166,0.3681128025054931,1.9006774425506592,-1.453598141670227,0.8107364699874002,-0.2772825537527174,-0.5078489154580109,0.0889402790788258,-0.8943419456481934,0.9932262897491456,1.3369474411010742,-3.234828308677673,4.751719311037659,-4.278312402231991,0.1352917104959488,-0.2861373424530029,-0.6106883408719673,0.1062044724822044,-0.0946670646280981,-0.0001728860486065,1458
1726744815963203800,2.584175950479507,1.0079711738854646,1.8669670073121785,7.579359734487533,-4.812956162288785,3.944508609905839,0.8395429849624634,1.902252078056336,-1.3003807067871094,0.8351384378393133,-0.2589662335376974,-0.4814795063972215,0.0604798714047444,-1.1649924516677856,1.2838019132614136,1.659265160560608,-1.8293910176336765,4.373109285518527,-2.9143989617094395,0.1816204488277435,0.090191476047039,-0.1402774994765873,0.1875966936349868,-0.4110818604590371,0.1878895930036902,1459
1726744816002974700,1.439865045824647,-0.8374412964835762,1.9560744467854496,7.633261420544981,-4.152823443561792,4.545080593900383,1.5800385475158691,0.1439344435930252,-1.4333640336990356,0.8543318105998533,-0.2243224205777886,-0.4668456165227628,0.0430319664943577,-1.5503973960876465,1.240993857383728,1.935128092765808,-2.668500831851363,3.662229837633669,-2.5923952050313352,0.2469314485788345,0.1673770248889923,-0.2117042751648463,0.2035915851593017,-0.28180306278551,0.271458632773254,1460
1726744816042745900,1.0896674603194,0.091426237809658,0.7585115521535277,8.029696441090106,-3.3894387324139474,4.4951147859871385,1.3573144674301147,-1.584874391555786,-1.8135513067245483,0.8532489413284441,-0.1831486898389129,-0.4871031518457214,0.0339596612339155,-1.6514371633529663,1.1105265617370603,2.287834405899048,-2.801289592140913,1.9665137154743075,-1.7308315669432282,0.2461784034967422,0.0981845930218696,-0.2557552330111153,0.1809140890836715,-0.2569141755215823,0.0723881498000118,1461
1726744816082515700,1.271724986168742,1.0145993598535656,0.0851145704448223,8.53926450434029,-2.541202485671639,4.098004642659426,0.8414943218231201,-1.3394742012023926,-2.166790008544922,0.8418199105604923,-0.1435855784466264,-0.520041430340017,0.0167141755218814,-1.5837252140045166,1.0837109088897705,2.5866661071777344,-2.2546797922194,0.7963114137157797,-0.6700498632378876,0.2765231728553772,-0.1072317361831665,-0.6164701026111841,0.0120142539963126,0.1017638362223282,-0.135585679265391,1462
1726744816122286800,1.539665144225955,0.5535851918920874,0.2095522664964199,8.854612894782424,-1.5989533456273377,3.899945830079913,0.454779714345932,-0.1274862140417099,-2.728404998779297,0.8358274345174789,-0.1073968894123915,-0.5381672709269022,-0.0153136976751283,-1.4804270267486572,1.0873092412948608,2.814652681350708,-1.507128317758441,-0.4940127667218446,0.008493103057146,0.2972460687160492,-0.281035840511322,-0.9205794522888958,-0.0984299629926681,0.0712063972361153,0.1094108255778439,1463
1726744816162057700,0.4908686234772205,-0.417490996848978,-0.3914651231780648,8.933905627205968,-0.4894625195389613,4.014490493148565,0.3400135338306427,0.4761452078819275,-3.040724277496338,0.8372538067066316,-0.0689057307697589,-0.5390454007576657,-0.0607294699529053,-1.346303105354309,1.0791571140289309,2.9145007133483887,-1.4305337383776902,-1.5559955167800188,0.4070359095364809,0.3048380017280578,-0.3507414758205414,-1.4849230618216096,-0.116454467177391,-0.0088163099836354,0.266671763822902,1464
1726744816201828600,-0.4980711022019386,-0.8593461081691086,-0.9253168560743332,8.864159890806674,0.6250136937465518,4.14806222050935,0.0917455554008483,0.228462666273117,-3.1013646125793457,0.8363226563265528,-0.0322904254244913,-0.5361576429887924,-0.1098036078984475,-1.2626111507415771,0.9520018696784972,2.837961912155152,-1.3484914149850606,-2.9206460394054647,0.831432703718543,0.2769468426704407,-0.2295642346143722,-1.5636349256172777,-0.0383106246590614,-0.1657850209623575,0.3335719197990373,1465
1726744816241599500,-0.7704705777555704,-1.436735515627265,-0.0237201905444264,8.707398134255408,1.7029406665854154,4.17750984878987,0.0050149131566286,-0.0814156904816627,-2.92335057258606,0.8290692125593596,0.0012614914235559,-0.5357281826065206,-0.1601184088518224,-1.5304409265518188,0.8885326981544495,2.563093423843384,-1.4546008426636456,-3.884554491941631,1.3588795380085703,0.1746360659599304,-0.2793301343917846,-1.0722047227345406,0.0183559674769639,0.000743626578935,0.2852686017379164,1466
1726744816281369600,-0.5878969190776347,-1.4854983774915336,0.2220598658919334,8.52138222616911,2.661350375574827,4.058772117945551,-0.134614810347557,-0.6177722215652466,-2.786423921585083,0.814928918767745,0.0292284581856158,-0.5405607429122854,-0.2069554504894306,-1.4708870649337769,0.6246833801269531,2.161885499954224,-1.2654115652382374,-5.521542823061346,2.3411375939667223,0.0803842991590499,-0.048283290117979,-0.0259578339529805,0.1062972098588943,-0.1856142319502308,0.2276391455953009,1467
1726744816321140500,0.001536708047986,-2.185459248737991,0.7703232782393693,8.269083289358019,3.540427750782668,3.9061511144608256,-0.5376793146133423,-0.3215048611164093,-2.7674670219421387,0.7962085991055046,0.0515798130794949,-0.5460597475063216,-0.255362697283352,-1.1986191272735596,0.5103362798690796,1.5782759189605713,-1.3015531381994483,-6.727513772815466,2.974891424334049,-0.0809363797307014,-0.0827898979187011,1.019158995919302,0.1294672191143036,0.0481667956672608,0.0974726966333575,1468
1726744816360911600,1.0120143117964266,-2.570189802964032,1.218037235122919,7.80029381121993,4.358059892685711,4.041425554086268,-0.6711789965629578,0.6346202492713928,-2.975836515426636,0.7822330907047287,0.073322353004521,-0.5371857049760737,-0.3068660286810792,-0.3992307484149933,0.1139174327254295,0.8707672357559204,-1.6470225261390208,-8.229740874528884,3.7896670077621937,-0.1089392900466919,0.0910637602210044,1.2306551630251108,0.162791296839714,0.1332102188383229,0.0797334071294404,1469
1726744816400682500,-0.2905944729357957,-2.503964349645376,0.5026125450238585,7.088779864823818,5.078778013017773,4.486155526722968,-0.9362746477127076,1.5126187801361084,-2.540294885635376,0.775258769223127,0.0982411685213983,-0.5114864639479267,-0.3573570552236791,0.2529938817024231,-0.0375431925058364,-0.136153444647789,-0.9685732294768096,-8.449238780978321,4.380756585401296,-0.1001674756407737,-0.1729446351528167,1.94031938990131,0.0687512308359146,0.7639006247807294,-0.0841444924368057,1470
1726744816440453600,-1.431287771615386,-0.9590987141668796,-1.2045154902487991,6.3486781218469135,5.35185962561667,5.217496747878194,-1.6280502080917358,1.5149548053741455,-1.564462184906006,0.7800263790198485,0.110117496461342,-0.4710157634338817,-0.3969598659918736,0.3456982672214508,-0.6107484102249146,-1.2533581256866455,-0.8755909943968058,-7.16479459849,3.7951591754376888,-0.047963947057724,-0.2720189988613128,-0.1051708407873753,0.1052107736468315,0.8818689056225121,0.0165064552067546,1471
1726744816480224300,0.3229208715230226,-1.827329408928752,-0.4355541480123996,5.72782527410686,5.398580460259318,5.84959170512259,-1.5210837125778198,1.1182162761688232,-1.6964514255523682,0.7807006382042392,0.1102552904249294,-0.4354280534631686,-0.4344566966342368,0.5383843779563904,-0.7378916144371033,-2.236214399337769,0.2409802549391984,-5.909307630416751,2.851976992326975,0.0116450292989611,-0.5399037599563599,0.8180988826319575,0.1933939605951309,1.2927442471913992,0.1667241649759933,1472
1726744816519994400,-0.1492705240130424,-1.8046312549084425,-0.8908943619906902,4.998277658370137,5.365706949183345,6.511282759207487,-1.7084317207336426,1.766817569732666,-1.653719782829285,0.7823288308288439,0.1135953530772588,-0.3938439568573068,-0.4689826932355564,1.378190279006958,-0.9717654585838318,-2.69364070892334,-1.84797822920382,-4.952590842950344,1.8287065425008533,0.0270848460495471,-0.3829900324344635,-0.3262658345693722,0.1666125804185867,0.4682771081691607,-0.4764816766085102,1473
1726744816559765200,1.3887997522369029,-2.18256089694798,-3.372773136556148,4.122353194235265,5.138801396825909,7.264248659932613,-2.5152125358581543,1.8353675603866573,-2.308941125869751,0.7806159972445957,0.1116137339536097,-0.342299241400754,-0.5108935599001458,2.1016716957092285,-0.991923987865448,-2.813010931015014,-2.3457892191648484,-3.4485186978921294,0.7482821268230676,-0.0330867655575275,-0.1740939021110534,-0.3900174085877835,-0.0877555459737777,0.1226108824832364,-0.8566581842593848,1474
1726744816599536000,0.9699594231382012,-0.35540479875952,-0.5176724592506885,3.1901155989870427,4.72856376863867,7.977107006675005,-1.991127371788025,1.0047028064727783,-1.9228241443634035,0.7723645410086608,0.1054614018235756,-0.2866332713896377,-0.5569311916292077,2.545215368270874,-1.1948566436767578,-2.7092654705047607,-3.123711281970143,-2.1113253603823483,-0.4287234982747584,-0.1064188182353973,0.1593894213438034,-1.2633658847548066,-0.3293750882148742,-0.199938068721164,-0.7792852409172802,1475
1726744816639307300,1.3078817566990852,-0.1658338285401463,-1.4421557871103283,2.7932357572838664,4.458338129992783,8.275955513215065,-1.1345726251602173,-0.2531480193138122,-1.710702657699585,0.7575308024096163,0.0956339488983905,-0.2624839824130623,-0.5900029312268661,2.3865487575531006,-1.3180804252624512,-2.601416826248169,-2.691265621367097,-0.6290807239897549,-1.6805571314722298,-0.1941262334585189,0.2682665586471557,-1.278709438228607,-0.4584871232509613,0.136516028051218,-0.3108861138036474,1476
1726744816679041000,1.213576456321776,-1.0423653186574575,-1.0735475156456231,2.532899936750531,4.292344434715807,8.445743340077996,-0.8332902193069458,0.3036974966526031,-1.298283934593201,0.7399680604639901,0.0881275396635256,-0.2482346909585884,-0.6189186988241898,2.0923092365264893,-1.4140890836715698,-2.449455499649048,-2.280124614599347,0.3254600346118211,-2.7531016075551507,-0.2512532472610473,0.2359040677547454,-1.425267196151614,-0.3104105591773987,0.3965422437792644,0.4654021372547373,1477
1726744816718809000,2.253298859255016,-0.2966068650931119,-1.8264993878453968,2.096217223099619,4.146033929552138,8.63635651282668,-0.8345714807510376,0.6306774616241455,-1.433467984199524,0.7276678226332504,0.0907304250290357,-0.2267958081977545,-0.640961115476593,1.5844060182571411,-1.4408860206604004,-2.233980178833008,-2.2592022380799053,1.24709206469357,-3.7954149037644265,-0.2206640094518661,0.0912479609251022,-1.1608405991733073,-0.0680479481816291,0.7595958402588963,0.7674105325978249,1478
1726744816758578400,0.0163498079068958,-0.4490431596606969,-2.59508137537539,1.822396920962632,3.922880130943656,8.801151353707908,-0.7530743479728699,-0.1897978782653808,-1.1353929042816162,0.7133096457457033,0.0854207499697735,-0.2096889558829064,-0.6632670731459289,0.933830499649048,-1.3560343980789185,-1.9812381267547607,-1.9069711009204384,1.99084736174196,-4.57947503093332,-0.1410244852304458,-0.020844304934144,-1.232651451408863,0.0751789808273315,0.6980960272226482,0.5728964434204623,1479
1726744816798348000,-0.773074915035069,-0.125242582693696,-0.6452373474121094,1.8648310181967915,3.859897897329926,8.820089278411865,-0.0616452544927597,-0.8110180497169495,-0.661447286605835,0.6999138590708042,0.0771500448508737,-0.2105907452533751,-0.6781002344291871,0.2650175392627716,-1.0832316875457764,-1.602696180343628,-1.804066606763005,2.7862016208633777,-5.036270412155986,-0.0124170714989304,0.0078437970951199,0.4632928900158032,0.090361401438713,1.093102403204143,0.4598495080962776,1480
1726744816838117400,-1.6859277185946702,0.469278430698812,0.5533575206160545,2.1117961927644906,3.983487744380533,8.708761239302158,0.5136882066726685,-1.2745357751846311,-0.3972740173339844,0.6878430625988586,0.0697182260153304,-0.2260887072263229,-0.6862180911181884,-0.2438941895961761,-0.7548784613609314,-0.8240311741828918,-3.8730648374170062,3.7093203823715446,-5.834939494913816,0.0407057590782642,-0.1339475661516189,1.012547761086002,0.1565337181091308,1.0725397268425672,0.4573670436307787,1481
1726744816877880800,-1.5861404796749352,1.2436653051152824,-0.3140577661097049,2.5851208301141857,4.194464198461175,8.479033030739426,0.1703377515077591,-1.7843555212020874,-0.2336717098951339,0.6759038323631497,0.0575593506886593,-0.2537253239918859,-0.6895392462523223,-0.7921892404556274,-0.6231932044029236,-0.3332296907901764,-3.5031630190104246,4.48634695764184,-5.851515951183438,0.0844992250204086,-0.0612635277211666,1.968175218945741,0.2532546818256378,0.9109331606086344,0.3169197314120829,1482
1726744816917649200,-2.454494216294586,1.2474629438325762,1.8612094666987653,2.964309532304108,4.120786091049015,8.390612404486536,-0.3892256915569305,-0.4687933921813965,0.1949709206819534,0.6702199222445646,0.0390761948127178,-0.2658399286442876,-0.6918147079548053,-1.987623691558838,-0.1548133641481399,-0.0072079841047525,-3.4273353323489424,7.625565605345367,-6.987964451900124,0.0829605609178543,-0.3882068693637848,1.8495242896020407,0.2297933101654052,0.8205313704758882,-0.0265653782419394,1483
1726744816957418800,-1.0235609572052955,0.7662620201498269,4.550381915178895,2.944907789480686,4.11342023845613,8.40105196543634,0.4486748576164245,0.1842655539512634,-0.1310835480690002,0.6700503567014684,0.0393928177594187,-0.2647900270111122,-0.6923633044467756,-2.018528699874878,0.7643622159957886,0.9632238745689392,-1.9794401248037807,7.0712155665606256,-4.9314896027326585,-0.0442181713879108,-0.2218997329473495,-0.2665209023764356,0.2647086679935455,-0.5820982792688534,-0.2810165520503185,1484
1726744816997188000,-2.8429855843588707,-0.5141021995484829,2.3730676867127416,3.1139792847678063,4.363379918664694,8.211847490441798,1.1314834356307983,-1.102051854133606,0.1942742466926574,0.6676674808042613,0.0428368625500807,-0.2819171965597037,-0.6876830622002659,-1.0247149467468262,1.484317421913147,2.2411341667175293,-2.9416771369963883,4.8757747297734015,-2.552629011832177,-0.2509447634220123,-0.1461291462182998,0.1232327407086268,0.3470422327518463,-0.6957377005934715,-0.222062149180565,1485
1726744817036957400,-1.5288538273543115,-0.7988885707274079,2.478226097276807,3.512898815605044,4.825187575091421,7.781227291700244,1.6953216791152954,-0.8270756602287292,0.0760071873664856,0.6606401960401382,0.0457364041162517,-0.3180817665012634,-0.6784444172977734,-1.0053350925445557,1.598198652267456,2.660149335861206,-3.8322038347184657,4.400867645537853,-2.369189676235616,-0.2707128822803497,0.0473208054900169,0.4876368750143796,0.2841353416442871,-0.5060826322872192,-0.3038657501801848,1486
1726744817076727000,-1.9340078686669468,-1.6070190170526504,0.7273977442264556,3.5723899922326203,5.256979447960854,7.468104176092147,1.354034423828125,0.8624367713928223,0.5128777027130127,0.6636155241737488,0.0647146582881019,-0.3391823377403445,-0.6636126841709813,-1.0853511095046997,1.2773456573486328,2.915048360824585,-4.502619462528824,2.498327220541239,-1.9450494871631263,-0.2319766730070114,0.1120176762342453,-0.6726741473268717,0.102102406322956,-0.6436967669066042,-0.3002008161981589,1487
1726744817116495400,-1.3915417444214224,-1.5729501587122678,-2.0349720424115656,3.360024421881139,5.442428369814158,7.43374656393826,0.5186882019042969,1.1774959564208984,0.8725879788398743,0.6786426973096391,0.0881601804880529,-0.3364701714006836,-0.6468845866713839,-1.4186910390853882,1.094593524932861,3.0145421028137207,-2.94905906394124,0.4713464691445231,-0.0172981946729123,-0.1495920568704605,0.0612547434866428,-1.0628989150550217,0.0192554201930761,-0.3534119079092517,0.0684655055967159,1488
1726744817156264700,-1.2987187915563585,-1.7349486468732356,-2.798771471840143,3.1962729525730014,5.417978403690457,7.523278950825333,0.1121208667755127,1.363960862159729,1.1017447710037231,0.6990573037280899,0.1026494303279377,-0.3253960862548039,-0.6284100933605711,-1.788628101348877,0.9690407514572144,2.9228556156158447,-1.8786404939711088,-0.8385200316309929,0.7817570378582924,-0.0429708920419216,-0.1564812660217285,-1.1435597940266131,0.0581687837839126,-0.0002368449589324,0.3553003885369747,1489
1726744817196034300,-2.478542615880072,-2.0527304019421337,-4.002890656247735,3.0615307201281188,5.103392229792475,7.794408260312676,-0.9272447824478148,1.8521369695663448,2.264667510986328,0.7292155257867803,0.1062548957866464,-0.3021682881687488,-0.6046891259914747,-1.5301475524902344,0.8372331857681274,2.866740465164185,-1.783242429921031,-2.809046782138944,1.067002039524913,0.0472749136388301,-0.239966869354248,-1.510025792765617,0.1183020696043968,-0.1802974573742598,0.3447734415646642,1490
1726744817235803600,-0.7019719188079238,-0.6022200434625148,-3.233367003953457,2.83355929210484,4.373835553966463,8.30727887223959,-1.493704319000244,2.1543331146240234,2.2086730003356934,0.7719655343854506,0.096862946850199,-0.2589675813444741,-0.5723832325173125,-1.1758480072021484,0.8172569870948792,2.7526004314422607,-1.789950403127074,-4.080379261858761,1.3679326130360363,0.1208175048232078,-0.2762034237384796,-1.1816533047731963,0.0758705586194992,-0.2036583678859286,0.151245687410375,1491
1726744817275573000,1.1729258815035224,-0.5888569962814449,-4.585099592816829,2.6862282117217777,3.753393040592968,8.652548938214778,-0.9499415755271912,-0.1301652640104293,1.3486984968185425,0.8004804865032722,0.0830078790623451,-0.2279308617174804,-0.5480767042973944,-0.5639867186546326,0.8591908812522888,2.51727032661438,-1.466228736615181,-5.648623142576217,2.093123787128925,0.1456248313188552,-0.2056127339601516,-0.7186466478202491,-0.0641345828771591,-0.3807973064303397,0.0966721939054317,1492
1726744817315341300,0.764825849866867,-1.7728601521164178,-3.712996440535784,3.438644077348709,3.466458551469445,8.504691788130998,-0.1312779486179351,-2.980030298233032,0.8047869801521301,0.8049788329647197,0.0520263101043015,-0.2523384024344005,-0.5344415532525502,0.274070680141449,0.9142869114875792,2.0569403171539307,-1.313965460526943,-7.297808399707079,3.58458048850298,0.1142452806234359,-0.144977867603302,1.1359631283525378,-0.2028487920761108,-0.2426149252026341,0.3080154172055423,1493
1726744817355110700,-0.7321767951965331,-4.305287210658192,-4.602578550884127,4.7248073387146,3.17028598614037,7.987231510326266,-0.9622548818588256,-3.6614503860473633,1.3313276767730713,0.7951053234118916,0.0024057582123341,-0.304563201536734,-0.5244454196852324,0.9573462009429932,0.5937504768371582,1.2394124269485474,-1.69029234354496,-8.47072639016509,4.87275567421317,0.0392806604504585,0.0844237431883812,0.6744423991084099,-0.1480402052402496,-0.3353397697217762,0.7099941894829273,1494
1726744817394880000,-1.169313828486204,-7.289974637341499,-4.309719055625796,6.014728491309285,2.288038164202869,7.399885210868716,-1.9519593715667725,-3.534668445587158,2.375848293304444,0.7904916625925407,-0.0705059081004483,-0.3431322843206832,-0.5024062662959337,0.301039457321167,0.0718474760651588,-0.0314529351890087,-0.1616916141688823,-7.79300190064609,4.413317961788177,0.0984691902995109,0.208980455994606,2.3106087463207543,-0.0420548804104328,0.568766284813173,0.8875983891852199,1495
1726744817434649300,-0.0700344902127981,-7.964853089779615,-3.423275827825069,7.2014628256738185,1.0120914686858653,6.5791323065966365,-2.3972208499908447,-3.829998016357422,2.6804935932159424,0.7838614360842602,-0.1581945509416429,-0.3735399434365992,-0.4701101288070498,-0.1278211027383804,-0.3794481158256531,-1.1252628564834597,-0.3178413763016462,-7.349998021149635,5.275455015850067,0.1029073670506477,0.2036842554807663,0.9013882104109971,-0.0374813377857208,0.5013364241408184,0.3230135547751561,1496
1726744817474419000,-1.53107676410079,-9.51744493559599,-2.154403892999887,8.085203808778523,-0.6205028652586042,5.514965198236704,-3.1964545249938965,-3.0545971393585205,3.763331890106201,0.7734425528596153,-0.2570475362661835,-0.3908216918860182,-0.427751745408837,0.0951621755957603,-0.8630024194717407,-1.9503239393234253,0.1320616150587797,-6.6964300677657125,3.8740193616628646,0.1430602818727493,0.1206551343202591,0.0704738543110201,-0.0383077189326286,0.9360509429913012,0.3023082916051149,1497
1726744817514187300,0.1319698451220989,-10.67081417597532,-0.4626663190826773,8.310882449689506,-2.740755336201191,4.425817962399125,-4.05919361114502,-2.012826442718506,4.59413480758667,0.7648668509330819,-0.366273645203195,-0.374419145087321,-0.3750100482581789,0.557929277420044,-0.9822439551353456,-2.555149555206299,-0.5195920291364192,-5.399581746256351,2.8094553629398344,0.2122870981693267,-0.1510026603937149,0.498996583016403,-0.0038627847097814,1.196346796840429,0.2999202274248004,1498
1726744817553956900,2.098665639165044,-11.16265661292076,1.2169625916287303,7.821409079962969,-4.940742584246396,3.253460528433323,-4.553704738616943,-1.2076910734176636,4.763544082641602,0.7499907348952118,-0.4762963477952472,-0.3275079581686987,-0.3215497011066002,1.5427249670028689,-1.1752251386642456,-2.701895236968994,-3.081473145699501,-4.550732043790817,1.7861913428544998,0.3207423388957977,0.0148722166195511,-0.1116089292771648,-0.1505652815103531,0.5461200801758095,-0.2894192551439628,1499
1726744817593726200,4.447262901487946,-10.993515851789711,2.763433031955361,6.882847542390227,-6.733602152818441,1.858872694314271,-3.849428176879883,-1.7025063037872314,4.371517658233643,0.7241170893044006,-0.5745596549828139,-0.2740530494665864,-0.2653876992221886,1.949146747589112,-1.3836597204208374,-2.7961549758911133,-4.278576898387074,-2.861490670603513,0.1018061409940943,0.3302814960479736,0.1824723184108734,-0.5018026899456978,-0.4344919621944427,0.3879737008657306,-0.6328866190787404,1500
1726744817633495600,5.730996889880299,-8.844422924679517,3.2985382720440626,5.739323988720774,-7.943270203524827,0.3674332728685811,-3.023271322250366,-2.074509859085083,3.99101185798645,0.6921946179490273,-0.6526786524964031,-0.2351099610309155,-0.1989987305436455,2.221545457839966,-1.5669080018997192,-2.9085476398468018,-4.5485833413243295,-1.4985713556848466,-0.9976374113976956,0.2907110452651977,0.3523189425468445,-1.1886373915068804,-0.5513899326324463,0.2046355606213211,-0.3425724243890494,1501
1726744817673265000,6.221071148109436,-5.659134015196561,3.774710261648893,4.46544883878082,-8.67854321117103,-0.9555376606844364,-2.7465317249298096,-1.450453758239746,3.54862642288208,0.6578230967018281,-0.7137105099424272,-0.1983334866212785,-0.1361983385883939,1.939621925354004,-1.698458552360535,-3.005866289138794,-4.314033996215462,0.1465937060192227,-2.499721305248141,0.19037427008152,0.3564176261425018,-1.4668531521238386,-0.3775456845760345,0.2409493118116632,0.200835346354451,1502
1726744817713033500,6.5619970474004745,-3.088880207085609,4.852328095473349,3.217119048985839,-9.040891837719082,-2.0205854974016546,-2.231187105178833,-0.7433886528015137,3.092421770095825,0.6241280192484366,-0.7603615313408766,-0.1577070945197733,-0.0862721260814519,1.4675543308258057,-1.7098037004470823,-3.014954805374145,-3.522816983029246,1.5227280379503965,-3.571085631635785,0.1237004622817039,0.279362142086029,-1.583353625435382,-0.0943009778857231,0.4764978240257129,0.5149876771461218,1503
1726744817752836600,7.353436178904771,-1.1868483161330223,5.601251735070347,2.176533307221532,-9.164780083194374,-2.727610607945919,-1.4085837602615356,-0.0471850857138633,2.409062385559082,0.598569068804416,-0.7907435590775348,-0.1174481439831569,-0.051434488818652,1.0986827611923218,-1.582086205482483,-2.8972649574279785,-2.7826515271663665,2.5637524633929134,-4.359525289063155,0.0845178067684173,0.1212558299303054,-1.2656737233057618,0.1634934842586517,0.6747638130825012,0.5533292443696409,1504
1726744817792607500,7.414837865328788,-0.1048784245789051,5.212592024701833,1.4389195816680789,-9.189561473229526,-3.106741442468762,-0.8286327719688416,0.5950947999954224,1.872239351272583,0.5835021523795629,-0.8075337985547487,-0.0793025845073972,-0.0335481389599268,0.5919109582901001,-1.424082636833191,-2.53141713142395,-2.310847085121274,3.7003427106678486,-5.216380311068892,0.0414721891283988,0.087174504995346,-1.1892200137004256,0.3467937707901001,0.5578020424021408,0.3715943015381693,1505
1726744817832378000,7.5137944986432785,0.5831944404751062,4.280246877425909,0.9043680299393831,-9.182268978133797,-3.322416575759649,-0.5739759206771851,0.6798173189163208,1.5416609048843384,0.5743892228954581,-0.8170272465897821,-0.043157584055859,-0.0260954389312333,-0.2634114027023315,-1.0817307233810425,-1.6911979913711548,-2.370948794862628,5.092103943058848,-6.23400544848442,0.0329218991100788,0.095211736857891,0.8111253903575241,0.3794116675853729,0.9889995661076156,0.1422700797996018,1506
1726744817872137000,8.468872871252893,0.5138748205333948,3.674501290185749,0.4484809226680546,-9.16143077276647,-3.469497188512981,-0.2913314998149872,0.1080570667982101,1.2663732767105105,0.5681611089099683,-0.8225947721693854,-0.0152630595760781,-0.0172555030162667,-1.7208747863769531,-0.9751685857772828,-0.6263518929481506,-3.3435593170315023,6.626545799678564,-7.756339518681168,0.0323831550776958,-0.0609500296413898,1.4800385046504436,0.3483975529670715,1.188724193007499,0.07358611827977,1507
1726744817911906800,9.372184231746196,1.4820412227749824,3.669489307242632,0.0328385630601784,-9.148873489010333,-3.5309248861610887,-0.0339205786585807,-0.3791432380676269,0.829584538936615,0.5656567239255541,-0.8246374188154422,0.0004450763565431,-0.002335646182236,-2.335729122161865,-0.4780014157295227,0.0601749196648597,-1.990455439814925,6.829355021655559,-7.160014962998032,0.0993556976318359,0.0325996987521648,1.978816147686541,0.3058286905288696,0.7964346747692674,-0.0379166837417986,1508
1726744817951677400,11.247157435381412,1.353811733224988,3.817008311413229,-0.168737313163001,-9.16669205429554,-3.4804733405575154,0.3679787516593933,-0.3320569396018982,-0.0916737169027328,0.567859876856458,-0.8230735963442304,0.0021460008719278,0.0089719573672724,-2.177901029586792,0.4822163581848144,1.1179958581924438,-3.1654923221230504,7.630452208343148,-5.4639200706541535,0.0507670976221561,-0.1922965943813324,1.56769136140123,0.1976406127214431,0.4649911087684333,-0.2519108690752648,1509
1726744817991448000,11.977378420335054,2.2590607837826013,3.8529429636254906,0.0920910583939403,-9.26404534406662,-3.215487063869834,1.0463221073150637,0.1347029954195022,-1.5159038305282593,0.579700299003792,-0.8147581032665493,-0.0106509519045237,0.0018152908957416,-1.412949800491333,1.023845076560974,2.545153379440308,-5.0060669970721,5.701760274001956,-4.184718757255375,-0.043814942240715,-0.1290077269077301,-0.5261436792695895,0.1742105185985565,-0.5797929614685475,-0.1080987931312061,1510
1726744818031219000,10.92964514490366,1.6274831284105775,2.301997715972364,1.0067970155395567,-9.36434696224928,-2.7323554643854497,1.5272818803787231,-0.3507352173328399,-3.410139322280884,0.5999969682623008,-0.7979693200775507,-0.0505601115216163,-0.0263123487901994,-1.2294949293136597,1.5233491659164429,3.333033800125122,-4.860546180981397,4.957518362480402,-1.9862138567224144,-0.0666234493255615,0.1046700030565261,-0.154999203858152,0.1916992664337158,-0.7866926676295697,0.041907077685371,1511
1726744818070989800,8.922455427908897,-1.9691063623160123,1.7515609051086007,2.48875801268518,-9.242490514862537,-2.133735198980569,2.0699260234832764,-1.6605716943740845,-4.897653579711914,0.6226174161614086,-0.7693260756835616,-0.1301061345174267,-0.0596431062335307,-0.9333378076553344,1.2606444358825684,3.76961612701416,-6.128110540339351,3.367451064750552,-1.0587168801300226,0.0858588963747024,0.2168596535921096,0.4883605496464296,0.0076650874689221,-0.2922977697223424,-0.0303528334919363,1512
1726744818110759400,5.856043073219061,-6.185670164382457,1.6934126675225794,4.189128098130226,-8.716587987405061,-1.6256272714108229,2.3169500827789307,-2.480634450912476,-5.269560813903809,0.6403039043148523,-0.7254492756650891,-0.237922824552332,-0.0844210398905034,-1.75925874710083,0.8839654922485352,3.8779547214508057,-6.057907707822323,1.076057744900882,-0.8842583580423146,0.2810750007629394,0.0825768187642097,0.1133921685652807,-0.2113282084465026,0.0030586905967647,-0.0965812916184309,1513
1726744818150530300,2.438791912510991,-7.220442835953831,1.609026265221834,5.7351621928662055,-7.838935384303331,-1.3525479968994856,2.0702240467071533,-2.1107757091522217,-4.853792190551758,0.6482538192220836,-0.6716038172516946,-0.3433788983074042,-0.1039529587921791,-1.857357621192932,0.5091642141342163,3.796118259429932,-5.074013575094938,-1.3113240061074494,1.0269511841654777,0.4234260618686676,-0.0113335447385907,-0.5265581052893772,-0.3572917580604553,-0.0095035541747463,-0.0468421549007995,1514
1726744818190301000,0.5369418078660965,-6.593591624581814,1.1971158815167844,7.011976611128449,-6.736425978067517,-1.2740300482407212,1.4469404220581057,-1.345611572265625,-4.501993179321289,0.6468825947865787,-0.6165412489756664,-0.429923644245125,-0.1287848839253368,-1.8342764377594,0.3200225234031677,3.5204811096191406,-3.322841523173451,-3.111980512166023,1.653051869431138,0.4208965599536896,-0.0401415862143039,-1.1806622479092328,-0.3231389224529266,-0.1751431068183854,0.134319970178511,1515
1726744818230071800,-1.8766443517178293,-6.344394160917401,1.6332606888987122,7.984551477462053,-5.547155987745523,-1.2831088422313333,1.1541608572006226,-0.8844744563102722,-3.812119007110596,0.6399747279664463,-0.5646491364010029,-0.4965800035555389,-0.1581515997727802,-1.0713084936141968,0.1880621761083603,3.2063910961151123,-2.242738010013104,-4.960458507585526,1.0937591135472058,0.3305116891860962,-0.0220206417143344,-1.4317458906464278,-0.2344628870487213,-0.2314801119976677,0.1330795873291324,1516
1726744818269841400,-3.0826006884247064,-5.932634145468473,1.7613515006303786,8.629965935006737,-4.457303233987092,-1.3514948345847426,1.067411184310913,-0.9462600946426392,-3.0880467891693115,0.6311290864029794,-0.517477169696176,-0.5487480631110541,-0.181022373823164,-0.2120371907949447,0.2420540452003479,2.8275954723358154,-1.1772130573034283,-6.468448995131253,1.4042530496954917,0.2370462566614151,-0.029323287308216,-1.4869414159066974,-0.1922561675310135,-0.1699847924734465,0.1575890924871899,1517
1726744818309612300,-3.75828636559248,-5.779353801292181,1.8032511987268924,8.998445027133823,-3.563718902260065,-1.580590736593306,0.8718485832214355,-1.2511961460113523,-2.329232931137085,0.6183328259257533,-0.4785092494112466,-0.5929726806505594,-0.1925533432561794,0.5196165442466736,0.3938161730766296,2.3570735454559326,-0.1903022071033716,-7.6595725043654435,2.168803005230427,0.1808259189128875,-0.0669800490140914,-1.478366041393578,-0.2021587938070297,-0.1244892344425898,0.1263650839176029,1518
1726744818349383000,-3.759712014481425,-6.1491106582701205,1.925784814722836,9.155792474618554,-2.886456477294862,-2.0025489054515955,0.3467699587345123,-1.5292505025863647,-1.6343556642532349,0.5995015353744286,-0.4519219445313745,-0.6307678927266662,-0.1962046109228391,0.5605770349502563,0.3336474597454071,1.7044079303741455,0.4353238463878631,-8.496125035315751,2.6318191606640813,0.1140522211790084,0.0532098226249218,-0.149719181095995,-0.1691664457321167,-0.0713085104702971,0.2720808928574435,1519
1726744818389153800,-4.473435453620553,-7.7255293698757885,2.7931372653454543,9.152152072289583,-2.444141602975875,-2.536657535718381,-0.1316740214824676,-1.2370387315750122,-0.9565876722335817,0.5763505526589943,-0.4407359700722512,-0.6596099981731572,-0.1961793829845434,0.2965285778045654,0.2202872335910797,0.8130253553390503,0.1266366674005985,-9.263311769095065,3.1568530885934827,-0.0107449507340788,0.1863768249750137,0.9324353097774088,0.0152313569560647,-0.1198994681000709,0.5895396082507446,1520
1726744818428924700,-6.311456936955452,-7.473648950737714,3.7660058539286254,9.18584449853301,-2.0464448919318614,-2.757298182462156,-0.5304043292999268,0.3591209053993225,-0.8988561034202576,0.5623362081764905,-0.4340709446696513,-0.6724325248920415,-0.2078337281677102,-0.1782035827636718,-0.1050660461187362,-0.2373160868883133,-0.6052315002381802,-9.275628229832648,2.839551225996017,-0.0290740858763456,0.3806138932704925,1.1129472866851835,0.2662877142429352,0.0798494347245432,0.5248115538829937,1521
1726744818468694300,-10.246315674984457,-8.609526958090067,3.0544726183101534,9.317665290573238,-1.895182901840657,-2.399957885595411,-0.5630174875259399,1.6615115404129028,0.6282503604888916,0.5708959810610174,-0.4321573388153365,-0.6600029046360736,-0.2274072575476949,-0.2204328030347824,-0.289547711610794,-1.4350597858428955,-1.383618257945776,-9.246403304392098,2.8751895256102085,-0.1070063412189483,0.1030439734458923,1.8976583520434795,0.1147350221872329,0.4582818203881382,-0.3414302686166018,1522
1726744818508465200,-10.20147349369526,-7.944974669355154,1.6254409550584852,9.347042191705109,-2.3906438215442,-1.757272122362256,-0.5256921052932739,1.9049043655395508,2.163973808288574,0.5963371797127157,-0.4489088957032383,-0.6229580621518516,-0.2340641500415137,0.2238924503326416,-0.5359172224998474,-2.563493728637696,-1.178668516808748,-7.986817084306478,2.4034394441008566,-0.1029984429478645,0.2431915998458862,-0.1970337255817837,0.1230040416121482,0.5135729149773717,-0.0783198048713151,1523
1726744818548235800,-7.07491851273179,-7.0150155404329295,0.4735060583312064,9.147248518157005,-3.336614320199192,-1.168422797930613,-0.2519151568412781,1.4511735439300537,2.9581785202026367,0.6252940123562789,-0.4769670509155642,-0.5762598504745804,-0.2223383286950903,1.2343047857284546,-0.4406464695930481,-3.391952991485596,-1.4081681773126125,-6.384358507037162,2.3529694860577584,-0.1113604009151458,-0.1845008581876754,1.8559231968589125,0.2105264514684677,1.5151786454841494,0.1795751892480067,1524
1726744818588006400,-3.706460316765308,-7.237656421083211,-1.4240157347857951,8.703010128429531,-4.439913123247028,-0.845687877433747,-0.2690848708152771,0.437834620475769,3.2930402755737305,0.6470751406128821,-0.510369848570495,-0.5316396339418131,-0.1953862379710789,2.492722749710083,-0.7922784686088562,-3.548434495925904,-5.484706838095188,-5.439142187750339,1.4236433943420648,-0.0696517750620842,0.0003185966052114,-0.1469810887684579,0.1889007687568664,0.4022475427487865,-0.2737795500014908,1525
1726744818627777300,-1.358477971470356,-6.905755539768934,-1.4992495472073557,8.003285404026508,-5.593173642554879,-0.9133578304722904,-0.2153826802968979,-0.4396136105060577,3.641674518585205,0.656073536768701,-0.5490961254397639,-0.4950371046418592,-0.151655166992907,2.799791097640991,-1.2531002759933472,-3.6661877632141113,-6.675762542790174,-2.7415228134423493,-0.6576888327062129,-0.007669473066926,0.2023447751998901,0.0630402565444353,-0.0409928709268569,0.3577528597230091,-0.5423538960427046,1526
1726744818667547000,0.7136246549397707,-6.108482295283675,-0.9771616096019744,7.057205745908617,-6.716207950425147,-1.1219541844833645,-0.3639515340328216,-0.2790347933769226,3.9038455486297607,0.6579078222074075,-0.5898567437340249,-0.4574634040616602,-0.0997676399085639,2.7585930824279785,-1.5526838302612305,-3.7519664764404297,-7.109936050099134,-0.6536795970648527,-1.4112474386274814,-0.0252529550343751,0.3966961801052093,-0.8789020917061716,-0.217576578259468,0.0475107337781693,-0.4482635535903275,1527
1726744818707317800,2.4429057775706053,-4.96005869461298,-0.3161529848232865,5.90418078892231,-7.7354966371387235,-1.2137426797341555,-0.5093589425086975,0.5989176630973816,4.101290225982666,0.6598098051040443,-0.630119553628006,-0.4059963071292374,-0.0526076147721264,2.26694655418396,-1.7107235193252563,-3.736576557159424,-6.289346227434277,0.9759922735616564,-3.0123569393754,-0.1065790653228759,0.3940780162811279,-1.247596945475787,-0.1900660097599029,0.31109354600925,0.0284008820068323,1528
1726744818747088400,4.119830690020323,-3.299123962977528,-0.340695597666502,4.610625663739443,-8.567736565586925,-1.2273564137406647,-0.7162303328514099,1.041118621826172,4.06615686416626,0.6612188196211546,-0.6681512604927686,-0.3408102861251689,-0.0145570504998455,1.9529776573181152,-1.7575759887695312,-3.568084955215454,-5.123967984831332,2.3181898490995168,-4.199045973293483,-0.1854120641946792,0.2445815056562423,-1.7097801572166382,-0.037295177578926,0.612261654603295,0.3461648959230631,1529
1726744818786744800,5.766212580168247,-2.114671602070332,-0.0979169150032103,3.249752906087041,-9.15184402925372,-1.3613488507315517,-0.9247693419456482,0.9233059287071228,3.8742966651916495,0.6559164403422241,-0.7034463945814527,-0.2730799214173368,0.0190864961567694,1.728978991508484,-1.7418856620788574,-3.3380672931671143,-4.297068248367309,3.1435657369971275,-4.815310616460442,-0.192685842514038,0.0782621130347251,-1.582889222794026,0.154167503118515,0.9132882723674176,0.5464590298065916,1530
1726744818826510000,7.519447994360327,-1.3094424301445484,0.6222960322856903,1.9181958208985623,-9.476436048859355,-1.639532754905522,-0.9126602411270142,0.4861794114112854,3.490471363067627,0.6431986998915759,-0.7341039306889879,-0.2113866792026345,0.0519856527711174,1.193183660507202,-1.610032558441162,-2.8513617515563965,-3.2258103049635887,4.468497412696481,-5.733784474772214,-0.1193100437521934,-0.0503844060003757,-0.9379556806340812,0.2576121687889099,1.1089303791940213,0.4153060905579477,1531
1726744818866273300,9.242305221423509,-0.4365320531338453,1.3329577457666395,0.7078471675168723,-9.592778701260686,-1.909960199733824,-0.5247517824172974,-0.1013718172907829,2.886296033859253,0.6284741839498348,-0.7556260260011952,-0.1625120964678285,0.0874036817881419,0.6513764262199402,-1.23286771774292,-2.094461679458618,-2.3964888943105933,5.508137398043274,-6.147680333206057,-0.0137614607810974,-0.007659088820219,0.0740185366139747,0.225515991449356,1.0937306181050837,0.1129936433675233,1532
1726744818906039600,10.94234446747899,-0.1850520314902067,1.6175518092438577,-0.2616606211300007,-9.59122270399034,-2.027409352072328,-0.100630946457386,-0.2096832990646362,2.081714153289795,0.6181489829819565,-0.7661847887218953,-0.1277888021505707,0.1205107414459436,0.2065536826848983,-0.776170015335083,-0.8232849836349487,-2.5285730134621263,5.9331911948293445,-6.571483837670088,0.1038988381624221,-0.2004139125347137,1.486915989204496,0.2342688292264938,1.4577235047288235,0.3646191287633031,1533
1726744818945805800,11.198522876071928,1.0806687458276747,1.8344462551966307,-0.9161744953282176,-9.558236380189657,-1.9927626938439904,0.2828041315078735,0.1666939854621887,1.3365838527679443,0.6149063495041248,-0.768876746113548,-0.1021330917553532,0.1424339921778368,-1.1037578582763672,-0.3928840756416321,0.407248705625534,-3.305922244815528,6.118642454770207,-7.46472388600409,0.202238455414772,-0.2061051279306411,0.8753355583310126,0.2064824104309082,0.9062502634894102,0.0716439255702774,1534
1726744818985571000,11.872324639189245,1.9188854105979205,1.0825286944806576,-1.213189356700331,-9.552947626131772,-1.854659168272465,0.4674477577209472,0.3411612510681152,0.2895037531852722,0.6191123039570937,-0.7664568802116989,-0.0842920716326089,0.148790761052961,-2.103095054626465,0.3118796646595001,1.229549527168274,-2.601324653679132,6.414210624465346,-6.938783364623784,0.1946855038404464,-0.3061951994895935,1.8661270493566988,0.1696371436119079,0.6917565950680523,0.169276205812674,1535
1726744819025337300,11.205637676513197,2.3925439560770987,0.6559997105754911,-1.1052491333980112,-9.601484570285676,-1.6614152086287737,0.5875001549720764,0.1636269688606262,-0.7323592901229858,0.6284801264172639,-0.7601784734755207,-0.0826878977522912,0.1424924891194113,-2.095231771469116,1.0852349996566772,2.124241590499878,-3.876369139659405,5.949870526951552,-5.834795118007063,0.153650015592575,-0.23284912109375,0.5574743448177352,0.172618106007576,-0.0994438049100805,0.36362478396371,1536
1726744819065103600,10.134456889998912,2.604340786629915,0.1078570019982755,-0.6297759397123008,-9.677861123001575,-1.4535475342184303,0.4396206736564636,-0.3821458220481872,-1.782852292060852,0.6397561012914992,-0.750932292791362,-0.1010494628175865,0.1288486965569945,-1.597435474395752,1.7158124446868896,2.9850997924804688,-4.928104636469483,4.704560669499635,-4.15454310696125,0.0699445828795433,0.2075052261352539,-0.3645418622760102,0.3450736999511719,-1.1678458017602562,0.3953738575870171,1537
1726744819104870000,9.214441062942146,1.1760890217095612,0.0374058938086032,0.2431045170841738,-9.71261504099667,-1.3328180450350045,0.1576778441667556,-1.1266069412231443,-2.92618727684021,0.6479748683481359,-0.7395363655343474,-0.1450543904645834,0.1103349640651416,-1.1294397115707395,1.8031325340271,3.6136691570281982,-6.185279703760147,3.627708851611614,-2.1577681087359784,0.0836832970380783,0.2736034393310547,-0.1128506181676406,0.1555579602718353,-0.9611354076262564,-0.2711884923286736,1538
1726744819144636000,7.885196784740686,-1.3534136738181113,0.4591593338750303,1.4783767089180648,-9.59572059993148,-1.3809269730351863,-0.1382697969675064,-1.7413347959518433,-3.81381106376648,0.6495486053882771,-0.7243692484579546,-0.2137682644536321,0.0876302318555274,-1.249475121498108,1.6833895444869995,3.913673162460327,-5.608368873599171,2.0349024843066927,-1.443984463842213,0.2829903066158294,0.1624517887830734,0.4861982935786247,-0.120690643787384,-0.5314828483404591,-0.4117666278528049,1539
1726744819184401200,6.256780174872278,-3.7346301801949737,1.7085028307572006,2.912113481120765,-9.226378753495217,-1.6012119382090866,-0.1507657319307327,-1.6087923049926758,-4.298612117767334,0.6441306748758843,-0.7034101336299413,-0.2947087902760913,0.0587914493550704,-1.5839183330535889,1.3550233840942385,3.962970972061157,-5.877459955257177,0.3938081791728735,-0.2699889072805643,0.3007008731365204,-0.0750027373433113,-0.1940936900745145,-0.3803231716156006,0.0319444386484916,-0.3151802673336118,1540
1726744819224167700,4.2113691560328,-4.9837943749874825,2.399889204273373,4.406409789834917,-8.574718679559231,-1.7966997312568127,0.0962137281894683,-0.9968164563179016,-4.566101551055908,0.6387524992050931,-0.672939521217622,-0.3725031456629697,0.0197238142995761,-1.9514260292053225,1.001750111579895,3.851626873016357,-5.284133412346243,-1.4345404898010194,0.7215957068841904,0.3219569325447082,-0.1693295538425445,-0.8499598556645214,-0.4042535424232483,-0.0548327609290601,0.0420898138411343,1541
1726744819263933700,2.147570247587561,-6.1080783906579015,1.994546654651314,5.855646767377853,-7.635237689054012,-1.8933919267706567,0.2079945653676986,-0.5208562016487122,-4.6795430183410645,0.634566828337967,-0.6330552282895778,-0.4424671740693217,-0.0280858763012003,-2.0974063873291016,0.6672263145446777,3.5128543376922607,-4.231150545823573,-3.433926985698938,1.177509994423389,0.3038296103477478,-0.2377583980560302,-1.3723100974678992,-0.2907474040985107,0.0379855819762567,0.1895534710953012,1542
1726744819303700000,-0.3645832537323236,-6.699692868953943,1.4866346880450845,7.119971706423163,-6.45659372216463,-1.9464706060074268,0.08785380423069,-0.3004258573055267,-4.432943344116211,0.6280272607044084,-0.5880025446066272,-0.5034832547131962,-0.079619234550981,-1.5123990774154663,0.5486667156219482,2.99707555770874,-2.7919588692158457,-5.183959219935536,1.608217286926508,0.2158080786466598,-0.2920393645763397,-1.4842001543745398,-0.1847811192274093,-0.1335666310605593,0.240779069811292,1543
1726744819343465200,-2.2441794409930704,-7.236689621877669,1.3467512933194636,8.064483676832914,-5.194005982175469,-2.038825356838852,-0.1488889008760452,-0.3052799999713897,-3.847521305084229,0.6161064555717998,-0.5451668036013249,-0.5538450291138767,-0.1283033801906063,-1.042649745941162,0.5581135153770447,2.5157716274261475,-2.138216143786907,-6.189555481383204,2.0582991419851777,0.0529400110244751,-0.3148299753665924,-1.344327134912461,-0.0706410035490989,-0.2027692552927881,0.2841044715956785,1544
1726744819383231500,-3.4187568890959024,-7.194899813896417,1.6945520468160509,8.680914031955599,-3.99245635599494,-2.2073599687702954,-0.28067547082901,-0.4478426277637481,-3.2396838665008545,0.598840915281197,-0.5086280430998051,-0.5948458242430321,-0.1698400743413831,-0.2893620431423187,0.4818498790264129,2.1402575969696045,-1.2176058579683302,-7.684019547879695,2.7263211526572704,-0.0585338659584522,-0.124939315021038,-0.6951825509287417,0.0288913436233997,-0.3678415979411453,0.3041082902317866,1545
1726744819422997800,-4.103466999718546,-8.554535723230241,2.156409972125292,9.04315393743217,-2.93613586948216,-2.402264993494004,-0.2333652377128601,-0.3711808621883392,-2.583975553512573,0.5799248467483779,-0.4778825836351577,-0.6277815411632793,-0.2029921453665933,0.6446666121482849,0.5028722286224365,1.7829173803329468,-0.7592945192247629,-9.083464320510624,3.783051389014721,-0.1811905354261398,-0.1047118455171585,0.8103000454492867,0.0412248931825161,-0.0988382767649833,0.3252616259628906,1546
1726744819462763800,-6.270123640570044,-8.635970728379487,2.0746105175778267,9.2660186899662,-2.067906343764067,-2.4566353199765083,-0.445134162902832,0.3809914290904999,-2.037536382675171,0.5663663594747388,-0.4522351626712507,-0.6486423464520776,-0.2323266476494849,1.2376244068145752,0.1859532743692398,1.1358187198638916,-1.0504816973567008,-10.131584549432992,4.588180023175478,-0.2104295492172241,-0.1170888617634773,0.9579418722819536,0.1595257520675659,0.2192294647715985,0.6530168223071843,1547
1726744819502529000,-9.304228885895013,-8.664601195058227,1.7217985117904842,9.413313529992102,-1.5602856151893734,-2.263934965690225,-0.6684251427650452,1.1934871673583984,-1.138027548789978,0.5642084176216954,-0.4379123214790713,-0.650892741985263,-0.2573717256913025,0.513020396232605,-0.2205266505479812,-0.1120381951332092,-0.3435223455250263,-9.473085569387674,4.307099813038111,-0.1989103108644485,-0.1230548769235611,2.1675350311212243,0.1923175901174545,0.6655326050091535,0.2402805274383165,1548
1726744819543728400,-11.969127309340235,-8.577313956749439,0.6200783562362193,9.531530744093656,-1.627671782850474,-1.6343223267808555,-0.5821863412857056,1.348414659500122,1.525833249092102,0.5821533925459494,-0.441201383459085,-0.6234329040908319,-0.2788731860738657,0.0722842887043953,-0.8222923874855042,-1.5316240787506104,-0.5951707094728946,-8.80303526775837,4.302909960132837,-0.1612103283405304,0.0064456835389137,0.4572580302983522,0.1930959075689315,0.5864661921547726,-0.0039030615783471,1549
1726744819583306500,-8.702336759212612,-7.920981799349188,0.5049203835748136,9.41850349985063,-2.4156847392983734,-1.2754044053338467,-0.176897332072258,0.6565762758255005,2.696723937988281,0.6025982836069891,-0.4665513945753022,-0.5893702769816113,-0.2680444335428529,0.26087686419487,-0.9732645153999328,-2.840689420700073,-0.5088865107268095,-7.520983533364534,3.4279099173665046,-0.117117166519165,-0.181190013885498,0.8519637428328395,0.1982607394456863,1.0784395985361188,0.0135717785779037,1550
1726744819623072800,-5.8192374833911655,-8.04313752194345,0.080707129266113,9.05260799447596,-3.583105447514355,-1.175606133563444,0.4566446244716644,-0.1862416416406631,3.5598490238189697,0.6222641894881922,-0.4994432415375605,-0.5572213938072115,-0.2298872690954884,0.9930077791213988,-1.2959372997283936,-3.487309217453003,-3.458060140958428,-6.299581205722689,2.178544647043944,-0.0773228034377098,-0.0389507599174976,-0.0341642358731012,0.1934084445238113,0.457673515764065,-0.4880799791393801,1551
1726744819662839000,-2.429989012852311,-7.57709062051177,-0.6599520283978432,8.379280278611184,-4.950867672419548,-1.2028859893508257,0.8357309103012085,-0.5851008892059326,4.028360843658447,0.6401283254083355,-0.5339297033580105,-0.5255941311744349,-0.1700161931869645,1.7977697849273682,-1.5273061990737915,-3.777205467224121,-5.679641965696216,-4.729588727772236,0.6037579570868984,-0.0864040628075599,0.1224233135581016,-0.1001690047789365,-0.000421218923293,0.3647475774485618,-0.8002229611363262,1552
1726744819702604300,0.1546796895802021,-5.760972925949097,-1.3122015195943415,7.441974294057488,-6.274678819656372,-1.1898892912641168,0.7891910076141357,-0.5044518113136292,4.007013320922852,0.6548488079029637,-0.5653803330651993,-0.4909302884613531,-0.1024973364298987,2.0875632762908936,-1.7848771810531616,-3.888672113418579,-6.935521147957444,-2.422846301490813,-0.7726748098015784,-0.1356251537799835,0.2595420777797699,-1.1976403437823055,-0.1692076474428177,0.1391242743208538,-0.5726794396689161,1553
1726744819742370300,1.6070301229685544,-4.06549002802372,-1.555295844078064,6.353839450132846,-7.389417592868209,-1.09343894168213,0.4155616760253906,0.066411018371582,3.899665594100952,0.6652028039477659,-0.5946907980796959,-0.4495472435197225,-0.0418966701595457,2.007147312164306,-1.908380150794983,-3.922685623168945,-7.079352111265063,-0.9372840649828316,-2.021018189730495,-0.1577614992856979,0.3638806939125061,-1.5107799721337851,-0.2245780229568481,0.3410871907999739,-0.2615991550000384,1554
1726744819782136600,2.852482019239664,-2.869358335238695,-1.912459761464596,5.1463966742604965,-8.289866549667716,-0.9813817845802754,-0.2813746929168701,0.8670496940612793,3.944559335708618,0.6707653680114688,-0.6265107116960079,-0.3968889964059201,0.0061071591873922,1.7727224826812744,-1.9127103090286253,-3.88930869102478,-6.410823320114612,0.7505591318443418,-3.461699374243617,-0.1555512994527816,0.296103835105896,-1.7527403241515158,-0.1901062279939651,0.5759100190879777,0.1198462583418004,1555
1726744819821903000,4.681992279338837,-1.9011410795927048,-1.622567445448786,3.8738378676161167,-8.948035274845362,-1.0471169701639562,-0.9528952240943908,0.9469139575958252,3.675195455551148,0.667097234010606,-0.6638001620583314,-0.3357937660679763,0.0399161328673335,1.634899377822876,-1.857330322265625,-3.7656075954437256,-5.341906971400976,2.1674200264394283,-4.5001767455518245,-0.0948029458522796,0.1733695417642593,-1.559309171372652,-0.0617228597402572,0.9378585769351572,0.3508117718808353,1556
1726744819861646000,6.688609749403596,-1.6978478734910487,-0.1711914100505411,2.623638192296028,-9.35977366298437,-1.2967534828327596,-0.9506722688674928,0.7288374900817871,3.338188409805298,0.6551502132706356,-0.6995280680542876,-0.2770857464028284,0.0682809886919584,1.3327934741973877,-1.714768409729004,-3.4955761432647705,-4.377126704466343,3.4782904435604807,-5.391221914190053,-0.0323489382863044,0.043749876320362,-1.179444834943488,0.0612023845314979,1.1671076967440546,0.3691309070993214,1557
1726744819901411800,8.172729532018304,-0.7086807687968015,0.5521230103850364,1.4739577234320342,-9.570075871065258,-1.5528994504608211,-0.6493679285049438,0.3930067121982574,2.8931775093078613,0.6414648184954957,-0.7265016033779519,-0.2266522876019989,0.0966805000607575,0.855972170829773,-1.4575670957565308,-2.8685035705566406,-3.6644565737724304,4.7052007209688425,-6.083933544960618,0.0268444009125232,0.055638700723648,0.2046492786194197,0.1317973583936691,1.184789922298491,0.2198656803159043,1558
1726744819941177000,10.070988334172965,-0.3980424557417631,0.8133762380242348,0.5012079754555597,-9.64249111893475,-1.7150928766719995,-0.1970431357622146,-0.0104366187006235,2.195604085922241,0.6300947628768351,-0.7431464862705005,-0.1875598613350361,0.1246402873537965,-0.0105043333023786,-0.9739189743995668,-1.7061340808868408,-3.908756328523159,6.091009766957163,-6.5891428284794085,0.0150115443393588,-0.0343245454132556,1.506248027792573,0.1758905500173568,1.426233703096211,0.2476748937396332,1559
1726744819980942600,10.959625272625685,0.3493769167721271,0.8082254311323166,-0.0447594349091872,-9.654591306573153,-1.719668514024466,0.133274644613266,-0.1764127016067505,1.549684762954712,0.6259074446136806,-0.7480291614384317,-0.1677231934877996,0.1433918582193732,-1.4997427463531494,-0.9652363657951356,-0.3368013203144073,-4.416353091700374,7.306180506733059,-8.316052545803785,0.0306886546313762,-0.174876868724823,1.5891909532867372,0.2322925776243209,1.1993570115070789,0.1954270575701259,1560
1726744820020706800,10.867153909677269,1.8070915075421328,0.4226454204700887,-0.485895145913586,-9.656033906596898,-1.6417429783008992,0.2020031362771988,-0.2265631556510925,0.6426101326942444,0.6248624961164961,-0.7485450810106502,-0.1529243549541284,0.1607524439745492,-2.4755964279174805,0.2573203146457672,0.4595146477222442,-1.311318160888553,9.126802526977658,-7.168530862408876,0.0406021140515804,-0.4111305177211761,1.6213972326256334,0.0917155668139457,0.8237591734159737,-0.2078827258490025,1561
1726744820060472300,10.862264968591928,2.093645180654525,0.5608535754598677,-0.5727348961832002,-9.668300098451972,-1.5382862570881843,0.3512917160987854,-0.1610867083072662,-0.2530421018600464,0.6273947444159407,-0.7451999201436972,-0.1520126622488726,0.1671676225409057,-1.901575326919556,1.076002836227417,1.8840538263320925,-4.504255247037112,7.61709529864192,-5.572420192861557,0.0202716123312711,-0.2916362285614013,0.218144866138976,-0.0045741535723209,-0.1581212083362042,0.3641118368282914,1562
1726744820100237800,10.059758499628304,2.740950566512346,0.207629189479351,-0.2994955357393249,-9.70328899424672,-1.3881205378010868,0.3797911405563354,-0.1399244666099548,-1.2341691255569458,0.6350424788568774,-0.7376873381306772,-0.1630700604281819,0.1610796773865706,-0.9372242093086244,1.5929157733917236,3.132110595703125,-5.573177148708701,5.7210068262636655,-3.6418987050056457,0.0050997221842408,0.09333336353302,0.0183200576670933,0.3241635262966156,-0.6621477848764509,0.7820736295267939,1563
1726744820140003300,9.3548695243299,2.0308295357793567,-0.2287504495717585,0.399108148744516,-9.717564772358536,-1.2570017565503715,0.2839882671833038,-0.5029101371765137,-2.4473025798797607,0.6445435856629722,-0.7259111027100004,-0.1927234452162672,0.1430888825373268,-1.250727295875549,1.5994256734848022,3.862717628479004,-6.923571766966581,4.84847463491559,-3.075717358651757,-0.0085960123687982,0.1798101812601089,0.1700892026959918,0.4008955955505371,-0.5395668956726789,0.2063473877741955,1564
1726744820179767600,8.014217716929316,-0.3132558020770549,-0.3365221113741398,1.5236832928486168,-9.61041080406308,-1.2201578074734658,0.0157827250659465,-1.0288567543029783,-3.495469570159912,0.6514475510444859,-0.7085854378375092,-0.2451885248826906,0.1157817131159486,-1.866337776184082,1.4619498252868652,4.3621907234191895,-6.99062051936686,2.423819384306669,-1.5655208854943512,0.0689800009131431,0.1751152426004409,0.2321303012683987,0.0858024135231971,-0.273963656130433,-0.4588000355759635,1565
1726744820219533000,6.034794543260335,-2.8734476503789423,0.3926819516219198,2.893781121094525,-9.26859467793405,-1.3746031768411398,-0.2732481658458709,-1.0860882997512815,-3.960329055786133,0.6506197900273012,-0.6872696438504043,-0.3126430774068695,0.0812926807371262,-1.5422840118408203,1.1425052881240845,4.604979038238525,-6.635382017084956,-0.1766167961001396,0.3435474069010466,0.1408072412014007,0.0569910891354084,-0.7414587836090475,-0.3200331926345825,-0.0756073264756472,-0.4959132300483062,1566
1726744820259298300,3.883438055132329,-3.771804603335261,1.4747171634972094,4.290815617713332,-8.672806713345647,-1.5942773166403172,-0.2480812072753906,-0.5949962139129639,-4.11756706237793,0.6459236095307517,-0.6619210998396337,-0.3783463786370422,0.0386936649260074,-1.4531046152114868,0.8370161652565002,4.364776134490967,-5.027080559006333,-2.0720473890915514,1.5104729520112274,0.1649487167596817,-0.0254045203328132,-1.1038003228291868,-0.4839155673980713,0.0636784539832733,-0.0223734840766293,1567
1726744820299063800,2.373207387444377,-4.677373387366533,1.6859809100866316,5.667120922297239,-7.816618338555097,-1.7189005983918904,-0.0468551777303218,-0.1494960635900497,-4.382750034332275,0.6420326016833884,-0.6292233726166708,-0.4378555594074166,-0.0124362932683016,-1.602211594581604,0.5358284711837769,3.937077522277832,-4.009104123935103,-3.685888945640624,1.2181716751575469,0.1401501297950744,-0.1604734659194946,-1.5497928627476096,-0.4477783143520355,0.0047895735057361,0.2099340871545486,1568
1726744820338828000,0.2350105328798294,-6.194232825544476,1.3904396283984184,6.948941186022758,-6.710365069615841,-1.68926650762856,0.1596817374229431,0.1780508905649185,-4.342432022094727,0.6396811182812882,-0.5873627854116932,-0.4910535427210634,-0.0684069886921709,-1.267133712768555,0.2911343574523926,3.348539352416992,-3.58797246902883,-5.716359877240658,1.5195312877357006,0.1076243668794632,-0.1669830083847046,-1.6084849979519844,-0.3770449161529541,-0.0740220939776627,0.2904687276642769,1569
1726744820378593800,-2.289131512397528,-6.47992608243525,0.9820974585689604,7.968176681244373,-5.497964963597059,-1.5655341833673415,0.1518324166536331,0.3235045671463012,-3.8201942443847656,0.6366493852510984,-0.5425874939446661,-0.5342460522102239,-0.1218909941710683,-0.8659968972206116,0.2258910536766052,2.6929240226745605,-2.290191835105419,-7.003995549246668,1.823810002630949,0.0565383248031139,-0.1622671484947204,-1.203734203677997,-0.30949866771698,0.0663141636485699,0.3446863112704828,1570
1726744820418359000,-3.2625691330403086,-7.287560561937093,0.4789768178924918,8.676011062344909,-4.333595898036658,-1.4550631994783878,-0.0608945675194263,0.2641302943229675,-3.239109516143799,0.6303501824415556,-0.5023741909555107,-0.5672810135258298,-0.1687342952389386,-0.1131481528282165,0.2854955792427063,2.148218870162964,-1.1817822649151086,-8.319867720177768,2.541863579928875,-0.0001488787820562,-0.0781088471412658,-0.0331182636342593,-0.2838130295276642,-0.058077574369451,0.24701182672102,1571
1726744820458124300,-4.647451127311587,-7.841662763440609,0.7459411166548728,9.157678142234683,-3.2430423025324937,-1.3379073309980332,-0.2024940550327301,0.6304171085357666,-2.832928419113159,0.6219482295881481,-0.4674731628471942,-0.5913401124119171,-0.2120521940499403,0.9847434759140016,0.324950098991394,1.650977373123169,-0.8658394157111644,-10.035962613499164,3.308925810545683,-0.0949743315577507,0.0016422435874119,1.1622008546758442,-0.1820153295993805,0.0353980999334366,0.4853191361239179,1572
1726744820497888800,-7.969214207598567,-9.211465262001752,-0.2771942355494946,9.47367009127736,-2.329634349308163,-0.9963717753760516,-0.7460312843322754,1.4725669622421265,-1.8592278957366943,0.6193726567227167,-0.4391375657437724,-0.5982967667360872,-0.2560794419198487,1.1433874368667605,0.0072198566049337,0.8627115488052368,-1.0596540148496627,-10.448647927099463,3.787296186977625,-0.1232818365097045,0.0001213555224239,0.7660016887132078,-0.0428720153868198,0.0881893839134369,0.2801254118968732,1573
1726744820537654300,-12.46691433390379,-8.158381273192166,-0.8717886795043944,9.59985726134479,-1.957419577784091,-0.4261682243013754,-1.0018309354782104,1.648051381111145,0.2414577603340149,0.6263788193561869,-0.4306840345660878,-0.5798618756638736,-0.2931227929890044,0.2429961115121841,-0.2656559348106384,-0.4823778569698334,0.2365390576213598,-9.52550081627965,3.400719128102064,-0.2230109870433807,-0.0237355362623929,1.433656254312396,-0.0404475443065166,0.4187698942109942,-0.1533937231565825,1574
1726744820579903500,-9.664659111601114,-7.179082651561498,-1.0394693049550057,9.457709721079468,-2.5927014945015308,-0.0029058578159761,-0.6803702712059021,0.4101728200912475,2.145891189575196,0.6420571508019126,-0.4553484682186512,-0.5411154497978544,-0.2959973744965348,0.0834317505359649,-0.6782189011573792,-1.832842707633972,-0.3456675408601761,-8.587230955129861,3.312635186457634,-0.3452242612838745,0.1550352871417999,-0.1929218515498563,0.0082528106868267,0.5552509696798399,-0.289634578395076,1575
1726744820619668700,-6.175240540304779,-6.944008990317583,-0.6247463480472565,9.15706907042563,-3.50847719977051,-0.0951600540431216,-0.1595848351716995,-0.6065558791160583,2.7211577892303467,0.6508802922011908,-0.4872788386524932,-0.5171181162256436,-0.267400492830333,0.6349052786827087,-0.7208551168441772,-2.886610984802246,-0.5735141734600067,-7.737659952652454,2.6788696656525133,-0.4288704097270965,-0.1248734295368194,0.9782993814602494,0.086406297981739,1.4087025764502583,-0.0403576197536662,1576
1726744820659433200,-3.9430689324915407,-7.284342184412479,-0.986051018500328,8.669372062721848,-4.560372271056473,-0.4640865246115252,-0.0004875194281339,-1.2939308881759644,3.2434706687927246,0.6544359539028105,-0.5228607312713629,-0.5002784062917405,-0.2192071178193876,1.628644347190857,-1.0432262420654297,-3.359857082366944,-3.853160698029399,-6.557034456557035,1.9880518858045333,-0.3469314873218536,-0.2167840152978897,-0.1796032280324027,0.0539296455681324,0.6710643740426748,-0.4080244456497952,1577
1726744820699198500,-1.672527554273605,-6.650548022034764,-0.1179553482949733,7.904335200452804,-5.741690717852116,-0.8513968296650797,0.2986809313297272,-1.1290323734283447,3.790629386901856,0.6570499308992996,-0.5604828879444319,-0.4788194746721255,-0.1577222766374047,2.195897340774536,-1.4203568696975708,-3.640392780303955,-6.02973316821754,-4.867189856779575,0.426439113664627,-0.3322001993656158,-0.0090546766296029,0.1709424402581527,-0.1643770486116409,0.5628760211981833,-0.6456287578824907,1578
1726744820738964000,1.2521475945174694,-5.439848290193081,-0.396139763925597,6.915520562458038,-6.876672653147578,-1.028260294002667,0.2658249139785766,-0.5722895860671997,3.7137160301208496,0.6622478991412688,-0.5935213642336064,-0.4473914123694154,-0.0948734309578407,2.2240407466888428,-1.7745832204818726,-3.9309377670288086,-7.639405914649367,-2.370862870144844,-1.0923721161682158,-0.3244732320308685,0.1515340656042099,-0.923588132585585,-0.3212116956710815,0.1941593939881771,-0.3555400425117462,1579
1726744820778728400,2.372587794241309,-3.590872282123565,-0.5069301159620285,5.848951069131493,-7.800439941692351,-1.0551363182295113,-0.0791518464684486,0.1401151716709137,3.528468370437622,0.6665653188568355,-0.6232104366255176,-0.4067010338816351,-0.0435177461784667,2.0474343299865723,-1.896838545799256,-4.108241081237793,-7.284312373796105,-0.5634115893796086,-2.447829789969325,-0.2725485861301422,0.3779030740261078,-1.368453714300692,-0.3696943521499634,0.1781679893312044,-0.0075463659671659,1580
1726744820818494000,3.083129388473928,-2.452419455847144,-0.4051159012593329,4.718078030459583,-8.53143015745282,-1.060584719828516,-0.6100801229476929,0.6806216239929199,3.5016884803771973,0.6677548007552608,-0.6542644456024082,-0.354982825989196,-0.0053702222042999,1.879069685935974,-1.9113671779632568,-4.134304046630859,-6.796999981495738,0.7052551782622933,-3.370552245636284,-0.2185154259204864,0.409930557012558,-1.6107818767175075,-0.2974616885185241,0.3494810347337275,0.3752544680135324,1581
1726744820858257400,4.252003071977198,-1.4053086962282657,-0.0068296998895704,3.51897755099684,-9.071419662451744,-1.2233411136846988,-0.8968620300292969,0.6551942229270935,3.4739198684692383,0.661003584625315,-0.6877350530183799,-0.2989875191103628,0.0264838998089264,1.767015814781189,-1.86504864692688,-4.004039287567139,-5.956126664736867,2.0346549392864106,-4.415464618428051,-0.1742034703493118,0.2906716763973236,-1.4772333841018377,-0.0982249602675437,0.7836140639018266,0.7243251318480819,1582
1726744820898022700,6.206693078666925,-0.6444201858103275,0.6810194394111633,2.304693823188543,-9.415715914958716,-1.48427438865453,-0.8171197772026062,0.4075914621353149,3.219870090484619,0.648797076148456,-0.7179189577563385,-0.2454980714059808,0.0581844925004792,1.5032531023025513,-1.742260217666626,-3.5599372386932373,-4.931107325416803,3.598208616361022,-5.520065736246108,-0.1183429285883903,0.0838962942361831,-1.0819367199368777,0.1444327384233474,1.011953813780844,0.8395519319619983,1583
1726744820937896200,7.898751262840628,0.3172159378796815,1.2947465269245206,1.1906852639473977,-9.582027005621793,-1.713881747316569,-0.4503753781318664,0.1600526273250579,2.7065651416778564,0.6360899158139798,-0.7399810004181725,-0.1995288744581536,0.0894756122291005,1.1795765161514282,-1.4500504732131958,-2.5969038009643555,-3.7806010732531545,5.531789491787553,-6.374046371859312,-0.0585105679929256,0.0608685798943042,-0.4441443547684699,0.2690589427947998,0.9734666275415568,0.2918617711915634,1584
1726744820977665500,9.758892808046935,0.6782043819904326,1.1849762386508285,0.3075285104714333,-9.63656114436388,-1.7923557107031345,0.0472901798784732,-0.1265078485012054,1.8737865686416624,0.6283501299174069,-0.751035130598778,-0.1653207172854191,0.1174375196281317,0.5433434247970581,-1.00737202167511,-1.3309998512268066,-3.1064161560371515,5.988975041371583,-6.508446658998728,-0.0592497736215591,-0.0633464828133583,1.358499160388857,0.2452071160078048,1.4728224357917905,0.0899284826657269,1585
1726744821017435100,10.470624781107905,0.888071121263504,0.927202523690462,-0.1534109665523283,-9.653393621221184,-1.7201318937525152,0.4311612248420715,-0.2645906805992126,1.273661494255066,0.6277568454244818,-0.751954088812301,-0.1492225535434297,0.1349780042765435,-0.9218050241470336,-0.7618452310562134,-0.2980914413928985,-3.4754935063183305,6.647245473358034,-8.107986718472837,0.0075475494377315,-0.4028330147266388,1.3137414425127207,0.2093016654253006,1.7497303286805748,0.1961892923805862,1586
1726744821057204500,10.40578259884119,2.0819740320831537,0.2558801562987268,-0.5246135470928623,-9.675933369809387,-1.507149506676942,0.5762380361557007,-0.1004645898938179,0.5361731052398682,0.6326690905120773,-0.7471567544858092,-0.1363818908993374,0.1512834524566096,-2.297171831130981,-0.0613323077559471,0.1612888127565384,-2.506020113131404,8.426872050869465,-8.15177500679493,0.1284282356500625,-0.5896283388137817,2.285883616517484,0.0850415229797363,1.4623396202221512,-0.0143176239425665,1587
1726744821096972800,10.96308330412507,2.3431629623144863,-0.2419299568794667,-0.5360362738611176,-9.704434072628615,-1.3065198206961155,0.4930807650089264,0.2648974061012268,-0.4703481495380401,0.6404437186961089,-0.74079131949364,-0.1335746841660224,0.1523739669459312,-2.017561435699463,1.0238527059555054,1.3641924858093262,-3.859559166894853,7.382553552317619,-5.702530089330673,0.1522496789693832,-0.2725085020065307,0.0769934790378436,0.0363021790981292,0.065068168475735,0.0924556173900142,1588
1726744821136742100,9.891113413059712,2.850779306975007,-0.6802689133048058,-0.130850796230603,-9.739346396055817,-1.139473693756759,0.350666731595993,0.378400593996048,-1.5125019550323486,0.650916093337202,-0.7334747629211773,-0.1418159506325338,0.1349491808371945,-0.6956040859222412,1.6589325666427612,2.702895164489746,-4.636619352173805,5.48147793917656,-4.125311751779914,0.0986393988132476,0.048097800463438,-0.3866738337809219,0.3203003704547882,-0.4522097339328378,0.7652529892377555,1589
1726744821176511500,8.782484647160768,1.5749743580162523,-1.0588801078677177,0.663239160309732,-9.727081373244523,-1.0556490169920028,0.075351782143116,-0.2522253692150116,-2.5299580097198486,0.6592724734192598,-0.7246666129901349,-0.1693558950349724,0.1074092468385776,-0.5522706508636475,1.9967517852783203,3.4839978218078613,-5.57953908495605,4.739477669101953,-3.2841958584368225,0.0588077120482921,0.2412396073341369,-0.183709530840069,0.3982820808887481,-0.6093231169333682,0.0897860511208884,1590
1726744821216280800,7.680160534363985,-0.8722580505818128,-0.6457645861566066,1.780976238554716,-9.579330021622775,-1.1112805955819784,-0.2109844088554382,-0.9982890486717224,-3.367478132247925,0.6613371274113009,-0.7127374919599938,-0.2206010221052989,0.0772895031417716,-1.4094407558441162,2.0057308673858643,4.091184139251709,-6.286116743993759,2.951319410088658,-2.7360776997789737,0.0423045754432678,0.3475377857685089,0.4222397988112643,0.0919927135109901,-0.4227367520153522,-0.6116119950555264,1591
1726744821256049400,6.441624116569757,-3.537500172898173,0.4990706346333026,3.1027111640393734,-9.2044404779315,-1.34976041200757,-0.3951897919178009,-1.0720126628875732,-3.893398284912109,0.6552343989837294,-0.6973766353606883,-0.2872010797533295,0.0430037151944666,-1.482303023338318,1.839517831802368,4.418835163116455,-6.719809189787506,0.5904062715500593,-0.1710870728932321,-0.0001039671478793,0.2250844985246658,-0.2679862622212618,-0.2455349713563919,0.0031698690576362,-0.4655205394700169,1592
1726744821295818800,4.854408701139688,-4.742282205128669,1.9991759218871592,4.511259280580282,-8.571573951792717,-1.532007615210116,0.0780955031514167,-0.380721777677536,-4.298376560211182,0.6495294975809429,-0.6733255164340102,-0.3531903171322942,-0.000895076284225,-1.261446237564087,1.5624675750732422,4.5019850730896,-5.889149808529019,-1.2574196897014975,0.8370236555933952,-0.0117310360074043,0.0577354878187179,-0.7726222758967429,-0.4021877348423004,0.2213772356563247,0.0134378819659701,1593
1726744821335588000,2.4448200867593286,-5.606564454525709,1.1855975854195653,5.969152150526642,-7.644443324294686,-1.4498570091374217,0.4602151215076446,0.1156831085681915,-4.6672563552856445,0.6503708091239364,-0.6346738080304947,-0.4136560053049148,-0.0556384583360036,-1.634132981300354,1.1997478008270264,4.0351667404174805,-5.092088745489717,-2.974565261119604,0.9147615597903728,-0.0141961174085736,-0.1335178166627884,-1.2171681241381913,-0.3385162055492401,0.2515229292036034,0.4933656279247254,1594
1726744821375356700,-0.192634449443221,-6.631192164179683,0.5340111612416804,7.295332364982366,-6.435013758519292,-1.2405999261952936,0.5377706289291382,0.2719241380691528,-4.561173439025879,0.6508648096070518,-0.5865027700023367,-0.468260067738732,-0.1145509257584024,-1.0949342250823977,0.9289552569389344,3.44823956489563,-4.403756352716684,-5.297286323907971,1.98925307828784,-0.015662670135498,-0.1974513828754425,-1.5285582054086029,-0.1625731289386749,0.1228535686653107,0.6051559873165563,1595
1726744821415126000,-3.064662880674004,-6.717986650535464,0.2539325293622911,8.291206273838878,-5.130917365577817,-1.0488080650560556,0.4399999678134918,0.1724105328321457,-3.892673969268799,0.646891558772249,-0.5375690259360695,-0.5142896762586385,-0.1675026392054725,-0.8452761769294739,0.7461837530136108,2.692332029342652,-2.883334253621101,-6.261654502910376,2.6955121728956697,-0.0490294471383094,-0.2416213005781173,-1.2602324090346693,-0.0879262909293174,0.1167915104136802,0.3939067076439038,1596
1726744821454895600,-4.545346843621134,-6.832037977129221,0.2016274648465216,8.920898846116662,-3.9569820147708055,-0.9644802610747516,0.2397439777851104,-0.0518061220645904,-3.0197196006774902,0.6381359328408011,-0.4962577050382776,-0.5503663308310497,-0.2088244371617824,-0.2968790829181671,0.6071271300315857,2.051368236541748,-1.5182868406325578,-7.502857509565353,3.2514474350452423,-0.0507912933826446,-0.2039977312088012,-0.4700635897271334,-0.0576614886522293,0.0904187138680834,0.3198804078485816,1597
1726744821494665000,-5.326511833870411,-7.185112579375505,0.4704080923158675,9.274100289613008,-3.024062282477319,-1.0082056402284651,0.0136005897074937,-0.2937260568141937,-2.1481003761291504,0.6259168659681908,-0.4663948287387457,-0.5778235417522164,-0.2383774944438079,0.7851381897926331,0.482389897108078,1.6660888195037842,-0.8574246385872364,-9.011921763822436,4.015719158160686,-0.0456742942333221,-0.0875632986426353,0.916799860684946,-0.068754032254219,0.1850226227326318,0.2570200470488518,1598
1726744821534433000,-5.56713728402257,-7.802491029003262,0.8917956947445869,9.446492161494492,-2.358799945776909,-1.170569746831432,-0.2235358655452728,-0.445765346288681,-1.4242956638336182,0.6114058883229078,-0.449071140871089,-0.5983456841911412,-0.2578767011777623,1.3038697242736816,0.1085762456059455,1.1829530000686646,-1.0507646059513092,-9.488395366722346,4.706851995307207,-0.0496957674622535,-0.0505647845566272,0.5706054098738357,0.0622352100908756,0.1350143091182224,0.6618555239316075,1599
1726744821574203000,-7.252082421320677,-6.773439073166251,1.9408781928278505,9.54168681192696,-1.886986882033944,-1.2513470917895435,-0.1720176637172699,0.2817045152187347,-0.9954332113265992,0.6009845315319785,-0.4380251726613791,-0.6098646525815974,-0.2738915909932322,0.59363853931427,-0.2517941892147064,0.139290764927864,-0.3470148638159036,-8.879466181010008,4.612027347230911,-0.0143923126161098,0.2457602322101593,1.9421930748187004,0.1726136356592178,0.5344157965198159,0.125400988125801,1600
1726744821613972200,-10.583397758328914,-8.088375424551963,0.8532103088278323,9.605216158029435,-1.7372785511255264,-0.9444890279255806,-0.2304178923368454,1.2678871154785156,0.499318391084671,0.6076843182646497,-0.4305584607780895,-0.6023080208981497,-0.2873398004047927,0.2245350778102874,-0.7175087332725525,-1.042979717254639,-0.7912965081632137,-8.722713776808977,4.7533998114705085,-0.1378086358308792,0.2199066132307052,-0.1359001063762698,0.1156402826309204,0.5595348210114985,-0.3441029584245756,1601
1726744821653740300,-10.479292071688176,-7.171182253700494,-0.6264017140388488,9.523556696474552,-2.292198644883185,-0.4669995990466326,-0.6327041983604431,1.2027257680892944,2.273353576660156,0.6281885406362381,-0.44540053729482,-0.5704635969147307,-0.2856026394138142,0.9758378863334656,-0.8784855604171753,-2.149741649627685,0.5538917736232281,-8.006642313238977,4.284240330976248,-0.1995149701833725,0.0528861247003078,1.4449467330031096,0.1931307166814804,1.4498871120147403,0.1213747739501763,1602
1726744821693510000,-6.51858811378479,-7.328867554837465,-0.9991045613408088,9.233611627358195,-3.2909125994712114,-0.2840371419805101,-0.7622314691543579,0.1392324864864349,3.0223605632781982,0.6440025159210326,-0.4805291716075203,-0.53251627095597,-0.2660428457788832,2.1743359565734863,-1.2709252834320068,-2.6472294330596924,-2.7778023335695265,-6.957616659909486,3.609636603826284,-0.1895572692155838,-0.145555317401886,0.7184758212979883,0.1747012883424759,0.9134490889523178,-0.4456063901450485,1603
1726744821733279200,-3.83696944168508,-7.770582563567161,-0.2572188575565814,8.705877792820335,-4.492218480023741,-0.4450301246270537,-0.2265911549329757,-0.4794066846370697,3.733622550964356,0.6530223028662422,-0.5231047294968905,-0.4990507627623401,-0.2255474993934938,2.475675344467163,-1.900671005249024,-2.875890016555786,-5.795063996121287,-5.6470729905247685,2.049820067453384,-0.138526901602745,-0.0523041598498821,0.8361593669142574,-0.0262315683066844,0.8018051888264716,-0.6376428736951202,1604
1726744821773048600,-0.6991711821734905,-7.13331224951148,-0.9520212500613182,7.879082685774565,-5.801361050438881,-0.6592762480281293,0.0896568745374679,-0.758102297782898,4.081547737121582,0.6622186298680132,-0.5637378279995585,-0.4645572041923255,-0.1668913578663172,2.0926809310913086,-2.470136404037476,-3.34001088142395,-7.658812041386962,-3.361025707878172,-0.3487648858210072,-0.1112260520458221,-0.122424729168415,-0.0577199109050445,-0.2682117223739624,0.5981079319685697,-0.5454744026834145,1605
1726744821812817200,1.1874971354305743,-5.713907223391533,-1.1703835766095667,6.797315623316169,-7.017559379696846,-0.848975813063234,-0.0372892953455448,-0.4463725388050079,4.224474906921387,0.6677799377730791,-0.6019497098614323,-0.4253730914570076,-0.1038476186175003,1.3855270147323608,-2.8424606323242188,-3.770392894744873,-8.411296296074985,-1.4164710184946656,-1.756484332985431,-0.0480276122689247,0.0398509353399276,-1.5114793525747954,-0.3734966218471527,0.3182054603736847,-0.1159542193393222,1606
1726744821852580600,2.735951735311746,-3.928851022046804,-0.9000057430766523,5.503543055990338,-8.063255596342682,-0.9302116423785686,-0.3342613875865936,0.1182815805077552,4.278018951416016,0.6711358450339752,-0.6383946627305833,-0.3740051480738479,-0.0463574587594533,0.7260519862174988,-2.721229791641236,-4.099072456359863,-6.788673467177152,0.1023480293184518,-3.0539959407091137,-0.0285242404788732,0.1018547266721725,-2.000200150368362,-0.2639041841030121,0.2979910677268169,0.4282670962767675,1607
1726744821892350000,4.643440138104558,-2.5353794786065817,-0.7480617620706558,4.1046731606379145,-8.837975648236274,-1.1010098883930592,-0.8558536767959595,0.2059208154678344,3.990663290023804,0.6662264585445321,-0.6751602162410403,-0.3166931675324831,0.0025316607484987,0.6986187696456909,-2.4131453037261963,-4.177328109741211,-5.676200885331631,1.3194529520273208,-4.144352844597399,-0.0249461121857166,0.2204215973615646,-1.88465376291126,0.0083827134221792,0.476600444149971,0.5733803179472684,1608
1726744821932096300,6.615894057282805,-2.327199669507146,0.4919803841114044,2.7443869707018136,-9.30772315775156,-1.415992879588902,-0.9342559576034546,0.1643154770135879,3.54167103767395,0.6525503643842343,-0.7093080305095592,-0.2628262922123183,0.0445259313545363,1.1939579248428345,-2.047092199325561,-3.860777616500856,-5.212098688226938,2.30546480756104,-5.03605764618814,-0.0679851174354553,0.1632289439439773,-1.3480730434425174,0.2383124232292175,0.9332708107534796,0.4638247684027999,1609
1726744821971864000,8.115822234404087,-1.6661802310734986,1.5602886839292942,1.5341576328508555,-9.534045941784978,-1.708430496173352,-0.6922816038131714,0.3824197649955749,2.9560375213623047,0.6377348167893827,-0.7359028199054433,-0.2134309169604468,0.0786680678880598,1.4882526397705078,-1.7815388441085815,-3.139895439147949,-4.876330610090494,3.547660332384705,-6.113579910683631,-0.0702200904488563,0.1176925376057624,-0.8826604213263839,0.4488165080547333,0.957679348888248,0.3804742484884336,1610
1726744822011632400,8.992423282626271,-0.1890776337444782,2.0026001972474154,0.583634877718985,-9.611287002375722,-1.8582002018801864,-0.1261148899793625,0.4554087519645691,2.169316530227661,0.6282493672039763,-0.7521350570683563,-0.1703957135906768,0.1027659884063925,0.695248007774353,-1.428992509841919,-2.011056661605835,-4.492683759447932,5.409798604366183,-7.353619134256244,-0.0679918602108955,0.028115626424551,0.6916198900111019,0.5464385747909546,1.222999825966358,0.2477281217642128,1611
1726744822051401000,9.330618295648694,0.385908950355649,1.550134369661659,-0.0990252781039103,-9.649675477480889,-1.744812892153114,0.6609202027320862,0.255437970161438,1.577365517616272,0.6295538204545426,-0.7550381977281833,-0.1373973008393385,0.1212493354061571,-1.5027624368667605,-1.483837008476257,-0.8247994184494019,-4.710208904519677,7.1950254861027,-9.40074747840762,-0.0032610697671771,-0.2360025495290756,1.2930940835423768,0.5881388187408447,1.5184323865830898,0.3146624540045857,1612
1726744822091168500,9.128934278309345,1.836650779503584,0.1661782580636441,-0.6212883896131068,-9.682002460590004,-1.4294184706121682,0.864188015460968,-0.0070970617234706,1.1654274463653564,0.6386287559453381,-0.7483923796245555,-0.1130880527702374,0.1388284769621266,-3.204752922058105,-0.3787822723388672,-0.2900004088878631,-1.128888586856425,9.425040208142995,-8.865428303307294,0.1105091944336891,-0.2034870833158493,2.245987659458816,0.4303130507469177,1.0455069046188146,-0.0686612564976792,1613
1726744822130936800,10.215452919209003,2.285692185598612,-0.6881228416755795,-0.95438198784329,-9.694102063706517,-1.133116433684528,0.6635639667510986,-0.147854670882225,0.5050408244132996,0.6471603197958038,-0.7401438130184445,-0.0997997728955742,0.153005927927546,-2.686228513717652,0.956730306148529,0.8861941695213318,-3.048624769064784,9.556330254307388,-6.737120390072464,0.0963336899876594,-0.2169865667819976,0.7490872326608747,0.2115756869316101,0.2344615206949412,0.092068947026832,1614
1726744822170705700,11.018964765822886,2.614212776824832,-0.8591829534966499,-0.9715472768515347,-9.71526701681018,-0.9165661249943076,0.3894612491130829,-0.0136948451399803,-0.4989750981330871,0.6550314080386648,-0.7328330344221758,-0.098425657524874,0.1555702543489968,-0.8261802196502686,1.9817193746566768,2.636359453201294,-4.994332135614752,6.83423928656578,-4.605384255954623,-0.0366903916001319,-0.1441271156072616,0.1570629862538538,0.3499675393104553,-0.3112115098331123,0.7528620750244707,1615
1726744822210474000,10.827934828966857,2.2612983335763213,-1.0621522614061831,-0.5129654140708968,-9.756196408569812,-0.850814353602007,-0.0737388506531715,-0.1439303010702133,-1.916085124015808,0.6608845279896938,-0.7280163392730395,-0.1156359416098936,0.1408978837787154,-0.8380704522132874,1.8945790529251096,3.76657772064209,-7.851820000317693,5.629764712849259,-3.640504912559688,-0.071532979607582,-0.0207277368754148,0.4460836157353595,0.4441029727458954,-0.3812395337725058,0.662644117026031,1616
1726744822250241500,9.23489465290606,-0.0393120196908712,-0.5698584274314343,0.4854143401267006,-9.7474350099653,-0.9603350510288028,-0.4777265787124634,-0.4533562064170837,-3.197206258773804,0.6624891880725341,-0.7239261068520535,-0.15777975540734,0.1102020456301107,-2.770504236221313,1.655856013298035,4.481161117553711,-8.090214914938807,4.52241488084495,-3.050564212694764,0.0588415004312992,0.1380170583724975,0.6550540272232145,0.1769585907459259,-0.4107554415162652,0.1483091133686714,1617
1726744822290009900,6.999345677614212,-2.777855525061488,0.5546914726335554,1.8503717002116145,-9.553180265843867,-1.217884747974947,-0.6236891150474548,-0.7234224677085876,-3.8646161556243896,0.6581222904030601,-0.7171263185782022,-0.2186885596742324,0.06913860496113,-2.794565200805664,1.1007810831069946,4.995129108428955,-9.377011213511228,0.7184346855700016,-0.4297177700091153,0.1448307633399963,0.0945821031928062,0.3169281339142471,-0.2362005561590194,-0.0560223771390039,-0.2383861833253875,1618
1726744822329778700,4.863429919724166,-3.6228298473984,1.634899542146921,3.287629924538732,-9.12075740159452,-1.4743381010517478,-0.2558518946170807,-0.8302648067474365,-4.050876617431641,0.6512628566529148,-0.7025509523232385,-0.2856439749443721,0.0261999986736788,-2.252656936645508,0.5043362975120544,4.910839557647705,-7.965913412487507,-2.0912527325600383,1.4740046313136814,0.1530259996652603,0.0397270657122135,-0.8751822674654424,-0.5537295937538147,-0.1393257882423233,-0.4051812946457415,1619
1726744822369546200,3.3470284544467925,-4.320580056858063,1.83193953307271,4.6935985459804535,-8.456825290584563,-1.6194542818643152,0.2120697796344757,-0.9238221049308776,-4.28123950958252,0.6459020147354573,-0.6760811714009282,-0.3542364141471584,-0.0155379459700211,-2.314845561981201,0.1221500635147094,4.349239826202393,-5.21340158751905,-3.3694869544923303,0.8206208023250102,0.0347868949174881,-0.0653600096702575,-1.2302873526260256,-0.6566013693809509,-0.0697003948536468,-0.0810888129269238,1620
1726744822409314600,1.6608961531907318,-5.719650735479593,1.4974829759262502,6.033769291865825,-7.540486690735817,-1.7044323664478958,0.4482507705688476,-0.8826839923858643,-4.452225685119629,0.6402186833657717,-0.6380787335390405,-0.4239780602989166,-0.0567295795803454,-2.025634527206421,-0.1872100681066513,3.633784532546997,-4.352025580957532,-5.395470219284296,0.4891185649394988,-0.0658125057816505,-0.1213556006550788,-1.429579944784194,-0.5971324443817139,-0.1426946618872228,0.0985503997343126,1621
1726744822449083100,-0.592805149385333,-6.878564750504493,0.960219681020826,7.201849779164791,-6.408357222262024,-1.7990886722199615,0.1886049062013626,-0.588862955570221,-4.214766502380371,0.6311271557840252,-0.5947991647122527,-0.4877929326760969,-0.0997526128953614,-0.5412859320640564,-0.1716983318328857,3.4844231605529785,-3.545766481462121,-7.888456078797578,0.720315677011013,-0.0966464653611183,-0.0797278955578804,-1.3521189578324555,-0.5306828022003174,-0.1038724076078273,0.1793283018148504,1622
1726744822488850700,-2.2812913202911616,-7.234045244848728,1.2192520177401602,8.08633193602562,-5.206076359197497,-1.917909697433561,-0.280048668384552,-0.0605742409825325,-3.63398551940918,0.6173757836811398,-0.5561883368040091,-0.537066766460529,-0.1451238249405942,1.608083963394165,0.0362296178936958,3.438856601715088,-2.7074276516169307,-12.00573123911619,2.1403058095425367,-0.1131650954484939,-0.0440647862851619,-1.3436676480904222,-0.4249781370162964,-0.1336258778339717,0.4114683024933561,1623
1726744822528619300,-3.379319197198748,-8.481215050953626,1.1146046254381536,8.74113498416245,-4.010084367144108,-1.918907476299256,-0.7917470932006836,0.7003951072692871,-3.3298375606536865,0.6032064679317561,-0.5235584254599389,-0.5689671596703424,-0.1957168032516461,0.2435873299837112,0.0978225097060203,2.057600975036621,0.1196253273338079,-12.771122906172277,0.9926385801970958,-0.139122188091278,0.0503586381673812,0.4115398333596065,-0.2237194627523422,0.0996893863021396,0.4521431715026497,1624
1726744822568387800,-8.072315101110934,-10.031742365455626,0.4459923937879502,9.278993906873463,-2.7743934019088745,-1.5405910268992185,-1.2813218832015991,2.096301794052124,-2.8974592685699463,0.5944983144375746,-0.4923091218840879,-0.5798103229851208,-0.2608132920655124,-1.0152945518493652,0.2293111979961395,0.4903615415096283,1.194087619736791,-10.771402209883927,2.4600731854707,-0.3261701166629791,0.1338688433170318,0.6664068305604159,0.0094578620046377,-0.2247038045294582,0.343209297520481,1625
1726744822608156200,-13.378522982621192,-8.797914856004715,-0.4774515080213546,9.565307926011084,-1.9897595665052528,-0.8462433924246578,-1.3918657302856443,2.001538038253784,-0.8380019664764404,0.5951872397957856,-0.4741137034312275,-0.5642362988046491,-0.3203213335748965,-0.6058592796325684,0.0739324688911438,-1.0832453966140747,0.5438643006056547,-11.901740118765831,3.5830396888017653,-0.408833235502243,0.4190793335437774,1.382851365226507,0.2039248943328857,-0.0368298406364512,0.1381320484131108,1626
1726744822647923700,-11.990961540007593,-8.432825990837811,-0.2125976620743051,9.599453941240906,-1.9829989863291384,-0.2976671695346944,-0.8392661213874817,1.306030511856079,0.8626275062561035,0.6030804248811628,-0.4770963090436882,-0.5362424017167704,-0.3480191621564621,-0.1426642388105392,0.1066632494330406,-2.35988712310791,0.5286614707767963,-11.504356419193744,2.784033336913585,-0.4265615344047546,0.2732293307781219,1.4305597496017812,0.1573264449834823,0.5706118761472404,-0.2120463666007853,1627
1726744822687692300,-8.896104012078046,-8.427219256871938,-0.9081658147871494,9.457245026177167,-2.593889242981374,-0.05146066784719,-0.257676750421524,0.1818335801362991,2.3108227252960205,0.6171806933579267,-0.4949528811621184,-0.5075878341023564,-0.3412686474729822,0.3730673193931579,-0.1295632421970367,-3.432269334793091,-2.47141291013062,-9.160412535634636,2.2152982144236564,-0.3814669251441955,0.0867177173495292,0.4181385740375146,0.0935925841331482,0.9015634208474308,-0.4073543643685057,1628
1726744822727460900,-4.299984428074955,-7.927627228713035,-1.120389346319437,9.11861395982504,-3.604343758115172,-0.1730781919115223,0.1236595585942268,-0.6748721599578857,2.982106924057007,0.6312410911125261,-0.5243824763943858,-0.4835778635652547,-0.3044833009731322,1.1845699548721311,-0.349612832069397,-4.260703086853027,-4.805074469128251,-6.779523946037888,1.6397645178347826,-0.337475836277008,-0.1364867985248565,0.9851799347542226,-0.0115612596273422,1.1887671553663908,-0.4646731653930619,1629
1726744822767228400,-2.1387807919323443,-6.769012488895655,-1.2808335907757282,8.595044843751191,-4.703402731636166,-0.4166557150686159,0.2628951966762543,-0.7663978338241577,3.224297285079956,0.6433570862402123,-0.5553487205398995,-0.4613364579720955,-0.2546530552218859,2.5091569423675537,-0.7123385071754456,-4.635282516479492,-8.19925922702551,-4.869731065694988,0.4509001857042312,-0.2541736960411072,-0.0453421846032142,-0.0096649187489179,-0.1361515969038009,0.641018414542824,-0.6871156373944133,1630
1726744822806996700,-0.2998322568804025,-5.526631086111069,-1.792420008111,7.894690004751085,-5.788814872598648,-0.5778400738351047,0.0682055726647377,-0.4306216835975647,3.3129146099090576,0.6550990118708119,-0.5849358906262531,-0.4327951570188285,-0.2034299642759412,3.1992790699005127,-1.1546411514282229,-4.687407493591309,-9.282729001748562,-2.009477974062413,-1.396885735797882,-0.2554111778736114,0.0963092893362045,-0.5962540842628106,-0.3445843756198883,0.4375472945909947,-0.7716464166019111,1631
1726744822846759400,0.7611082906484603,-3.961400707995892,-1.7245500024557112,7.0613464989751575,-6.771655112358928,-0.6726442636452615,-0.4650158286094665,0.1471602916717529,3.27756142616272,0.6635472960020254,-0.6151650094927991,-0.3948003622015795,-0.1594039777011241,3.308608293533325,-1.3273969888687134,-4.406598567962647,-8.366914133512973,0.2941907438620925,-2.5241017132669685,-0.3029811382293701,0.2857756912708282,-1.307819358987361,-0.4810444414615631,0.3343734089076519,-0.5211232207590714,1632
1726744822886528000,1.662290822419524,-3.122216074976325,-1.1174550464332105,6.146098616972565,-7.6020111267566675,-0.7780045534569769,-1.1427690982818604,0.8281040191650391,3.186786651611328,0.6661701100952887,-0.6484819536512448,-0.3451642349020851,-0.1286477155573885,3.218721628189087,-1.4352459907531738,-3.96345329284668,-7.409673029911517,1.6216741498708724,-4.006606461900472,-0.3634357154369354,0.3395197987556457,-1.0898651748485864,-0.4076853692531585,0.757933240808919,0.3027583551938645,1633
1726744822926295600,2.399123918989301,-2.759733008393645,-0.1557936421714723,5.171788889670371,-8.272447797355055,-0.9947698931373656,-1.58282732963562,1.1150434017181396,3.207521438598633,0.6614193210943901,-0.6846986437731187,-0.2861938460966899,-0.1086517720292887,2.359975099563598,-1.5825763940811155,-3.064786911010742,-6.623258448570966,3.556221824502945,-6.318166663727164,-0.3096353411674499,0.199968472123146,-0.8237961444254964,-0.173594668507576,1.1550110893022267,0.5754855465982109,1634
1726744822966063900,3.558425764288008,-2.0712451327979564,0.8557261641062796,4.108854830236733,-8.801572209468484,-1.3490811975717545,-1.604745388031006,0.953876256942749,3.3047080039978027,0.6506017461246858,-0.7203360337622463,-0.2233830672470336,-0.0890693721784889,1.591591238975525,-1.4577494859695437,-1.7518669366836548,-3.5236879206448792,7.828174920836091,-7.292255441755056,-0.3503648936748504,-0.0162835717201232,-0.9599013357866556,0.0116948224604129,1.0547498761951923,0.4419528726061806,1635
1726744823005832400,5.123848742365837,-1.449879074838757,1.747227113687992,2.970198882603645,-9.171547093111275,-1.7975054946817457,-1.436479091644287,0.5204900503158569,3.2670235633850098,0.6358683309763429,-0.7516802430368631,-0.1631688900750101,-0.0634366414228596,1.0324057340621948,-0.8050916790962219,-0.31495201587677,-1.851833151066303,4.145132304537296,-7.299342769667506,-0.2959502935409546,-0.0698112770915031,-0.9755329854868352,0.1262769550085067,1.2351708868838849,0.3656898632673546,1636
1726744823045543400,6.604706892836093,-0.0924795462548732,2.7274773369550704,1.8272222952924668,-9.376437797537443,-2.216764633714408,-0.9706846475601196,0.1400666534900665,2.995882272720337,0.6212411663329521,-0.7752209390250488,-0.1097999790240737,-0.0321845567265246,-0.1397003978490829,-0.6301571130752563,0.170877605676651,-1.007934933528304,7.5950021247774355,-10.438621038603785,-0.1545645296573639,-0.0713552236557006,-0.3854315786348655,0.1807944476604461,1.367682583797723,0.3742284129014238,1637
1726744823085310000,8.601416716870665,0.4982131410211324,3.145992964144051,0.8049527661371976,-9.456118067973852,-2.470677873854339,-0.349233329296112,-0.1580914407968521,2.371366500854492,0.6115801098892479,-0.7882836928320696,-0.0676633381424998,0.0004318001689839,-0.5801864266395569,0.3208484947681427,0.2903926968574524,-0.5689098945349454,7.170089197766781,-8.818399425628781,-0.065345712006092,-0.2243771106004715,0.4079502844350412,0.1563960015773773,1.5396176518224178,0.2551769947317429,1638
1726744823125076200,9.889985285812616,1.2431295908033848,2.9573800253018736,0.0528349062093067,-9.486516713368893,-2.484674835024774,0.2388251572847366,-0.0662513151764869,1.507543683052063,0.6104218084222973,-0.7906849728327635,-0.0387355246243587,0.0264975042243138,-0.6189380884170532,1.176744818687439,1.0329959392547607,-2.3237556665331125,6.477167723637819,-8.415967210495472,-0.0501038432121276,-0.3049699962139129,-0.0337994827974936,0.1775600910186767,1.0101181958515195,0.2259132168518379,1639
1726744823164842000,10.598522846746445,1.9964415284872048,2.093542743193358,-0.3104892965057864,-9.518722115924954,-2.3383491322919725,0.4710544943809509,0.4012268483638763,0.4487182796001434,0.6159969654517233,-0.7866324692369904,-0.0207843185684445,0.0364002579513779,-0.2210671603679657,2.085147857666016,1.8962337970733645,-2.6608494403153657,5.514364894255995,-5.720350408181548,-0.0501544214785099,-0.1975473463535308,0.3469586401166394,0.1468670517206192,0.5560667430421338,-0.104925725186197,1640
1726744823204608500,10.36369234660864,2.056259745112061,1.256141048067808,-0.218112991429679,-9.563877600947022,-2.157557680855691,0.5258648991584778,0.8225298523902893,-0.634558916091919,0.6239696278905735,-0.7808979134329269,-0.0142574422847767,0.0256331573077627,-0.5107873678207397,2.303464889526367,2.668052673339844,-5.5568163810163735,3.926373233756423,-4.314237409833074,-0.0301125608384609,0.0355852209031581,0.6284785203129053,0.1546714901924133,0.2779323588320054,0.2015931059191934,1641
1726744823244374800,9.452274836549162,1.7595482506006954,0.1598795963108539,0.2823994577760808,-9.604449849832058,-1.9609173567719755,0.4771358966827392,0.733593225479126,-1.6096192598342896,0.6324708177830588,-0.7742946192763276,-0.0211377793164339,-0.0013293869022924,-3.001126289367676,2.0110270977020264,2.9354889392852783,-7.153171965235472,3.863430747631192,-4.818786183616519,-0.0681390166282653,0.3897732198238373,-0.0851462259584106,0.2914487719535827,-0.617218655956164,0.0172310031967062,1642
1726744823284140300,8.632972715607284,1.195467675918341,-0.4052515103377401,1.1304320899713785,-9.572780453848836,-1.80399807157144,0.2798275947570801,0.1104779988527298,-2.688960075378418,0.6378151001450436,-0.7678760298184051,-0.0484221425583321,-0.0348384652849263,-3.104179620742798,1.795840859413147,3.22742247581482,-6.883052125051617,0.7476970204114913,-0.1909722153194248,-0.0897758603096008,0.8350363373756409,0.2984896648987196,0.1891602128744125,-0.7078330659262836,-0.4706000712240114,1643
1726744823323906800,7.530830389118194,-1.5250947670817374,-0.069571110484749,2.34959094953537,-9.358498236221074,-1.7516678726144137,0.1729204505681991,-0.5606655478477478,-3.7596726417541504,0.6367593540443706,-0.7608939521227948,-0.1017378836704135,-0.0723008131923844,-1.0976474285125732,1.8062944412231443,3.365910291671753,-5.546379742676019,-1.828709172849357,1.9985247645020483,-0.0418042317032814,0.7311012744903564,0.5259908267954364,-0.1378930360078811,0.0996067677862942,-0.603357194266282,1644
1726744823363673300,5.254776969480514,-3.1308816119909286,0.832977741203457,3.766275026258826,-8.892797956269979,-1.704017940428108,0.5954770445823669,-0.7318857908248901,-4.201103210449219,0.6329066474506615,-0.7466966634911686,-0.1712449292890076,-0.1120194316352768,-0.7138086557388306,1.450640320777893,2.9946658611297607,-4.564664123031497,-2.189458839768171,2.416900398698449,0.0208625327795743,0.3700610101222992,0.0941166733368765,-0.4016013741493225,0.4281924236053601,-0.3460011201960966,1645
1726744823403439900,3.572689559701085,-4.124692743098736,0.4503649097837507,5.212234297305345,-8.159505893307923,-1.5573831717461346,0.9585977792739868,-0.6861090660095215,-4.5807061195373535,0.6301822624145876,-0.7201144015853547,-0.246657028357993,-0.1531855481340634,-0.8813462853431702,0.975753366947174,2.6924352645874023,-3.9226480757534494,-3.366409739004076,1.9512404507577417,0.0233731660991907,-0.0428643748164176,-0.2088614164217375,-0.4893587529659271,0.6286680515356361,-0.1018558436210267,1646
1726744823443205400,1.201155073904991,-5.463331457111239,-0.1023052130900323,6.620401890096068,-7.098894431602955,-1.39511755708158,0.9095245599746704,-0.4111082255840301,-4.791331768035889,0.6239517771539521,-0.6831131791629248,-0.3232453888098222,-0.1988792181464051,-0.3793577253818512,0.6666210293769836,2.4639604091644287,-3.104299310013652,-5.1532642219424245,2.440911973404884,0.0199063755571842,-0.3573652803897857,-0.6893628317993133,-0.4948724210262298,0.5036741098407655,0.1362732048718258,1647
1726744823482972000,-1.6533774481236934,-6.47724020435214,-0.4018810109913349,7.806026801913976,-5.8024704729855054,-1.252063277234882,0.535330057144165,0.090285450220108,-4.356317043304443,0.6119146629803023,-0.641755670145798,-0.3898552529645269,-0.2484410397902147,0.2931772768497467,0.5275188684463501,2.024246454238892,-1.4250222814798357,-6.161571495914459,3.1649124764084813,0.0225517991930246,-0.4851016104221344,-0.8278015806745738,-0.4251627027988434,0.4101413282059132,0.317385924151726,1648
1726744823522738200,-3.6800270678699016,-6.683813747298717,-0.6124618898831308,8.625847978293896,-4.539305809891224,-1.0769470218908042,0.0616000555455684,0.5204141139984131,-3.4004526138305664,0.5973454137072816,-0.6041772182554801,-0.4357509664502685,-0.2971015865630698,0.6538715362548828,0.457032561302185,1.5590711832046509,-0.2745662981986999,-6.684431586936116,3.988999493539333,-0.0164582151919603,-0.489080548286438,-1.2881398221358655,-0.2359420359134674,0.1027858727464452,0.5420749329708516,1649
1726744823562504000,-4.642259988409281,-6.5616112629532815,-0.3386766590595245,9.122709120184185,-3.4892475986436007,-0.8784753176614641,-0.2364893704652786,0.6893298029899597,-2.554900646209717,0.5827141060815583,-0.5752223664861474,-0.4625029773619573,-0.3400801291386884,0.6471230983734131,0.1423655748367309,1.117740035057068,0.695457130086422,-6.988191830915212,4.393353032124042,-0.0399305112659931,-0.1967090368270874,-0.6255851369589567,-0.0222268290817737,-0.0998632176322396,0.2936472115699202,1650
1726744823604757000,-5.698877996563911,-6.996679088753462,-0.1777787525516003,9.42275823468566,-2.6437238257303832,-0.6266727129999548,-0.1303029656410217,0.8205416202545166,-1.974373698234558,0.571264402308651,-0.5509108785648752,-0.4779629922224377,-0.3764378822922644,0.8259913921356201,-0.111000582575798,0.4987449645996094,1.388013862556219,-7.639339863675833,4.847931029558182,-0.1508715152740478,-0.0494645908474922,0.0481067314765183,0.0257354415953159,-0.064217967687454,-0.0186741021190187,1651
1726744823644523500,-8.110342341688275,-6.402177656844258,-0.7903624421834945,9.587564181482792,-2.041872031058371,-0.2823895757028833,-0.037936370819807,1.019453763961792,-1.1188596487045288,0.5670749126390303,-0.529268980506061,-0.4840167432468241,-0.4050038828658387,0.6842979192733765,-0.5611388683319092,0.1024332270026207,-0.0419312622785568,-7.794309476113319,4.533807504735886,-0.2221501022577285,0.2187719196081161,0.2322107826260849,0.1060908660292625,-0.0020533945740724,-0.0332124059078283,1652
1726744823684289300,-8.828335128709673,-6.456095709514617,-2.245181896033883,9.630242462736367,-1.8507361496098336,0.0598745088227791,-0.1193182244896888,0.6085390448570251,0.1791874915361404,0.5710473389939916,-0.5177049161524959,-0.4784651183985283,-0.4206633310155631,-0.1492374539375305,-1.002045750617981,-0.8334614038467407,-0.6712117466241121,-7.22387690205574,3.537453995668888,-0.3218955397605896,0.169181078672409,0.9306102132420986,0.1221030354499816,0.4395948382379487,-0.1260892352514434,1653
1726744823724055600,-7.173313420510292,-6.18840689586997,-2.669832372716069,9.559285012459757,-2.187856957529485,0.061199921340798,-0.2822912037372589,-0.5019087791442871,1.4895336627960205,0.576663446716359,-0.5279533647375574,-0.4670598646070885,-0.4130128873903776,-0.2442510426044464,-1.3834713697433472,-1.870094418525696,-2.0864076306164265,-6.589048720455169,2.644953367525339,-0.3528361618518829,-0.0012402621796354,0.2161571994530968,0.2358628213405609,1.0235577423349025,0.1114675937108695,1654
1726744823763822000,-4.440473679739236,-5.565428142017126,-1.7623194688796997,9.363103099668026,-2.905406969219446,-0.2476123133648186,-0.2358252555131912,-0.8417657613754272,2.208662271499634,0.5821544251590707,-0.5543640209549168,-0.4531062202993319,-0.3853201059282264,0.7947114706039429,-1.411709189414978,-2.647479057312012,-1.8312369377613067,-6.055199033385515,1.811585896351933,-0.3398640155792236,-0.3144887685775757,1.3079546758048235,0.2108425796031952,1.4194906585767864,-0.1220918453115038,1655
1726744823803588600,-2.426619828680157,-5.670201937177777,-1.7434464261054992,9.03835851984918,-3.766843473796546,-0.5379278962939977,-0.3891874551773071,-0.4509093761444092,2.4862382411956787,0.5900382975191719,-0.5837704515623503,-0.4320170713497755,-0.3527438108296004,2.11478853225708,-1.5194841623306274,-2.9970526695251465,-4.428044406276941,-5.064393513834476,0.6889075623124837,-0.3150346875190735,-0.217508465051651,-0.3727102268908173,0.0655101537704467,0.5433884997874499,-0.6235931594241411,1656
1726744823843347200,-1.177010812729597,-5.3958045658051965,-1.9485902285099028,8.599783562710881,-4.660889870077371,-0.7001453609678894,-0.7417268753051758,0.0386256501078605,2.646362543106079,0.5992618358479436,-0.6129939704620798,-0.3999198320687673,-0.3243266043055833,2.165557384490967,-1.9472479820251465,-3.4261269569396973,-6.499823792082071,-2.620751823204756,-1.5366817445009946,-0.4286119639873504,0.1362516731023788,-0.4042828479686752,-0.2820586264133453,0.1201561097422614,-1.1108886736549437,1657
1726744823883113700,-0.6661772595882416,-4.467969589430093,-1.547173327898979,8.063960529741644,-5.520639152219891,-0.8157536346800625,-1.1887999773025513,0.4651228785514831,2.706717014312744,0.6055877346643931,-0.6434044744590007,-0.3572429761322807,-0.3027731662069162,1.8572138547897337,-2.0359034538269043,-3.6706581115722656,-5.914168514451384,-0.7984307439573108,-2.5959920604795217,-0.5726782083511353,0.4835173189640045,-0.7099342029239982,-0.4198936223983764,0.3043538624906912,-0.5475277184840291,1658
1726744823922880300,-0.3720277245193719,-3.5542192525088785,-0.9640133742153644,7.424897487050295,-6.33607816799283,-0.9462599831208586,-1.38028883934021,0.6272372007369995,2.8763575553894043,0.6086164600786227,-0.6742182702936881,-0.3060646270137783,-0.2852020530105645,2.065909147262573,-1.902077555656433,-3.4786217212677,-4.963852241677046,-0.1173600127503275,-3.3758635037869213,-0.6120642423629761,0.5807162523269653,-0.8767191947091371,-0.3975640535354614,0.6021001068772748,0.0960514864575117,1659
1726744823962645500,0.58798050570786,-2.785841263118386,-0.3388249814890325,6.648942340403795,-7.11268564106822,-1.1711683703117073,-1.456934094429016,0.4943632185459137,3.0588810443878174,0.6084196627541145,-0.705004829887643,-0.2503620517381932,-0.2647875791304461,2.146681785583496,-1.7365272045135498,-3.05482816696167,-4.223489217415452,1.115053245988488,-4.718499470742047,-0.5593023896217346,0.5834366679191589,-1.0296627081464975,-0.3230043053627014,0.7318857763607054,0.3165872845873236,1660
1726744824002412000,1.9042302777796984,-2.5220839437037705,0.3241723328888416,5.7259413600564,-7.8177254230141635,-1.505710852175951,-1.445754051208496,0.3153041005134582,3.271761655807495,0.6052006200531441,-0.7346023994812074,-0.1926894019905065,-0.2386678890679149,1.807443380355835,-1.615127444267273,-2.5180087089538574,-3.8113942709237336,1.8699489457324143,-5.749686977303028,-0.464151382446289,0.4339015185832977,-0.5367295898875222,-0.2248437702655792,1.0684561107907444,0.5223338751904666,1661
1726744824042178600,3.505833991785347,-1.763160595878959,1.1172915264345704,4.663929968425632,-8.413392976093292,-1.9060308974608773,-1.233578324317932,0.0496853105723857,3.321009635925293,0.6002898718931868,-0.7609082872470965,-0.1349040654609393,-0.2060862134952434,0.8965930938720703,-1.4745945930480957,-1.9803004264831543,-3.1663691049575804,2.5801672993600366,-6.503930642879009,-0.361106663942337,0.1660211086273193,-0.5095487740278244,-0.0161601714789867,1.3576117100298404,0.8160013988960534,1662
1726744824081944000,4.893950145672261,-0.3974772230744361,1.836250235878676,3.5375296912536025,-8.858355003920197,-2.277231523506343,-0.8116966485977173,-0.2168437242507934,3.118699073791504,0.5963084764045051,-0.7806073666159393,-0.0822109358896047,-0.1682545514370762,0.00299176806584,-1.2309294939041138,-1.391169786453247,-2.312186224770546,3.5313135932177304,-7.207760464513301,-0.2230545729398727,-0.0304200444370508,-0.4650141973830759,0.1720510721206665,1.407847128664702,0.6106331400860101,1663
1726744824121756000,6.68686670512855,0.1996399442911147,2.114968539190292,2.469907181742787,-9.152008864426612,-2.5121073240906,-0.2805137932300567,-0.41518434882164,2.596938133239746,0.5959111924794326,-0.7915502818760707,-0.0391148964310197,-0.129645852290227,-0.4814097881317138,-0.7545050382614136,-0.8258414268493652,-1.6821493690997362,3.754807291305065,-7.050423538422584,-0.0820584520697593,-0.164911612868309,0.3951751932097598,0.1830902695655822,1.4554345170088112,0.2318145133174955,1664
1726744824161524000,7.76217246261835,0.62406830265522,2.15611420404911,1.5862871946692465,-9.33926162083149,-2.536193717598915,0.3356308043003082,-0.4863978922367096,1.9460023641586304,0.6013431801541256,-0.7932414834991152,-0.0088225370233149,-0.0952708149696808,-0.8252827525138855,-0.1919477432966232,-0.1256617903709411,-2.4133394913464783,4.155787554064393,-7.400287946450709,-0.0071923448704183,-0.3878594636917114,0.9414051635008304,0.1767207086086273,1.4564545077063142,0.1571421341709792,1665
1726744824201291000,8.096357655477524,1.6308534816265106,1.8164917885720728,0.929932094784826,-9.47799906039238,-2.3394755059733985,0.7800530791282654,-0.2632997632026672,1.3228389024734497,0.6131431077467551,-0.786861558853527,0.0113554007404857,-0.0691046961691134,-1.0345577001571655,0.5290317535400391,0.5846531987190247,-2.562445180186629,4.388855720704794,-7.311582073515654,0.12887904047966,-0.2648439705371856,1.0764376110639422,0.1479283720254898,0.605118139524199,-0.0445988786191912,1666
1726744824241059000,8.784284390059113,1.8264666546195745,1.054356785224378,0.5791393198654056,-9.583232289758325,-1.9991693460159004,1.0347051620483398,0.0078223031014204,0.4501763582229614,0.6284031203417777,-0.7755115322575551,0.0226083169541476,-0.0563950662595722,-0.5230957269668579,1.479128360748291,1.2688696384429932,-2.448980713570118,3.782444070771336,-5.955817452657223,0.1999349445104599,-0.2383753061294555,0.8179247681740671,-0.0421759597957134,0.1845170660969801,-0.334839236321114,1667
1726744824280827400,8.329794655430316,2.145657691964507,-0.0016157646335661,0.5791794692127034,-9.66405062431395,-1.5623961776025592,1.186681866645813,0.0976384729146957,-0.4075484573841095,0.645727553566891,-0.7610142445177209,0.0227454107345137,-0.0581030810543755,0.0995233654975891,2.005805492401123,1.8179327249526973,-3.3663235220253465,3.656169806942344,-4.314246762183308,0.2023356854915619,-0.2348866164684295,0.5609348605351522,-0.0821696743369102,-0.0632747731197858,0.1646654606142081,1668
1726744824320594400,7.815455724516511,2.2453239348530767,-1.0682628532409668,0.9021319414503872,-9.69937152854204,-1.1308108601558953,0.988508939743042,-0.2200543880462646,-1.3300223350524902,0.6615151173633469,-0.7467181559450989,0.0082039815569127,-0.0688653207473695,-0.6076281666755676,2.3465890884399414,2.3782882690429688,-4.123740556940436,3.233894534958899,-3.584263677638769,0.1283647418022155,-0.0396784357726573,0.283669021054171,0.1097372248768806,-0.6292544731214642,0.3653449953524396,1669
1726744824360362200,6.860529912120104,1.1892664831906556,-1.4249942244291305,1.6110535332657396,-9.634963646039369,-0.8616182178195565,0.4780318140983581,-0.5276323556900024,-2.403414011001587,0.6695638572202273,-0.7370668726284378,-0.0257435207518116,-0.0880570540387323,-1.370223879814148,2.524578332901001,2.948089838027954,-5.314094835367799,1.9364099613726136,-1.6751859598278998,0.1235110759735107,0.3064530789852142,-0.019154611078382,0.1566174179315567,-1.1145979034364222,0.0067863944665616,1670
1726744824400130600,5.080124166929721,-0.7192050854206085,-1.234011049324274,2.674396027369797,-9.3946503305763,-0.87094148809053,-0.210071325302124,-0.8172376751899719,-3.237494707107544,0.6649327645337604,-0.7338055636254746,-0.0770392971835718,-0.116012063742496,-1.2573233842849731,2.508492946624756,3.134369373321533,-5.035549112144112,0.756873429557681,1.1616048615440726,0.2102242857217788,0.2617034614086151,-0.0346498114499379,-0.1169730797410011,-0.6071579747887328,-0.3096586909005418,1671
1726744824439897600,2.760393810389936,-2.0707155559659003,0.1504034735657274,3.884413037644327,-8.934680118709801,-1.1194566685792058,-0.5212015509605408,-0.6395909190177917,-3.4168736934661865,0.6483691336770511,-0.7339728881292734,-0.1354998415622859,-0.1501363711079262,-1.292662262916565,2.0336084365844727,2.752948522567749,-3.529503913447261,0.3010704203732312,2.427389059486985,0.2985910177230835,0.0758769512176513,-0.3315819150255993,-0.3812142312526703,-0.3253465642999857,-0.177390155092813,1672
1726744824479665400,1.4547516493111847,-2.557738609930873,0.8892202912986278,5.014830733764171,-8.316426055291295,-1.3634221498742698,-0.3245238959789276,-0.4107714891433716,-3.3030343055725098,0.6288897648616707,-0.7305344936104012,-0.1893001333942614,-0.1870360414960819,-2.2597756385803223,1.3379969596862793,2.116008996963501,-2.472826868581772,-0.72539400318861,3.4293343972116705,0.300374835729599,-0.072447545826435,-0.5345063974127173,-0.4220881164073944,-0.2144948191988281,0.2250680529982782,1673
1726744824519433700,0.9360667981475592,-3.599495733562112,0.6772177090406417,6.049465458169579,-7.567360084614157,-1.519677418208122,0.0091214096173644,-0.600824236869812,-3.420837163925171,0.6108706963656758,-0.7200007850240017,-0.2430655335535294,-0.222159869152942,-2.13735580444336,0.916803240776062,1.9849774837493896,-2.055420371678472,-2.4170718097426,2.978503769612312,0.2444393634796142,-0.1756779700517654,-0.7944525610413402,-0.195422351360321,-0.1079269254293292,0.6819946411188691,1674
1726744824559200800,-0.8690636384546756,-4.558320306962728,0.511876194062084,6.972333167526125,-6.69188424102962,-1.6660311779916286,0.1894476562738418,-0.7508784532546997,-3.3029773235321045,0.5927373837825395,-0.7034504598737463,-0.300168948519536,-0.2524253288886415,-1.2310901880264282,0.6198688745498657,1.6323227882385254,-1.076859416672587,-4.489961641007661,2.9163083024621006,0.1975911557674408,-0.3574309647083282,-0.4861671312553808,-0.0576619133353233,0.1089500122662168,0.3718324576755985,1675
1726744824601452800,-2.62615222094357,-4.422481511452794,0.4267771134473383,7.690935026356577,-5.7997121141880745,-1.839355508417636,0.1666836440563202,-0.7451109290122986,-2.8617868423461914,0.5741250889834318,-0.6850943650347111,-0.352741754292569,-0.2767657858029696,-0.9590176343917848,0.2611156702041626,1.473652958869934,-0.3331073344945907,-4.981224232238531,3.2306723580420016,0.1383751779794693,-0.3869094252586365,-1.2780587192349135,-0.0284964628517627,-0.1706117104664445,0.0495522997754858,1676
1726744824641220900,-3.37567937939167,-4.150674741095305,0.4842854456946253,8.207329136234522,-4.964949389263987,-2.039469646091759,0.0296323038637638,-0.5909981727600098,-2.449983835220337,0.5550903275423029,-0.6680893496300473,-0.3970398375731417,-0.2964638505672703,-0.9576570391654968,0.0415915735065937,1.2063261270523071,1.0994365746617316,-5.5936833456426855,3.1649779428601263,0.0668363571166992,-0.2351011633872985,-0.2180214589550159,-0.0802115872502327,-0.0792665659358259,-0.2546820508216507,1677
1726744824680988000,-3.434581650215387,-5.139897959890962,0.1208687515236437,8.57807441972792,-4.22517088689208,-2.1759914554297923,-0.2694547772407532,-0.075247898697853,-1.8619803190231323,0.5375495926005268,-0.6533069755796488,-0.429109175119963,-0.3163790047890558,-0.4681629538536072,-0.1696178615093231,0.842641294002533,0.4616349302083253,-6.764473091900348,3.4226223323523994,-0.069814383983612,-0.0987964048981666,0.2873221184679307,-0.0299777779728174,-0.1850593745464459,-0.0673666135772597,1678
1726744824720756000,-2.9754578260451554,-4.824916941456497,-0.1028127242207527,8.83257232788801,-3.653549687571824,-2.1926279713235792,-0.8105064630508423,0.4584915339946747,-1.206196904182434,0.5224811607931251,-0.6444757299609153,-0.4432199754384747,-0.3394414589117575,-0.5461387038230896,-0.6679959893226624,0.3064037561416626,-0.7012783835858106,-7.434278478857874,2.511612234050036,-0.175821453332901,0.0467385686933994,0.4072801666211336,0.1663558334112167,0.104495955466805,0.1348703158039599,1679
1726744824760524000,-2.8722914660811423,-3.795876383796334,0.2960942393958568,9.031524874436856,-3.2487630182668563,-2.0118387118443843,-1.1638201475143433,1.4077916145324707,-0.5825446248054504,0.5111574920605336,-0.6405593713519551,-0.4384733967806009,-0.3689754190569598,-1.2068887948989868,-0.8423951864242554,-0.4487028419971466,-0.2312584868699312,-6.808247936218977,1.1230109269946813,-0.2689331173896789,0.0639259964227676,0.4770888121888041,0.2532606422901153,0.1061976082855369,-0.1724592197629623,1680
1726744824800291300,-1.2614502603918314,-2.396862988319993,-0.7472269186817109,9.21124606629312,-3.020467180594802,-1.4832706184394655,-1.3041117191314695,2.176846981048584,-0.3737314641475677,0.5084262375959483,-0.6352277101825454,-0.414863242563279,-0.4072799242260831,-1.5020875930786133,-0.7783030867576599,-1.6487351655960083,0.1505851137429475,-5.979777004915476,0.5354968697547913,-0.3398157954216003,-0.0913963690400123,0.801997715723887,0.2697944343090057,0.5097040376547723,-0.1238785095325671,1681
1726744824840054300,-1.1458972970634698,-1.7476318950966,-1.9266718266904352,9.366838779065011,-2.7664856975242493,-0.8827737455077469,-1.64763081073761,1.880168318748474,-0.549955427646637,0.5021396869562881,-0.6284093667114244,-0.3874410937285659,-0.4503852711462637,-1.2261955738067627,-0.6878129243850708,-2.6020915508270264,-0.7085697096377611,-5.3988493403285736,0.5421428836405277,-0.2623216211795807,-0.0178088527172803,0.6640986997485161,0.1913966536521911,0.5723028249088674,-0.3407746907847002,1682
1726744824879822300,-0.6361871949940919,-2.237990230964124,-1.353406659555435,9.465702473399045,-2.5243761462941765,-0.4453867195123806,-1.494903564453125,1.3539643287658691,-0.5134350657463074,0.4889931922823584,-0.6253416999375244,-0.3628445402780362,-0.4880339977268497,-1.2860006093978882,-0.2971591353416443,-3.2464306354522705,-1.939203976005316,-3.9046652598172416,-0.1433715291023254,-0.3035669326782226,-0.2293753921985626,0.1498594389500562,0.0239581689238548,0.2738262569537386,-0.25600639476059,1683
1726744824919589600,-0.2711035905241966,-2.1321096436053515,-1.409347742486,9.52619055210948,-2.3215545032270253,-0.1802526683844625,-1.1890136003494265,0.739264965057373,-0.4751713275909424,0.4748851590117909,-0.624230972089357,-0.3457253561358965,-0.5150668913796866,-1.1744927167892456,-0.3611560463905334,-3.4147825241088867,-4.12835886439085,-3.2306600830823182,-0.8951146100342273,-0.2586811184883117,0.0979766398668289,-0.6985908250022679,-0.1401353031396865,-0.2244008029948919,-0.4189586217161268,1684
1726744824959357400,-0.1088362222939729,-1.8593543403513728,-1.0456102919280528,9.573116553935408,-2.126991716069728,-0.041956392153236,-0.9912526607513428,0.6045283675193787,-0.5350878238677979,0.4603393791815455,-0.6245234606860566,-0.334827758142211,-0.534741649478442,-1.1678659915924072,0.017198933288455,-3.667367935180664,-2.551107793614268,-1.106126427689195,-0.7247089435338974,-0.1940967291593551,0.2477778494358062,-0.5104945669779554,-0.3788159787654876,-0.0076716072027193,-0.497984958288446,1685
1726744824999125500,-0.7187859832257032,-1.5739738026715815,-0.9756932906150816,9.61474035769999,-1.9235059100054204,0.1651064641136676,-0.8557455539703369,0.8783589601516724,-0.4953820407390594,0.4478774744200052,-0.6213482640960991,-0.3248203310837235,-0.5548186733705313,-1.009559988975525,0.1141973882913589,-3.3537282943725586,-3.746416479578614,1.048439377874136,-1.0154179827600718,-0.0966333001852035,0.3613498508930206,-0.4997133164510131,-0.4853386878967285,0.1062461236023809,-0.1645473506598733,1686
1726744825038892800,-1.050626658785343,-0.9794570270627736,-1.4747563264638184,9.6330914224267,-1.780010023871064,0.4533298970691859,-0.7839932441711426,0.8474573493003845,-0.3146105408668518,0.4391905386450652,-0.6157360804469345,-0.3126590595579187,-0.5746521612788547,-0.97671377658844,0.027722680941224,-2.924994945526123,-4.151051173192262,2.2606945224642754,-0.7882136666517704,-0.0167160332202911,0.373819887638092,-0.6544830954674631,-0.4124952256679535,0.1702525948304682,0.085947294941917,1687
1726744825078660600,-1.043138933378458,-0.4151252540983259,-1.3668652760654687,9.636079498326778,-1.698805174215883,0.6560863659456372,-0.7095768451690674,0.4595231115818023,-0.1980859786272049,0.4309602509229723,-0.6130647898992394,-0.3011651814173424,-0.5896817139773101,-1.123823165893555,-0.1791118383407592,-2.3724374771118164,-4.185825549453496,4.887004564318061,-1.1431781012326478,0.0019114954629912,0.3270004987716675,-0.4201262772560119,-0.1903586387634277,0.2801154932910576,0.1547101212510839,1688
1726744825118428700,-1.2072814478307965,0.2424056115671992,-1.0284037210613488,9.63861223167479,-1.664411467835307,0.705186423875019,-0.5739128589630127,0.0301262233406305,-0.0720660090446472,0.4229265854293959,-0.6148926110630577,-0.2931766961361434,-0.5975681695758246,-2.0043015480041504,-0.1421358585357666,-1.9666306972503664,-3.0964591179072856,6.770223618251085,-0.184678522002697,-0.0096439998596906,0.0812513753771781,-0.6358053560696542,2.27467389777e-05,0.5962900688916445,0.0245076260115136,1689
1726744825158313200,-1.1257242776066063,1.001538510489464,-0.4979232912290841,9.64159972305298,-1.6781996085606514,0.62736003767699,-0.3889684975147247,-0.2294248342514038,0.0677911341190338,0.4162785267128676,-0.6203840107450563,-0.2883352570806126,-0.5989145332024095,-1.864385962486267,-0.1998340338468551,-1.1960829496383667,-2.386879354444146,7.197436054375768,1.559165378987789,0.0560499615967273,-0.0967757701873779,-0.139831865467783,-0.0029789011459797,0.674112874893099,-0.3897224442292004,1690
1726744825198085600,-0.1579027432799339,1.217855302684754,-0.6525538809705526,9.642232175737618,-1.7186922163382172,0.4937883468488231,-0.2981947660446167,-0.3637648522853851,0.079049177467823,0.4116395384131389,-0.6270025707702386,-0.2858173831313229,-0.5964302444627334,-1.7683589458465576,-0.4704264402389526,-0.1797191649675369,-2.634478735262156,7.346830497029424,2.394638882529736,0.0927718207240104,-0.44691002368927,0.4573022347662597,-0.0795807242393493,0.7283401396431028,-0.3934491000695154,1691
1726744825237857800,1.074931663480401,0.8692956936448812,-0.5910831478983164,9.652737787660955,-1.71280286603868,0.247664774204418,-0.4160342812538147,-0.8043481707572937,-0.1766909509897232,0.4034424272210886,-0.6365948474959284,-0.2865651948441605,-0.5914909819484251,-1.8252739906311035,-0.6937997341156006,0.3295119702816009,-2.402185060125589,6.681531773841381,1.849818888634443,0.1595122218132019,-0.5337390899658203,0.7310502023193984,-0.0547246858477592,0.5259717202361672,-0.3282109042225405,1692
1726744825277629000,0.7296534141987562,-0.0499969337038695,0.4745663079738617,9.67300316157639,-1.608286991161853,-0.1296513299135025,-0.471310019493103,-0.913230299949646,-0.2956161201000213,0.3892581126015186,-0.6491466377860868,-0.2919229704886059,-0.5846945877732606,-1.8180400133132928,-0.8935412764549255,0.5179290175437927,-2.087831525939703,3.6159207986623048,3.2517034556329247,0.1622439622879028,-0.7215022444725037,1.5032131901413202,-0.0245836749672889,0.3944747898554429,-0.1902516824925318,1693
1726744825317401000,0.594250672018528,-0.7670309586957097,1.1506583009202032,9.67343103159964,-1.5462166116960343,-0.4519999271070584,-0.3880555331707001,-0.598011314868927,0.0208470579236745,0.3774582142895986,-0.660440124987686,-0.2947277101852652,-0.5783420949686773,-1.4716546535491943,-0.9893640279769896,0.5433832406997681,-3.164620799985528,0.9099170423686505,1.714192274570465,0.1293198466300964,-0.5223000645637512,0.2942145265964791,0.1171029582619667,-0.4658616445252672,-0.0957063080153428,1694
1726744825357173500,1.1427373717278242,-0.4471715205699205,1.8097464059650896,9.662294136035442,-1.5525852699451148,-0.6323980318441986,-0.2634360790252685,-0.2281133830547332,-0.0455312728881835,0.3708342938457587,-0.6679916497812665,-0.2933095339116929,-0.5746638843402812,-2.632444143295288,-1.1089147329330444,0.3933193981647491,-2.1613696403592826,1.4062988763093949,0.7395199975661932,0.1316466331481933,-0.344149649143219,-0.3461677089346572,0.1768495887517929,-0.6865751738421618,-0.1907608923899941,1695
1726744825396944600,0.1421492938309907,-0.6592661650255323,2.051536223721504,9.667942371055483,-1.497460764094442,-0.677413596938923,0.1638694703578949,-0.0562269166111946,-0.1734803617000579,0.3677692490449086,-0.6688701938947003,-0.2952137306537265,-0.5746366833741351,-2.1001641750335693,-1.0285212993621826,0.3167895078659057,-0.2736006680369377,0.3073386869877577,1.722766041648388,0.2186179161071777,-0.2311041206121444,0.137885864232853,0.1858269274234771,-0.6529039365172385,-0.1056914214622229,1696
1726744825436716800,-0.197944246289134,-1.1211512706026434,1.27489952455163,9.672249128338692,-1.4550094234645363,-0.7077735177587717,0.5180873870849609,-0.2802869081497192,-0.0858000740408897,0.3702813263965238,-0.6669050363757448,-0.3021987419060288,-0.5716689676017749,-1.1954454183578491,-1.0446900129318235,0.518970787525177,-1.9116133737683287,0.6791647514551877,3.0515558540806174,0.2991078495979309,-0.104633130133152,-0.006759137708522,0.1374030411243438,-1.033057903542742,-0.3644715735187754,1697
1726744825476489000,-0.0478477928459644,-1.3935000388823449,0.891160830907151,9.661466453039646,-1.4485669693268834,-0.8533026632864028,0.5494962334632874,-0.5831451416015625,-0.0464200899004936,0.3741263939355775,-0.6676301981650348,-0.3126919330969966,-0.5626039463934348,-0.9245076179504396,-0.8434033393859863,0.4715109169483185,-1.3669044390320777,-0.8218681720376014,0.4707248301148414,0.3275851011276245,0.040120244026184,0.052252827438456,0.1055743843317031,-0.9081090430986136,-0.3130721160732209,1698
1726744825516260000,-0.1472755508035421,-1.1266400772772729,1.302656131005287,9.644923314517737,-1.452064748314768,-1.0184938100088388,0.4075519740581512,-0.3063559532165527,-0.0283565856516361,0.3769576689636929,-0.669361138099393,-0.3223110268575846,-0.5531492814338018,-0.9005932211875916,-0.7196778059005737,0.1875389218330383,-0.046339726370573,-1.101735499253869,0.9497861114203928,0.3289893865585327,0.1279692649841308,-0.4982604142289608,0.1734127849340438,-0.7307919897746294,-0.003225325001098,1699
1726744825556032500,-0.4215075024813413,-0.7028777816064655,1.4019862738072872,9.64801251270473,-1.4501082074195146,-0.9916804757546632,0.377849280834198,0.2973643243312835,-0.0819530189037323,0.3815851848332757,-0.6660725062786982,-0.3269694951266862,-0.5512087778788559,-1.0326639413833618,-0.5941743850708008,0.049524538218975,0.1576999141842126,-0.863428847438097,0.3640250353276729,0.3289381265640259,0.1071013212203979,-0.4625685212640091,0.2318710684776306,-0.5407824089422821,0.1130690558244474,1700
1726744825595804700,-0.7741793691456318,-0.867940187382698,0.6362918974775821,9.666991353940965,-1.431391085859388,-0.8189991924725473,0.4594572782516479,0.3577759563922882,-0.0808136463165283,0.3886400981711566,-0.6580474055111916,-0.3297437667194612,-0.5542575524922152,-0.9598280191421508,-0.6442960500717163,-0.0746588632464408,-0.0342477220386266,-1.7071458631902932,0.6691825788840651,0.3280399143695831,0.0628843754529953,-0.1638213562065735,0.1531802266836166,-0.3574127045158297,-0.1457285131577868,1701
1726744825635575800,-0.4279916038036346,-1.0345511377751826,0.1218869155902415,9.67679144794345,-1.4136696973383427,-0.7291160193864256,0.4816429316997528,-0.0162498336285352,-0.1085667312145233,0.3950870912678004,-0.6519231906297185,-0.3349189818275985,-0.5538334773986635,-0.9220353960990906,-0.6411009430885315,-0.0858854204416275,0.7309826169759035,-1.3414379893422126,-0.4120423395216465,0.2752494812011719,0.0568856820464134,-0.4086034511141478,0.0373183228075504,-0.4309183049052953,-0.2730606794087216,1702
1726744825675348000,-0.2898351790010929,-1.2834912656776607,0.1887911449532955,9.685132575309275,-1.3618022935874758,-0.717012178486213,0.3864770829677582,0.0436732955276966,-0.2133257687091827,0.3987420537457819,-0.647654889695358,-0.3421996361843474,-0.5517675367982835,-0.2928851544857025,-0.6795459389686584,-0.0160859655588865,0.1461018308490514,-0.8463929569631814,-1.102291379570961,0.188862457871437,0.1202142164111137,-0.1645649776481091,-0.0073635750450193,-0.5480667207315564,-0.2827370556999929,1703
1726744825715120400,-0.644876112884283,-1.694764520522952,-0.075113473977521,9.699897598242758,-1.2948453111238778,-0.6370121015109121,0.2360135614871978,0.2458971887826919,-0.1427673995494842,0.4017205685712973,-0.6420240814738337,-0.3468193444339967,-0.5533011567467861,-0.5768345594406128,-0.742752730846405,0.1602524518966674,0.3446750226914882,-0.0025274726510047,-1.2116785137459636,0.13790163397789,0.2453173846006393,-0.3479217495277524,-0.0874523371458053,-0.569976829646714,-0.5471331662084907,1704
1726744825754891500,-0.3300643135368823,-1.3476045491479336,0.0811434383241459,9.71099357727468,-1.267013009085506,-0.5115012598024681,0.2860568761825561,0.3589372932910919,-0.0669252127408981,0.4057826758039158,-0.6363036959385493,-0.3481334700182851,-0.556112376947255,-0.8003414273262024,-0.3363525569438934,0.0121449409052729,-0.1144260051250457,0.7404039407938718,-1.709242250947654,0.0745682120323181,0.3611818552017212,-0.4157402807241305,-0.2513093650341034,-0.476912030849792,-0.8061352539200335,1705
1726744825794663700,-0.2794038013577461,-1.114628298574686,-0.5690647928357124,9.722734283950924,-1.2330360668122768,-0.3441734298449009,0.4149965941905975,0.3671758770942688,-0.1557667702436447,0.4119282633614697,-0.6283152672261004,-0.3503824857744352,-0.5592559121534191,0.7222468852996826,0.265159547328949,0.0312408730387687,-0.0559749852001667,0.3384919501423835,-0.7088461884915829,-0.0270164459943771,0.5429154634475708,-0.1445608484847471,-0.1950077712535858,-0.2586433191354386,-0.2491354495451785,1706
1726744825834435800,-1.01601770221889,-1.6502365197494626,-1.2503975359797477,9.732257899099588,-1.1822536087539046,-0.2362520939061418,0.1989350169897079,0.0954363197088241,-0.0322198495268821,0.4161648356574992,-0.6219343100779915,-0.3538971861017856,-0.5610359175196054,-1.2447104454040527,-0.1256229430437088,-0.2706930935382843,-2.6937615298360584,0.0931090763300657,2.640520353513956,0.1230914518237114,0.3610188066959381,1.3374708392769097,-0.2268543988466262,0.5877094336815178,-0.1128306439586915,1707
1726744825874199000,-0.9695166478067636,-1.6211838821358977,-0.2368669561351649,9.722268420004845,-1.2708620857290922,-0.1810705423722974,0.0591204054653644,0.2715222239494324,0.4845986664295196,0.420772168394384,-0.6212867105978255,-0.3510482181712285,-0.5601060227752185,-1.8629741668701167,-0.0134853152558207,-0.3261660635471344,-0.2959972087621688,-2.277469131654501,4.0084696254238485,0.3987771272659302,-0.0559594854712486,0.8684861308276652,-0.4918119609355926,0.6777544462658465,-0.2161742236531339,1708
1726744825913971500,-0.1740408081322908,-0.5909980999633669,0.0637900428652763,9.687102998599409,-1.526523484710604,-0.0127634418866829,0.2377059459686279,0.5015782713890076,0.7699742913246155,0.4325272207256429,-0.6201337765772545,-0.3407122738622617,-0.5588108039712322,-1.1643636226654053,0.2578065395355224,-0.0697073116898536,-0.764216193535924,0.3947755629003047,1.300237379425764,0.4214955568313598,0.0574428550899028,-1.141087193368003,-0.3216488659381866,-0.4556194327784701,0.1301176687836181,1709
1726744825953743400,0.5282634113699197,0.4185813859015703,-0.1872135934382676,9.638265025672316,-1.7995868310004473,0.1890089889550581,0.6548230648040771,0.2921221256256103,0.6054317951202393,0.4488150497900548,-0.6161128385890826,-0.3328185602269803,-0.555159314265321,-0.4846346080303192,-0.0085298111662268,-0.0603413768112659,0.8841536555588245,1.9706465774953363,-0.9041220923542976,0.3291554152965545,0.3052079677581787,-0.7262115301165729,0.0582095868885517,-0.7335452340055256,0.3472599611507728,1710
1726744825993514800,0.584364068776369,0.5465792586527765,-1.251537938186526,9.601914778396488,-1.9823516283363103,0.2094619395981542,0.8065720200538635,-0.5577497482299805,0.3923617899417877,0.4630517563065214,-0.6134371841255754,-0.3361773847561521,-0.5443000403643703,0.1999330520629882,-0.1703266948461532,-0.0997507646679878,-0.98149700845778,0.4753407994776964,1.43727649063617,0.3295126259326935,0.4477494060993194,-0.0466170820072293,0.1979052722454071,-0.3560455078158527,-0.0498635622483212,1711
1726744826033287200,0.9982955830454826,0.4226891134813427,-0.8775988270878792,9.577641337883472,-2.105363675498962,-0.08142835621275,0.6749203205108643,-1.148508906364441,0.2971844971179962,0.4695110174024444,-0.6184712977689166,-0.3487763534901913,-0.5247930807590747,0.4079267382621765,0.4193029105663299,0.1826155334711074,-2.520343822038173,2.8512796577125785,0.4265998571842909,0.3843503594398498,0.1647326946258545,1.102574215100333,-0.0087235253304243,0.2958165732319466,-0.455784012223035,1712
1726744826073058000,1.41667706246078,0.2686237564072012,0.2401379954287782,9.546969720765947,-2.2047845653243363,-0.4057870785191655,0.4571520686149597,-0.595787525177002,0.1682545393705368,0.4721690731544596,-0.624934056599927,-0.3607586554364012,-0.5063268765259041,0.0599069818854332,0.4271018803119659,0.1968942880630493,-2.3064953196525573,3.878621302500367,0.2486605803087353,0.4804772436618805,-0.0520905368030071,0.4701839647037908,-0.1328921318054199,0.1352298698313534,-0.1673014899399131,1713
1726744826112830500,0.7391004569798707,0.1041882503576576,0.6320961262881756,9.53875777273774,-2.240714102970064,-0.4021032389072701,0.2826704382896423,0.3495647311210632,0.0050401510670781,0.4767818853990237,-0.6229365797253543,-0.3639389747963154,-0.502172791009073,0.5090333819389343,0.068869799375534,-0.319228321313858,-3.1577456535190342,4.339307553681731,1.979754305319488,0.6543242931365967,-0.1588607281446457,0.0745962543035391,-0.1891904026269912,0.2397918488722294,-0.1118419251822866,1714
1726744826152602600,0.0031751229047775,-0.1180294364444911,0.3041337352002971,9.547446690627932,-2.2297850049376486,-0.2115076018152758,0.3683290183544159,0.3430119752883911,-0.0643055811524391,0.4833896462313588,-0.615340596348433,-0.3635104360085539,-0.5055202211415294,0.2258823662996292,0.039626371115446,-0.1786057651042938,-0.3710252694785594,-1.5722534086197617,0.7348235103130341,0.8678680658340454,-0.2777954936027527,-0.0509352466004435,-0.1688147783279419,0.369325516355969,-0.0310115028966451,1715
1726744826192374000,-0.3458440664708614,-0.3331131797134876,0.5836895305156707,9.555440027469396,-2.2021965946577486,-0.1195133913919329,0.6305440664291382,-0.0769481360912323,-0.106615349650383,0.4893610379037197,-0.6088027667714184,-0.368038963281376,-0.504412834245939,0.3157763183116913,0.0185375455766916,-0.2280064821243286,-1.3172253391057251,2.481507018643617,0.9157666451796888,1.0437519550323486,-0.247460126876831,-0.3464375753846019,-0.0808308199048042,0.2743675424898974,-0.2299670222872868,1716
1726744826232146000,-0.8085702990472317,-0.5560860687971115,0.5694704510271549,9.564765489697455,-2.1613329616107047,-0.1196598780573811,0.973530650138855,-0.282361626625061,-0.0959282144904136,0.4966992995698716,-0.6017298265493471,-0.3795025321834143,-0.4971810653673897,-0.3854387700557709,-0.2128209471702575,-0.3754265606403351,0.186703890350461,-1.490575826886296,0.2713113880559802,1.028968095779419,-0.2852658331394195,-0.3504534964950755,-0.1027572229504585,0.267434948481433,-0.2852311923369765,1717
1726744826271764700,-0.6580354541867971,-0.7324696406632661,0.2884159598529339,9.566859831628204,-2.149400824015588,-0.1601768439580686,0.9795804619789124,-0.3142188787460327,-0.0111108068376779,0.5055384672246852,-0.5947011889529455,-0.3930613723717175,-0.4860701058985887,0.0859886482357978,-0.3516714572906494,-0.3649438321590423,-1.1835106961429118,1.6116706422507765,1.114001691108942,1.0401995182037354,-0.2365530133247375,-0.5906443546222523,-0.1306453049182891,0.1484946899354923,-0.2395800510187633,1718
1726744826311530800,-0.4767693709760904,-0.8281412609577179,0.3936088572084903,9.56231575845778,-2.1689501586161555,-0.1678054756729863,0.983523726463318,-0.1888950914144516,0.0765493437647819,0.5154744191894516,-0.5873317361152408,-0.4044714203150317,-0.475110952941465,-0.104919783771038,-0.1662270724773407,-0.3905927836894989,-0.2715010654091835,1.0828209554255008,-0.6830790022894739,1.0284250974655151,-0.2004690617322921,-0.4176449818342924,-0.1875323206186294,0.2010040174522437,-0.3035471309513785,1719
1726744826351297800,0.0140174194365739,-0.9766897543065248,0.4551870692431926,9.554558568459749,-2.203109471718967,-0.1645911715352907,1.0688917636871338,-0.2787596881389618,0.0563137866556644,0.5261505028308161,-0.5794512550711348,-0.4154853274231705,-0.4634369367456686,0.4471471309661865,-0.2862301766872406,-0.4405798614025116,-1.1297791059553624,2.355880405068397,0.2882780126869678,0.994377851486206,-0.1817451566457748,-0.4902591498093679,-0.1686755418777465,0.0182427158312755,-0.2255566584991291,1720
1726744826391064800,0.3275964621186256,-1.309961047191173,0.6205073953032493,9.547288285195826,-2.2321103791452943,-0.1932915799113921,1.2246133089065552,-0.3688896298408508,0.0564144849777221,0.5368709366917612,-0.5709158890165557,-0.4288474971861782,-0.4493489943807409,0.431418240070343,-0.4553085267543793,-0.3941978514194488,-0.2096656637430191,0.743501322287321,1.317331722089648,0.9830712080001832,-0.1541527360677719,0.4246545683354139,-0.2175000011920929,0.1809802520066499,-0.2012641114268452,1721
1726744826430830800,0.7591057186543941,-1.483675838239491,0.3514145600795745,9.539104978740214,-2.2653448324881493,-0.2100073167875409,1.3099490404129028,-0.3147584795951843,0.0490292720496654,0.5488443103422253,-0.5606196755626723,-0.4431850317249906,-0.4336619351200665,0.2552466690540313,-0.7793300747871399,-0.1115327924489975,-0.9039093263864516,1.577369728720188,0.6118237381100654,0.8793416023254395,-0.0148256747052073,0.1603239790774882,-0.191542699933052,-0.1214294541463255,-0.0976519621904008,1722
1726744826470598000,0.799356480500102,-1.072545206735283,0.0071533971522934,9.536561139476298,-2.276344365408272,-0.2064701191047206,1.2268816232681274,-0.2695130109786987,-0.0596792958676815,0.5603696873197904,-0.5489740764984813,-0.4573341332088823,-0.4188779208040001,0.1779246926307678,-0.6098641753196716,-0.2175257354974746,1.3318471541762351,-2.481040570175648,-1.2683753834798932,0.7363709211349487,0.1356630325317382,-0.5711258170187473,-0.1562844514846801,-0.6269133898880332,-0.0275571748914197,1723
1726744826510365200,-0.1151706860125064,-0.6130757839977741,-0.0467944844007492,9.54383609891534,-2.2488928793810308,-0.1674867833789438,1.1563313007354736,-0.116770401597023,-0.0994173437356948,0.570842078261042,-0.5360971606662293,-0.4702544880651187,-0.4069396385406665,0.1366587430238723,-1.0309864282608032,-0.3505736887454986,1.467563784611225,-2.012240570643544,-0.4550269102454185,0.6122474670410156,0.1069239750504493,0.8024882757198065,-0.1008099243044853,0.0231893898696638,0.3569897663960233,1724
1726744826550131200,-0.4378226774662733,-0.2368640517920255,-0.4940998604834079,9.548956510668992,-2.2305102504722774,-0.1123808634977322,0.9417216777801514,-0.125424712896347,-0.0339079611003398,0.5806054381020833,-0.5240899042528255,-0.4806865939720225,-0.396443493185152,-0.0247852690517902,-0.5896682739257812,-0.1097207739949226,1.01708094753623,-2.9587299786061045,-1.7171894105598329,0.5572895407676697,-0.1721903085708618,0.7876438308745622,-0.0887773260474205,0.2235015160676091,0.4009831123035401,1725
1726744826589898200,-0.3362351111263036,0.237573661366105,-0.3615560148656368,9.552564764294027,-2.2154833617322147,-0.1026193662062752,0.5376093983650208,-0.1266262382268905,-0.0786316394805908,0.5865006767897503,-0.5161505675141173,-0.4886928719472445,-0.3883102313037787,0.6633915305137634,-0.5015220642089844,0.017682185396552,-0.4150204785495996,-2.2525667455881835,-0.7548268722914159,0.5262011885643005,-0.1852734237909317,0.7348580701697617,-0.0770958587527275,0.3620431407954543,0.6529721794478595,1726
1726744826629665300,-0.4446387872219085,-0.1668665325887501,-0.075585685465997,9.557567687147856,-2.194714129947871,-0.0806353335383813,0.1805299520492553,0.0662277340888977,0.0028050688561052,0.5894557423031083,-0.5116075419923807,-0.4923098423766213,-0.3852669688877085,0.5928183197975159,-0.4991288483142853,-0.0173122845590114,0.5476818130671978,-0.7147054359138012,-0.8167107892744243,0.4723688066005707,-0.127124086022377,0.1452477804361376,-0.0184069368988275,0.05565347989453,0.752508000889793,1727
1726744826669431600,-0.080284666070342,-0.0036425942860543,0.5034831903785467,9.552346737629174,-2.218775389014929,0.0112703480764932,-0.0172277335077524,0.4159134328365326,0.0644752606749534,0.5928434728276794,-0.5096821129648501,-0.4895401065254321,-0.386149473685103,1.3900858163833618,-0.6204831600189209,0.2299353778362274,-1.087050555819273,-1.4476245739102362,-0.100698070154339,0.3408864736557007,-0.4168461561203003,0.2572027284056879,0.0739509090781211,0.7103823850829154,1.1468371351968496,1728
1726744826709198600,-0.9037661185234784,-0.227524122647196,0.4685983394801616,9.537406358128786,-2.274117337008565,0.1914531124378554,-0.1466125547885894,0.4708711504936218,0.2850511372089386,0.5978203200845439,-0.5083393851414326,-0.4814869446124128,-0.3903489006096938,-0.0596021004021167,-0.7699240446090698,0.0414853207767009,-2.270805582112074,5.933139172381162,1.1693233269669114,0.2945503294467926,-0.158006802201271,0.0851813246712554,0.3577668964862823,0.1219815624705981,1.5434904016025364,1729
1726744826748964600,-0.4571867186278104,0.0145958038464188,0.8231061893999576,9.496495086547732,-2.4249583252087232,0.3264101749435067,0.0481236986815929,0.2607797980308532,0.4686397016048431,0.6038713636073462,-0.5098711280152695,-0.472640608888178,-0.3898482409422843,-0.3421283364295959,-1.0813707113265991,0.3103683590888977,-0.0906786343127489,2.8493963281840085,3.8530116449475287,0.3326868116855621,-0.1060656085610389,0.4111004920942708,0.204916849732399,0.1923373113938607,1.1392353549562393,1730
1726744826788732000,-0.2478033789575099,0.1325827163234353,0.7062994266182184,9.444979418843984,-2.6101325217738744,0.3872518893972039,0.1371234655380249,0.0146884499117732,0.5238743424415588,0.609923303631702,-0.5122982522527005,-0.4666970632002256,-0.384366937152362,-0.4110448062419891,-1.021596074104309,0.2713724374771118,-0.9581202245235444,4.4845735182285305,1.3228618836879729,0.3273324966430664,-0.062124565243721,0.474168212034367,0.1275441944599151,0.2779569635502993,0.9728902158930895,1731
1726744826828499000,-0.070855158945918,0.2631339268192649,0.897325271821022,9.385646355387568,-2.818046373413503,0.3723501614067703,0.2474350184202194,-0.1793991476297378,0.5877484679222107,0.6152185505889094,-0.5159299415314896,-0.4634994287033606,-0.3748209460582786,-0.3270092904567718,-0.6374538540840149,0.3339521884918213,0.9485182834416628,-1.8254723828852173,-3.3863083254337307,0.3020652532577514,-0.0278444569557905,0.0131710157572873,0.1225317418575286,0.2140948600958101,0.6974214889619499,1732
1726744826868259000,0.374094009399414,0.4425891612157225,0.9888140534728764,9.32092750723958,-3.0311703609168528,0.320515125555545,0.3772050142288208,-0.2696582674980163,0.5453302264213562,0.620536544165459,-0.5192089829679015,-0.4626881333722584,-0.3623206732662092,0.3474519550800323,-0.7800775170326233,0.4598118662834167,-0.4146814558535814,-0.3776379656165838,1.1553437553226946,0.3288807868957519,-0.0976075604557991,0.0729501995629863,0.0749430358409881,0.35616723449938,0.3333821693805977,1733
1726744826908025900,0.3624754677981138,0.4354594554662704,0.7783861731857061,9.267004778394105,-3.1964231746986504,0.2755113604964688,0.3998688459396362,-0.2287969142198562,0.3870746493339538,0.6256555996070098,-0.5201925668683444,-0.4640609045830714,-0.3501461998136225,-0.018020574003458,-0.858710527420044,0.6107439994812012,0.1267044719398021,-0.0896112973421812,-0.5320996285319328,0.4231759309768677,0.0071059083566069,0.1774354555392637,0.0813440084457397,0.3543584680443629,0.4123144344612955,1734
1726744826947793000,0.0133674310952424,0.1470358968287706,0.7778542582660913,9.218973445674775,-3.335663887606561,0.2329475907343439,0.3122538924217224,-0.2641082108020782,0.4152164459228515,0.6296513594420801,-0.5211626431629753,-0.4653090132030196,-0.3397295905990372,-0.423607736825943,-0.9320552945137024,0.6394267082214355,0.482061047643423,-1.0947317579716442,-1.7607769156128168,0.5169258713722229,0.0398307107388973,-0.3854534251404926,0.0791434049606323,0.4011062637591734,0.2847153517693281,1735
1726744826987559200,0.8567004159659147,-0.0342658422172069,1.1721680488735438,9.15839476607144,-3.5016707346260545,0.1802568513692356,0.547690212726593,-0.3031120896339416,0.4551348388195038,0.6342019570744596,-0.5223092330705846,-0.4669074036232153,-0.3270755818007993,-0.1623159646987915,-0.6158960461616516,0.5988683700561523,0.070148471981287,-0.4758446573466062,0.1867944547107443,0.5762534141540527,0.092661552131176,-0.3453586210414767,0.0310375764966011,0.2998922799719497,0.0190085239884443,1736
1726744827027326200,1.5981342843294142,0.1559302741631865,0.6428150887012481,9.11801307132244,-3.605376316033304,0.1830347003184259,0.9098778963088988,-0.2665740847587585,0.0895355939865112,0.6411958380165587,-0.5174392116706247,-0.4721487998743421,-0.3133690868923515,-0.3864760994911194,-0.4410237073898315,0.512647807598114,0.6126110890954732,-0.3089186496555805,-1.099204519471526,0.571763813495636,0.092056855559349,-0.4155270032996311,-0.0478797890245914,0.2724167554819956,-0.2047868056602776,1737
1726744827067093200,1.260215750160813,-0.2185071418464183,-0.4657674999684095,9.126878514823318,-3.5819887184441086,0.1995623490102589,0.8993077278137207,-0.3775560855865478,-0.2078683078289032,0.6458285801699721,-0.5094710849814372,-0.4798586935035918,-0.3050906222606614,0.7560178637504578,-0.1268713176250457,0.3087863326072693,0.6826800660997628,-0.831936269326508,0.3620475977748632,0.4586417973041534,0.1644659787416458,-0.3279967134825885,-0.0928021296858787,0.124606641144026,-0.3403079135231673,1738
1726744827106859500,0.4091910417437553,-0.8172589246764779,-0.7677157260894775,9.179885882389543,-3.4465149568542834,0.1470191557565238,0.7584712505340576,-0.4892850220203399,-0.4676772058010101,0.6475788175496466,-0.4980285998587014,-0.494440717042767,-0.2968797164105075,0.7450882792472839,-0.5555757880210876,0.3684987127780914,0.2381207738548517,0.2807017322137952,0.4069008849799633,0.3473438322544098,0.1542019546031952,-0.0769766466340515,-0.0517334155738353,0.3748373751126229,-0.1858109052998013,1739
1726744827146626600,-1.3771896862030029,-1.121642561250925,-0.551152119526267,9.240198020011189,-3.2833892182290554,0.0922136161945294,0.5039138197898865,-0.2056388258934021,-0.3022114038467407,0.6473643413193344,-0.4878671386402374,-0.5072317707450545,-0.2926108648948157,0.2253942042589187,-0.6434669494628906,0.7281337976455688,1.2372516386806964,-1.1143266852796077,-1.240816637685895,0.2733683884143829,0.0569734536111354,0.1566054152120836,-0.067516840994358,0.7165789747007191,-0.2141224422224797,1740
1726744827186392600,-1.6542869641840456,-1.1720672188475727,-0.4206932634890079,9.24270854152739,-3.273815334197878,0.1576304474108852,0.5933017134666443,0.1386478394269943,0.2494281977415084,0.6522046185680141,-0.480981375691058,-0.5105095495099705,-0.2875169443450472,-0.3467872738838196,-0.857794463634491,0.7840020656585693,-0.0994154829978942,-0.1053916347980499,-0.9492553655445576,0.223154991865158,-0.0995964854955673,0.1109999853322748,-0.0799920111894607,0.704453141164407,-0.1180104760156944,1741
1726744827226159600,-0.6780015528947114,-0.6306403745219111,-1.2483090392678975,9.192381206825376,-3.405085506618023,0.2755148128288798,0.7803744077682495,-0.1133205443620681,0.4249825179576874,0.6616185769126561,-0.475311210215613,-0.5099332385121244,-0.2762394450663012,-0.0288079734891653,-0.5846301913261414,0.7466983199119568,-0.1447825649440288,-0.2977905219197273,-0.6497564322717487,0.1317610442638397,-0.0967830643057823,-0.0489967802179977,-0.0764575898647308,0.597118884398602,-0.0481107820305507,1742
1726744827265926700,-0.2045288853764534,-0.3111956546768546,-1.795886807438731,9.13774536127448,-3.551250758092105,0.2462397098373621,0.7346742749214172,-0.5995151996612549,0.4249659180641174,0.6674546343547877,-0.4711668542360424,-0.5152155512785431,-0.2589578364986423,0.0505528971552848,-0.5026127696037292,0.5582605600357056,-0.0548521186500787,-0.5772986604347825,-0.8496215636208653,0.1193064823746681,-0.0888010635972023,-0.1212787022977136,0.0074276058003306,0.7122646186329424,0.1849957895246334,1743
1726744827305687600,0.106226916578412,0.1141498185321688,-1.448930395811796,9.077932405346631,-3.708295715498924,0.1005455738732125,0.5004809498786926,-0.6124324202537537,0.4626758992671966,0.6687738421331365,-0.470746555515637,-0.5227535583413787,-0.2405579453576681,0.1181891933083534,-0.5141305923461914,0.4888873398303985,-0.1218272212922573,-0.2882256979778408,0.0181201785802841,0.1189716681838035,-0.0217676050961017,-0.2842523556337691,0.0695305541157722,0.6438857866726815,0.0494161016086116,1744
1726744827345454600,0.2792009722620248,0.3452417166635393,-1.021870519900322,9.003865883138776,-3.885966404566168,0.0050832460937759,0.3058412075042724,-0.232841745018959,0.5397308468818665,0.6703253600878453,-0.4725654474328086,-0.5257591886760196,-0.2256612122997884,-0.0536701790988445,-0.260721743106842,0.2315583229064941,-0.1768213787615299,-0.7807774522364139,0.387537866731733,0.1368139833211898,-0.0459897220134735,0.1252099133999552,0.0742116048932075,0.9385374260447918,-0.2430036870582029,1745
1726744827385221400,0.5733095907986164,0.8125900560826063,-0.8962684562444686,8.91566036094129,-4.084266916947066,-0.0130794376168516,0.0996685475111007,-0.0990934073925018,0.5402382612228394,0.6731557854016754,-0.4763923033753708,-0.5231799298877025,-0.2149290808275741,0.4893971085548401,-0.2956129312515259,0.3950065672397613,0.8073235138565301,-2.845622362603247,-0.6666945614606141,0.1421939432621002,-0.1374750137329101,0.1045070431164,-0.0603044442832469,0.938869142217189,-0.5037541893396527,1746
1726744827424987400,0.8216524834603071,0.9939169295698403,-0.2451847208917141,8.829524046233296,-4.267089874210954,-0.0430176418763119,0.1211872324347496,-0.1722349524497985,0.4920933544635772,0.6748789550146601,-0.4810406070035358,-0.5203779624658016,-0.205779546908289,1.1397154331207275,-0.4617483019828796,0.6366574764251709,-1.1506143887132405,1.892979692707956,-0.5131888840958476,0.187671422958374,-0.2289894372224807,0.1775606345552019,-0.1962313652038574,1.0548809552289544,-0.5966373114267364,1747
1726744827464754400,1.1910305702537298,1.0407245657131077,0.4377718240618705,8.753884575620294,-4.419990571419895,-0.0597870634347666,0.3490809202194214,-0.1036595180630683,0.372531920671463,0.6770940379038559,-0.4832613952050389,-0.5191403622230598,-0.1962024456428324,1.5175594091415403,-0.3351109623908996,0.3785397708415985,-0.5797048447936773,-1.7556109111517666,-1.616411699298024,0.2900480329990387,-0.298207014799118,0.2512612095274962,-0.3432035744190216,0.9882662103317678,-0.585338612896949,1748
1726744827504520200,1.6143682107716797,0.8401783202320336,0.3204734783709049,8.69730811739564,-4.530690541759133,-0.0069827344559918,0.5585641264915466,-0.1003307998180389,0.2321729362010955,0.6818867591114066,-0.4805213265690705,-0.519090815838326,-0.1862105848993365,2.2755377292633057,-0.0059814332053065,0.3156937658786773,-0.5300099627763033,-1.1527584150046108,-0.5895256893232464,0.3462754487991333,-0.3535232841968536,0.4402918440587818,-0.4501466155052185,0.839866843130067,-0.3149266213661059,1749
1726744827544287200,2.1890327233105897,0.7681780829042196,0.0409972054319921,8.687976225426793,-4.548024538397788,0.070333112399769,0.4817366302013397,0.0789079442620277,-0.1142651811242103,0.6866211765929359,-0.4738547636060966,-0.5214169850520151,-0.1792691943209263,3.1721153259277344,0.116037793457508,0.2627387344837188,-0.6210691208392382,-0.7757793516881764,-0.1345917180582881,0.3544387817382812,-0.5658090710639954,-0.1438994345671031,-0.4111358523368835,0.8002071790453046,0.1042458257637918,1750
1726744827584054000,1.5553917056679725,1.039151617307961,0.4331441277286038,8.716930517232418,-4.480965849125385,0.3262666748195886,0.1760591715574264,1.1099340915679932,-0.292665421962738,0.694914745208152,-0.4652935035732684,-0.5165917007648217,-0.1836530365332854,3.253591299057007,-0.257833868265152,0.1139416769146919,-0.1394961489737033,-0.1934094524037092,-1.2099652800872922,0.3738093078136444,-0.5012855529785156,-1.2502983133889731,-0.3026669323444366,0.2543121215307153,0.3444016125775873,1751
1726744827626306800,-0.2303834576010704,0.4283551764190196,-0.2404033318340778,8.768256215322017,-4.278829704104363,0.9897885245282202,0.0364822447299957,1.484155297279358,-0.4923117458820343,0.7124315091988885,-0.4505763466365874,-0.4965035592267207,-0.2071388732254203,1.7858952283859253,-0.5441629886627197,-0.3308794796466827,0.3159434337258339,1.6292156512916087,-0.8156517817407846,0.3225393891334533,-0.3167655169963836,-0.2008145958273671,-0.1034621745347976,0.1186300692187622,0.3614992797097191,1752
1726744827666073900,-0.6009241584330797,-0.1497901639729738,0.2168028221465647,8.76590117662847,-4.1732405009076,1.3832722209870814,-0.1290216743946075,0.8033210635185242,-0.1418216526508331,0.7217854434146048,-0.4435705599410094,-0.4824084420986603,-0.2226053829006807,0.9499271512031556,-0.2882645726203918,-0.377939373254776,0.0338835649013519,1.9578207059308883,1.0027908486381172,0.3267503082752228,-0.0667462050914764,-0.084561512272479,-0.0457268729805946,0.0452203441189369,0.2012812086921185,1753
1726744827705840600,0.5697270561367273,-0.3333797216951847,1.254433513497561,8.743267904537916,-4.160237226949632,1.555012350961566,0.0460140742361545,0.280907541513443,-0.0189071390777826,0.7260694884104069,-0.4415230725467408,-0.4751566188508126,-0.2282686436967364,1.8666305541992188,-0.0238777678459882,-0.3836153745651245,-0.4542068260341882,-0.030956133147329,0.2205465387195348,0.3392871022224426,0.0301746316254138,0.2925285280046053,-0.1591815799474716,-0.3291230140987783,-0.0496729259138926,1754
1726744827745606400,1.394423729598522,-0.3644555356994271,1.9606250958271323,8.753400591495632,-4.09983331939131,1.655217961423844,0.3444342613220215,0.2262377291917801,-0.311383306980133,0.7288966854264469,-0.4367074864918271,-0.4742298414855093,-0.230439547762226,2.499746084213257,0.1356804221868515,-0.2937153577804565,0.0397743765056133,0.1471273379718884,-1.985888278029859,0.3128641545772552,0.2437802106142044,-0.1877572535946033,-0.2440030425786972,-0.532258070496656,-0.2249495959840715,1755
1726744827785373400,0.2239455335080623,-0.2576370829686522,1.6702368129879237,8.797555959564447,-3.904981486159562,1.8773714969486,0.7134472131729126,0.5450263023376465,-0.5034594535827637,0.7351496514629804,-0.4227221817810591,-0.4749596266324928,-0.2351050741760691,3.622925281524658,0.3937389552593231,-0.2415636926889419,0.8573217627346515,-1.8953553357981143,-2.31706522898376,0.3228481709957123,0.0289222113788127,0.5151300082262605,-0.1396750211715698,0.1041108194735832,0.281422210241761,1756
1726744827825140500,-0.2758925783663988,-0.4441965964123606,0.4397041072987019,8.808976348245144,-3.692983872337639,2.2213009619697925,0.7644980549812317,0.6866408586502075,-0.3469762802124023,0.7455978395540646,-0.4042944076371547,-0.472536983726434,-0.2394548188247592,2.5079267024993896,0.5865312218666077,-0.4682946503162384,0.8293804473638534,-1.5178580938264727,-2.7239351343035696,0.3091941177845001,-0.1256976723670959,0.0080517553519253,-0.0027058105915784,-0.0092656486282445,-0.0259760294800857,1757
1726744827864901400,-0.0324362887024879,-0.4827461072981357,-0.2009194627076387,8.801948057043552,-3.5148227694049474,2.518357324396073,0.6391419768333435,0.3823294043540954,-0.3050636947154999,0.7548137126740204,-0.3882183669927177,-0.4699851240116116,-0.2421916346416456,1.6217368841171265,0.9262000918388368,-0.7320507764816284,0.5274760603845119,-2.937924798725545,-1.4638926948830484,0.1790227591991424,-0.1534367054700851,-0.2040639712784439,-0.0461325123906135,-0.2097141242609359,-0.4086093328656628,1758
1726744827904668200,0.5862737017899752,-0.6547711916938423,0.0189130825236439,8.828474244919418,-3.326486893938481,2.6763591441363093,0.6875011920928955,0.0923881232738494,-0.4156261384487152,0.7599136127652316,-0.3742724342246328,-0.4727195861244671,-0.2428735580387923,1.184159278869629,1.1137183904647827,-0.9250439405441284,0.7955383835166693,-2.1519776887662707,-0.0780892018526792,0.0570131242275238,-0.147775262594223,-0.1211204703955445,-0.0529626347124576,-0.0980555471557658,-0.1614515218026936,1759
1726744827944434200,0.5850140571177005,-0.7819178544431924,-0.3615150983333587,8.884053508800267,-3.0564360273376106,2.811082671880722,0.7734043598175049,0.1704004406929016,-0.6560350656509399,0.7638207467337652,-0.3573505471851048,-0.478513586980149,-0.244751436940246,0.3480040431022644,1.1365631818771362,-1.038294792175293,0.971252093297243,-1.605321711615473,0.855258108203113,-0.0699031129479408,-0.1195261403918266,-0.2903638242513872,0.0220043025910854,-0.2332634882831014,0.0885320050723385,1760
1726744827984201000,-0.4726332940846681,-0.7789373773276805,-1.1066603884354234,8.93763195425272,-2.7158488584816456,2.9855095567211505,0.5932919383049011,0.3499043881893158,-0.7663719058036804,0.7676166090670071,-0.3383135433059244,-0.4830375969373594,-0.2509646069334657,-0.9478406310081482,1.2222599983215332,-1.291972517967224,0.9394996952056884,-0.8974988748222589,1.8710697664558888,-0.1462448239326477,-0.1552476435899734,-0.1013008035541512,0.1648191064596176,-0.153023757333029,0.2456216144716367,1761
1726744828023968000,-1.1565911250352858,-0.6796165868759155,-1.534207755602896,8.959593026170134,-2.482375325910747,3.119917150384188,0.322560966014862,0.354580670595169,-0.6316648125648499,0.7698739913842162,-0.3264008491383043,-0.4841394180824828,-0.257615063390547,-1.765033483505249,1.1338776350021362,-1.268399000167847,-0.2030371855139732,0.3742199008014052,4.2849207144558425,-0.2617080509662628,-0.1971663534641266,-0.2126554566761478,0.1557575911283493,-0.3565799800187349,0.0153756062796106,1762
1726744828063733800,-0.7977993141859769,-0.2801625107705593,-1.2697419956579803,8.967712619739771,-2.287020073201507,3.243461696988344,-0.0471470020711422,0.2804000079631805,-0.4202386736869812,0.7710810866095452,-0.3179823719748419,-0.4832356461136037,-0.2660909291719205,-2.3176934719085693,1.069280743598938,-1.0240970849990845,0.7675023755997419,0.8812344071112572,0.8931067773431539,-0.340093046426773,-0.1487298160791397,0.0620118724779225,0.1819845736026764,-0.4001738052146509,0.0772253880975767,1763
1726744828103500800,0.0432248092204332,-0.1020060840129852,-0.6727411481484771,8.970944441267848,-2.146298620216548,3.329556802903116,-0.194253534078598,0.2760599851608276,-0.4839895367622375,0.7704374209998125,-0.314378235487026,-0.4810469503287679,-0.2760187515752656,1.6823827028274536,0.6644588708877563,-0.5515414476394653,-0.327638547694683,-0.6814027396403253,4.155221736875176,-0.4919644594192505,-0.0947948992252349,-0.0893223243329674,0.2258363664150238,-0.803538223164156,0.0823967080545611,1764
1726744828143266600,0.2321019519567489,0.18471008618474,-0.3866188521906733,8.965973082596063,-1.99607371808812,3.4347374252989886,-0.2862649857997894,0.4681163132190704,-0.5270587801933289,0.7694572107518065,-0.3111362743295469,-0.4775681614806648,-0.288198889610715,3.454406261444092,0.1257500201463699,-0.321302980184555,-0.6032821197360754,0.4314046271175146,6.029212359213829,-0.5881842970848083,-0.2061051130294799,0.3367515727484598,0.3270988464355469,-0.2354917587918229,0.4249435048120096,1765
1726744828183033300,0.6180003809183836,0.9948346289366484,0.050696460275352,8.917057952779532,-1.8190385504454367,3.653432783193886,-0.4753004908561706,0.9302827715873718,-0.803754448890686,0.7698163356625113,-0.3067765949487915,-0.4686308619471875,-0.3060329390784728,1.766018986701965,-0.347357302904129,-0.4331145584583282,-0.7314326988309622,3.074275635410845,5.847668043583632,-0.569901168346405,-0.3506927490234375,0.3389736327121034,0.3062363266944885,-0.0656992055214243,0.3968441493352875,1766
1726744828222800400,-0.3389391093879938,1.6348858058825135,0.4032698350012302,8.797652405676246,-1.5600668578721582,4.042013875368237,-0.5372369289398193,1.4125854969024658,-0.9411532878875732,0.7716365848356406,-0.2982544985994359,-0.4527238678963951,-0.3326593096494893,0.1876545548439026,-0.7259271144866943,-0.077873095870018,-0.4241659080356359,1.565454249998927,3.820174374228716,-0.5926079154014587,-0.4777508378028869,0.096765187684819,0.2853961884975433,-0.0072727469323552,0.6328182300176471,1767
1726744828262566400,-0.5324953498512506,1.7581674637667837,0.2005588127017021,8.613524503293633,-1.4376437165133655,4.46214862819165,-0.6514809131622314,1.1376632452011108,-0.5977939963340759,0.775208757333207,-0.2928579382484258,-0.4321203027059658,-0.3557495671852241,-0.6323574781417847,-0.941838264465332,0.0905390158295631,-0.0103431148380041,0.316768340242654,2.1373756013095377,-0.6456570029258728,-0.4557265043258667,-0.3687795729110017,0.415760725736618,-0.1705645833890885,0.8398135785728692,1768
1726744828302333400,-0.1926338649213314,1.7555169492579996,1.5130501090228556,8.488093704551458,-1.2346281583093106,4.753772736436129,-0.2095361351966858,0.726022481918335,-1.1265568733215332,0.7739477129545108,-0.286365351917919,-0.4190703207532398,-0.3786555150326217,-1.119079828262329,-1.059430718421936,-0.4022522568702698,0.3097930944025516,-1.0953108730338512,1.2054757135830818,-0.7984253168106079,-0.2865902483463287,-0.8578842919882387,0.6264165639877319,-0.3815576232783496,1.1059517287094145,1769
1726744828342150000,-1.3320645963191986,1.2013551995869725,1.6763813070923088,8.428478317022323,-0.800176783907041,4.948823599371313,0.3005273640155792,0.4945172071456909,-1.2465564012527466,0.7696920038513437,-0.2701481620961699,-0.417971517612991,-0.3998674835505814,-0.9329192042350768,-1.2826459407806396,-1.1705843210220337,-0.138527011680603,-2.033183843820542,0.6669032357752323,-0.9051135778427124,-0.0693614706397056,-1.3670324493259192,0.8613932728767395,-0.5230756334684789,1.2387031526632606,1770
1726744828381917400,-1.4540385326057672,0.9723806589357554,2.310485850593448,8.36026227440834,-0.3389646456880494,5.114830738651752,0.5741336345672607,0.6023387908935547,-0.9933830499649048,0.7665875050134363,-0.2505402858661893,-0.4200544946019125,-0.4160856922268037,-0.241233691573143,-0.9542833566665648,-1.8351253271102903,0.5413976182311773,-2.220297630146146,-0.0262426947593688,-0.9441057443618774,0.1940077245235443,-0.9591490561146288,0.9915257096290588,-0.4563418653015047,0.8223080247595905,1771
1726744828421686300,-0.4891846159130334,0.9510945636704564,2.5016882214069365,8.126088776874541,0.1288399130659177,5.488211046823859,0.6374860405921936,1.7604950666427612,-0.9899843335151672,0.7704810994672325,-0.2227559069942178,-0.4129877951688912,-0.4314854475427594,1.5577523708343506,-0.6337047219276428,-2.1587142944335938,-0.9419634549707174,-2.07851190893054,-0.9093129389956592,-0.9370233416557312,0.2367997169494629,1.0931837248120455,0.8999196290969849,0.2158247526283375,0.1241682223272975,1772
1726744828461453800,0.948310778170824,-0.1890858170509338,1.161456685245037,7.541527724221348,0.591461150897853,6.2406660754174,0.4980692565441131,1.8375310897827148,-0.7634361386299133,0.7860854659800668,-0.1813315180183948,-0.385918977662272,-0.4474985870789342,3.1397879123687744,-0.531336784362793,-1.7970350980758667,-2.7106156340032816,-3.2964027213200926,-0.7320531688168644,-0.9739385843276978,0.2517265081405639,0.3307703063817694,0.856274425983429,0.1145521979211363,-0.3620240342361852,1773
1726744828501222700,1.2495225067108868,-0.8904008793853223,3.409363037806749,6.997454749301076,0.9893112624052912,6.799063928288221,0.6310494542121887,1.836670160293579,-1.1791300773620603,0.7934349987291732,-0.1490790562184578,-0.3621044786921329,-0.4659577216276368,3.0949339866638184,-0.6680096983909607,-1.8340301513671875,-2.161595265808701,-1.7010130595237016,-1.742171291603148,-0.8319551348686218,0.1883486807346344,1.279178663175553,0.6667872071266174,0.7751482141777872,-0.8191733069304377,1774
1726744828540991000,0.1385708508223295,-2.1098019502073524,3.206512899297476,6.402537722328304,1.5866687413327396,7.256746906000376,1.4205737113952637,2.269803285598755,-0.7908783555030823,0.799414302930789,-0.1059771584260584,-0.3446414434049884,-0.4805494365132607,2.566291570663452,-0.6041340827941895,-1.9671887159347528,-2.187829192739725,-1.625850558772683,-2.0861206303685904,-0.7368381023406982,0.0410467237234115,-0.4479454640844836,0.4881499111652374,0.5239591748373582,-1.1484132984723896,1775
1726744828580758800,0.3465449082165956,-2.396232873722911,0.4807809447050094,5.518500386625528,2.045332546775788,7.844306555947661,0.7779545783996582,3.3920202255249023,-0.4867509603500366,0.8141952067131695,-0.0578692414685131,-0.3109707628743132,-0.4868618295166379,1.3807964324951172,-0.6490315794944763,-2.1673057079315186,-1.4259031559675932,-1.2466565958857536,-3.244529033958912,-0.578161358833313,-0.103458397090435,-0.6808468593232333,0.3286423981189728,0.879402004052326,-1.2026304802197962,1776
1726744828620527400,0.1712929707288742,-3.040517450454831,-1.429081201481819,4.228950113169849,2.3550277337618173,8.528786949467658,0.684822142124176,4.206455230712891,-0.1334264725446701,0.8329317660924587,-0.0062609599335633,-0.255173823160816,-0.4909906200371398,1.7046650648117063,-0.3582587838172912,-2.100555658340454,-1.54659348218441,-1.1394988281980156,-3.2813620963156223,-0.4185852408409118,-0.1453177034854889,-1.795050210484117,-0.004800695925951,0.1288369173912331,-2.434831922838837,1777
1726744828660295000,1.203275719320774,-2.990167027138173,-3.557675530442596,2.7459599191069604,2.5357173322588205,9.066433690732715,0.409853458404541,4.18285608291626,0.3632773458957672,0.8530425555222042,0.0441431759106016,-0.1891874583314276,-0.4843322582450274,2.470099449157715,-0.1780606210231781,-1.854231119155884,-0.9897311683177948,-0.1312748485952615,-4.97341151266098,-0.3801082372665405,-0.1597543060779571,-1.7911302605614066,-0.2114932388067245,0.1010241420372389,-2.112988763549924,1778
1726744828700063700,1.9066563358828423,-2.911520191402733,-3.552456919011473,1.333745973534882,2.6260116434291003,9.353906816777586,0.3009125590324402,3.840907573699951,0.4882127642631531,0.8690219796023315,0.0863254010101825,-0.1250256534159347,-0.4708686055548314,2.8880615234375,0.1840264797210693,-1.3074226379394531,-1.071349128818512,0.0361319283500313,-7.89346893852353,-0.2659431397914886,-0.3350454866886139,-1.871284432119876,-0.1699506640434265,0.0690548406588379,-1.7380466128885743,1779
1726744828739832000,3.334140039040148,-2.723023864677548,-3.866018426036834,0.2098769866724498,2.6115438498765227,9.450194523143768,-0.389214426279068,1.9720284938812256,0.5746379494667053,0.8800949897277048,0.1143935357329292,-0.0713322709058733,-0.4552567209767902,2.8081769943237305,0.335130363702774,-1.0076303482055664,-1.192781213313341,-0.0159770290717482,-7.9578493484973905,-0.1260185837745666,-0.3088715076446533,-2.141008989375829,-0.1277918964624405,0.0293534471910446,-1.235507571492344,1780
1726744828779600000,2.308530771002918,-2.547997260378301,-0.5949848315119743,-0.0870109421180561,2.474225629463792,9.488994501659274,-0.0531504899263381,0.2757520377635956,0.5056545734405518,0.8869833926768911,0.1157371506043035,-0.0529228164817617,-0.4439195397280923,3.2079436779022217,0.4340464472770691,-1.315227746963501,-1.229376375260949,-1.5971850207805631,-7.104377246928214,0.0343962386250495,-0.4299281537532806,-1.8109017134800551,0.040104441344738,0.2510603349268436,-0.6367528660528361,1781
1726744828819368700,2.3852378708474338,-1.4822130722105502,-0.4321253426074981,-0.020963786242064,2.5603520072996613,9.466495669603349,0.3397532999515533,-0.5802789926528931,0.3395473062992096,0.8896039461435993,0.1186556506801377,-0.0571303428689779,-0.4373347055696491,2.4171559810638428,-0.4232192635536194,-1.686294674873352,-4.543782663044333,-0.4538489525072276,-5.611641611659526,0.0475570894777774,-0.5084206461906433,-1.463304081340134,0.2291999012231826,0.5867645540468395,-0.1050165909405797,1782
1726744828859135200,2.100819017806649,-2.10875244115442,2.1141215669721363,0.2929337478046305,2.773592314659059,9.401689143171906,0.8711387515068054,-0.5273013114929199,0.6558033227920532,0.8915726756747604,0.1221891516895574,-0.0756112880158143,-0.4294775188268231,0.6418236494064331,-0.9504848718643188,-1.7217092514038086,-2.400641337814927,4.105072389088571,-3.6267993355512615,-0.0670666396617889,-0.3430214822292328,-1.5007748570784925,0.2775709331035614,0.0357117712757783,0.0481522830847185,1783
1726744828898902500,2.3252375756539405,-0.9121484546825288,0.0201776956319808,0.5380780088217929,3.07306479831636,9.297156755551695,0.6083155274391174,-0.7304114103317261,0.4731527268886566,0.8936261531741063,0.1319519510401562,-0.092550518328945,-0.4188738445826203,2.7586770057678223,-1.1239283084869385,-0.3308171331882477,-3.2007676336437463,-0.9538109830223024,-2.421995091488957,-0.1953253298997879,-0.0824940353631973,-0.7801629735998808,0.2149567008018493,0.0336341156183509,0.0109839334921911,1784
1726744828938671400,1.7764931017912924,-0.7563686949059367,2.070188317221403,0.9961421313386408,3.342405763082206,9.165500798684358,1.0799617767333984,-1.119520664215088,0.3124346733093261,0.8929107684013385,0.1356580384073105,-0.1195257067348841,-0.4123358803010484,4.222116947174072,-1.5226727724075315,0.5545048117637634,-3.508080601668357,4.584640158611536,2.6971915042847394,-0.2621516585350036,0.0705289468169212,0.1972948790023103,0.0024341156240552,0.2272301446693018,-0.1258206657094415,1785
1726744828978439200,0.9575693126425148,-0.1378007432326674,0.9931056131869552,1.20768688682653,3.677777535377442,9.010317835757135,0.6573398113250732,0.0272411853075027,-0.0274963527917861,0.8896544790632311,0.1475835415614808,-0.1371886883627958,-0.4097722263007951,-2.5926878452301025,-1.826504230499268,0.1494608521461486,1.3802473202079533,7.022050845897198,4.542066506776213,-0.3291304409503937,0.2804386913776397,0.4818395503798499,-0.218298077583313,-0.0983853362325579,-0.4193114172091707,1786
1726744829018207500,0.0706196696896106,0.3593576280385255,0.3718015145480632,1.1594015062808989,3.880773804359138,8.931168311196565,0.5860770344734192,0.0380158759653568,-0.0875845029950141,0.8878712493910429,0.1585970308233259,-0.1395855098718492,-0.4087146838649315,-2.762364149093628,-1.734589695930481,-0.5440329313278198,1.1317740791648625,0.1354915895074606,2.676632700380683,-0.3536489307880401,0.2896268963813782,0.6594663637727498,-0.3339995741844177,0.0128272609455802,-0.167361056373734,1787
1726744829057976300,-0.6706997785139829,0.6096510702461004,-0.931027634936571,1.1125795493513344,4.032705948796868,8.869601789599656,0.1782717406749725,0.3575043678283691,-0.1875337809324264,0.8855515341948893,0.1667955872466569,-0.141263574510623,-0.4099053688638692,0.0145088750869035,-1.0410897731781006,-0.6531654000282288,1.7516101510778068,-2.7738211549788714,-0.689186963775754,-0.3057316839694977,0.3059865534305572,0.9514955456867812,-0.5542263388633728,-0.2060521859535947,-0.4648277349002659,1788
1726744829097744000,-0.3648933425948024,0.7302513800919056,-0.7916594962567091,0.6602778993513435,4.0183483376204965,8.921171233317255,-0.1569379419088363,0.9140579104423524,-0.2170152366161346,0.8862704008918534,0.1756531964109837,-0.1195525364121899,-0.4115556760299266,-1.882517576217652,-1.118147373199463,-0.7798559069633484,0.2173033190146088,0.7828881607800722,0.8693021233856677,-0.208975687623024,0.4316401481628418,1.3493725817337632,-0.6811032891273499,-0.4592165074223652,-0.4453866099145263,1789
1726744829137512400,0.2961837443102151,0.5233125109642743,0.664068889132142,0.5078191006910056,4.085525392575562,8.900617105588317,0.4405348002910614,-0.3729695975780487,-0.5864350199699402,0.883214717082398,0.181572647604101,-0.1150051741960379,-0.4168177027689649,-0.0713399872183799,-1.1380785703659058,-0.6197398900985718,-1.008396559690684,-3.45414881273359,2.8627181665718555,-0.2094217389822006,0.6185788512229919,1.1955682136833667,-0.8220134377479553,-1.2346681980587542,-1.2297868557579814,1790
1726744829177280300,-0.9952896792277692,-0.2664382290616631,0.0587725069642066,0.7359677119120955,4.272386519314349,8.796331386205553,0.5277619361877441,-1.353480100631714,-0.471010684967041,0.874355904806917,0.1838361465419069,-0.1331021365064561,-0.4289402845852474,0.1149374768137931,-0.8463953137397766,-0.8565787672996521,0.0214622555498033,0.0953007411554455,-1.405218679857254,-0.3177189528942108,0.4725016355514526,1.9961036748349663,-0.722601056098938,-0.5768339289998635,-0.9091189507935196,1791
1726744829217048800,0.2400775339458137,-0.5196978275984525,-0.3877577930927276,1.0744885958880186,4.391720170225203,8.702221023878455,-0.1192868649959564,-0.6284880042076111,-0.3979891240596771,0.8662916667753651,0.1800319922133856,-0.1545919793398454,-0.4395778236890393,-0.1984729021787643,-0.8801252245903015,-0.8064504265785217,0.0214074566226452,0.343894101446867,0.3845499369621276,-0.4702282845973968,0.3855285346508026,1.03835834803842,-0.5668911933898926,-0.4607416346304118,-0.1952323569819331,1792
1726744829256817400,0.7559892671342938,-0.7118108835160731,0.2761684726983308,0.8620421423200517,4.200013357020914,8.819702909442782,-0.8925106525421143,0.7458241581916809,-0.500762939453125,0.8651782083723656,0.1743303890096983,-0.141170885056261,-0.4484935449465695,-0.2639123499393463,-0.7247068881988525,-0.7540802955627441,0.5983764467116445,-0.1774175910890102,0.325064897814393,-0.5592277646064758,0.3999749422073364,0.7215386429347097,-0.5171777606010437,-0.1182038796959444,-0.2002431526149623,1793
1726744829296585000,0.422402916951105,-0.2320326861128211,1.010195279675722,0.5282447066694498,3.928081791239977,8.970034340685606,-0.6126227974891663,0.4644771516323089,-0.6727187633514404,0.8639812112741858,0.1678256462718119,-0.1203747388847877,-0.4592178205088845,0.1741456687450409,-0.5741648077964783,-0.643733561038971,0.2843996734162792,-1.0451946968644856,0.2731651992291212,-0.5581039786338806,0.4345626831054687,0.5996404752980917,-0.4940628707408905,0.5045540710130706,0.2565795732723548,1794
1726744829336353800,0.2744693406302482,-0.4202221388459205,0.8718746042221784,0.2785912063332274,3.8563504339814174,9.01228767452538,0.0859920978546142,0.2874669730663299,-0.7078900933265686,0.8593415464417857,0.1691352358509668,-0.1090617687965557,-0.4701392359862541,0.4818872511386871,-0.2921139597892761,-0.5689547657966614,-0.2085809007136151,-1.0738996900841593,0.1625695660471916,-0.42770916223526,0.494039386510849,0.6353006214179098,-0.3557148277759552,0.8044597949884832,0.7856019497834146,1795
1726744829376121300,0.0318328611829318,-0.3285334507077932,-1.637262764146924,0.1784078990343026,3.884521466454864,9.002724311888217,-0.1224514245986938,-0.2207697629928589,-0.6157238483428955,0.8525877659231267,0.1715072048038405,-0.1075828571234845,-0.4817730935901912,0.2107729166746139,0.0348128154873847,-0.3390014469623565,0.4387102008905261,-0.097416710396111,-0.0189513687074184,-0.2620545029640198,0.5290478467941284,0.8716439372714608,-0.3341326713562011,1.159488819238171,0.7039760251719505,1796
1726744829415847400,-0.0842952625517267,0.4100339223086833,-1.8766513659805053,0.1309821766584646,3.739715812896192,9.064643300184606,-0.6510260105133057,0.0824008807539939,-0.4455058872699737,0.8487581830578802,0.1647851710135583,-0.1033328291994645,-0.4917090008172231,-0.205853596329689,0.0928188040852546,-0.2076736390590667,-0.4343744367085397,0.3638938101634383,-0.2715349676787853,-0.188250184059143,0.4395820796489715,1.0211319034274666,-0.3058396279811859,1.5202046569526195,0.8652679724987595,1797
1726744829455614500,0.5497760088674724,1.0530693757623433,-2.759772755882144,0.0664316799478605,3.4255841047674416,9.188653126212952,-1.1225833892822266,-0.257618099451065,-0.5501365661621094,0.8467876575976672,0.1509547395055811,-0.0933902791540388,-0.501439457751803,-0.0874297395348548,0.0655779168009758,-0.1542753279209137,-0.3873339416574686,0.549415797252953,1.01450729765594,-0.1916866898536682,0.2939448058605194,0.8319292550638318,-0.2517915666103363,1.5759825121454891,0.9915094300366938,1798
1726744829495381000,0.2872896957693621,1.2352777082592248,-2.127333515244722,0.0670522001661127,2.877062918266654,9.37488121574521,-1.837138056755066,-0.0656043514609336,-0.5698767900466919,0.8445356820678531,0.124874367515579,-0.0801278721410677,-0.5145342283991878,-0.0553194731473922,0.0201126988977193,-0.0800779983401298,0.2282375316135585,-0.0988818145126104,-0.2102782426834106,-0.202416181564331,0.1796126961708068,0.7599228802561759,-0.2353203445672989,1.5694930039957165,1.0738966944094748,1799
1726744829535148000,0.2735763373132795,0.7444970553264021,-0.9156833508104084,0.0209105034185573,2.1008619801655413,9.57895242048204,-2.214872598648072,-0.1191971227526664,-0.4088014364242553,0.8437644659297843,0.0908735350238446,-0.0578908927580117,-0.5257871753817117,0.1827815026044845,-0.0615154802799224,-0.1182940229773521,-0.0577585076160728,-0.0872866537868976,-0.1678109738320112,-0.201895385980606,0.1444551348686218,0.0919964754456654,-0.2089781463146209,1.2101480162430551,1.2421923099532723,1800
1726744829574914300,-0.6963645272549241,0.6121782506361604,-0.1701864707916975,0.1448003471958916,1.2168421801194549,9.729784786984323,-2.3009138107299805,-0.5339205265045166,0.0293320976197719,0.8443622583703407,0.0486479264041315,-0.0394006897530984,-0.5321026846277535,0.089995376765728,-0.1808980107307434,-0.2185010462999344,-0.0062049190547317,0.2293193355008959,0.2128869638770818,-0.1766400784254074,0.1787254363298416,0.431937455352582,-0.05701145529747,1.3205962768435475,1.502358473008126,1801
1726744829614681300,-0.3277828515361994,1.0628500344119964,1.339603759652376,0.4260947572063654,0.3994086660610512,9.789244107168912,-1.7599217891693115,-0.8231335878372192,-0.0726515501737594,0.8459596655244468,0.0056657150895239,-0.0292464221550601,-0.5324141521185681,0.1971700340509414,-0.2129722088575363,-0.3375319242477417,0.062628232544288,-0.0384378672048449,0.363166957193613,-0.1820794194936752,0.1679305285215377,0.5812926254417747,0.1401158273220062,1.203893632023409,1.487889510411769,1802
1726744829659419400,-0.2559361242696643,1.4284491871885954,1.121364913353324,0.885611160890758,-0.2653160931639373,9.762975108924508,-1.0716973543167114,-1.3275840282440186,-0.4400832951068878,0.8409090745953106,-0.035797981588478,-0.0307457340596741,-0.5391151727469764,0.130387008190155,-0.2070880234241485,-0.3970512151718139,0.2171033394630998,0.1139390983909368,0.3507581419974565,-0.1917133778333664,0.2070313990116119,0.666389514099434,0.2764837443828583,1.1266693033717572,1.005136754177138,1803
1726744829699185400,-0.2458084057480096,1.110676346078515,2.5796231094807385,1.4839099392563104,-0.4979103221496567,9.680933954575655,-0.0334575548768043,-1.4664294719696045,-0.3643234670162201,0.8346187506705514,-0.0628228017651493,-0.0496289543735113,-0.5449787767356453,-0.1970718204975128,-0.1275340169668197,-0.3948912620544433,0.3591249152611941,0.1634884344577789,0.570865120255947,-0.1424242854118347,0.0466528013348579,0.876798543555662,0.2097491025924682,1.1225535386160015,0.5987026464587077,1804
1726744829738952700,-0.5468501845486462,1.0379964559234678,4.339430303278565,1.87727797344625,-0.1379262693084776,9.624301966771483,1.7694181203842163,-0.6537426710128784,-0.4344023466110229,0.8305443171936404,-0.0588916520119205,-0.0763474726300204,-0.5485426433943986,-0.5688352584838867,-0.0005642969626933,-0.410119354724884,0.3206516114167869,0.6944096668601035,0.6791501384079456,-0.0548175796866416,-0.0543313287198543,0.4531985988397151,0.1087181195616722,0.7761949467517435,0.6297844883449375,1805
1726744829778718700,-0.2765348217926919,1.06206034533903,3.781062845546007,2.194888901992887,0.8287604888346046,9.521869766300917,2.9436888694763184,-0.9904436469078064,-0.7308852076530457,0.8240845615051411,-0.0275193136823061,-0.1173134219064715,-0.5535024536880262,-0.3063572943210602,0.0958163067698478,-0.4449576139450073,0.9384512090660632,0.054370472612977,1.4836463198840617,-0.0129889752715826,-0.0538953840732574,-0.0383276437294436,0.1862376034259796,0.5749208619201556,0.9446667956452816,1806
1726744829818486000,0.430432274954021,0.2164621920153498,2.9905665478497743,2.4354272583834824,2.1389834748975933,9.255475668641925,3.468576669692993,-0.6821595430374146,-0.7376757860183716,0.8146534265860029,0.0204804592546397,-0.1663809497981455,-0.5551917269059825,-0.8692150115966797,-0.1214658468961715,-0.6661562919616699,1.0920608582619578,0.692692926070094,0.3872667947053909,0.0625911727547645,-0.1749456375837326,-0.3337340515581891,0.2521335184574127,0.5147083122154698,0.4791322276499122,1807
1726744829858244000,-0.1525920696511864,-0.1806663637518882,0.8749363298803567,2.5415561214149,3.406254258136451,8.83789030804038,2.9785587787628174,-0.2511930167675018,-0.978230357170105,0.7998881700855125,0.07014122612682,-0.2108866844711845,-0.5574818727481019,-1.2489731311798096,-0.1698835492134094,-0.3047729730606079,2.197902696856111,0.84136022349298,0.843398451322317,0.1510991603136062,-0.1597561836242675,-0.4369534934163093,0.122946873307228,0.0848619108580052,-0.0668507319104159,1808
1726744829898010400,-0.7398110894672573,-0.4699909628823399,-0.4501858999550342,2.3087613648884,4.393638571067154,8.45789262755513,2.2872159481048584,0.7235437035560608,-0.8219704627990723,0.7855160905266375,0.1181051953745516,-0.2341338406844055,-0.560532770771113,-1.832282304763794,-0.3447869718074798,-0.4837225377559662,1.5336016064032911,0.3947194487988948,-0.0921937150508165,0.2328853011131286,-0.1037841662764549,-0.1372152714949101,-0.1143016442656517,0.296746876352001,-0.342574031824246,1809
1726744829937777400,0.1554812152214348,-1.9312609080463647,-1.1531991445094347,1.8408340565375985,5.137994172096252,8.14755943492651,1.779688596725464,1.1056808233261108,-0.5678198337554932,0.777122207739055,0.1651676905156777,-0.239394475471039,-0.558113669576143,-3.648836851119995,-0.4021653831005096,-0.4280273616313934,0.7072795236967504,0.4929202953100204,-0.6050771864593029,0.3123393654823303,-0.0434329695999622,-0.405865258321911,-0.2124313563108444,0.0685362418785225,-0.1467216249815188,1810
1726744829977544000,0.4459361335560679,-2.235778692394495,-2.8465713338911534,1.5001010494701563,5.583171888500452,7.921381027799844,0.8150186538696289,0.271441102027893,-0.4355155825614929,0.7704552505422442,0.1955090585302394,-0.2406204234522879,-0.5570248350585458,-5.479033470153809,-0.3595300018787384,-0.4121561646461487,-0.2665007729038596,1.5842039586544037,-1.7539502844631671,0.2900826632976532,0.1020315438508987,-0.3111901017189025,-0.1449934542179107,0.0044558685889409,-0.2816483288815244,1811
1726744830017311000,0.040268151371926,-2.824094713667035,-1.1584200940281153,1.501298296430707,5.768513842847943,7.787216302981972,0.259333997964859,-0.9270240068435668,-0.3077046573162079,0.7629118782382687,0.2022444507138105,-0.2491177282932226,-0.5612512972808716,-5.638026714324951,-0.1461197286844253,-0.2462864071130752,-1.0524396995566785,1.484701381894946,-2.1742028184473514,0.1617624312639236,0.164555162191391,-0.2144169133907184,0.000218998757191,0.0349190659785293,-0.1813103059449233,1812
1726744830057078000,0.089116353432089,-3.400134021690488,-1.3528887731611727,1.7943723112225531,5.79313858101666,7.706501428800821,-0.118121288716793,-1.7077478170394895,0.0490753464400768,0.7559582090773993,0.1919713937059895,-0.2649995769480677,-0.5669651081605425,-5.002447128295898,0.1821856945753097,-0.2071987390518188,-2.548631758889556,-0.1967699418127536,-2.291566630589962,-0.0135790314525365,0.1192847862839698,-0.0287059659006306,0.1604852229356765,0.3655051178175956,-0.0686583293216535,1813
1726744830096844500,0.0957733271032571,-2.832326535439491,-1.1954980710566043,2.293939058809728,5.580421128487587,7.730920415264368,-1.0545144081115725,-0.5831274390220642,0.7693369388580322,0.7565892619959032,0.1665519072365554,-0.2794516576591752,-0.567221232019453,-2.0451905727386475,0.2498793751001358,-0.1544038951396942,-2.6509482240259645,-1.5450813240557908,-0.1903036684080958,-0.0814520865678787,-0.0381767228245735,0.0351290851501515,0.2058185636997223,0.4941468779629096,0.0217572587242932,1814
1726744830136611600,2.5344524268895388,-0.3780892165154218,1.6896084529340267,2.502049748195708,4.981539874058962,8.06810946611464,-2.1501054763793945,-0.2110389024019241,0.3853448629379272,0.768807268195959,0.1350406925334893,-0.2653392406834769,-0.5659456823269808,-0.3447576761245727,-0.1038880199193954,-0.2610383331775665,-3.593379881030321,-0.7006447618573903,2.5138047756582496,-0.0393085144460201,-0.17253078520298,0.1031395358891692,0.0760650932788848,0.470572890956141,-0.2523985064617358,1815
1726744830176377900,1.7953920096591114,-0.2342684823408722,2.141914413782954,2.2744513912685216,4.33418918775469,8.49776812634766,-1.4325485229492188,1.7795755863189695,-0.0118332672864198,0.7782965191383928,0.1131764880954864,-0.2322186340298545,-0.572293812755228,-1.7605490684509275,-1.1340869665145874,0.5524230599403381,-0.5033002350270748,1.2779647573411463,1.73624146316275,-0.0170097239315509,-0.1416532695293426,-0.1818982436344027,-0.1425254642963409,-0.0196408031431492,-0.2929995978487655,1816
1726744830216145000,-0.2950901769198477,-0.4838870940268039,-0.4982254159808159,1.749418193991482,4.069802630525827,8.749092665168643,-0.233948677778244,0.2745074331760406,-0.2069130092859268,0.7837869285072216,0.1176035431565633,-0.2002244017742197,-0.5759840570764829,-1.1080207824707031,-0.6594178080558777,-0.1854691356420517,2.1210576498456297,-1.7981553368926046,1.1492856973927468,0.026686368510127,-0.0040866215713322,-0.1465024018734227,-0.2499918639659881,-0.0234003246400272,-0.1888871161410585,1817
1726744830255912200,-0.7181266425341367,0.5025286661326885,0.5971838028609753,1.9099901564806696,4.155091388493776,8.675110314112901,0.7786117196083069,-0.2386906594038009,0.5907514691352844,0.7841805332571065,0.1171706624756146,-0.2096747880654726,-0.5721610644435778,1.2679564952850342,-0.2872543334960937,-0.087134838104248,-0.0048361879847943,-0.7867331457704305,0.1353875446110963,0.086864598095417,-0.0018406421877443,-0.0217655813113553,-0.3675100207328796,0.1020756238515488,-0.2302875046796165,1818
1726744830295678500,1.5446839953012763,1.0179580226317049,0.42773909034729,1.929003484508395,4.485413768444955,8.504727443966269,1.36347496509552,0.5577821731567383,0.5574279427528381,0.7902657520693546,0.1350092014410416,-0.2194358169957319,-0.5559680868789895,1.4016112089157104,0.2263421267271042,-0.018700323998928,0.2728331907957792,-0.3791764272302388,-1.7425537150494754,0.134154662489891,-0.0402489714324474,-0.0151642125682323,-0.4286849200725555,0.1541750279936939,-0.0879407611809205,1819
1726744830335445500,0.7242395724564791,-0.5754264368221164,-0.1722381426244974,1.906239717905968,4.878405078276992,8.290825750088691,1.193156123161316,0.3789107799530029,0.7351616024971008,0.7936338454144527,0.1569322172362323,-0.2294728613950389,-0.5411651782942485,1.7975846529006958,0.2480365633964538,-0.0821013376116752,0.9940214128576218,-0.9452245025932788,-1.0948100839048622,0.1676251590251922,-0.0691059529781341,-0.1560045449757948,-0.3853170871734619,0.0472303779002511,0.0054116840345202,1820
1726744830375211800,1.043605089585483,-0.7345990539073943,-0.1691454373061656,1.8089366970174008,5.1982887740612025,8.116398572987318,1.0528512001037598,1.1088604927062988,0.6926944851875305,0.8020710148661366,0.1801351033113403,-0.2317977209357962,-0.5200992408320715,0.9113464951515198,0.3075305819511413,-0.1335763186216354,-0.4213726240552962,1.1668535758525131,-1.058731931568682,0.1512759774923324,-0.012333882972598,-0.2078996952501125,-0.310381680727005,-0.0344921891858335,-0.0486082603910239,1821
1726744830414978800,0.55569253943488,-0.4472831642508506,-1.1515174750328063,1.533846959466487,5.434405222356319,8.017789145675302,0.5902541875839233,0.6718710064888,0.1554148942232132,0.8076167002482887,0.2026438579172207,-0.2239240953681746,-0.5065063718741796,1.0603740215301514,0.3014090359210968,-0.2835577428340912,-0.1236558980241417,-0.1538233650118112,-0.0248246446549892,0.1054724380373954,0.0817357525229454,-0.2763938789520412,-0.2162196785211563,-0.1119410929741337,-0.0422132986569078,1822
1726744830454740500,0.4903516138657927,-0.0745464146792888,1.2900848187237977,1.3361246853649615,5.610837894061207,7.931182290846109,0.7010617852210999,0.7667083740234375,-0.2377473711967468,0.8086463269524602,0.2180928636708708,-0.2192207520410098,-0.5004687310564087,0.6648533344268799,0.5435752868652344,-0.6103636622428894,-0.4718798453688621,0.8365718201726674,0.1041086092501878,0.0443716011941432,0.2023077011108398,-0.2755867090213112,-0.1490880995988845,-0.1151807416156399,-0.0584613312563393,1823
1726744830494506500,0.0571493627417832,1.0780413199335337,0.54004971075356,1.0498694837424905,5.968692716321349,7.709920297333598,1.2840256690979004,0.3811937868595123,-0.6489675045013428,0.8011216238077112,0.2429328145866726,-0.218831244744715,-0.5012990766873895,0.5463975667953491,-0.5107648968696594,0.0470366813242435,-0.3027870150327682,0.1898527097702026,0.4296870095446705,0.003182919928804,0.2802788019180298,-0.1458709812352433,-0.1289255619049072,0.0052395086595002,-0.0647381830361206,1824
1726744830534273300,-0.6731460756875575,0.2406190204113721,-1.111331010594964,0.8476236678019166,6.319343890812993,7.4510273690849536,0.7939947843551636,0.0212508179247379,-0.3154518902301788,0.7912618264017212,0.2649970567469112,-0.223338052782767,-0.5037870900241885,0.7386828064918518,-0.6756550669670105,0.410482794046402,0.917327318625152,-0.2981833206295967,0.3189016990095377,0.0136638730764389,0.2645269334316253,0.0198919306432944,-0.1281443536281585,0.1274092318088281,0.0207419944342575,1825
1726744830574039600,-0.4705182016268372,0.0673994655340909,-0.9462614444255828,0.8562837979890405,6.48852323038876,7.303166127347946,0.398188978433609,-0.2624207437038421,-0.067262664437294,0.7861300197289955,0.2728822681211224,-0.2306023249544815,-0.5043386884230454,0.4424929916858673,0.0945402756333351,-0.0617955923080444,0.6578066138669848,-0.1730132186502218,0.0843681359916925,0.0319836214184761,0.143568068742752,0.203089098364301,-0.1808996647596359,0.2825691883197985,0.0327741195218404,1826
1726744830613806600,-0.1091932921033352,-0.2240554236233234,-0.0613069938778877,0.9145430216688664,6.585598872262239,7.208597499859333,0.2755764722824096,-0.196086511015892,-0.0337616577744483,0.782535127549484,0.2757222687469683,-0.2375732225647942,-0.5051484485782065,0.1308064460754394,0.4020974934101105,-0.2915757298469543,0.039129648861289,0.2332160506784915,0.0452986928850412,0.1182940006256103,0.0520211532711982,0.1357218454662244,-0.1621479839086532,0.2480177523605525,0.1548551557449624,1827
1726744830654815500,0.1020096642095595,-0.0376876333594322,0.1760690990895032,0.9508405889093876,6.663790365445614,7.131632918122411,0.2999856770038605,-0.1966872066259384,-0.0225719586014747,0.7801210430444087,0.2785636609815369,-0.2424669102431569,-0.5049982520221837,0.1581794917583465,-0.1162234619259834,0.0808903202414512,0.3272238294139504,-0.0732370856463909,0.1783387975871563,0.1572929620742797,-0.0363070257008075,0.0266970965965185,-0.1713272333145141,0.1881326993108727,0.0259066723046125,1828
1726744830694581500,0.2379683597721159,-0.2547399002224206,0.0215466458976268,0.9850197026912122,6.758588710036873,7.037158398658037,0.3060712814331054,-0.1350141018629074,-0.1048129349946975,0.7767013340854496,0.2820904297763068,-0.2482534102019584,-0.5055000523503546,0.1131989657878875,-0.0834442153573036,0.1279610246419906,0.2198325452312827,0.2043979524731635,0.2220917223349213,0.1282404065132141,-0.086669847369194,0.0324831714679603,-0.1280563026666641,0.1798373655818402,0.0447821810305351,1829
1726744830734348300,0.1903768067095428,-0.1219710136771202,-0.1941349171340465,0.9847272225506604,6.834863555943966,6.963141560810804,0.2225228101015091,-0.1079428568482399,-0.1499683856964111,0.7734426009091973,0.2854747245202728,-0.2519578628874173,-0.5067623064200102,0.047353908419609,0.1313161849975586,0.085474282503128,0.0015004676908254,0.1868500208228826,0.0221083714336156,0.0615782961249351,-0.0802181661128997,-0.0881698298295959,-0.1192861497402191,0.0555358950965804,-0.1283471063139848,1830
1726744830774114300,0.1161839547082781,-0.061520928889513,-0.2628326057851314,0.9568674479834736,6.893375366145372,6.909136414378881,0.1425813734531402,-0.0244032889604568,-0.1702679395675659,0.7703465984044792,0.2885580687452123,-0.253902199310445,-0.5087573332348888,0.0396339371800422,0.0280683599412441,-0.0080946832895278,0.0597933744445443,0.1395849963009357,-0.049862639799714,0.0249507054686546,-0.0439413711428642,-0.0821998794413637,-0.166011556982994,0.0789954665100201,-0.1101492867870721,1831
1726744830813881300,0.051966991667822,0.0387578929394483,-0.5163695599585771,0.922323446412012,6.92088705792725,6.88629271440804,0.006431826390326,-0.0304984021931886,-0.1381614208221435,0.7681961262929362,0.2902675954285633,-0.2542469394489997,-0.5108600045440849,0.2106570750474929,-0.0664985179901123,-0.0210799891501665,-0.1203825754418969,-0.2346966446250677,-0.154399995855987,0.0162014737725257,-0.0365244075655937,-0.0723698423917638,-0.1822955459356308,0.1181362669529858,-0.0327947079354315,1832
1726744830853646600,0.0904288973353803,0.0218377377986907,-0.2042880623579025,0.8901462470371275,6.910273893976211,6.901169381022453,-0.0827980488538742,0.0286735277622938,-0.1251409649848938,0.7672293968494459,0.2899884749685674,-0.253071070536716,-0.5130505123131994,0.3069676458835602,-0.1374768316745758,-0.0975852832198143,-0.1603814083531498,-0.0939601402014493,-0.2314198149114847,0.0192689411342144,-0.0409069508314132,-0.0695007943280506,-0.1653248816728592,0.1053022394815459,0.0432877868874697,1833
1726744830893412400,-0.0509011890672147,-0.0675029259085655,0.0474877273619174,0.8430825903061777,6.906091055333614,6.911258813360333,-0.0224877186119556,0.1188275963068008,-0.0563929639756679,0.7667554998147463,0.2908091330568088,-0.2511053602762256,-0.514258837781438,0.3956634402275085,-0.1956753730773925,0.0793984830379486,-0.2477133625864982,-0.0446229855805635,-0.2419999533757567,0.0160826221108436,-0.0279654711484909,-0.1173519755743443,-0.1155514419078826,0.0710158248337684,0.0477469080210663,1834
1726744830933179400,0.1461449393384158,0.0601186608761548,0.0561503417670726,0.797320006236434,6.902817732751369,6.919954160991311,-0.0116194188594818,0.2123943716287613,-0.1027655750513076,0.7667616432693433,0.2918973503163128,-0.2489507277997933,-0.5146804621166972,0.3810131251811981,-0.2991399765014648,-0.0468707755208015,-0.1755909601837396,0.0886655409246683,-0.3098533001571893,0.024567836895585,-0.0018480099970474,-0.0799541280748788,-0.0885366946458816,0.1011559973891358,-0.0184964451388164,1835
1726744830972945400,0.5217362746234983,0.0907663125962019,-0.1653279248446226,0.6967627327922731,6.896561010444164,6.937027460867166,-0.055713377892971,0.0821785852313041,-0.2299160659313202,0.7665738020419702,0.2942799951350465,-0.2443548781519938,-0.5158048037555014,0.4614301919937134,-0.1951906085014343,0.0311541203409433,0.256703016988933,-0.3455032902091741,0.3963993647098541,0.0200734827667474,0.0341864004731178,-0.1155537670459598,-0.0683035477995872,0.0962914326932281,0.014573141065106,1836
1726744831012712400,-0.5983591302506626,-0.1017670145601034,0.1566770008772611,0.6639001815017312,6.882744666537642,6.9539522921830415,-0.0813345089554786,-0.1290225684642791,-0.1188021153211593,0.7646885419279551,0.2934445817074098,-0.2435926700405276,-0.5194269808774874,-0.066597431898117,-0.1496507674455642,0.1601997762918472,7.68646284937e-05,0.1213560966491699,0.125585697042942,0.0043696630746126,0.0478976592421531,-0.0936361324114724,-0.0255096070468425,0.1099683498627506,-0.0152885102347587,1837
1726744831052478200,-0.25912863670066,-0.0576198297977447,0.2325900277346372,0.7034026091981679,6.865681888055801,6.966924001958966,-0.0480787828564643,-0.1188867911696434,0.0586054027080535,0.7641876714952314,0.2909539258128236,-0.2452173408451315,-0.5207990045918881,0.0929355025291442,-0.1526695191860199,0.0334168076515197,0.2131827319532632,-0.1821440350890159,0.0842281429991126,0.0079269185662269,0.06141322478652,-0.0746355223014252,-0.0058036660775542,0.1191065824230201,0.0120568279872881,1838
1726744831092245200,0.4633190839029848,-0.1418494341015815,0.081360770869255,0.7155260315816849,6.863420957386493,6.967917104649543,0.0345983728766441,0.0952329039573669,-0.0076033379882574,0.7645290134803824,0.2906162880762722,-0.2455143166227752,-0.5203464113366034,-0.0206302050501108,-0.0632743909955024,0.0559140592813491,0.0275730665802955,0.029220833787322,-0.0066357847526669,0.0180167350918054,0.0823712646961212,-0.0883175312045961,0.0128452088683843,0.1279189257634803,0.0152647617497015,1839
1726744831132012300,0.3629393589828163,-0.1900865185260772,-0.1273737495034933,0.6516036675736308,6.867364726576208,6.970301369437575,-0.0008073453791439,0.2555771172046661,-0.0692856460809707,0.7648974887787805,0.2929046711377279,-0.2425291603030355,-0.5199213979635355,0.1203189268708229,0.0042080343700945,-0.0178125575184822,0.1884311525344848,-0.0985913071334362,0.049347968275845,0.0211004763841629,0.1037226840853691,-0.101715941959992,0.016228187829256,0.0787304406319744,0.0074726197401207,1840
1726744831171778600,-0.0853184224538505,0.1563818173229694,-0.609914689618349,0.5252529044423252,6.845161662596464,7.002732397443055,-0.2730433046817779,0.2306805551052093,-0.0338558442890644,0.7662497979552254,0.2958004886256916,-0.2355038771563179,-0.5195202791391859,0.0357268117368221,0.0080947577953338,0.00236521451734,0.0010407412245869,-0.0103401922285556,0.0413537546515464,0.0120334541425108,0.1190783157944679,-0.0403385725599015,0.0177864655852317,0.1129531560935079,0.0036981501233938,1841
1726744831211545300,0.24732304809466,-0.0328676658570766,1.1226315722882747,0.4561231810495257,6.776735192102193,7.073768173652887,-0.0497430153191089,0.3023804426193237,-0.0694772452116012,0.7687322016913535,0.2945787266093602,-0.2292630869730226,-0.5193386113086798,-0.0336171090602874,0.0014725417131558,-0.0073370141908526,0.0141582892119884,0.0535252539604902,0.0583422988533973,-0.0196383390575647,0.1189734935760498,-0.0326265140449628,0.0450631529092788,0.0806812276398763,-0.0177076008826436,1842
1726744831251311400,0.5780780473094433,-0.6169049868971109,0.2898351790010929,0.3139115625720471,6.841081115284561,7.019362629726529,0.4503227770328522,0.524281919002533,-0.2440725415945053,0.7675342246187892,0.3023900916544108,-0.225105141940055,-0.5184391597376894,0.1456863284111023,0.0303994249552488,-0.0372552312910556,0.0199310273945331,-0.1040454808861017,-0.058475277583301,-0.0702485814690589,0.1355483382940292,0.0082917306995717,0.0474770367145538,0.1034963773696683,-0.0202239162437501,1843
1726744831291078400,0.9835552561618388,-0.4807330139100551,-0.8876157787114382,-0.0339550523851183,6.978895594781637,6.889430427911877,0.404893010854721,0.9354971647262572,-0.5796738862991333,0.7636250088351701,0.3202453147785042,-0.2148947206097512,-0.5178224354819749,0.1965702921152115,0.0305080823600292,-0.0351806990802288,-0.021374796462059,0.0264560452491045,-0.0475233831971883,-0.08319803327322,0.1161766201257705,-0.0073723599654855,0.0259333997964859,0.0552781940084649,0.0168354748152778,1844
1726744831330845400,-0.0302738499715924,-0.2125578780531883,0.0613578472822904,-0.3569883050912991,7.014633847638964,6.843818431293964,0.0369805246591568,0.6309585571289062,-0.4313627481460571,0.7601827940751492,0.3314179814845359,-0.2030381464617994,-0.5206339234402901,0.1540838181972503,0.0377496406435966,-0.0218159556388854,0.0224435947373509,0.0652846653372049,-0.0016711480826139,-0.0752907022833824,0.0948662757873535,0.0580489738960517,0.0077618295326828,0.1369370482085738,0.0715400816033128,1845
1726744831370611500,-0.1935832015354186,0.350166021323204,0.3404208723783493,-0.6496246225856244,7.044176168465614,6.79175565110147,0.2773011922836303,0.4610978364944458,-0.498142272233963,0.7568576756106944,0.3416679707207821,-0.1923013669420626,-0.522924062883221,0.1470980793237686,0.039666797965765,-0.0358164571225643,-0.0089309099525213,0.0187070385575294,0.0171907887756824,-0.0395450592041015,0.0401064977049827,0.0053747056043095,-0.037791296839714,0.0989576836272608,0.0369830721365171,1846
1726744831410378500,-0.8442236501000822,0.5381003302514553,-0.9666378775000573,-0.8637398861486464,7.130676640310883,6.676659199368953,0.3267732262611389,0.2715505063533783,-0.3248491585254669,0.7512009591160962,0.3525042214073074,-0.1879518517247261,-0.5254634615445666,0.1853615790605545,0.0452724322676658,-0.0181917268782854,0.0382905676886439,0.0099812957882881,0.0108200846999883,-0.0070559033192694,0.0229872688651084,-0.0297574659812496,-0.0766319260001182,0.0678472047350136,0.0583748859487473,1847
1726744831450144300,-1.1320179709233342,-0.1621159770607948,-0.1684521943449974,-0.8590600577693432,7.127896069681644,6.680231797158718,-0.2416451424360275,-0.254952609539032,0.2204447835683822,0.7506532705426913,0.351964905625609,-0.1884772369653175,-0.5264187592007094,-0.1418948471546173,-2.46873532887e-05,-0.0518725886940956,-0.0560927663609385,0.4745873507618904,0.2200017643183469,0.0210766866803169,-0.0122234988957643,0.0163235603624314,-0.0604643039405345,0.1173615562534425,0.0903044398386497,1848
1726744831489911300,-0.3834405144155025,1.4114350701540708,1.439107505455613,-0.7321076754830778,7.144992750433087,6.677086484870315,0.3985372185707092,-0.0851183831691742,0.1924734711647033,0.7520184618484792,0.3492545760965558,-0.1938674197635719,-0.5243137664172012,-0.14854396879673,-0.0632084459066391,0.0487594753503799,-0.0883478532776236,0.0182224699109792,0.0112660749018192,0.0501929111778736,-0.0394771918654441,-0.0087747706843831,-0.0435435287654399,0.1340159548637922,0.0518687691574683,1849
1726744831529691000,-0.2217835331685841,-0.6284978095352649,-0.8345417756497859,-0.6663154990151524,7.286473351222276,6.5294496995389455,0.4353500306606293,-0.1145244762301445,0.1582834124565124,0.7494668127026287,0.3555299204627094,-0.2017156316219948,-0.5207770106804532,-0.2596752643585205,-0.0471338778734207,-0.0044715194962918,-0.0165343706935644,0.1048345854371786,0.2028594908595085,0.053733006119728,-0.0279285963624715,-0.045996872316231,-0.0486188679933548,0.0719963009382132,-0.0222848445286625,1850
1726744831569457400,0.54888866810631,-0.4781353986322879,-1.7932710719823837,-0.5412570772493258,7.331985979118943,6.489945956668257,-0.1197685524821281,-0.586520254611969,0.1344904601573944,0.7491206730268984,0.3542849822977584,-0.2087749819640698,-0.5193392195406185,-0.1002579256892204,-0.0370249971747398,0.0410323143005371,-0.1039566335588693,-0.0940565863132476,0.110372930341959,0.0426783710718154,-0.0263819359242916,-0.0753149194003315,-0.0302618164569139,0.0730940284804673,0.0211973803688073,1851
1726744831609224700,0.1711684493000619,-0.6716542296946049,-0.5869143377810716,-0.3059920033528469,7.239248074188828,6.60833151307404,-0.5689346790313721,-0.7057250738143921,0.334093302488327,0.7507303953849334,0.3408289304175274,-0.2165745007434459,-0.5228145124500098,-0.1480544805526733,-0.015277836471796,0.039869911968708,0.0361079629525542,0.152857734850049,0.0662824442028999,0.0432545989751815,-0.0074489316903054,-0.101715941959992,0.0019467012025415,0.0787304406319744,0.0074726197401207,1852
1726744831648991200,1.4548536483809351,-0.0048632221221923,1.0681968022674322,-0.1136517967490013,7.098433243831992,6.7653311700344085,-0.3259293735027313,-0.0633334293961525,0.0523775592446327,0.7548323676229817,0.3269219838629986,-0.2195133614273679,-0.5245606831918417,-0.0124042332172393,0.0121524576097726,0.0123708434402942,0.1129176463887095,-0.1186526829093694,-0.2139122152715921,0.0297176223248243,0.0139967827126383,-0.0727375888587674,0.000715663540177,0.0546264429683098,-0.0314393318207003,1853
1726744831688758800,0.5192732455108314,-0.0403729269206523,-0.3148006934314966,-0.2167060837738215,7.059124731272458,6.803835380473733,-0.0735966861248016,0.4267599284648895,-0.2129293382167816,0.7558100509003475,0.3280538446969795,-0.2132641658112739,-0.5250239819185438,0.158104658126831,0.0081450389698147,0.0058967657387256,0.0144543495491147,-0.1001882209360599,-0.1512193199932575,0.0072187427431344,0.0212330371141433,-0.0524342940857401,-0.0007667273748666,0.0747826528542675,-0.0288048985137487,1854
1726744831728525000,-0.5725763446206227,0.254094003534317,0.3656780632317066,-0.2903836066640913,6.98761783041954,6.874537394684553,-0.3518204092979431,-0.0319913998246192,0.0349515341222286,0.7569958373099699,0.3262690832527922,-0.2074720135046995,-0.5267458775215546,-0.008827606216073,0.0012251874431967,0.0065593598410487,-0.0219981890574097,0.1632902815371751,0.0989168858259916,-0.0094801522791385,0.0256759021431207,-0.0492255474725738,0.0247532147914171,0.084954895504238,0.0427073109852382,1855
1726744831768292600,0.5764884400304406,0.2024322053581476,0.5920803422421217,-0.3132760776801034,6.944259750208258,6.917333164837956,0.0637251064181327,0.3389790952205658,-0.0387966334819793,0.7590509829608104,0.3250293873208876,-0.2041324335232573,-0.5258587839922133,0.1101336628198623,-0.008434098213911,-0.0288628134876489,-0.0409188703656196,-0.0290337867826223,-0.0676420421183109,-0.0174641404300928,0.0187678653746843,-0.0524342940857401,0.0169945880770683,0.0747826528542675,-0.0288048985137487,1856
1726744831808060200,0.0579167669177055,-0.1831874066621065,-0.5803934115797281,-0.4239306014424189,6.94815383503735,6.907520211353898,-0.1366118490695953,0.2489728331565857,-0.0538297593593597,0.7593031687419193,0.3289619260986353,-0.1989938196445324,-0.5250184595186622,0.1135321259498596,0.0091534182429313,-0.0014949708711355,0.0426990317806601,0.0417173272669315,0.0276239199846982,-0.0322879292070865,0.0374343320727348,-0.0345524976884596,0.0062871556729078,0.104657813231321,0.0225736577076721,1857
1726744831847825400,0.0599487476693466,-0.1761824963361024,0.3397171080231666,-0.4775873728280886,6.882790259245038,6.969182010018825,-0.18129962682724,0.1806986182928085,0.0134232211858034,0.7617327143961393,0.3274554448179225,-0.1935033527761546,-0.5244927707185161,0.0988093689084053,0.0118922125548124,-0.0159213133156299,0.0034746903732419,-0.0154465754568576,-0.0120505032777786,-0.0312985703349113,0.046047069132328,-0.1062753496968652,0.0153007321059703,0.0401675040090456,0.0939607886554207,1858
1726744831887592700,-0.3210884319314733,0.0549795444220304,0.0526420413851737,-0.5270574331136421,6.876832812145352,6.971496716701984,0.0104529596865177,0.0466441214084625,0.0003834993112832,0.7622990755240074,0.3288960575874205,-0.1907353380645936,-0.5237819604249705,0.0238363295793533,0.0124658579006791,-0.0114717045798897,0.0084697221815586,0.0487356815963983,-0.0066284782290458,-0.0297412537038326,0.0682093426585197,-0.0564701346062356,-0.0030843804124742,0.0909808960617985,0.0524353032993152,1859
1726744831927359200,0.7429602011479437,-0.0286392345070838,0.3371545640587806,-0.5677344210147858,6.874709244120121,6.970397231027484,0.0297521688044071,0.4162531793117523,-0.0199481379240751,0.7633924598676636,0.3304833204322752,-0.1881207699937623,-0.5221333944432058,0.0414113290607929,0.0008240620372816,-0.0239191204309463,0.0090434304162859,-0.0957715735375881,-0.0104909988760948,-0.0230815764516592,0.0724763423204422,-0.0629355997267179,-0.0112783461809158,0.0532636986811645,0.0427003515214892,1860
1726744831967126800,0.8003149502687156,-0.6687228524178266,-0.4452209710240364,-0.7614091002259403,6.883771086975932,6.942934054562449,0.031011426821351,0.6125823259353638,-0.2170323878526687,0.7637871920469782,0.3375504647234379,-0.1790769451851098,-0.5202118069356202,0.1739438027143478,0.0219597592949867,-0.0147585785016417,0.0273477333918213,-0.0492114824146032,-0.0371305839985609,-0.0226235706359148,0.0911683216691017,-0.0014024111470142,-0.0067588561214506,0.0787377654219046,0.0350332920589018,1861
1726744832006894000,0.3694930184099823,-0.2380243277430534,-0.2570382402926683,-0.9934816799577324,6.872506765639781,6.924740226224064,-0.0433381348848342,0.6221016049385071,-0.2562093436717987,0.7634034564817215,0.344441796512362,-0.1682152024604089,-0.5198832929493389,0.2235052287578582,0.0305390823632478,-0.0223182272166013,0.0032771219745278,-0.146070851188898,-0.1736035857588052,-0.0174707490950822,0.0418791994452476,0.0123076449601794,-0.0296348147094249,0.1104289622449781,0.0350402606558054,1862
1726744832046660600,-0.5433141924422233,-0.0663601856142282,0.0966027636647224,-1.21657366537638,6.847637112799286,6.9137693348765366,0.005128301680088,0.2737063467502594,-0.2040302604436874,0.7629208088584568,0.3502835852437499,-0.1574715549902098,-0.5200538311861899,0.1089991554617881,0.0193640310317277,-0.0248323176056146,-0.0191831316366791,0.1006570074915885,0.1322001467466354,-0.0065652295015752,0.0171183887869119,0.0203593997412826,-0.035527691245079,0.101163322179066,0.0090642294632532,1863
1726744832086428000,0.7496785496175289,-0.4430781137764453,0.7245271572262049,-1.3280277420185504,6.86941406032145,6.871526522430777,0.2605653703212738,0.2189714759588241,-0.3519774675369262,0.760107593044458,0.3546464039118938,-0.1545172878891118,-0.5220984385341301,0.0072144763544201,0.0161935910582542,-0.0420210920274257,-0.0111971013188362,0.0296387669384479,0.054390930879116,-0.0075374222360551,0.0104726254940032,-0.0677586862013442,-0.0197599902749061,0.0495707487476291,0.0036842174961639,1864
1726744832126194400,-0.365696914062649,0.0373456880539655,0.5274351438522339,-1.439381646221876,6.880849646571278,6.83757866012156,-0.1267629116773605,0.2970545887947082,-0.3244639337062835,0.7555181181360583,0.3579182514104553,-0.1525616063855707,-0.527078723639166,0.0037214742042124,0.0159814972430467,-0.014015756547451,0.0345844066470861,-0.1316986269652843,0.0510877976804971,-0.0237742476165294,0.0057683242484927,-0.0458410515668569,0.0055620661005377,0.0632476613505743,-0.0261774338037008,1865
1726744832165962000,-0.8983693740464747,-0.3139478759944438,-0.229580324524641,-1.5274058205030858,6.826326029223203,6.873041018646955,-0.1097254231572151,-0.0544154457747936,0.0440705679357051,0.7561206168972503,0.3577936700978258,-0.1468200712708858,-0.5279291507108547,-0.0468924343585968,0.0368235036730766,-0.0013055534800514,0.014298866726458,-0.2676946588635444,-0.0230921217739582,-0.0260258726775646,0.0254937782883644,-0.0691891482627252,0.0330916009843349,0.0878049603062681,0.0355026060541043,1866
1726744832205728300,-0.0022087620906531,0.2596393627017736,0.4843856911987066,-1.4521192549809812,6.838420371642709,6.877335500970482,0.128398448228836,-0.0456753298640251,0.1678682267665863,0.7569731125933397,0.3561284448082665,-0.1500866566903575,-0.5269139304494633,0.0386384464800357,0.0324007906019687,-0.0447363853454589,-0.0167082659557461,-0.1287216569811105,-0.0081377137482166,-0.0071160271763801,0.0055358209647238,-0.0256935729766264,0.0166522804647684,0.0921525153907481,-0.0196504112217109,1867
1726744832245495800,0.021674948452413,-0.1388899997740983,-0.4780243394732475,-1.397293293685466,6.887396291735768,6.839716841194033,0.1302084624767303,-0.1464181393384933,0.1346736699342727,0.7575366444961066,0.3574368304171179,-0.1533310330654113,-0.5242772771904429,-0.0729743689298629,0.017506368458271,-0.0244352407753467,-0.0147591777145862,0.101676413667202,0.0592301876038312,-0.0028914108406752,0.0023801804054528,-0.058404239907395,-0.0011105281300842,0.0513230814408278,-0.0470027157573727,1868
1726744832285263400,0.6686817897550761,-0.2976747865855693,0.0821837776899337,-1.3058385604336855,6.922729470923542,6.822095259785652,0.0357837677001953,-0.1009443551301956,0.1147791594266891,0.7576017784453959,0.3564942061224442,-0.1583724622861267,-0.5233254667723352,0.062539517879486,0.0158375799655914,-0.0144762173295021,0.0279722950309515,-0.1411228733927011,-0.0626098931699991,0.0013446472585201,0.0005358537891879,-0.0522784687697887,-0.0023524835705757,0.0660340132666286,-0.0326974877887871,1869
1726744832325029600,0.7033668802976608,0.0563560934722423,-1.4566624513685702,-1.3132897532224654,6.880543941622972,6.863218712812662,-0.3980013728141784,0.0237747766077518,-0.069794200360775,0.7592549369331875,0.3545828097198488,-0.1560264487576386,-0.5229328310054127,0.043914433568716,0.0069782547652721,-0.0146127697080373,0.0141308166831731,0.048081601601839,0.0459486812263727,0.0081861037760972,0.0034561504144221,-0.0606699198170565,0.0135741233825683,0.0522933877777075,-0.0021511832595861,1870
1726744832364797200,-0.8467144440025091,0.3301601751267909,1.4683902985632418,-1.3098628475137055,6.7611658670485015,6.981495548146962,-0.2800642549991607,0.0046419319696724,0.08029805123806,0.7618544369248716,0.3477805041494251,-0.1519588912114041,-0.52491433827881,0.0328793600201606,0.0160492472350597,-0.0241767149418592,0.0152522219285368,0.0990513258606195,0.0628138913094997,0.0216815173625946,0.0099877920001745,-0.0758104386991588,0.0130463382229208,0.0588363979466958,0.0296602458346053,1871
1726744832404563500,0.3748207162387669,-0.0570785625278949,-0.311047478377819,-1.2929970529086887,6.733908442288636,7.0109215491175645,-0.0952601879835128,0.1726883947849273,0.1075101718306541,0.7642881423364833,0.3462227884409512,-0.1505730986781468,-0.5228013396437625,-0.1089267805218696,0.0176975857466459,-0.0129036866128444,-0.0248956640645861,0.2724322087794542,0.1475298178255558,0.0215959642082452,-0.0148140946403145,-0.0756546179497847,0.0219420660287141,0.0500877583590568,0.0257676542762783,1872
1726744832444331000,0.3589122223585844,0.5140530997097492,-0.9025567427337168,-1.3209323769301176,6.657777973288297,7.078101234421133,-0.4562658965587616,-0.0836465135216713,-0.0292706210166215,0.7666502397497531,0.3431813035474701,-0.1460954291097408,-0.5226185078458434,-0.0140740349888801,0.0242354851216077,0.0164308343082666,6.66354954242e-05,-0.0904980170488357,0.0272328748404979,0.0146347694098949,0.0145915364846587,-0.0395594551132991,0.0343905910849571,0.0692099490221589,-0.0157647916852205,1873
1726744832484098600,-0.7663394693002105,0.4870604633659124,0.1668465127140283,-1.2573593378163874,6.504905625391007,7.230188569420576,-0.5926694273948669,-0.3949763476848602,0.2593989372253418,0.7710676071156153,0.3330428796955594,-0.142987457026001,-0.5235376263214158,-0.0503151267766952,0.0212167389690876,-0.0267001260071992,-0.0045312136888504,0.1245621992141008,0.1135772793412208,0.0235689561814069,0.0017557167448103,-0.0540486293806228,0.0317087918519973,0.0812619501372799,0.0036911815264902,1874
1726744832523864800,-1.6596822473563253,0.4817471593886613,0.1947241151988506,-0.9510449523750693,6.363574662205576,7.400731014043092,-0.5076756477355957,-0.523606538772583,0.7384425401687622,0.7780478439060878,0.316558675980692,-0.1498610611915379,-0.5215111303759039,-0.0846520662307739,-0.0059902211651206,-0.0338920578360557,-0.0077931380942463,0.193180977410078,0.0079062430799007,0.0236862879246473,0.0257637370377779,-0.0931967180809006,0.0210288409143686,0.0432188726699911,-0.0301811758526135,1875
1726744832563632000,0.1997868784811347,-0.1275537822455167,-0.9238321704745291,-0.5912388133840635,6.234862942096591,7.546343600070476,-0.5608752965927124,-0.7082048654556274,0.7926705479621887,0.7880991473890385,0.300655692728362,-0.1576378741578107,-0.5134746108278022,-0.0303012076765298,-0.0061869756318628,-0.0092359809204936,-0.0414583840698003,-0.1975298202693462,-0.0151893858253955,0.0113179003819823,0.0497476682066917,-0.052773988068616,0.0015851740026846,0.0517763781662797,-0.0242346223229891,1876
1726744832603520800,0.4013307932300493,-0.20285656825006,0.3695125268280506,-0.1348261204692069,6.085260409650206,7.689070986050367,-0.4299755692481994,-0.8576006293296814,0.5952718257904053,0.7948623236511451,0.2803955548428267,-0.1713032935348367,-0.5101248944431289,0.04343106970191,0.0057947994209825,-1.65170058608e-05,-0.0065548284709453,-0.1312234106689691,-0.0012321721434593,0.0109772253781557,0.055063709616661,-0.048913896840671,-0.0136142689734697,0.0674576163289602,0.0349221392850275,1877
1726744832643292200,0.6145370887219905,-0.4640519282221794,1.1436544865727425,0.159089432313852,6.026829847991467,7.734494182097912,0.0778460204601287,-0.2376735806465149,0.3914691805839538,0.7990255646816533,0.2699431415890075,-0.1810559274771967,-0.5058732382140565,0.0450609251856803,-0.0245873406529426,0.0132241873070597,-0.0801326903790235,0.0431955831259489,0.0448503645956516,0.0099096950143575,0.050799548625946,-0.0645499350216006,0.0075061102397739,0.0597429959641769,0.0751964349866611,1878
1726744832683062800,0.7755820755504071,-0.4501350465506315,0.2843932802081108,0.1991571474765427,6.111224871990085,7.667050292900204,0.434011310338974,0.2926591336727142,0.149739533662796,0.8004621959965263,0.2742516632015335,-0.1840523360640018,-0.5001710715050404,0.0563066564500331,0.0201238840818405,-0.0124705238267779,0.0809063051000237,0.0776899734020233,-0.027292496073246,0.0150552755221724,0.0334217250347137,-0.0086189476517203,0.03243388235569,0.1252673152761533,0.0479761821657186,1879
1726744832722834400,0.4903237029455602,-0.3162216661453247,-0.189669169896841,0.1377054661646485,6.248904326930642,7.556627678197622,0.4080889821052551,0.1614165157079696,-0.0034683486446738,0.7994758127208368,0.2837903952524201,-0.1848843721579147,-0.4961040303189415,0.0754856765270233,0.0284312944859266,-0.0058825956657528,0.0113555067509412,0.0605880319535732,0.0205219790250062,0.0143112568184733,0.02187455072999,-0.0553513186101801,0.0439724251627922,0.0702439682450145,0.0284020852999412,1880
1726744832762605600,0.3024125922298059,-0.0918020853847265,-0.6440063443124294,0.069885802457109,6.334234001430869,7.486185776227712,0.1643277257680893,0.228984534740448,-0.0600823685526847,0.7982874739784642,0.2904086432725501,-0.1843192266969559,-0.4943948775310196,0.0611855685710907,0.0200666785240173,-0.0283032804727554,0.0181172559708356,0.0362462023794651,-0.0330173034608364,0.0041652605868875,0.0316547080874443,-0.0411737904081819,0.0501302294433116,0.0756892463051713,0.0167312883550184,1881
1726744832802376200,0.0935405904819723,0.0066214639663696,-0.7022954516738653,0.0005816200438941,6.350582494163513,7.4726488337844605,-0.0660145953297615,0.1347393095493316,-0.0790838971734047,0.7978816611673656,0.2932252281086001,-0.1817138056899214,-0.4943519345398622,0.0689473450183868,0.0144039466977119,-0.0052383765578269,-0.012909458194673,0.0222720375627279,0.0467833784848451,-0.0031268242746591,0.0391928888857364,-0.0332778586597414,0.0509223639965057,0.0751722366937436,-0.0053521489959181,1882
1726744832842143700,0.0810958363227546,-0.0730143828064203,-0.8377157295107841,-0.0505695961924036,6.294497034326195,7.519782340881228,-0.3204505145549774,0.0155799156054854,-0.0890913307666778,0.7984896922777419,0.2915293546812683,-0.1777875761380923,-0.4957987129566852,0.0592630319297313,0.0118651017546653,-0.0051124757155776,-0.0004871989950537,-0.0161935944318771,0.0134627081632614,-0.0189081877470016,0.0484527572989463,-0.0547280264795292,0.0294171273708343,0.0352494053278816,0.0128317373329424,1883
1726744832881914400,-0.0315637847508536,-0.0507259786307811,-0.5341723431527614,-0.0372694832958863,6.151451083916426,7.637319171503186,-0.6037740707397461,-0.1976192593574524,-0.0619110949337482,0.8000154192619247,0.2831847737402212,-0.1743888205281972,-0.4993699284476408,-9.614508599e-06,0.008090017363429,0.0037668361328542,-0.0103977676346898,0.0854243670463562,0.045224458605051,-0.0180908273905515,0.0312287099659442,-0.021521835683356,0.0178531780838966,0.0903364698115736,0.031721171836229,1884
1726744832921685800,-0.5129824382709339,0.0258417127430438,0.0295510886549949,0.0247149212197982,5.950833819025754,7.79469993673563,-0.6685323119163513,-0.1571933925151825,0.094018667936325,0.8030262644580004,0.2707891836735337,-0.1710383560805616,-0.5025613651995333,-0.0248233526945114,-0.0129680233076214,0.0188900623470544,-0.0245431973651051,0.0640144992709159,0.0513520015746355,-0.0048293089494109,0.0420061089098453,-0.042943951019016,0.0132941240444779,0.0909171923089772,0.0531199610952287,1885
1726744832961457200,0.1950484152497723,-0.4541916284650564,0.1288181030929088,0.0847740225119981,5.767822353452444,7.930663235408067,-0.4619974493980407,-0.1476636081933975,0.1018315255641937,0.806728161079239,0.2599254582062945,-0.167593169368765,-0.5035284271673137,-0.1024539694190025,-0.0459901019930839,-0.0041048019193112,-0.1097322943508625,0.1576239263385534,0.1631903282940387,0.0100580370053648,0.021751906722784,-0.0312440284443087,0.0204331055283546,0.0250743062838329,0.0837634846294298,1886
1726744833001227800,0.230823840046022,-0.1075070195168256,0.7146317861557007,0.1881613408834673,5.664598710343241,8.002955733680725,-0.1146954670548439,-0.3340456485748291,0.1289113312959671,0.8087425080072238,0.2519076542170197,-0.1688352349702618,-0.5039571880621772,0.030056407675147,-0.013339321129024,-0.0073147104121744,0.0306441445887088,-0.1641220561861991,-0.0886281315237283,0.0157300159335136,0.0459009781479835,-0.0205868952040909,0.0162033643573522,0.0378446231525856,0.0083656441775092,1887
1726744833040999200,0.4690161995660513,-0.3597422434419393,0.6483475883871317,0.2793214751028455,5.714823169192671,7.964493608817458,0.4234562516212463,-0.1738089621067047,0.0367216020822525,0.8080294960611327,0.251936712430083,-0.1745042056468483,-0.5031545898052924,-0.0118697360157966,-0.0225685592740774,0.0060590854845941,-0.0344125572115182,0.2387514729738235,0.0943780733525753,0.0044976691715419,0.0209551975131034,-0.0352318925040774,0.0057224659249186,0.0586452638553455,0.0317142078059026,1888
1726744833080769800,0.274385754000023,-0.2799842315942049,-0.0369020359396934,0.3189273814400657,5.9000733536034815,7.826736412465572,0.6880176067352295,-0.1748857349157333,-0.0090739447623491,0.804621163537879,0.2601507441363765,-0.182398146634406,-0.5016346864878376,0.139705404639244,-0.0016110257711261,-0.0336071662604808,0.0386532635211944,-0.1130254906773567,-0.1128209080159664,0.005092576611787,0.0092882178723812,-0.0154241147465887,0.0066481004469096,0.0645438386409543,0.0428115020120749,1889
1726744833120541400,0.084521499922499,-0.3167050657480955,-0.5055734406560659,0.3827968096844851,6.115012573835253,7.657053799542784,0.6336038708686829,-0.2144694477319717,-0.0117544336244463,0.7999950428056117,0.2691539424146703,-0.1927564681234456,-0.500408844900725,0.2069012224674224,0.012136798352003,-0.0262504518032073,0.0211526781439781,-0.0770598588049411,-0.0436322209775447,0.0195756889879703,-0.0040622078813612,0.0050630583973397,0.0021560885943472,0.1164549628025386,0.0447682438367279,1890
1726744833160312800,0.2699227832417935,3.56558352708e-05,-0.9766828861743212,0.3955154580147936,6.255714006945491,7.541883113530278,0.2223977148532867,0.0336905755102634,-0.0757142528891563,0.7968140329200412,0.275933070853597,-0.1983227656423782,-0.4996163987813906,0.1289709955453872,0.0038125016726553,-0.0152450045570731,0.0007478957578539,0.0416758262127637,0.0066442603200674,0.0413786023855209,0.0020944597199559,-0.0347083207211224,-0.0001949017168954,0.1134064528189599,0.0264662446994218,1891
1726744833200083200,-0.3028085692774504,0.3537199144124984,-0.082945994234085,0.3722404539545997,6.231382114243507,7.563180168581009,-0.2949917018413543,0.0615651234984397,-0.0192418247461318,0.7967753642970697,0.2751096429335233,-0.1967226688226675,-0.5007632331737996,-0.0302332956343889,-0.0120050776749849,-0.0011415027547627,0.0186737208098173,0.1385638365596532,0.097286069753766,0.0573986954987049,0.0130114872008562,-0.0820920351527165,-0.0047669494524598,0.0528741102751111,0.0192476025744806,1892
1726744833239854800,-0.260684414775297,0.0867775352209806,0.2432464463055133,0.3516641874590888,6.137099317958951,7.640859620589017,-0.2491863518953323,0.0812872424721717,0.0379445254802703,0.7988860851149923,0.2709002315337974,-0.1924516863292736,-0.5013546480276034,-0.0842581838369369,-0.0142749417573213,-0.0174800623208284,-0.0115267716646194,0.061550739505887,0.0354103360772132,0.0416662730276584,0.0234444588422775,-0.0585600652233464,-0.0032751327380537,0.0600717210284667,-0.043110128765623,1893
1726744833279625200,-0.1478765123713761,-0.0119669166475534,-0.1222983459353447,0.3843040359096601,6.086206166067719,7.679895161426067,-0.1538956016302108,-0.3195673525333404,0.0444987155497074,0.7998508566694105,0.2673606014115873,-0.1922306794936533,-0.5018010156300009,-0.1364833116531372,-0.0214736796915531,0.0924744680523872,-0.0796697490423917,0.1065945808470249,0.1083463929504156,0.0128687266260385,0.0189924873411655,-0.0461807455497328,0.0003308070590719,0.0402413866625865,-0.0216071576129412,1894
1726744833319396600,0.089230006407015,0.3204500974953174,0.0729506699204444,0.5307185129044577,6.031965457314253,7.713890954530239,-0.2198600769042968,-0.6863816380500793,-0.0512733161449432,0.7992077052181324,0.2598676475710976,-0.1979136624423714,-0.5045453400264006,-0.1972987204790115,-0.0411398485302925,0.0437457412481308,-0.1111146886199712,0.1905839466542005,0.1252232934713363,0.0053004138171672,0.006491987966001,-0.0151124675396189,0.0207240208983421,0.0470465594656765,0.0350263280285755,1895
1726744833359167200,1.1281031355671585,-0.2279454167991876,-0.4484586377710103,0.7817215281534939,5.924648407411575,7.775463321346044,-0.4488103091716766,-0.9000228047370911,-0.3605324029922485,0.7963531180044139,0.245578146098304,-0.2079737126597243,-0.512113190885994,-0.2369204312562942,-0.0375748835504055,0.1028909608721733,-0.0365720733329653,0.3309112857550382,0.0024421324551105,0.0097385887056589,0.0011957731330767,-0.0212101896180305,0.0252975616604089,0.0728391860697185,0.0239359978527296,1896
1726744833398938600,-0.6349958663176745,0.0350964478224515,-0.628342911234498,0.9861952492766082,5.76081685860455,7.874693510904907,-0.6685471534729004,-0.7608039379119873,-0.5025344491004944,0.7889551895671132,0.2275884140352916,-0.2161154620954248,-0.5282494285453128,-0.0772679224610328,0.0354054234921932,0.0243184491991996,0.1834951574370265,-0.0659989510864019,0.1145715510755777,0.0043860580772161,-0.0023971660993993,-0.035076067188126,0.0246628448367118,0.0498966242677066,0.0278216162475757,1897
1726744833438710300,-0.241496826159209,-0.0282224703997373,-0.7153963407874107,1.013925990636647,5.535784114381671,8.031029735520482,-0.7684784531593323,0.0286886189132928,-0.0823317095637321,0.7881282350660198,0.2140678107422403,-0.2114389334416992,-0.5369567515365007,-0.0122348554432392,0.0250846613198518,0.0006916174897924,0.1506049874871969,0.0260848738491535,-0.0638192689597606,0.0032695848494768,-0.0078344326466321,-0.0426323049536906,0.022786172106862,0.0734199085671221,0.0453347779785748,1898
1726744833478481000,0.0533406181085854,0.3625841888695955,0.0365741191595792,0.944442704565823,5.276658546420932,8.21189951288998,-0.7512641549110413,0.4390179514884949,0.0012919714208692,0.7922391187599808,0.2037266666140406,-0.1995121576069898,-0.5394883337892701,0.0666969791054725,0.024826867505908,-0.0053419070318341,0.0295417363047599,-0.0245955120742321,-0.108837975859642,0.0100938798859715,-0.0068811075761914,-0.0218334817486815,0.0139315007254481,0.1078337489868514,0.0395063503863057,1899
1726744833518252000,-0.257246768476814,-0.0790770438462495,1.761315260273218,0.8083619900587946,5.152390361717343,8.304806344646215,0.1366728842258453,0.2480094730854034,0.0124213155359029,0.7951382688601714,0.2021184649576914,-0.1889995664642332,-0.5396132272733073,0.142712116241455,0.0015094531700015,0.0420467816293239,0.012120645904541,0.0031008886247873,-0.0201180743992328,0.0159084796905517,-0.0124353347346186,-0.1114381301543675,0.0143683310598135,0.0134682839540997,0.0595149228293448,1900
1726744833558022700,0.9678810824941844,0.3285059781789779,1.1159680227458475,0.6621212621957063,5.275871195435523,8.239973514729737,0.4181329905986786,0.843313455581665,0.0101649705320596,0.7961506714545077,0.2131217748679653,-0.1856269955765517,-0.5350380890928248,0.1975143700838089,-0.0374082811176776,-0.0056651486083865,-0.0777145233213901,-0.0786678785234689,-0.1362111359536647,0.015809079632163,0.0177854113280773,-0.0287944753011455,0.0244383849203586,0.0558589119392912,0.0382342617909889,1901
1726744833597794300,0.3568631443416699,-0.5315554386526345,-0.438606521320343,0.3895291136141866,5.382357639732956,8.188338020038604,0.3038647770881653,0.8304531574249268,0.0143437720835208,0.7979798009891653,0.2272093204524465,-0.1757466161103593,-0.5298276987354847,0.1155436113476753,-0.061722457408905,-0.0300138965249061,0.0405532519236207,0.1682265688955783,0.0231523275285959,0.0113431895151734,-0.0039636520668864,-0.0339292032745201,0.0169316940009593,0.0696632457476109,0.0070033028908073,1902
1726744833637566000,0.4562118091810494,0.0493780711531639,-1.2603110272288325,0.1664302417970262,5.43199699217081,8.16309310414493,-0.0578858032822608,0.470932275056839,-0.1105870455503463,0.7991180394888663,0.2366820983807201,-0.1666722922074686,-0.5268892569135579,0.0848599970340728,-0.0624912641942501,-0.0043347664177417,-0.0306608034625649,0.033182138633728,-0.003845569512248,0.0187248922884464,-0.0145390955731272,-0.0204030219705891,0.0025264592841267,0.0695995374282123,0.0076879578326101,1903
1726744833677366800,-0.5668117897445336,0.0507031822770834,0.2028004541486501,0.0728581784645561,5.374857054844498,8.202194111433625,-0.2096641361713409,0.006257046945393,-0.0554856024682521,0.7994191304336018,0.2364544585099902,-0.1609154552045043,-0.528322286089434,0.0143877007067203,-0.0527822263538837,0.0269674286246299,0.0171498722434043,0.1129495028316974,0.0256166718155145,0.0282816998660564,-0.0119966156780719,-0.0418251350229606,0.0037034470587968,0.0701802553590387,0.0290867430958547,1904
1726744833717139000,0.2806540571471676,-0.0354494990438222,0.2116623905181884,0.0683006430243607,5.321846764668822,8.236727080154418,-0.0988726690411567,-0.012845329940319,-0.0705210864543914,0.7996971610528051,0.2338639517518139,-0.159221401908606,-0.5295666066718764,0.001097195316106,-0.0296145379543304,-0.0271079894155263,-0.015320903250575,0.0933972456216812,0.0458230090200901,0.024896441027522,0.0003245985135436,-0.0327823370776255,0.0045750327408313,0.0894298672275152,-0.0138150138908938,1905
1726744833756910600,0.1623342959865927,0.0744108056008815,0.0428097986787557,0.0559870911964913,5.310297781172395,8.244269750618933,0.0444095395505428,0.0740941762924194,-0.1327867805957794,0.7987033877945969,0.2333177584881255,-0.1588144899298745,-0.5314260030970888,-0.0378832258284091,0.0038158572278916,0.0050803739577531,0.042758945274353,0.0636029958605766,0.0518108512580394,0.0036843712441623,0.010340099222958,-0.0943435774279292,0.0125690354034304,0.0234522511900868,-0.0093628579292679,1906
1726744833796683000,-0.2782245832442306,0.0197667767435312,-0.2790133407354355,0.0334174178274814,5.312419011110067,8.243025303515791,-0.0627892315387725,-0.1404702216386795,-0.042147196829319,0.7976331138562063,0.2337743542526878,-0.1583420957487729,-0.5329715703659436,-0.0034538805484771,0.0035427235998213,0.0037254239432513,-0.005400982260704,-0.0109843353509902,-0.0201040458738803,-0.0160819925367832,0.0191655084490776,-0.0339292032745201,0.0211183037608861,0.0696632457476109,0.0070033028908073,1907
1726744833836454700,0.1424682601196691,-0.078270403638482,-0.1644979037612676,0.0736085493072867,5.292991257062554,8.255253501448035,-0.0360039919614791,-0.1078062504529953,-0.0247131958603858,0.7973249600929311,0.2314776036557847,-0.1597414684404844,-0.5340165378339381,0.0294518712908029,-0.004257408902049,-0.0069349436089396,-0.0152095518305897,-0.0048258127212524,-0.0351765273213386,-0.0145034501329064,0.0154556082561612,-0.0700243661110056,0.0227970890700817,0.0505410550845088,0.0485357477106619,1908
1726744833876222200,0.2882695371195674,-0.1719745232522487,0.0751250913500785,0.0982444664571434,5.280751953214407,8.26283182774782,-0.0492796525359153,-0.1100971177220344,-0.0538435727357864,0.7966533323584968,0.2299086453232842,-0.1607943444791253,-0.5353790690141123,0.0383646748960018,-0.0030960044823586,-0.0011956981616094,-0.0040361236482858,-0.0103852004140615,-0.0077723875671625,0.0028670094907283,0.0275641456246376,-0.0569656539050629,0.0241329837590456,0.0767232655280269,0.0608981664818245,1909
1726744833915994600,0.1439053254517726,-0.1827431700259447,0.2282324170470237,0.1134713347487151,5.294513352063298,8.25382609899342,0.1543352752923965,-0.0790199637413024,-0.1198402792215347,0.795129357915835,0.2297206424618559,-0.1624820772931586,-0.5372126802068338,0.0543015636503696,0.0158018916845321,0.0054820450022816,0.0295467047408223,-0.066502224433422,-0.0404465766787529,0.0111745093017816,0.0271891709417104,-0.0360390601515187,0.0223097782582044,0.0618849124968517,0.0479622449719114,1910
1726744833955766300,0.1547917351199313,-0.0703635760366916,0.4984814365684986,0.1133587412197142,5.372323736974597,8.203394134873152,0.3303189575672149,-0.1061479076743125,-0.118761621415615,0.7925012530134945,0.2330092296682409,-0.1656804134233572,-0.53870075457653,0.0112041579559445,0.0099098086357116,-0.0106671638786792,-0.0257563725471496,0.0794663354247808,0.0596545504957437,0.0061194323934614,0.0177627429366111,-0.0286105997843551,0.022137876600027,0.0876138307814951,0.0375565680254017,1911
1726744833995538700,0.3677341920439154,-0.2785562446177005,0.6555436373710632,0.0937481140191201,5.522007517963647,8.103643136310577,0.6363934278488159,0.0228694919496774,-0.1955894082784652,0.7885568545223864,0.2402983615873838,-0.1705458341243444,-0.5397675707863931,0.0760768949985504,0.032491497695446,-0.0205758549273014,0.0220411514163017,-0.0647825610339641,0.0167798698872327,0.0068789566867053,0.002782086841762,-0.0160474091605283,0.0224028080701828,0.0995384061246644,0.058381854545651,1912
1726744834035310000,0.5647166806288063,0.0821861157774925,0.6209492938518524,-0.0569960444767493,5.775526351958513,7.925302585157752,0.9519374370574952,0.6803351640701294,-0.3702507019042969,0.7825815448953835,0.2566328403795928,-0.1733828192655225,-0.5400407203508368,0.0548408515751361,0.03223168104887,0.0136896409094333,0.0389788422137498,-0.0230295779317617,0.0087847794800996,0.0107800606638193,0.0069094588980078,-0.0279592551695764,0.0142218340188264,0.0931228217276278,0.0252011201344314,1913
1726744834075082500,-0.5449672568788752,-0.1279407357364892,-0.4645516944378614,-0.3735084280638024,6.08381605606079,7.682320927268266,0.9624533653259276,0.4050995111465454,-0.2694081366062164,0.7757883064518586,0.281368123001865,-0.1707120610645118,-0.5383696244428616,0.0327786915004253,0.009640616364777,-0.0282287150621414,-0.0912535115912556,0.0569043750047683,0.0208300220608711,0.0059156590141355,-0.0072801718488335,-0.0504004638703074,0.0033445777371525,0.0246847201610682,0.0603107311158441,1914
1726744834114855200,-0.0910975538445636,0.0700900197923183,-0.8337205223947763,-0.4718391480322927,6.313150881391763,7.489451500025391,0.5415471792221069,0.1607115864753723,-0.1013528406620025,0.7703842834077554,0.2958427980130428,-0.1749893886896074,-0.536995244243428,0.0483712367713451,0.0041343183256685,-0.0137179484590888,0.0086582304909825,0.0136743050873279,0.0211363115310668,0.0106056602671742,0.0374066233634948,-0.0610096183665096,0.0113394912332296,0.029287117656297,0.0024190923603513,1915
1726744834154626600,-0.220910513193719,-0.0677858345031738,-0.7679080337911843,-0.5096200856983661,6.414364938244224,7.400445182839036,0.187561348080635,-0.0772360116243362,-0.037475511431694,0.7676018196020591,0.3020393229350032,-0.1773543096522624,-0.5367542279182765,0.0105149317532777,-0.0056244628503918,0.0079983994364738,0.0163742116957902,0.0254150117635726,0.0053062897145748,0.0048529603518545,0.0128783164545893,-0.0220173572654719,-0.0056435950100421,0.076078839277802,0.0401840350187383,1916
1726744834194399200,-0.1012723629109561,0.0492284335494041,-0.3681330551683902,-0.4683980311350896,6.439806253492832,7.381048992973565,-0.0002102102153003,-0.1511895060539245,0.0198698136955499,0.7666083474757625,0.3018703900968881,-0.1804037324560379,-0.5372526263382518,0.0266510248184204,-0.0126943038776516,0.0080629149451851,0.0038654432564973,-0.0059323126584291,-0.0399514866381883,0.0200915336608886,0.012386379763484,-0.0495652414554497,-0.0051532983779907,0.0619486253828275,0.0472775917425751,1917
1726744834234170600,0.0376520871220156,0.0132259767979383,-0.1215501579165458,-0.4246148208469152,6.4180491797149175,7.402616681659222,-0.1097050756216049,-0.1402365416288375,0.0361032709479332,0.7668451174209918,0.2992612278280446,-0.1816984193481554,-0.5379376301594889,-0.0222744401544332,-0.0293178614228963,-0.0075296270661056,-0.0490647674202919,0.1316904436588287,0.0622357991605997,0.0339104607701301,0.0116350091993808,-0.0487580760912969,-0.0152629176154732,0.0587089767413213,0.0310295522932778,1918
1726744834273943300,-0.1757208701737224,-0.0418143579006195,-0.0356108270853757,-0.3650695394119247,6.403956356954574,7.417982008573412,-0.0888092517852783,-0.2015629112720489,0.0610837489366531,0.7669407115922694,0.2965552567598792,-0.183965101606725,-0.5385292946131124,0.0219662580639123,-0.0049005090259015,0.0300598908215761,0.0151622055575251,-0.0758779555439949,-0.0751946494549512,0.0342674069106578,0.0320529304444789,-0.053581157999346,-0.013651174493134,0.0550160313743632,-0.0079865840153361,1919
1726744834313714400,-0.1740317115103825,0.2680272518187761,0.8193786933094263,-0.2748812093667686,6.360469681927562,7.459172097095847,-0.08061283826828,-0.2382479459047317,0.1055899634957313,0.7678505744520646,0.2914487009305323,-0.1864020199268136,-0.539182157473991,-0.0677377954125404,-0.0290382280945777,-0.0227584484964609,-0.1038745082333683,0.0899246010750532,0.0341653044521808,0.0246730986982584,0.0296486616134643,-0.0524623420032905,-0.0213043615221977,0.0342790989910019,-0.0320197985897772,1920
1726744834353487000,0.3605988968038931,-0.28611060552001,-0.4997638775944709,-0.2506153676383197,6.398208168691396,7.427685656464099,0.2119528502225875,0.1219346150755882,0.0011783097870647,0.7676186019200882,0.2928003629573179,-0.1885772467898134,-0.5380226603433281,-0.0324216149747371,-0.0039101862348616,0.0011424240656197,-0.0219403213903307,-0.062227615854144,-0.0076011226534843,-0.0033372070174664,0.0372613109648227,-0.0532695119340205,-0.0145003404468297,0.0375187476325081,-0.0157717579988355,1921
1726744834393259500,0.0072583736304193,-0.1679945137053728,-1.1172270828962323,-0.247875841405522,6.405189113619923,7.421758604502678,-0.2177709937095642,-0.178533598780632,0.0379150621592998,0.7674328533626379,0.2930572800903379,-0.1889789555924829,-0.5380068022859839,0.0094227697700262,0.0037279198877513,0.016392882913351,0.0132557874143123,-3.68248790502e-05,-0.0059258829176425,-0.0177933722734451,0.0253952220082283,-0.0423206543217878,0.0183159969747066,0.0559226248252671,0.0375496039950754,1922
1726744834433031200,-0.2330591065511107,0.1423269884854555,-0.0767079766273498,-0.1446262966700829,6.297626564523577,7.5159414475440975,-0.4026558101177215,-0.2602979838848114,0.1306451857089996,0.7695550833685523,0.2842753904166236,-0.1896869600166904,-0.5394362588946029,-0.0286591034382581,-0.0002425871207378,-0.0024982502218335,-0.0416509840324521,0.0574807135879993,0.031078444352746,0.0001459358027204,0.0272863041609525,-0.0225128788475878,0.0306221786886453,0.0618211996108759,0.0486469027678249,1923
1726744834472803600,0.1179772495995275,-0.1145668749004602,0.3521107256501913,-0.047198621921963,6.206313723960519,7.592748208370804,-0.1887081116437912,-0.1924302279949188,0.1099782511591911,0.7717185369265016,0.2767344938017027,-0.1905140313835508,-0.539974860231069,-0.0007603596895933,0.00855393987149,0.0061542936600744,-0.0043295536369085,0.023303134176135,-0.0126718500465154,0.0098355822265148,0.0273089744150638,-0.0425045275552896,0.0329226851463317,0.0241677105496404,0.0382272931940853,1924
1726744834512575200,0.095362243818026,0.1301788700520992,0.5455751961767673,0.0348226084502879,6.171059455227852,7.62149499490559,-0.0419663563370704,-0.1653940081596374,0.0925525426864624,0.7727272649455081,0.2725331017739384,-0.1927111862094275,-0.5398893855769568,-0.0250683631747961,0.0093244994059205,-0.008417990989983,-0.0303457461640238,0.0647562575489282,0.0090390465021133,0.0005762272048741,0.01893300563097,-0.0267126663416973,0.0322085134685039,0.0231336936100735,-0.0059395855035429,1925
1726744834552347600,0.1628664118356071,-0.0687672467559576,0.1039174705922603,0.0808932081564329,6.172934016928076,7.619627447468042,0.0512860901653766,-0.0365952178835868,0.051510214805603,0.7731334042736088,0.2713650162367621,-0.1945973608016427,-0.5392195224235558,-0.0235887095332145,-0.0016513993032276,-0.0112422071397304,-0.0190720724776387,-0.0258048878639936,-0.0167675949275493,-0.0017838344210758,0.0112339416518807,-0.0291341715673101,0.0355920754373073,0.0328526418178807,0.0428045379817485,1926
1726744834592120000,-0.0866884778311941,-0.1344768595069646,-0.3237397866904735,0.0934221791335381,6.200186765512823,7.597324430245161,0.1250635385513305,-0.0221921037882566,0.0344460494816303,0.7729169167710996,0.2724621343129156,-0.1959812337260167,-0.538474845210977,0.0014657767023891,-0.0064084441401064,-0.0096762683242559,-0.0087537998199462,-0.0297276142656803,-0.0227893394351005,0.0064283278770744,0.0132405692711472,-0.0718225746393902,0.0391215458512306,0.0252654403751832,0.0817095203748438,1927
1726744834631891700,-0.2154003349374979,-0.0160158997774124,-0.3766185594409704,0.1522531930856406,6.222534790921211,7.578077877983451,0.0024612687993794,-0.2519989907741546,0.1268960833549499,0.772880799814505,0.2719297336910419,-0.1991978431686754,-0.5376147510449161,-0.0319920480251312,-0.0022628610022366,-0.0050469618290662,-0.0059708911031484,0.0537841971576213,0.0137029466599226,0.0314241684973239,-0.0166555792093276,-0.0104171584633935,0.0336265228688716,0.0999917028501164,0.0811499502633232,1928
1726744834671663900,0.1413843921394087,0.0082978727459907,-0.0337754283517599,0.2346549426415003,6.204655435359478,7.5906240558236835,-0.1034688502550125,-0.1536333709955215,0.1206245943903923,0.7734217786123572,0.2685883176263993,-0.2021044171080004,-0.5374317329196534,-0.0761358067393302,-0.0073198308236896,-0.0192711055278778,-0.0220841137751936,0.0328700039446353,0.0723638099431991,0.0421944446861743,0.0174373667687177,-0.0647338128216797,0.0443053096532821,0.0279880816885502,0.0758741196190938,1929
1726744834711435500,0.1092478535684756,0.1246107145309448,0.6765694742649794,0.2907332603519782,6.202665722846985,7.590309583047031,0.1384229063987732,-0.0311332456767559,0.0483917146921157,0.7739168264115468,0.2669609667066502,-0.2042883932961986,-0.5367037567000307,-0.0015417309477925,-0.0045219673775136,0.036608874797821,0.070291972105205,-0.2085229234486818,-0.1250701487362384,0.0340083427727222,0.0139812175184488,-0.020091373621975,0.0307311844080686,0.0521022582529345,-9.72207174665e-05,1930
1726744834751030800,-0.0388067735824733,-0.1774006399542093,0.6158651224553585,0.3291036883438006,6.307155440369248,7.502124519115686,0.5644884705543518,-0.1267804652452469,0.0180554743856191,0.7717917232171058,0.2710504003094044,-0.2098327494571131,-0.5355740506668859,0.0261325072497129,0.0108532076701521,0.0246366970241069,0.070931731313467,-0.0698562110364437,-0.0044166473984718,0.0173876211047172,0.0140755102038383,-0.0540766772981733,0.0261171720921993,0.0407583962740143,0.0004762831629283,1931
1726744834790797300,0.3234584489984438,-0.2708475699365139,-0.0862485429108142,0.3234249485876411,6.509987458699941,7.327062551242113,0.7207942605018616,-0.0019978862255811,-0.1147769913077354,0.7672576145405274,0.2814455993908429,-0.2172835431349211,-0.5337527758038239,-0.0082286614924669,0.0029750440735369,0.0191272180527448,0.0062032385542988,0.1629582731038331,0.0352829103052616,0.0146665489301085,0.0137976687401533,-0.0139656024843687,0.032606367021799,0.066813185512158,0.0142080112468742,1932
1726744834830563000,0.4343976349210366,-0.0720417383819818,-0.3477864327102899,0.2624649049839004,6.682132662343978,7.17290717779696,0.4505381286144256,0.2493800967931747,-0.2175620198249817,0.7625061764657938,0.2918345973397689,-0.2216215093722258,-0.5331985475090039,-0.0215785559266805,-0.0226778015494346,-0.0295132882893085,-0.0285515562236309,0.1454991887807846,0.0877735605210065,0.0159361958503723,0.0146099440753459,-0.0547280264795292,0.0173014812171459,0.0352494053278816,0.0128317373329424,1933
1726744834870326800,-0.1808759148493409,-0.2146107189297676,-0.6128150872349739,0.1522951051317621,6.780110221493244,7.0835934020966285,0.2266813963651657,0.0776387900114059,-0.1646462678909301,0.758938467461909,0.2998392412120069,-0.221209544601546,-0.5340179711332175,-0.0818323120474815,-0.0131676001474261,0.0561892949044704,0.0081447280108928,0.0758113200485706,0.0262228210151195,-0.0003610120620578,0.0074212234467267,-0.0695568947297288,0.0031056350562721,0.0242951340383035,0.0368579844521242,1934
1726744834910092500,-0.1609653274546377,-0.1998778447002172,-0.7482219210684299,0.1235558808489236,6.801439425247907,7.063677572271227,-0.0831620022654533,-0.1095988452434539,-0.0534037053585052,0.7573243448886148,0.3014019338960529,-0.2213810319580158,-0.5353570435973628,0.0055958069860935,-0.0351727679371833,0.0795765817165374,-0.0503323031380772,0.0673375062137842,0.0092827921301126,-0.0019077755277976,0.0103372577577829,-0.0416693142735864,-0.0003573767608031,0.0614316157713998,0.025194156104105,1935
1726744834949859000,-0.3779209107438102,0.0116284784734249,-0.6158657069772482,0.2016478317811153,6.722811294212937,7.136773203620314,-0.4676427543163299,-0.4605081975460052,0.1049974039196968,0.7579242389855598,0.2943265374355832,-0.2224808634320892,-0.5379822775423948,0.0220613330602645,-0.0291657950729131,0.0205289702862501,-0.0212336344256997,0.0574310292273759,-0.0822761321485042,-0.0060859965160489,0.0099381925538182,-0.0759943119326606,-0.0109442993998527,0.0270814836710691,0.0303379304670379,1936
1726744834989625000,0.103191311742179,0.0873556273698806,-0.305922390449047,0.3962990461405366,6.542338407206535,7.294597036445141,-0.713879406452179,-0.5335183143615723,0.1768089532852172,0.7607094652814912,0.2784718022761145,-0.2247943913263256,-0.5415183580638122,0.0334178507328033,-0.0443484224379062,0.0100593529641628,0.0041465982854366,-0.087884619680047,-0.0887011967599391,-0.0132770230993628,0.0157504342496395,-0.0561865364584606,-0.0072444202378392,0.0329800630232552,0.0414352269564988,1937
1726744835029392000,0.0944292555505409,-0.121135731896758,1.1567039377599957,0.570111269681342,6.39573973275125,7.412143803939223,-0.1311357170343399,-0.2573723495006561,0.2815083265304565,0.7641053582259522,0.2658644010103233,-0.2267200254156232,-0.5422704236201203,-0.1418948471546173,-0.0597710013389587,0.0225381944328546,0.0136734283044934,0.2259498590677976,0.0255459446668624,-0.011698480695486,0.0120405331254005,-0.0159196363287046,-0.0055656339973211,0.0502862081071827,0.0512743697611615,1938
1726744835069158400,0.3850012609262019,0.3483955045193433,0.8752899656236172,0.6916412981253117,6.433330335476994,7.36914345112443,0.313484638929367,-0.0853603109717369,0.132021427154541,0.7651982412683356,0.2649186736767233,-0.2325861834928801,-0.5386960643307854,0.1203540787100792,-0.0032855682075023,-0.0165634024888277,0.0468359854549169,-0.3368704864203929,-0.2321159804821014,-0.0084778368473052,0.003032995853573,-0.0299413392147514,-0.0057765147648751,0.036092290459387,0.0590525797143345,1939
1726744835108924200,0.3597917816720902,0.0551268439382314,-0.3819166658490896,0.6733060885548591,6.5180041764169925,7.29607178517282,0.1667605191469192,0.1727080047130584,-0.1233811452984809,0.763786806331428,0.2699359307240522,-0.2348157818116354,-0.5372391084036776,0.0779664069414138,-0.0036720994394272,0.0011911599431186,-0.0110927641615271,0.0170259536027908,0.0073375032812356,0.0014399846550077,-0.0018457473488524,-0.0167268028345017,-0.0077051618136465,0.0535258567486889,0.0675224069271702,1940
1726744835148691000,0.006788673759438,6.78045392036e-05,-0.7283879243075847,0.58667391662132,6.504828468501567,7.315285604208707,-0.2341363579034805,0.0953191369771957,-0.1182279735803604,0.7632810336453102,0.2715156064227454,-0.2308755055217269,-0.5388671784054466,-0.0556989759206771,-0.0227355398237705,0.0273682344704866,-0.0914873203471303,0.1796276683539152,0.116615039601922,0.0137912109494209,-0.0277966484427452,-0.016882628150453,-0.0130427712574601,0.0622745009029051,0.0714149939189199,1941
1726744835188456400,-0.0892648950573056,-0.1108393788099288,-0.2922819876313209,0.568404429230839,6.425546257472038,7.38645055975616,-0.2665967941284179,-0.0845353379845619,-0.0280976574867963,0.7640930282129819,0.2676750108186458,-0.2274772624735951,-0.541078634389566,0.1272218376398086,-0.00418800720945,0.0161207076162099,0.0108516488820314,-0.2016881089925765,-0.0916863500505685,0.0320222526788711,-0.0323947109282016,-0.024410810006957,-0.0085341995581984,0.1263013253658544,0.0921430534426588,1942
1726744835228223200,0.0599831248629838,0.0157440970987081,0.3620598727345466,0.6017143224300816,6.36944150841236,7.432263047382235,-0.0970701724290847,-0.1280211061239242,-0.0534988604485988,0.7640730047171465,0.2633478638176198,-0.2273938114636051,-0.543260833964346,-0.09483253210783,0.0412934049963951,0.092021532356739,0.1147889932185411,0.2498345925241708,0.1522019012898206,0.0283655971288681,-0.0156895313411951,-0.1027350376083515,-0.0181700829416513,0.00971162684281,0.0211834477415774,1943
1726744835267990000,0.2094650631370022,0.07957973267138,0.3016968817085027,0.5879535811683163,6.362618384394049,7.439205998387933,0.0071814567781984,0.0443094782531261,-0.1024032011628151,0.7632918975531859,0.2630363081957935,-0.2269756615594095,-0.5446829543800904,-0.0590244643390178,0.0148117830976843,0.0147003782913088,-0.057966159017384,-0.0455254873782396,-0.0295873290121555,0.0171829611063003,0.0127995880320668,-0.0587158859727205,-0.0310451034456491,0.0688203651826828,-0.0392175417738733,1944
1726744835307755800,0.0458929689837619,-0.0702718061000108,-0.2351321134328842,0.533204557566531,6.366124346688389,7.440332372069358,-0.0267060808837413,0.1106460094451904,-0.1123871281743049,0.7624391222472405,0.2645500505247988,-0.2250819915268194,-0.5459286426885093,0.0092166401445865,0.0061669489368796,-0.0112348161637783,-0.0458972433000803,-0.0588420650690793,-0.031822540718317,-0.013191470876336,0.0405523218214511,-0.1975741343351081,-0.0161401461809873,0.0189062463574809,0.0202834507115301,1945
1726744835347522600,-0.3264647546749561,-0.2140010625988244,-0.3160392953157425,0.5135117959072814,6.3588692609936,7.447917128109932,0.1362084597349167,-0.1654524654150009,-0.0406755693256855,0.7618636665809927,0.2644898161829224,-0.2242923314756839,-0.547084819430798,0.0813060104846954,0.0180549807846546,-0.0282653979957103,-0.0169131408780813,-0.0879822348356246,-0.0887976428717374,-0.0321892760694026,0.0920423418283462,-0.0957740394893102,0.0268900841474533,0.0616864581821486,0.0224555363368941,1946
1726744835387288000,-0.3237497600952163,-0.1622206064790487,0.0008265139520168,0.5685566971831023,6.446252360892295,7.368376558405161,0.3264446258544922,-0.2265908867120742,0.0549124330282211,0.7594722700256509,0.2669525402345115,-0.2303338926097333,-0.5467034676328442,-0.0413993969559669,-0.0014438858488574,-0.0106447264552116,-0.0311421572387218,0.3530336857140064,0.1698351731359958,-0.0429636165499687,0.0857885330915451,-0.0329662125944159,0.0209286771714687,0.0576749575184658,-0.0131373281168169,1947
1726744835427054800,0.915089476570487,0.3750362586855888,-0.3977349972277879,0.6157032098919153,6.462654045116901,7.350197343114018,-0.2700912058353424,0.1344440132379531,0.0663682892918586,0.759786104785637,0.2666235061394124,-0.2327147273210673,-0.5454181102227417,-0.0340237729251384,-0.0358302481472492,-0.0304871425032615,-0.0515799651116132,0.1694330220758914,0.0548585483908653,-0.04044059664011,0.061679121106863,0.047100116283819,0.0039066104218363,0.1185331755823921,0.0182187161844689,1948
1726744835466821600,0.2477452555621042,0.0625122780144214,-0.1451134043335914,0.5371038665600121,6.335692383545637,7.465983530676365,-0.4479430615901947,0.2807612717151642,-0.0247941650450229,0.7631691982544125,0.2629529160093042,-0.2240458712662381,-0.5461062515848477,0.0701337829232215,-0.0101247793063521,-0.0182511135935783,-0.051959027557075,-0.365662281140685,-0.2114654066413641,-0.0345249362289905,0.0543989464640617,0.0119679486940149,0.0072511881589889,0.0874226921235676,0.0396105322799878,1949
1726744835506587400,-0.3080103391716257,-0.2887760253369808,0.2938812395215034,0.4772505420891568,6.251984172767401,7.540245867717266,-0.0737763717770576,0.1239440962672233,0.068262755870819,0.7657781816169196,0.2609742068538918,-0.2178231341965307,-0.5459206110855079,-0.0198783949017524,0.0106982644647359,-0.0315105952322483,-0.0437695836216211,-0.104279874163866,-0.0524707764714956,-0.0103423921391367,0.0138877006247639,0.0108491326979594,0.0086027337238192,0.1081596199403516,0.0636437525626504,1950
1726744835546354200,-0.0733598717758432,-0.0463292049765586,0.054743397578597,0.4926445105759426,6.277388078615069,7.518116453495621,0.1985456496477127,-0.0471484512090683,0.0746405348181724,0.7663142718147531,0.262190488518232,-0.2189494831527591,-0.5441319952213105,-0.0047199469991028,0.0251195486634969,-0.0171477664262056,0.0019306758016347,-0.0027513445347547,-0.0061737201988697,0.0040136040188372,0.0037127425894141,-0.0233200464950292,0.0112476274371147,0.0650608528189593,0.0648949399338336,1951
1726744835586120000,0.0600513677936047,0.0152104286134243,-0.1016226376533508,0.5251813005108386,6.33451164932847,7.467832957935332,0.1694129854440689,-0.0663685202598571,0.0367771387100219,0.7655182247002293,0.2642085295634784,-0.2223518264491232,-0.5428953432374298,-0.0223492756485939,0.0017706027720123,-0.0156093258410692,-0.0211091312631964,0.02471124740839,-0.0152045833945274,0.0109071768820285,0.0037339907139539,-0.0223570558149251,0.007084930781275,0.053072560023237,0.0447543157760752,1952
1726744835625886500,0.0522516172954812,-0.1146077914327383,0.0132423434108495,0.5712882045062259,6.369609266194701,7.434520470920205,0.1036606132984161,-0.18449267745018,0.1385473757982254,0.7651390108845616,0.2647195884915982,-0.2255404463051692,-0.5418647075675216,0.047232199460268,-0.0179380141198635,-0.0271400138735771,-0.0268313083022832,-0.0669710109889507,-0.0628238281816244,0.007121748290956,-0.0048801638185977,-0.0423206543217878,-0.0083918534219264,0.0559226248252671,0.0375496039950754,1953
1726744835665653200,0.2624561736881732,0.1379343064844608,0.2640770528882741,0.6497347318965941,6.41215135384798,7.3913827554613345,0.2190824300050735,-0.0239977519959211,0.1131395623087883,0.7653888674419048,0.264988048756047,-0.2300558690575589,-0.5394769682754498,0.061265729367733,-0.0132473893463611,-0.0326032899320125,-0.0117506435483694,0.0314577990591526,0.002681786429882,0.0148082822561264,0.0078613627701997,-0.0432836450018919,-0.0010960418730974,0.0679109176209894,0.0576902327194111,1954
1726744835706660900,0.1488498143829405,0.079999419388175,-0.1506254457533359,0.6467731786772608,6.465299006667733,7.345201434522867,0.1364376544952392,0.08893384039402,-0.0077134696766734,0.7650519586257373,0.2681036399011282,-0.2315586226543339,-0.53777010533866,0.0309190060943365,-0.0167918968945741,-0.0183506496250629,0.0271808523923158,0.0490951625585556,0.0066360770136117,0.013660030439496,0.0032179642003029,-0.0138097783100616,-0.0011884889099746,0.0580645459245191,0.0103154219718358,1955
1726744835746427600,-0.0413349768858402,-0.1347276193976402,-0.4487485606282949,0.6205820679746568,6.484599334943294,7.330432319936156,0.0186598636209964,0.0719130933284759,0.0129559729248285,0.7650841478980116,0.2700574224593312,-0.2309132985141676,-0.5370236504504964,0.0209555886685848,-0.0234777629375457,-0.0157673843204975,-0.0014338321954011,-0.0015419687449932,-0.0091080200850963,0.0029231898952275,-0.0031740474514663,0.0079800846342463,-0.0006736979121342,0.1209936565449461,-0.0124387376936734,1956
1726744835786428400,0.006726604841277,-0.0721241559684276,-0.368978273820877,0.6165139417529106,6.472124468773603,7.341791333818435,-0.0946687683463096,0.0246383640915155,0.0279462076723575,0.7658158064780207,0.269743641440296,-0.2300243042271021,-0.5365197244027395,0.0202615689486265,-0.0345562472939491,-0.0200485493987798,-0.0138990537539124,-0.0131271925985813,-0.0125958622008562,-0.0123846624046564,-0.0017500333487987,-0.0801941017100587,-0.0058559686876833,-0.0116060223297332,-0.0242485549502191,1957
1726744835826203000,0.0588413344167172,-0.0274105694949626,-0.1464256559759378,0.6235059925973415,6.43893297778964,7.370330615082382,-0.1359546482563018,-0.0283774696290493,0.0269468799233436,0.7667103504266956,0.267929740641451,-0.228978996674347,-0.5365981697384059,0.0174596570432186,-0.0328959226608276,-0.0143553093075752,0.0054807694986462,-0.0047971711486577,-0.0038256957679986,-0.020729660987854,-0.0012368483003228,-0.0120396188408718,-0.0105089619755744,0.0428366044872906,-0.0260732473434414,1958
1726744835865975300,0.1196613484952598,-0.044696635338664,0.1968763247966766,0.6470817331697791,6.401002767845988,7.401272281312942,-0.0979458466172218,-0.0743449553847312,0.055666621774435,0.767507726578727,0.2653070175013601,-0.2285876407911501,-0.5369281035478463,0.0457147322595119,-0.0216934978961944,-0.0082601988688111,0.0040434301719069,-0.0178793555617332,-0.0175806648761034,-0.021441901102662,-0.0135778905823826,-0.0532695119340205,-0.0007546441629528,0.0375187476325081,-0.0157717579988355,1959
1726744835905749000,0.0647407677188515,0.0379372242063283,0.1605950511038303,0.6882355813350528,6.396629375067353,7.401341254895925,0.0618022345006465,-0.0711770132184028,0.0499741695821285,0.7678785249878077,0.2639857296931659,-0.2301046740622932,-0.5364009236141287,0.0365920737385749,-0.015822185203433,0.001327646896243,0.0124243050262331,0.0118435825288295,-0.0083908117264509,-0.0124123776331543,-0.0287953112274408,-0.0472995615457883,-0.0087891221046447,0.0609783144793706,0.0024260609572549,1960
1726744835945523500,0.0595521860998123,0.0609732318788766,0.0790162535697221,0.7104827767174691,6.418335010918974,7.380418293854594,0.0924955606460571,-0.0026727619115263,0.0229367464780807,0.767642251312131,0.2645214241734128,-0.2318012138488847,-0.5357443700210731,0.0078568309545516,-0.032099213451147,-0.0142146274447441,-0.031818741326034,0.0353700040668249,0.0013560907840728,-0.014746380969882,-0.0379438996315002,-0.0997899605997838,-0.0154502149671316,0.0547538641736842,-0.0328086359960841,1961
1726744835985297200,0.0161257168274372,-0.0696492902874946,-0.1685673451572656,0.7003391299743205,6.447802512943745,7.355661453738808,0.1191931068897247,0.0585922002792358,0.0028090551495552,0.7673880279376291,0.2664754232674132,-0.2322853756651632,-0.5349298551982278,0.027770884335041,-0.0317990221083164,-0.003183881053701,-0.0209939804509282,-0.0330430224239826,-0.0465396328568458,-0.0448682345449924,-0.0450369082391262,-0.0437311924065696,-0.0277968700975179,0.0710259946013335,-0.0671363804513821,1962
1726744836025071600,-0.0291579246189445,-0.0806271958976984,-0.2925099511682987,0.6974393899448216,6.472397440496087,7.334305361977219,0.0510156527161598,0.0003779888502322,0.0313418395817279,0.7672751633523831,0.2679912062012288,-0.2328845092339802,-0.5340734474543272,0.0107660684734582,-0.0286040287464857,-0.00187653535977,0.0090159578874707,0.0310837050497531,0.0161684599906206,-0.071691133081913,-0.0044242637231945,-0.0787075346804224,-0.00144639541395,0.0311668738381587,-0.0496371467810356,1963
1726744836064846300,0.0906536460019648,0.0146884505659341,-0.2322258705973625,0.701527682171762,6.474644927161932,7.331931034061312,-0.0293888039886951,0.0190163813531398,-0.003754043020308,0.7675084761105853,0.2681081200044539,-0.2330098431504547,-0.5336245401433959,0.014438034966588,-0.025227777659893,-0.0025447225198149,-0.0084068860784173,0.0262999779045581,0.0026093057155609,-0.0817824676632881,0.0071846554055809,-0.0864195977619383,0.0359688848257064,0.0634387954419245,-0.0282313980582868,1964
1726744836104619800,-0.0701751407925039,-0.2273439437747001,-0.3040589346647262,0.7062846674405038,6.455260427734255,7.3485484068632125,-0.1058392077684402,-0.1526777744293213,0.0208939425647258,0.7677179091490178,0.2668917025831522,-0.232587901346784,-0.5341170181635425,0.0247394070029258,-0.0286349728703498,0.002571276621893,-0.0118657943606376,0.0181301154524087,-0.0120183545738458,-0.0592101067304611,0.0322389341890811,-0.0493813682219479,0.1064678356051445,0.0937035442250315,0.0465999071101425,1965
1726744836144394500,-0.0749454239342361,0.0108943189799785,0.1028536407530307,0.8002388162925839,6.428610321217775,7.3622671356141565,-0.0553035736083984,-0.2971337437629699,0.0655719339847564,0.7673331555279433,0.2623635746481181,-0.2362079412664482,-0.5353233972112386,0.018780319020152,-0.0240283440798521,-0.0169044863432645,-0.0033089784175157,0.0494417840391397,0.0253524679213762,-0.0398136489093303,0.0342512391507625,-0.0546719215112738,0.1358501315116882,0.11625651762099,0.0192615352017106,1966
1726744836184168000,0.1936740946892649,0.0932230580985546,0.0998795933783054,0.8792275242682546,6.423793860846757,7.357460027593373,0.0215163920074701,-0.2287327945232391,-0.0553427748382091,0.7661166675472141,0.2592255414314474,-0.2401584010243918,-0.536834539596175,-0.0502821058034896,0.0023332755081355,-9.55463619902e-05,0.0173871881306171,0.0717307727366685,0.0450245521187782,-0.0167557056993246,0.043981023132801,-0.1110703836873639,0.1447597444057464,0.0769781170719303,0.0581595489979023,1967
1726744836223942400,0.1559870458517223,0.1984375827640294,0.0824339530587196,0.9137720372963696,6.422127973461151,7.354704006883502,-0.0728609710931778,-0.1503180563449859,-0.0582502037286758,0.7645872310592101,0.2574309756890867,-0.2423710906877611,-0.5388801119427101,-0.0170423947274684,0.0217926204204559,-0.0135653493925929,0.0275581612721085,0.0886351457864046,0.0329494989216327,0.0032275305129587,0.0900046452879905,-0.1585538093334995,0.184502437710762,0.1062015081425197,0.0612632963000563,1968
1726744836263716900,0.2383908229678869,-0.0016483517289161,0.0709837537616491,0.893318228136748,6.4103270610302685,7.36750094461441,-0.0221317298710346,0.0918004214763641,-0.1166395246982574,0.76371847324682,0.2569358438553738,-0.2415490711338855,-0.5407144899078348,-0.042122446000576,0.0100039783865213,-0.024056538939476,-0.0345963893458247,-0.0205845228672027,-0.0347755453050136,-0.0201506130397319,0.1445474922657013,-0.254256190092396,0.2111302614212036,0.0376286765636759,0.0701815522669814,1969
1726744836303490300,-0.2157788859263062,-0.2991097878247499,-0.4244271893203258,0.8544322518382221,6.40896278693974,7.3732988172382115,-0.0103030111640691,0.0553253553807735,0.0388466827571392,0.7636550920329833,0.2579706611795728,-0.2398281292790815,-0.5410772320028945,0.0329557918012142,-0.0063899084925651,-0.0411473773419857,-0.0397629783287644,-0.0957943698912859,-0.0732721569597721,-0.0386537984013557,0.2383582592010498,-0.2318430452922359,0.2267872095108032,0.0655632174171041,0.031857036642963,1970
1726744836343265000,0.07521086993739,0.060465282356739,-0.0243266320049762,0.8847142851162701,6.391010366141796,7.385299636155366,-0.0651071518659591,-0.0316692218184471,0.0892078652977943,0.7649294933147021,0.2565774887009286,-0.2400468748093571,-0.5398410434006041,0.0585154816508293,-0.0183003097772598,-0.0417718887329101,-0.0127273796260356,0.0310445420831441,-0.0200046771526336,-0.0375153347849845,0.2701851427555084,-0.0459887483752798,0.2233365774154663,0.1356306965840514,0.1174344296934083,1971
1726744836383038500,0.1201538081873208,0.0581850624650716,0.0375146148800849,0.8743374141391366,6.382965591374039,7.393488787829876,0.0074273217469453,0.0639454200863838,-0.0712019875645637,0.7650926855888984,0.2564758349552662,-0.2392845942700204,-0.5399966455593501,0.0263314452022314,-0.0245311502367258,-0.0296069663017988,-0.0229454067796468,0.0181271928429603,0.0019499650239944,-0.0567569471895694,0.2920426428318023,-0.0220173572654719,0.1897505670785904,0.076078839277802,0.0401840350187383,1972
1726744836422813200,-0.0390644016053527,-0.0712386053055524,-0.1136082590013742,0.857731585644558,6.389386564332247,7.389885794901847,0.0088996514678001,-0.0135320136323571,0.0040643098764121,0.7646725479850719,0.2571594815904486,-0.2389344447215471,-0.5404213383254243,0.0116062946617603,-0.0104627879336476,-0.0175455100834369,-0.0152434541001915,0.026041034707427,0.015419687449932,-0.0903985574841499,0.2712958753108978,0.0649538624802604,0.1641741544008255,0.1079047683964483,0.0663823700465727,1973
1726744836462587600,0.1072149047024548,0.01232756665349,-0.1164800150454044,0.8628858266025781,6.390216585415601,7.388568282562494,-0.0193184465169906,0.0051609966903924,-0.0103502124547958,0.7647133181413428,0.2570752808502333,-0.2391655453127934,-0.5403014451640201,0.0247367434203624,-0.0013795439153909,-0.0020884564146399,0.0281523277729749,0.0311947642087936,-0.0141875153064727,-0.0944114178419113,0.1827543824911117,0.1459831820385996,0.1222535446286201,0.156774707364384,0.0775977833402343,1974
1726744836502361000,0.0646687984611839,0.0394248324155807,0.0128518827885389,0.8566497817572206,6.373593951916694,7.403636672356725,-0.06403499096632,-0.0053621092811226,-0.0326399616897106,0.7647367030515823,0.2562822562021032,-0.2384092621520296,-0.5409790426007216,0.0039726104587316,0.0101158842444419,0.0042828237637877,0.0119794838681817,0.0035182372540235,0.0139607208132743,-0.0848433077335357,0.1255464106798172,0.088749502014229,0.0709094256162643,0.0802323970269877,0.1295289365096949,1975
1726744836542135800,-0.0337253055997192,-0.0328676658570766,0.1678518903642892,0.8458085812039673,6.387677422326803,7.392737677201628,0.1387787759304046,0.0111834686249494,-0.0469969063997268,0.7641781606934714,0.2571908938382173,-0.2385961595556207,-0.5412545309594722,0.0349510349333286,0.0126032242551445,0.0061273956671357,0.0031429742008447,0.0125748194128274,-0.0169008659183979,-0.0420134179294109,0.0660446733236312,0.1224231596251018,0.010488249361515,0.1090735381811857,0.1367406214541755,1976
1726744836581909200,-0.0809128079060465,-0.0256932441830635,0.5311567947238683,0.830746840346232,6.462654045116901,7.3290072555691,0.3999953269958496,0.010917511768639,-0.0426093377172946,0.7623628239505492,0.2613035961891088,-0.2409254252195768,-0.5408126302129105,0.0349992364645004,0.0146290902048349,0.0134734595194458,0.0171273681506514,0.0275976164996623,0.0069826984941959,-0.0001915625762194,0.0285301953554153,0.0262533211846603,-0.0276636201888322,0.0667466139488155,0.1573366155634634,1977
1726744836621683700,-0.0420052773628383,-0.2955249150753021,0.355408598151803,0.8287997248664498,6.634323447942734,7.174205985435843,0.7483768463134766,0.0203421935439109,0.0484103634953498,0.7593131420258349,0.2704105167618117,-0.2471749347811324,-0.5377976915570818,0.0322633720934391,0.0025897377636283,0.0087875602766871,-0.0130830611959099,0.0473696539402008,-0.0363186830937862,0.010695138014853,-0.0266923904418945,0.041549665382714,-0.0713155716657638,0.0514549733253428,0.1216326120356097,1978
1726744836661458200,0.2035355634901672,-0.0890384658902883,-0.3134299896001815,0.821781370536983,6.822580997475981,6.996245373511314,0.5868304371833801,0.1142104417085647,0.0227219592779874,0.7560733180760216,0.2808808791633522,-0.2537650310552481,-0.5339123851862246,0.0035750004462897,-0.0077563766390085,0.0118098491802811,-0.0187236974313855,0.071235682696104,0.0010346037447452,0.0139516256749629,-0.064332939684391,0.0246589121496654,-0.0780280604958534,0.0500950785824097,0.0533283340157475,1979
1726744836701231900,0.1453741010963916,-0.1220095921218395,-0.4907014502167701,0.7629261537253856,6.962692647999525,6.863617356741428,0.451209008693695,0.3014233410358429,-0.0252759885042905,0.7542412538908296,0.2907618769510016,-0.2559500615005096,-0.5301578338840002,0.0519971288740634,0.0197067260742187,0.0258128829300403,0.0344493820905685,-0.0262234055370092,-0.0526630841732025,0.0443319119513034,-0.0303682591766119,-0.0388283095608465,-0.0156306307762861,0.0080940367199829,0.0980617485676892,1980
1726744836741006300,0.0921960531383752,0.0873743320703506,-0.8121849824130535,0.6528495029162615,7.036273432517051,6.799635006174444,0.0684903338551521,0.2825850546360016,-0.1053172126412391,0.7535231127309415,0.2985150044663006,-0.2533848868023804,-0.528098432633632,-0.0837977230548858,-0.0196748208254575,-0.0276987459510564,-0.0637760143399238,0.2335048044919967,0.1903957306057214,0.057769488543272,-0.0215932242572307,-0.0500888132384046,-0.004329536575824,0.0071874398441461,0.0525255571323446,1981
1726744836780781000,0.0155255955098196,0.1334217974960803,-0.0814542943716049,0.5900579330364242,7.028982106465101,6.812901899504661,-0.0807270929217338,0.1914844512939453,0.00848816242069,0.7545678316351973,0.300413504784326,-0.2497807285095107,-0.5272463421340815,-0.0034847734495997,-0.0105893407016992,-0.0120861632749438,0.0701554862439632,-0.1988105077296495,-0.0252010767519474,0.0629125237464904,-0.0436988584697246,-0.0296296908661373,-0.0307485442608594,0.0185950067175319,0.0512674011642578,1982
1726744836820554500,-0.0030083149705082,-0.0073737436383962,0.1851385407298803,0.5593607796188443,7.007570485123992,6.83750384131968,-0.0527819767594337,0.0676212534308433,0.016536172479391,0.7556674825713129,0.3004470777973154,-0.247216249938917,-0.5268609036163087,-0.0568537190556526,-0.0008697083685547,-0.0051048854365944,0.0380664035439491,0.052833764564991,0.03905307649374,0.0466699786484241,-0.0490588173270225,-0.0444305134820751,-0.0136869139969348,0.0481442870079306,0.0785085506427567,1983
1726744836860204800,0.0619756869196891,-0.0481774631917476,-0.0146375971615314,0.550191750061512,7.002734735530614,6.843200007134676,-0.0002695610746741,-0.0039637256413698,-0.0193040054291486,0.7558892854521914,0.3005096490454225,-0.2465519345051118,-0.5268183348808925,-0.0184120573103427,-0.0071729314513504,-0.0040401541627943,0.005600596486032,-0.0361783978402614,-0.0244283388137817,0.0360716991126537,-0.0573149845004081,-0.0760223644167883,-0.0037881759926676,-0.0134220679089077,0.0271230326742981,1984
1726744836899974400,0.0835185699576512,-0.0328021994054317,-0.2445446694225072,0.5373278480416164,6.997085331466794,6.849997412189841,-0.0475243628025054,0.0424703620374202,-0.0358138494193553,0.7557704398334771,0.3004714909541914,-0.2458947390629076,-0.527317515317426,-0.0193478930741548,-0.0121141597628593,-0.0128670018166303,-0.0160796126633882,0.0230249017566442,-0.0186111769676208,0.0275131445378065,-0.0546612218022346,-0.0415134889576351,-0.0307775158435106,0.0526829761837609,0.021301564545778,1985
1726744836939745000,-0.0659417044738307,0.0042880525827407,0.010244330638647,0.5284713915647938,6.9828908018976446,6.865154649311304,-0.0399865619838237,0.0040956195443868,0.0331699922680854,0.7562503880522544,0.3000345155573844,-0.2448546642208369,-0.5273622990866318,0.0274036340415477,-0.0024837970267981,0.003329012542963,0.0190469380363822,-0.0609410831749439,-0.0246165548622608,0.0206374991685152,-0.0004537034546956,-0.1568678107416257,-0.0272247157990932,-0.0305370811847737,0.015229927898338,1986
1726744836979515600,0.116849688608013,0.0816384187668562,0.1211865853011608,0.5306321863278747,6.984698143580555,6.863148570185899,0.0428662002086639,0.0979536846280098,0.0064820190891623,0.7566493108707362,0.3002727882836321,-0.244771455309724,-0.5266925501059185,-0.005682413931936,-0.0020953482016921,-0.0134816588833928,-0.0143339380398392,0.0632470220297575,0.0220166014969348,-0.0025891242548823,0.0209693424403667,-0.0717745981786632,-0.0307562611997127,0.0426381547391647,-0.051579960545036,1987
1726744837019285000,0.0494764169611036,0.0074807111442089,-0.180151984488964,0.4889196448339149,6.995259869605302,6.855485488212108,0.0094224661588668,0.1938752830028534,0.0153573174029588,0.7572444277430477,0.3024949435990029,-0.2428257244480441,-0.5254648569922411,0.0172151792794466,-0.0010535196634009,-0.0122603336349129,0.0126420394301414,-0.0109779056102037,0.0030792613148689,-0.0308593828231096,0.0342772714793682,-0.0721142967281164,-0.0179388578981161,0.0196318823344656,-0.0470096843542763,1988
1726744837059055600,0.0253275892084464,-0.0190916539609432,-0.1721072097212076,0.4357059775732457,6.988612102153897,6.865846138706803,-0.0335784032940864,0.2199680060148239,0.0118273058906197,0.7585573119973414,0.3042688956848663,-0.2394988889453785,-0.5240720103145374,0.0031456989236176,-0.0064608021639287,-0.0148143712431192,0.0003588964402675,0.0379226111590862,-0.0024976620346307,-0.0360692925751209,0.0009810321498662,0.0414418165274895,-0.0139070050790905,0.0775763204270973,-0.0077642761842987,1989
1726744837098825200,0.0175740524722263,-0.1278477967560291,-0.2377197918385267,0.3888416062740609,6.974217081576585,6.883275412413478,-0.077985480427742,0.1707592904567718,0.0185026433318853,0.7599480269573958,0.3053768013917554,-0.2362109838157698,-0.5229037207077747,-0.0033031455241143,-0.0216702204197645,0.0036025857552886,-0.0335667540371418,-0.0151052146732807,-0.0338081615775823,-0.0247277598828077,-0.0314774215221405,0.0256499530306085,-0.0099531151354312,0.0786103396499529,0.0364026030841516,1990
1726744837138595800,-0.0918676614342257,-0.083638068151474,-0.3936947819262743,0.35208741783984,6.945120750951767,6.91460227856934,-0.1501834392547607,0.1495706737041473,0.0281271748244762,0.7615922320521136,0.3053327563668454,-0.2328632810030676,-0.5220383355356267,-0.0419131219387054,-0.0154474787414073,0.0296365823596715,0.0138712889641523,0.0070306292891502,-0.0104448216468095,-0.0118525633588433,-0.0966580286622047,0.1200215875092428,-0.032034870237112,0.0956616468897089,0.0489803588061593,1991
1726744837178366500,0.2070910274820402,-0.0114402624249458,-0.2466033555179834,0.3191844614736736,6.893273074814677,6.967875603595376,-0.2226055115461349,0.20676951110363,0.0397743545472621,0.763918565014178,0.30400429618407,-0.2287326177333067,-0.52124005239847,-0.0702763199806213,-0.0228058993816375,0.0596827641129493,0.0605441928118467,0.0479798947930336,0.0459153634786605,-0.0017270426033064,-0.1653947532176971,0.1498351538921706,-0.0889295488595962,0.1088215453146491,-0.0029647309862863,1992
1726744837218135800,0.1205238470761105,-0.1352133570879697,-0.3277554520726203,0.2571612638841383,6.823864607545733,7.038404014804959,-0.2906855344772339,0.2587831914424896,0.0266176387667655,0.7668283973394796,0.3026942995349885,-0.222525133362627,-0.5204161961174124,0.0150617472827434,-0.0590859279036521,0.0396800301969051,-0.0573515342503786,-0.0314005159139633,-0.0918330650448799,0.0146450251340866,-0.2195442169904709,0.0655771546109113,-0.1308232694864273,0.07291021461247,0.0508120175129966,1993
1726744837257906400,-0.0643208252737298,-0.018989362630248,0.1532253991186618,0.2353567525016144,6.730235891255736,7.128738950246572,-0.3256263136863708,0.0079381689429283,0.0733739212155342,0.7699094583301813,0.2987364577969947,-0.2174672435835741,-0.5202921471382885,-0.01174589805305,-0.0498807653784751,0.04350246489048,-0.0446726699411869,0.0296978036493062,-0.0162087920010089,0.0156831815838813,-0.270820140838623,0.0051908312291634,-0.1678546071052551,0.0672027693516341,0.0376607590522384,1994
1726744837297676000,0.0939723055632784,0.1063344686061143,0.5883475854545831,0.2545337466584518,6.667310356265306,7.186971943506598,-0.0996887758374214,-0.0583198219537735,0.017283970490098,0.7715094140492492,0.2948952597799137,-0.2158777564305579,-0.5207751136135897,-0.0551679395139217,-0.0327279306948185,0.0466646365821361,0.0077148121610283,0.0447404744803905,0.0110305125802755,0.0247413143515586,-0.28275927901268,-0.0201113021651515,-0.1345869600772857,0.0752330954689299,0.1364071608492638,1995
1726744837337446700,0.1801835852036252,0.0018289689928293,0.2291173831880092,0.2670832307006232,6.667519030579924,7.186323708730936,0.0733033940196037,-0.0006978226010687,-0.0275064408779144,0.7713187191093296,0.2944525308596008,-0.2165575307693821,-0.5210259916782946,-0.0552262626588344,-0.0231465175747871,0.0401459485292434,0.0013093290328979,0.0107727384269237,-0.0119797761291265,0.0367071256041526,-0.2713446319103241,-0.1194618347346316,-0.1137964650988578,0.0632374870164319,0.0887058546687476,1996
1726744837377217300,0.0159418481605127,-0.089939798644185,-0.4688906004250049,0.2293143305322155,6.685067546752095,7.171309094950557,-0.0043077156879007,0.1409953981637954,-0.0490989312529563,0.7706624096689038,0.2964076776208949,-0.2156559647303799,-0.5212623687758662,-0.0756164938211441,-0.0295674540102481,0.0130142634734511,0.0025263036072254,0.02230535531044,0.036654783180356,0.0296531375497579,-0.2348295897245407,-0.1273858144006226,-0.044648490846157,0.0232509427645942,0.1075743947977665,1997
1726744837416986600,0.0486771746085025,-0.2269745259404182,-0.4249263710141182,0.1575232424430549,6.657949822723865,7.198422142803668,-0.1611850559711456,0.324371337890625,-0.0031613041646778,0.7720315864002188,0.2974492755558725,-0.2109657300344389,-0.5205618893397974,-0.0881381407380104,-0.0381184369325637,0.050388403236866,0.002377835047245,-0.036244448813796,-0.0058066404521465,0.0224384628236293,-0.2839017808437347,0.0937763902655337,-0.0485991351306438,0.0925494148869998,0.0313630060483235,1998
1726744837456757200,-0.0696745069271419,0.2084755771756172,-0.0858744489014148,0.0853864005229901,6.600034809371829,7.252766896453499,-0.2149720638990402,0.1312264651060104,0.021664572879672,0.7745409367177319,0.2970582178125686,-0.2048614537129959,-0.519494423106704,-0.1558913588523864,-0.0681637451052665,0.0669298246502876,-0.0349164150804281,0.0833083978056907,0.0225420866757631,-0.0139666888862848,-0.3902725875377655,0.1992726270823739,-0.1130959466099739,0.0961251179493032,-0.0431348339486168,1999
1726744837496528000,0.0458980744171421,-0.0590986701786518,0.7465875978648662,0.0869802547188475,6.568334433728456,7.28146925932467,0.0268876608461141,0.0530800409615039,0.0518363900482654,0.7758393910325814,0.2955757123129517,-0.2034290335825156,-0.5189651659555683,-0.0874278768897056,-0.0398681871592998,0.0793361589312553,0.0379343015968799,-0.0438075775444507,-0.0291267257630825,-0.0193389523774385,-0.5376508831977844,0.226093139996007,-0.195140540599823,0.046870065821032,0.0922016426289454,2000
1726744837536297500,0.2009110967380926,-0.0081879826307296,0.1246557227164506,0.0685862732990179,6.608103549537062,7.245594812867045,0.1874201148748397,0.046063907444477,-0.0121791437268257,0.7754876855600081,0.2984354618147413,-0.2037492503125201,-0.517727038088162,-0.0881650447845459,-0.0011496597435325,0.0630876868963241,0.00775835904181,0.0266629659980535,0.0048883565634489,0.002123148413375,-0.5872399210929871,0.0332778586597414,-0.2817329466342926,-0.0751722366937436,0.0053521489959181,2001
1726744837576068000,0.0733752748409519,-0.030425533401966,-0.4233773880064487,0.0639921550083672,6.651141311752796,7.206150106707215,0.0938022434711456,-0.0393337793648242,-0.0211395509541034,0.774391948284692,0.3008017322887799,-0.2051996569721554,-0.5174247805140534,-0.0728667825460434,0.0080013340339064,0.038965169340372,-0.0113128366529941,-0.0028279169023036,-0.0370060808360576,-0.0075461566448211,-0.5893677473068237,-0.0580127974709728,-0.3023385405540466,-0.0327991032660473,0.0713940972613636,2002
1726744837615837700,0.051447392807086,-0.0065220952451229,-0.4301940822839736,0.0732006763258716,6.653873367065191,7.203540216469764,-0.0565210953354835,-0.0196543354541063,-0.0069944034330546,0.7740386379698281,0.3005522023611233,-0.2058884055873864,-0.5178248041453596,-0.0637718215584755,-0.0011866777203977,0.0545093789696693,-0.0008434650868177,0.0215045603215694,-0.0276601603418588,-0.0381234735250473,-0.6104249358177185,0.0519948706220136,-0.2678578794002533,-0.0080331785156187,0.0436975641316035,2003
1726744837655608000,-0.0654127943620551,-0.0281084886312484,-0.1499795490652322,0.0784311745576094,6.627575142726302,7.227687984776496,-0.1144114062190055,-0.0419159829616546,0.0183764323592185,0.7745444996234688,0.2989669789586064,-0.2052052630758572,-0.5182570043666749,-0.0621454231441021,-0.0200964529067277,0.0603703260421752,-0.0059513096198439,-0.0124047235429286,-0.0417477224051952,-0.1372699439525604,-0.6995218992233276,0.0062734696584957,-0.2556374669075012,-0.0576721034076763,-0.1293066355285234,2004
1726744837695378700,0.0782968806534539,-0.0392214187979698,0.2537579034477472,0.0990235976034775,6.606366350480914,7.246826400488614,-0.0297527387738227,-0.018949806690216,0.0282301735132932,0.7751124268717405,0.2972618765950284,-0.2053047700736026,-0.5183492811663056,-0.0665433704853057,-0.0272340439260005,0.0445491559803485,-0.0198424723282456,-0.0098854341983795,-0.0373714070171117,-0.1222098246216774,-0.6416775584220886,-0.1657466617133468,-0.2533121407032013,0.0050990584383718,0.1939583732570521,2005
1726744837735148500,0.1000022516435943,-0.0443850851714611,0.047260932868719,0.1073954945669043,6.611979514187574,7.241586746269464,0.0457513965666294,0.0042689726687967,0.0148684466257691,0.7751689301732821,0.2973779061169623,-0.2057867771807748,-0.5180071100848311,-0.0487132370471954,-0.0318972915410995,0.0394602492451667,-0.0145054952144622,-0.0464502010077238,-0.0592255114287137,0.0397400967776775,-0.61490398645401,-0.1743855481830425,-0.2259939461946487,0.153497183531057,0.3784389432685449,2006
1726744837774919000,0.1231194804593455,-0.1378583186388015,-0.1443108557790517,0.0975959759531542,6.627790831303596,7.227257192143798,0.0567540191113948,0.0089385248720645,-0.0166647788137197,0.7749750256378367,0.2985725807163161,-0.2058320793047196,-0.5175917713716602,-0.2171235531568527,-0.0171694252640008,0.1551343202590942,-0.0983916929081082,0.0282832606762647,-0.0853460411131381,0.231594979763031,-0.6358864307403564,-0.1538983664767816,-0.2346210479736328,0.2054083350921049,0.3803956668268889,2007
1726744837814689500,0.0431598633585963,-0.0207025962889194,-0.2113432415664196,0.0931599662670865,6.638126347357034,7.217824177888035,0.0254007838666439,-0.0308176707476377,-0.002053138334304,0.774777905605527,0.2992673937310289,-0.2059912581384294,-0.5174223540127756,0.0317312702536582,0.0312949381768703,0.0118774930015206,0.1937497172087431,-0.1872568480581045,0.1727262184023857,0.3385127484798431,-0.698598325252533,-0.0122309378786012,-0.2283320128917694,0.2859824856283143,0.1342908080161083,2008
1726744837854453000,0.2428748365141451,-0.000667523998022,-0.3427081065326929,0.111017931980919,6.637544163554907,7.218107086482644,-0.0410785377025604,-0.094020165503025,-0.0603680498898029,0.7742610485090802,0.2984865492798748,-0.2070863142540313,-0.5182093725309416,-0.1102639511227607,0.0194004103541374,0.0553804971277713,-0.0368456295773386,0.1286672964453697,0.0415817181885242,0.3751467168331146,-0.6059289574623108,-0.347461036680825,-0.2624975144863128,0.0172131604376947,-0.0997189046575687,2009
1726744837894223600,-0.1518713724275119,0.0808247642964124,0.332784093889594,0.1234402733789291,6.623986762845516,7.230349312940239,-0.0055390927009284,-0.0785485580563545,-0.0184626020491123,0.7735691090117246,0.2969972474207792,-0.2077195917787783,-0.5198423836610068,-0.1176539584994316,0.0477981232106685,0.0296224020421504,-0.0442179119110107,0.0497521651625633,-0.0177589440524578,0.3512185513973236,-0.3736163079738617,-0.4574125998055562,-0.2037990987300872,0.0734543405596865,-0.0655925713757518,2010
1726744837933993200,0.0455523753851652,-0.0248632230997085,0.0509410826861858,0.1413451013086363,6.644231678494811,7.211420156064629,0.0998477339744567,0.0212729424238204,0.0432967320084571,0.7732449992212604,0.2975781418351913,-0.2092059757325762,-0.5193959445659826,-0.0396134816110134,0.058204423636198,0.0026041003875434,-0.0418584893032908,-0.0413935021400451,-0.0534849219501018,0.3152676224708557,-0.1742419302463531,-0.5064904459031299,-0.1156933084130287,0.0860262053970247,-0.1664971147544681,2011
1726744837973613300,0.0868892884997651,-0.0221294142216444,-0.5179857629835606,0.1387641997036524,6.658706778571009,7.198107670027017,-0.0267332084476947,0.0251611620187759,-0.0006271058227866,0.7732300541477707,0.2985473919843551,-0.2094471215752164,-0.518764551010088,-0.0180884841829538,0.0551619194447994,-0.0100274728611111,-0.0083522332817316,-0.0106464816987514,-0.0479132592976093,0.272651344537735,0.0202097631990909,-0.3845709066849201,-0.0276539698243141,0.1172077173986006,-0.16101291118972,2012
1726744838013379000,0.0298166259896941,-0.013940847069025,-0.4719757069587707,0.13119340825635,6.624481268364191,7.229759530353546,-0.195854365825653,-0.0183524787425994,0.0046740067191421,0.7739828755472493,0.2969592268838942,-0.2078462329952522,-0.5191972792653322,0.021695414558053,0.0787566751241684,-0.0005058728856965,0.02072013194561,-0.0249772048681974,-0.0618874241143465,0.2302680015563964,0.0970921590924263,-0.1948366173963062,0.0207658428698778,0.1798255838125012,-0.1527831352438777,2013
1726744838053144000,-0.0756936667519621,0.0371370137393474,0.2254857486873865,0.1557498212960548,6.569812105065584,7.278989717468619,-0.1514052599668502,-0.0378582701086998,0.0408359467983245,0.775035852656713,0.2932780723017029,-0.2070332722324234,-0.5200428942197561,-0.0052640312351286,0.0690186619758606,0.001473055453971,-0.0237482475951313,0.042173254340887,-0.0171136318862438,0.1865668296813964,0.0871604233980178,-0.0547797703664982,0.0308205038309097,0.1423778692893218,-0.1101353587264195,2014
1726744838092909800,0.0358414483703207,0.0224573310017585,-0.0985837083488702,0.152701968899602,6.539300646945834,7.30647744385302,-0.1036366969347,0.0412848740816116,0.0023727824445813,0.7759633729861226,0.291872555992121,-0.2056301299131281,-0.5200071481259765,-0.0378488712012767,0.0597084164619445,0.0037164357490837,-0.0180380532547831,-0.0106757077932357,-0.0334428353965282,0.1393956243991851,0.1170098111033439,-0.0734687298446428,0.0252513065934181,0.1157423575537744,-0.1452658732152544,2015
1726744838132675600,0.060942526213359,-0.162104286623001,-0.0562356819629669,0.1632144763546064,6.503596296358108,7.3380503937244415,-0.1382014453411102,-0.0536690838634967,0.0748203247785568,0.7770121468825748,0.2897981839194924,-0.2046474080998803,-0.5199891103575601,-0.0247557070106267,0.0400627590715885,0.0156786236912012,-0.0117298930212855,0.001812602379918,-0.031902620217204,0.0973308384418487,0.1011247858405113,-0.118083121126797,0.0251558702439069,0.132131739419233,-0.0660796288069104,2016
1726744838172440300,0.0019582031293772,-0.115412093552947,0.2218120286107063,0.1813477153458632,6.477554092606902,7.360624629104137,-0.0342950522899627,0.0491495579481124,0.0580187775194644,0.778215741870497,0.2881506383924781,-0.2041612159469163,-0.5192954362938625,0.0939328595995903,0.0216307528316974,0.0200412813574075,-0.0167509360536932,-0.0559960279881954,-0.0702741441875696,0.067107930779457,0.0957577228546142,-0.1027867769287433,0.0099014686420559,0.1168400896626059,-0.1017836369013413,2017
1726744838212206000,-0.1675337643258273,-0.0157376673579216,0.129558107805252,0.2044940149924717,6.474395920836925,7.362796712446213,0.0051272045820951,-0.1877992898225784,0.0870863273739814,0.778754134422172,0.2874823170285441,-0.2048310789263559,-0.5185945263203106,0.010243022814393,-0.0135350637137889,-0.0072210999205708,-0.0577531007885932,0.0639922874391079,-0.0108908118486404,0.039048682898283,0.1021972671151161,-0.0696086431832751,-0.0062915589660406,0.1314235911498777,-0.0861091070406604,2018
1726744838251971800,0.3228067801566794,0.0278530525654554,-0.1081938327372074,0.2526995535012334,6.497992485001683,7.340478497654199,0.1229368895292282,0.0282340496778488,0.0105796381831169,0.7785727143788428,0.2874137038694493,-0.2076851711755361,-0.5177690327366244,0.025960998609662,-0.0155921950936317,0.0028531057760119,-0.0220537186369299,-0.0434866750270128,-0.0538917491853237,0.0074827787466347,0.1247891634702682,-0.0172740717285196,-0.006215676665306,0.1463966856097802,-0.0469818190998164,2019
1726744838291736800,0.4963115086508914,0.0497159248054027,-0.6456196247279644,0.2201533198845572,6.513090100890397,7.328135733431577,-0.0196781326085329,0.1630926430225372,-0.0777521654963493,0.7784725205846006,0.289258029289399,-0.2066370286542224,-0.5173116646931525,0.0517121702432632,0.0058538145385682,0.0112599059939384,0.0285743525773286,-0.0255564660608768,-0.034426001214981,-0.0213897656649351,0.1206136047840118,-0.016622723688808,-0.0155621329322457,0.1519056765559129,-0.0593372692740755,2020
1726744838331502600,0.089861472710967,-0.1580705010622739,0.1055605616241693,0.1663181231920607,6.482054911157489,7.357016375479102,-0.1168692111968994,0.1539946049451828,-0.0468223132193088,0.7789524471334921,0.2891606854417726,-0.2031813366209257,-0.5180121025516617,0.0145972911268472,-0.0123668937012553,0.0006902193417772,-0.042119186066091,0.0776186617314815,-0.0157061031758785,-0.0445112697780132,0.1124715656042099,-0.102523111890722,-0.0209033116698265,0.0819700984066352,0.0237206563353072,2021
1726744838371267300,0.2356558633123524,-0.0323830972105264,0.2251724449545145,0.0718494261136977,6.475179180169105,7.364595870822668,0.044129155576229,0.2828205227851867,-0.1412623226642608,0.7790300031061067,0.291599227638858,-0.198695739291266,-0.5182683177381606,0.0149919725954532,-0.0172306802123785,0.0239585898816585,-0.0558446368187665,-0.0860439602494239,-0.0698889442622661,-0.0347857773303985,0.0838612169027328,0.0250266608999576,-0.0251044072210788,0.1136048980005085,0.0519729556177277,2022
1726744838411033000,-0.0638310552956769,0.0055938744843006,0.2720639599889516,-0.0130827883429185,6.500050586575269,7.342993695345521,0.143875777721405,0.145531341433525,-0.1262493729591369,0.7778198710030148,0.2952048865944524,-0.1961264640933438,-0.5190229042407684,0.0244358070194721,7.38495728e-05,0.0229103043675422,0.0082028879389166,-0.0408382063448429,-0.020397475862503,-0.0029281419701874,0.0547801852226257,-0.0102613331474422,-0.0329779013991355,0.0912430632624775,0.0772573632715735,2023
1726744838450799000,-0.1852197527399286,-0.1196919628292322,-0.3067190937846898,-0.071707789153303,6.538695082268118,7.308262573704123,0.097041979432106,-0.0005461035179905,-0.1291666477918625,0.7760734213299243,0.2986747053719541,-0.1953861223025446,-0.5199303905200605,0.0046527814120054,-0.0121449995785951,-0.0156097915023565,-0.0332756621360778,0.0448889430403709,-0.0017898060262203,0.0318844616413116,0.0217312388122081,-0.0160754593613673,-0.0433093197643756,0.0590348476948216,0.0551669567529112,2024
1726744838490563800,-0.0673890811373945,-0.0315635975211858,-0.6634259150534868,-0.1025992823994718,6.546335952410102,7.30105074262917,-0.0578698068857193,0.0111221503466367,-0.0523856543004512,0.775158110757398,0.2997418372833213,-0.1946916408530965,-0.5209413329386511,0.0321685634553432,-0.0077751781791448,0.0025967098772525,-0.0129313777655363,-0.0887047038912773,-0.0624602555662393,0.0309008285403251,0.0137741612270474,-0.0199355505893123,-0.0440624691545963,0.0433536140987183,-0.0039898077092162,2025
1726744838530329300,0.0056766482637729,0.0434054264843463,-0.1651098981797695,-0.1192513977211899,6.505633355143666,7.337090024259686,-0.1725692600011825,-0.00040097933379,-0.0483447313308715,0.7755146856408989,0.2979212695621731,-0.1927574508527221,-0.522172732152402,0.0076024988666176,-0.0091847367584705,0.0167482160031795,-0.0064095747813582,-0.0206067346990108,-0.0067296005159616,0.0240447539836168,0.013614703901112,-0.0738844573389505,-0.0334235727787017,0.0348598192051169,-0.0106210138973547,2026
1726744838570095400,-0.1704340523445978,0.0004869067341089,0.3829308113276958,-0.1227061047523282,6.474631483158469,7.3644064857304095,-0.0318159908056259,0.0028461264446377,0.0240963641554117,0.776034455867306,0.2963521405567824,-0.1915598777018411,-0.5227339855913589,-0.0232571475207805,0.005780950654298,0.0234346147626638,-0.0070113400667905,0.0183417123764753,-0.0180734168291091,0.0110766263678669,0.0248429626226425,-0.1142791348671074,-0.0236843265593051,0.0668058652888052,-0.013352665067662,2027
1726744838609860000,0.1584855481365695,-0.0384101024150848,-0.116439683035016,-0.1192805781499017,6.478063795694708,7.361443544271588,0.0070763630792498,0.0147695001214742,0.011105834506452,0.7762963954320026,0.2965492857422401,-0.1916490711141611,-0.5222002125029559,-0.1039655730128288,0.0111219203099608,0.0294562205672264,-0.0027466683596372,0.0771890381425619,0.0494984826624393,0.0037902616895735,0.0330368056893348,-0.1141513529021292,-0.0146317677572369,0.017553672979545,-0.0204601521354401,2028
1726744838649626000,0.0949703310241457,0.0034457565397024,-0.2759036842823028,-0.1307335447927936,6.4697273445039984,7.368576464891433,-0.0594720281660556,0.0813036113977432,-0.0244084633886814,0.7764717393232039,0.2964642921357895,-0.1908299769083048,-0.5222876545867129,-0.0825476348400116,0.0176582224667072,0.0188431907445192,0.0083431731924414,0.0253045371264219,-0.0086176062196493,-0.0093147680163383,0.0746240243315696,-0.0720862442439887,-0.0012986623914912,0.0601354339144425,-0.0437947819949593,2029
1726744838689391900,-0.0805158810103312,0.025611995640397,-0.3343850993454456,-0.1530684458581264,6.433644223731756,7.399673613944649,-0.1740040779113769,0.0481925643980503,-0.0157087203115224,0.7771975814702811,0.2952534442826388,-0.1885392402560216,-0.5227256903421483,-0.0477041639387607,0.0029529931489378,-0.0004819044261239,-0.0162616912320256,0.004501987594366,-0.0238338800519704,-0.012392790056765,0.053928256034851,-0.0723978948758915,0.0035787883680313,0.0776327176562976,-0.0360096080114599,2030
1726744838729156600,-0.1077344533308409,0.021356091761589,0.0696925449073314,-0.1569745773180388,6.375501831364631,7.44974668162465,-0.1969739645719528,-0.0389261282980442,0.0212801955640316,0.7784838126833555,0.2923763474553787,-0.1862383089952461,-0.5232536277750763,-0.0301102604717016,-0.0117140468209981,-0.0078896870836615,-0.0134162386730313,-0.0120218617051839,-0.0229869078338146,-0.0120203364640474,0.0478183478116989,-0.0741680554867256,0.0169940069317817,0.0928606545269489,0.0003790624454617,2031
1726744838768922400,0.2883165180664509,-0.0916278978615999,0.2465110010594129,-0.1469088911819271,6.34812574866116,7.473292976906895,-0.0284777265042066,0.0070906532928347,0.0030867173336446,0.7793680970067232,0.290763232100179,-0.1855393466783551,-0.5230844196438209,0.0051808864809572,-0.0019498865585774,0.0124683147296309,-0.0171267836287617,-0.0054652796685695,-0.0314659823656082,-0.0070508122444152,0.0324428901076316,-0.0319751694301841,0.0260616298764944,0.0861902277191635,-0.0300630544818355,2032
1726744838808688000,0.0332179588657803,-0.0367950684338808,-0.1888239512443542,-0.1580156838688068,6.342523690870404,7.477821267986297,-0.0335034951567649,0.0142827536910772,-0.0281811822205781,0.7792957610391842,0.2907470208800896,-0.1849415621976381,-0.5234128727273445,-0.0246196202933788,0.0105993011966347,-0.0125508178025484,-0.0437169766515493,0.094468089723587,0.0200771578669548,0.001808374421671,0.0198834892362356,0.0241116443972918,0.0104274339973926,0.142965907443501,-0.0611758920112391,2033
1726744838848449000,-0.084440397510305,-0.0058212534993886,0.0025298107385635,-0.1549798963694833,6.327710737141967,7.49042355992794,-0.0367425605654716,-0.0182966198772192,0.015538583509624,0.7794613424101318,0.2898398396796708,-0.1846281373554494,-0.5237798624481862,-0.0390118733048439,0.0227282419800758,0.0040866150520741,-0.0030266543447971,0.0220990190833807,-0.0070996028721332,-0.002427683211863,0.0217278152704238,-0.0387242372650187,0.0116693889722228,0.1064738588104955,-0.0287979322001338,2034
1726744838888214800,-0.0059907648473978,-0.0449660999298095,-0.0562426962256431,-0.1379606373689603,6.317326121249795,7.499516382443905,-0.0344673357903957,-0.0409490466117858,0.0277047716081142,0.7797736771335749,0.2888185915001525,-0.1849727250015253,-0.5237574767591656,-0.0048001087270677,0.0085894670337438,-0.0164273157715797,-0.0417377855330705,-0.0327606983512639,-0.037555531412363,-0.0074395397678017,0.0128188347443938,-0.1008807241117116,0.0262341145426034,0.115994350420311,-0.0055605184915038,2035
1726744838927979800,0.1373634112613275,0.0146247376799583,-0.0708592505991458,-0.1274873659458011,6.306217282736301,7.509045258289575,-0.0398646369576454,-0.0169455856084823,0.006298033054918,0.7800561061565989,0.2879457505556275,-0.1850202426220079,-0.523800808178813,0.0197608936578035,-0.0072737582959234,-0.0054259966127574,-0.009289514131844,-0.0574210923552513,-0.033877719682455,-0.0102241709828376,0.0141287259757518,-0.0997619035490788,0.0362917594611644,0.0952574134703725,-0.0295937382033443,2036
1726744838967745500,0.0472104265241883,-0.025727730974555,-0.1266623863637447,-0.1248724159407429,6.296291516527533,7.517413273662329,-0.0387396737933158,-0.0024140765890479,0.0005886991857551,0.7802303659604102,0.2873450763385685,-0.184800931258223,-0.5239484933035468,0.0140324346721172,-0.009424633346498,0.0182596910744905,-0.0013037760749459,-0.0241664730072021,-0.0275935248464345,-0.0210775751620531,0.0359904915094375,-0.1192580375245306,0.0220953300595283,0.0718615595094859,-0.0484762086763046,2037
1726744839007503600,0.0032490375243593,-0.0404787253826856,0.1761526857197284,-0.1156269144805613,6.288896145579218,7.523749490946531,0.0055957986041903,-0.0139220813289284,0.0098812840878963,0.7803440123250642,0.2866697128557237,-0.1849757131280749,-0.5240875306453913,-0.0176743622869253,0.0011903000995516,0.0057233939878642,-0.0148430566057562,0.0326420404076576,0.009912322205305,-0.0385010428726673,0.0505479946732521,-0.0913985004193615,0.0024797609075903,0.068494485096028,-0.0633549439502181,2038
1726744839047268000,0.0431118503652513,-0.0932575448900461,-0.148114924237132,-0.1215218451375141,6.293790347361564,7.519561976128816,-0.0042339926585555,0.0013439308386296,-0.0040330472402274,0.7802861015059934,0.2871159268918791,-0.1848606710084754,-0.5239698951156121,-0.0081738010048866,0.0090343747287988,-0.0045415605418384,0.0003013210341334,-0.0249012170225381,-0.0353594826728105,-0.0522939078509807,0.0498498417437076,-0.0733608855559956,0.0025447281077504,0.0896209967522881,-0.0158689792871242,2039
1726744839087033600,0.1000457985243759,-0.0658235945194959,-0.0881856484532356,-0.1373055892600212,6.291945011755824,7.520835064804554,-0.0064369104802608,0.0267187841236591,-0.0286364797502756,0.7802590197276084,0.2874799495297711,-0.1841179026667888,-0.5240723447934404,0.0023174555972218,0.0193473044782876,-0.0086503522470593,0.0072851885721087,-0.0077507602572441,-0.0210731831669807,-0.050013680011034,0.0334026739001274,-0.0548557947447756,0.0163173209875822,0.0845015987787861,0.0199392221174319,2040
1726744839126799000,-0.0615823950194753,-0.0689613080233335,-0.0098538700163364,-0.1450671814385336,6.293287074014544,7.519566652303934,0.0136982910335063,0.0064065856859087,-0.015209293924272,0.7801212642688745,0.2877473781233169,-0.1838756570872589,-0.5242156465407195,-0.0300676468759775,0.0095733981579542,-0.0039961449801921,-0.0151584061652421,0.0087035309374332,0.0047656069666147,-0.0289922840893268,0.0281503777951002,-0.0498488396032247,0.0190286748111248,0.1199494538547936,0.0582776680853916,2041
1726744839166563800,0.0074659976322669,-0.0645756402850151,-0.1562076297998428,-0.1499208776805549,6.301022052180767,7.51299078104496,0.0136526403948664,-0.0561335049569606,-0.0068840086460113,0.7798962685505936,0.2882702242564306,-0.1839683703109409,-0.524230636387386,-0.0032911617308855,-0.0052422462031245,0.0022407118231058,-0.0202107211187481,-0.0495873299896717,-0.0371709160089492,-0.0198299214243888,0.0104131437838077,-0.0970767287188675,0.0121177192777395,0.0506684762898832,0.0471664412519894,2042
1726744839206329300,-0.0231623191996477,-0.0906745426595211,-0.1788701279848814,-0.1350046736401971,6.307518428462744,7.507820684930682,0.0095416046679019,-0.0781004354357719,0.0131797790527343,0.7796698732898936,0.2881154698238759,-0.1849247050271837,-0.5243159763208427,0.0142343025654554,-0.0118767125532031,-0.0016047597164288,-0.0177574827477335,-0.0791039318531751,-0.0375227981865406,-0.0079823303967714,0.0215867646038532,-0.059834701968776,0.0052191759459674,0.0895572929994668,-0.0151843237744993,2043
1726744839246094800,0.0502588817088399,-0.0346083720445632,-0.0146013568043708,-0.1048765888148453,6.308763460087776,7.507255452263355,0.0121691841632127,-0.0948839485645294,0.0038630370981991,0.7793678705081938,0.287161125211961,-0.1864805101405868,-0.5247372385336286,-0.0039455001242458,-0.0107716610655188,0.0001345508499071,-0.0016331541597843,-0.0102162735879421,-0.0170715463101863,-0.0033102603629231,0.0120447948575019,-0.110419034506008,0.0138239851221442,0.082487108018063,0.045804094257066,2044
1726744839285859300,0.0430767059866338,-0.0328629896819591,-0.1689566367357969,-0.0830299005247186,6.312554669064283,7.504341610643267,0.0014474836643785,-0.0704099014401435,-0.0009501968161202,0.7790307735570803,0.2865966868591168,-0.1877428893949032,-0.5250962132672639,0.0023813715670257,-0.0133958328515291,-0.0004563380498439,-0.0100742347687482,0.0200946935236453,-0.0097778821706771,-0.0001417334424331,0.0059363064356148,-0.082687279365817,0.0337024070322513,0.1283722224889323,0.0380328574673738,2045
1726744839325624800,0.0493548820738215,-0.0063683659881353,-0.0076174892663955,-0.0623736093292478,6.31104952519834,7.5058075915426015,-0.0004661586135625,-0.0610140040516853,0.0064949970692396,0.7788453652853279,0.2858117995369956,-0.1887376938332713,-0.5254424321269237,0.0037089574616402,-0.0177451483905315,-7.67711317166e-05,-0.0207137022048234,0.0140220956116914,-0.0163771343052387,0.0037650917656719,0.0107193356379866,-0.1083091844788752,0.0337818637490272,0.0902654321356676,0.0048451533176063,2046
1726744839365390600,0.0770375465084333,-0.0227571907311677,-0.0695604429602623,-0.0471099937904393,6.314569516018032,7.502958047330379,0.0121206538751721,-0.0408516302704811,-0.0030764681287109,0.7786343447761106,0.2854774116554797,-0.1896265987213176,-0.5256168006807497,0.0009248887654393,-0.0093321688473224,0.0024026986211538,-0.0163882402211427,0.0160199914306402,-0.0137660750240087,0.0038767028599977,0.0340716987848281,-0.0786514388453215,0.0148414829745888,0.1121739792814012,-0.0432073466289788,2047
1726744839405154800,0.054294315803959,-0.0295388136953115,-0.103310152348876,-0.0397793814742937,6.317011648473144,7.500944369420408,0.0006934620905667,-0.0178445596247911,-0.0056190872564911,0.7784398766366092,0.2853273613565809,-0.1901225266091175,-0.5258070570460556,-0.0006647519767284,0.0012129369424656,0.0012229182757437,-0.0155365918278694,0.0197445649117231,0.0014998831689357,-0.0146876340731978,0.0731362625956535,-0.1145907763658557,0.0163716971874237,0.084303144464083,-0.0055674870884075,2048
1726744839444920600,0.0487045786386588,-0.0360755219876766,-0.0804576845496892,-0.0409235282744281,6.31606589205563,7.501734643015265,-0.0039618732407689,0.0133563783019781,-0.0058231032453477,0.7783778996856358,0.2852842487075772,-0.1900812663867605,-0.5259371198153853,0.0063508134335279,-0.0040929852984845,-0.0050984942354261,-0.0145925889760255,0.0078349314093589,-0.0221861128449439,-0.0319236032664775,0.0870027169585228,-0.0945991230915766,0.0291371271014213,0.1219566289587412,0.0048521219145099,2049
1726744839484686000,0.0401522881736047,-0.0353758492857217,-0.0558826307415962,-0.0452400717327138,6.315366803875565,7.502298706638813,-0.0010069459676742,0.0066875261254608,-0.0068635852076113,0.7783718610189402,0.2853725477908821,-0.1898729599897311,-0.5259734064116797,0.0040679513476789,-0.0055438224226236,0.0004191761836409,-0.005479308193922,0.0126630822181701,-0.0030804303586483,-0.0460832044482231,0.0930701270699501,-0.060641871899506,0.0240473039448261,0.0927969507741276,0.0010637151039758,2050
1726744839524450800,0.0944962746384553,-0.0482844306975603,0.0241711491823196,-0.0518495575669221,6.31780075302422,7.500206118273734,0.0186546444892883,0.0268894843757152,-0.0223517715930938,0.7782515382007119,0.2856736789956128,-0.1897009746918348,-0.5260500985908559,-0.0035353736020624,-0.010247497819364,-0.0005942897987551,-0.0145882050618529,0.0200800804764032,-0.0020657003581523,-0.0528553798794746,0.0892177522182464,-0.0348921939546242,0.0128126693889498,0.0816515431099105,0.0271439293318544,2051
1726744839564216000,-0.0306155760813504,-0.0131476508647203,-0.0701075554490089,-0.0641050499314675,6.325310105741024,7.493778715574741,0.023784527555108,0.0078950002789497,-0.0175952650606632,0.7779377146205697,0.2863761215898919,-0.1895054626763342,-0.5262027216299255,-0.0016658343374729,-0.0037058682646602,0.0026706124190241,-0.0145867437571287,-0.0039671500653028,-0.0163017309814691,-0.0476691238582134,0.0676295682787895,-0.0017140580685729,0.0011302892817184,0.0962350445971824,0.0428184706089785,2052
1726744839603981800,0.1109325004534795,-0.0444295088350772,-0.0883399622321128,-0.0706801220394205,6.330405967575311,7.489415844190121,0.0150467548519372,0.0190632566809654,-0.0298353135585784,0.7776991241917738,0.2867908381776277,-0.1894652368442983,-0.5263439833586551,-0.0031888959929347,0.0002507900935597,-0.0008495538495481,-0.0023114918127655,-0.0112836105585098,0.001381809747219,-0.0383421443402767,0.0465786606073379,-0.0310601552108069,-0.0064413696527481,0.056829218276171,0.0830857954304199,2053
1726744839643746300,-0.0353830918772611,-0.0204652804017066,-0.0575648847401142,-0.0834290559101384,6.335321796667576,7.48512603804171,0.017502712085843,0.0185897126793861,-0.0203684959560632,0.777387283165813,0.2873581362392519,-0.1891826355050919,-0.5265967932291392,0.007179589010775,-0.0013974935282021,-0.0036051266361027,0.006253215175867,-0.0128004448622465,-0.0083960724234581,-0.0210369005799293,0.0317801274359226,-0.0307204566613538,-0.0145148262381553,0.0798354883975814,0.0785155192396603,2054
1726744839683512000,0.0403506328904535,-0.0464753354489803,-0.0823532890379428,-0.0915266477105207,6.339335123962163,7.481633519750833,0.0112685533240437,0.0267119817435741,-0.0179118514060974,0.7772122828586152,0.2877795642124944,-0.1890126316058447,-0.5266861098368911,-0.0072366348467767,-0.0083505809307098,-0.0083368979394435,-0.0003168108642101,0.0202349787771701,-0.0091354926139116,-0.0029011948499828,0.0295636672526597,-0.0247505062731215,-0.0046535758301615,0.1032950552444439,0.096713338766573,2055
1726744839723277600,-0.0181514505013823,-0.0323807591229677,-0.0627098464131355,-0.1006609256148804,6.342598509672284,7.47874948874712,0.0113288266584277,0.0103534013032913,-0.002855603583157,0.7771292150481776,0.2882220685555617,-0.1887271388381215,-0.5266690816090374,0.021621111780405,-0.0138682248070836,-0.0080882916226983,-0.0232031809329986,-0.0465548304259777,-0.0409901820361614,2.1994812414e-05,0.0263896211981773,-0.1053123590167611,-0.0053272736258804,0.0281792134966119,0.0738201507979305,2056
1726744839763042000,0.0514204728341195,-0.0410182390868663,-0.0501028782963752,-0.1036439600136596,6.346297948712111,7.475569689667225,0.0142320338636636,0.0192595068365335,-0.0059607126750051,0.7770552378328717,0.2885049609798401,-0.188724445832833,-0.5266241866271506,-0.0021193707361817,-0.0087685910984873,-0.0135360546410083,-0.0053089200630784,0.0410708460569381,0.005939911442995,0.0041904314421117,0.0539721734821796,-0.0819362144033424,0.0017166011966764,0.0441254706874722,0.0153550144410866,2057
1726744839802807600,0.0530639565916731,-0.0080108724981546,-0.044795419538021,-0.112769314826047,6.350100848126411,7.472207519757747,0.0145657379180192,0.0189285092055797,-0.0168070457875728,0.7769466216506051,0.2889702733063514,-0.1884665068726156,-0.5266218177694916,-0.0012889970093965,0.0001900167262647,-0.0069086449220776,0.0081619714066386,0.0017670096725225,0.0072597618699073,-0.0057966690510511,0.0597829930484294,-0.0803218745418824,-0.0010467251995578,0.0376461711211712,-0.0171410678824409,2058
1726744839842570000,-0.0401697690313681,-0.0445610262602567,-0.023321838876605,-0.1115628525125794,6.353730729061365,7.4691393643587825,0.0126763507723808,-0.0460863336920738,-0.0060472856275737,0.7767022303361897,0.2890595507216209,-0.1887444081945693,-0.5268337432463716,-0.0216224994510412,-0.0018388859461992,-0.0120317013934254,-0.0171808519035577,0.0200046771526336,-0.0016284779846668,-0.0081942304968833,0.0522221401333808,-0.0613212644318351,-0.0041393665596842,0.0467843968315748,0.0102042703396058,2059
1726744839882335700,0.0959551408104132,-0.0376291811704635,0.1316051034629345,-0.0928127967972308,6.364456705737114,7.460258723288774,0.0711570456624031,-0.074595607817173,-0.0198309067636728,0.7761771683049541,0.2889269171138669,-0.1901417821393889,-0.527177762734786,-0.0189457554370164,-0.0057307230308651,-0.0177277363836765,-0.0059971945881843,-0.0032043489992618,-0.0133574942231178,-0.0095070982351899,0.0508924201130867,-0.0397433283468009,-0.0035711089149117,0.0374550370298209,-0.0150871036278549,2060
1726744839922101200,0.0692648940797895,0.0001104746371507,-0.0873205560564994,-0.0745023106760811,6.388816655489802,7.439613994666933,0.0877402797341346,-0.0878142341971397,-0.0398868210613727,0.7750265479494409,0.2893861590896658,-0.1922001454241739,-0.5278717417480705,-0.0644961968064308,-0.0050123087130486,-0.0114896148443222,-0.0112628600314259,0.0744148972541093,0.0236094236463308,-0.0157797075808048,0.0377546697854995,-0.0049228039682115,-0.0085274307057261,0.0860628019472118,-0.0286937457398744,2061
1726744839961865700,0.0404540658654645,0.0049491468399763,-0.2264718371152877,-0.0661918341768439,6.40717181186974,7.423890940356254,0.0432231612503528,-0.0313423909246921,-0.0306529644876718,0.7740315682295086,0.2898539343986638,-0.1935758271418925,-0.5285719022308567,-0.019292764365673,0.0093485740944743,0.0022006977815181,0.0191749483302235,-0.0611766454964876,-0.0337801045268774,-0.0193833578377962,0.0277938079088926,-0.0207427182367537,0.0001163588603958,0.0465932673068018,0.0122582311692589,2062
1726744840001631200,0.0264734713079407,-0.009617723172903,-0.1742196718305349,-0.0718136835134588,6.409917311185598,7.421468097123503,-0.0088043231517076,0.0184849649667739,-0.0293515566736459,0.7736556845848511,0.2900524918200216,-0.1935974742787548,-0.5290051618709541,-0.0212888047099113,0.0065167285501956,-0.0083747152239084,-0.0008852584019303,0.0177227036952972,-0.0054155953079462,-0.011819876730442,0.0158716589212417,-0.0398991536627523,0.0098316958174109,0.0462036743341712,-0.0111945166361052,2063
1726744840041550600,0.0303092866111546,-0.0356838923215866,-0.0289782572031021,-0.085824947203882,6.407253060412407,7.423619722199439,-0.008815761655569,0.0450149402022361,-0.0237535573542118,0.7735764517049865,0.2902984298363962,-0.1929444207245342,-0.529224753311635,0.0099708475172519,0.0061078802682459,-0.0083761792629957,-0.0177209501296281,-0.0242909761697053,-0.0349509018719196,-0.0088649075478315,0.0119037432596087,-0.0684100308161228,0.0073737720958888,0.0440617578014964,0.0160396665287786,2064
1726744840081321500,0.0959532867800444,-0.0388788889706134,-0.1284258889049291,-0.1101689413356129,6.40625820415616,7.424156897816061,-0.0142583716660738,0.0697806403040885,-0.0351822189986705,0.7735348505808612,0.2909775166059029,-0.1918474100290965,-0.5293113782655825,0.015910230576992,-0.000436412054114,-0.0054742665961384,-0.0008823357924818,0.0042909751921892,-0.0177373167425394,-0.0043313954956829,0.0042259274050593,-0.0408621443428564,0.0065946336835622,0.0581919671298936,0.008946114371519,2065
1726744840121091000,0.0235454002331011,-0.0235579857200384,-0.1978402013927698,-0.1408612176486756,6.396473892244696,7.432070155158638,-0.0536452792584896,0.0709597393870353,-0.0379399880766868,0.7735973108586917,0.2913728713936742,-0.1901886870405383,-0.5296010552832017,-0.007448888849467,-0.001305827521719,0.0158277601003646,0.0033437574699521,0.0099842183977365,-0.0026192425876855,-0.000158895709319,0.0039693349972367,-0.0550396679782774,0.0089211305603384,0.0527466890697367,0.0206169113164418,2066
1726744840160861700,-0.0808134574511088,-0.0162345109641551,-0.0420458285689353,-0.1595046985838562,6.3737377443015575,7.45120214112997,-0.0870864689350128,0.016548253595829,-0.0127620967105031,0.7738900648960576,0.2907154444452175,-0.1886238098762219,-0.5300941914369016,-0.0247639641165733,-0.0052224323153495,0.0290166661143302,0.0092705171704292,0.0356166723042726,-0.0058610009878873,-0.0030185272917151,0.0055556483566761,-0.0407063190269051,0.0060263760387897,0.0494433275422547,0.0050535228131921,2067
1726744840200632600,-0.0300797521715983,-0.144651632040739,-0.0927051717042923,-0.1640003295026719,6.354761825674772,7.467295197796821,-0.054221861064434,0.1148248985409736,-0.0274803452193737,0.7742174778289327,0.2898556764271381,-0.1877700571876185,-0.5303899917111324,-0.0246462523937225,-0.0326379165053367,0.0033374680206179,-0.0294540580213069,0.0128968909740447,-0.0166559512466192,-0.0066278986632823,-0.0050608702003955,-0.0472995615457883,0.0064097396098077,0.0609783144793706,0.0024260609572549,2068
1726744840240402200,-0.2008671114658936,0.3450537928760051,0.536782233390212,-0.131178676478099,6.32369565628171,7.494267960396408,-0.040658876299858,-0.1796963065862655,0.0918088778853416,0.7747056112974048,0.2871902227494335,-0.18820319598576,-0.5309732404383825,0.0942183509469032,0.0096677802503108,0.0417381189763546,0.046580257128179,-0.0930026933461427,-0.0718085141479969,-0.0118793714791536,-0.01037975307554,-0.0682542055001715,0.0086827697232365,0.0353131159305688,0.0121470795370289,2069
1726744840280172800,-0.0326396064219763,-0.1470323896974325,0.0126344406455755,-0.0689642214996274,6.318685719165206,7.499322905698418,-0.0201778411865234,-0.2207755744457245,0.0118983639404177,0.774682471698104,0.2849658915021403,-0.1908805595090222,-0.5312496158583446,-0.1222772002220153,-0.0434044376015663,-0.0505841560661792,-0.1336018302381038,0.4188181172668934,0.0999760394901037,-0.0125019941478967,-0.0257580541074275,-0.0076559558299719,0.0048239836469292,0.1132790270470082,0.0278355488748056,2070
1726744840319943700,0.1794544124125502,0.0279044904917478,0.0426093076705932,-0.0111123125371464,6.339474824693799,7.482066650471091,0.1255876123905182,-0.0971883833408355,0.0526207238435745,0.7739905917730555,0.2841505789163955,-0.1943687358258083,-0.5314300034449448,0.1076273620128631,0.0012934177648276,0.0006583279464393,0.0509670939102768,-0.2403629998236894,-0.1098509522944688,-0.0122982207685709,-0.0007151383906602,-0.1046610189685598,0.0236172825098037,0.0336882044427446,0.0614647051902487,2071
1726744840359713300,-0.07275894217405,-0.1070598602712154,-0.5213660530716181,0.0028782405837439,6.355178005260229,7.468740720430016,-0.0312047414481639,-0.029891250655055,-0.0118387592956423,0.7736148520511338,0.2845047449080179,-0.1955945879299321,-0.5313378123798697,-0.0443773455917835,-0.0017188305500894,-0.0043731820769608,-0.0188823951244354,0.1695119325309991,0.0627601152956485,-0.0077964882366359,-0.0075990883633494,-0.0281150782022392,0.024622369557619,0.1018714613152667,0.0290937116927583,2072
1726744840399484000,0.1392420006826985,-0.004805938977003,-0.0958861398279666,0.0066547057947347,6.337618967694044,7.483644275051355,-0.0610406659543514,0.0361673943698406,0.0265539027750492,0.7741694292370465,0.2835611319327628,-0.1950216025691795,-0.5312451186936422,0.0005893304478377,0.0034784879535436,0.0003838893026113,-0.0029389760613441,-0.0556429767668247,-0.0211047473490238,0.0003463953034952,-0.0046603851951658,-0.0878781077408697,0.0234598703682422,0.0611694531372981,0.0003720984151354,2073
1726744840439254800,0.0238354304049513,-0.0521019431591033,0.1758235998958349,0.0033987550432211,6.326257031202316,7.493253230395912,-0.0058609037660062,0.0034428625367581,0.001725006266497,0.7745922935740265,0.283149843724698,-0.1943619779736713,-0.5310898287898483,0.0100518073886632,0.0060648438520729,0.0096784541383385,0.020539222420752,0.0210702605575323,-0.000430792632699,-0.0066800154745578,-0.0021618213504552,-0.0476112076111137,0.026499044150114,0.0784755982212256,0.0102112343699322,2074
1726744840479024400,0.0837613931370433,-0.0501572388321161,0.0171925423413515,0.007816884866837,6.337031523194908,7.484140534135699,0.0576701574027538,-0.0193275827914476,0.0003683926188386,0.7743830367638622,0.2835693810725464,-0.1949446935886901,-0.5309575844760591,0.0053931404836475,0.0023992154747247,-0.0065545109100639,-0.0108005032166838,0.0321902049869298,-0.0149321961939334,-0.019584584981203,0.0074787028133869,-0.0959579172893893,0.0326698385179042,0.0299315484730992,0.023133225535904,2075
1726744840518795000,0.0524288826916832,-0.0298544555157423,-0.200381702569127,0.010568335003691,6.3492000998944045,7.473816708520054,0.0210022460669279,0.0064181592315435,-0.0166374668478965,0.7739965371873428,0.2840574831235243,-0.1955830616358878,-0.5310255362551217,0.0029648700729012,0.0013622869737446,-0.0041718473657965,-0.01948912884593,0.0356640185773372,-0.0121288292109966,-0.0291096158325672,0.0041423556394875,-0.0481067314765183,0.0297086257487535,0.064217967687454,0.0186741021190187,2076
1726744840558566000,0.0459130710568744,-0.0518196190863847,-0.1607365054011345,-0.000572997025995,6.346026146033406,7.476518953216075,-0.027155801653862,0.0416531153023242,-0.0177230332046747,0.773978599205124,0.2842067221428234,-0.1950132320832621,-0.5311812534716148,0.0159083660691976,0.0001770205853972,0.0055464268662035,0.0057730304434895,0.0016372458130121,-0.0256014742463827,-0.0240805968642234,0.0150183103978633,-0.0645499350216006,0.039925180375576,0.0597429959641769,0.0751964349866611,2077
1726744840598335500,-0.0340602845915709,-0.00934358240664,0.0282686476290225,-0.0120282423552649,6.338266033425927,7.483089563778043,-0.0186600051820278,0.0116959884762763,-0.0067378026433289,0.7741321560868236,0.2841595659821077,-0.1942213795294156,-0.5312729292217646,-0.0103623867034912,-0.0021999040618538,-0.0002492107450962,-0.01699935785681,0.0336503406673669,-0.0050175359010696,-0.0087034665048122,0.012662217952311,-0.0772689532446675,0.0497994236648082,0.0565670556420693,0.0582637400247389,2078
1726744840638106000,0.1215259641902055,-0.0430734180510044,-0.0092453827291727,-0.0119913798019522,6.34132016029954,7.48050130085051,0.0199665389955043,0.0175181981176137,-0.0065041002817451,0.7741034834622263,0.2843272141683783,-0.1943157438854773,-0.5311903923381583,-0.0166296046227216,0.0015539813321083,0.0007030024426057,-0.0162090842619538,0.0235614928513765,0.0050151978135108,-0.0088305827230215,0.0158376861363649,-0.0368462277989601,0.056936327368021,0.0651245657049352,0.0642102867044974,2079
1726744840677876700,-0.0066865148594835,-0.0292798704981803,-0.1117097319036722,-0.0226423618625965,6.342041460311412,7.4798653410345315,-0.0111241042613983,0.0259505845606327,-0.0153472265228629,0.7739867683982039,0.2846546199335091,-0.1939194580310067,-0.531329981275676,-0.0122891850769519,0.0051227770745754,-0.000767461839132,-0.0008344049975275,-0.005617255359888,-0.0060731824338436,-0.0091280359774827,0.021671175956726,-0.0490697221566224,0.056473508477211,0.0762062604831764,0.0388147239934885,2080
1726744840717358600,0.0100853817838476,-0.0462701682657003,-0.005028057295084,-0.0356734965084469,6.340027782401442,7.481521291548013,0.0060497084632515,0.0332777127623558,-0.0162580087780952,0.7739721303839561,0.2849325081832965,-0.1932925871294882,-0.5314308238232052,-0.0089333336800336,0.0033210951369255,0.0017546183662489,-0.004658639460802,0.0005740004956722,-0.0218500127583742,-0.0212152451276779,0.0140876518562436,-0.0481067314765183,0.0510803572833538,0.064217967687454,0.0186741021190187,2081
1726744840757417200,0.0572129751630593,-0.0724894821494817,-0.1106792198121547,-0.0510779430067632,6.341856166872382,7.479882292169332,-0.0026132082566618,0.0473334789276123,-0.0245967973023653,0.7739112701455675,0.2854926633571999,-0.1926812680639627,-0.5314408200731234,0.0001666867174208,0.0019714052323251,-0.0019241392146795,-0.020666063670814,-0.0013993454039096,-0.0107499420732259,-0.0287151671946048,0.0244220700114965,-0.0548838472289033,0.0377965681254863,0.0439980494820978,0.0167243243246921,2082
1726744840797187800,0.0300770944236312,-0.0361532633990049,0.0213642750680446,-0.0680850594783434,6.34053514740169,7.480866627031564,0.0073707420378923,0.0423305891454219,-0.0210407190024852,0.773851935504499,0.2859189099465793,-0.1919175388711689,-0.5315742522706647,0.0021811018232256,0.0029035115148872,0.0009175200248137,-0.0076253803119063,0.0132587100237607,-0.0184533560574054,-0.0292147379368543,0.0337074436247348,-0.0767734339458402,0.0315182581543922,0.0708246907424181,0.0498008722756523,2083
1726744840836957700,-0.0024639972270466,-0.032449148184061,-0.0518090976923704,-0.0862711748677305,6.345958341494202,7.476078808233141,0.0209323354065418,0.0406313799321651,-0.0241297204047441,0.7736770668566341,0.2867362033494654,-0.1913332518777048,-0.5315992646717456,0.0011845470871776,0.001693477621302,-0.0056913141161203,-0.0172597623586654,0.0194318457007408,-0.0033580782562494,-0.0203596148639917,0.048987191170454,-0.0700243661110056,0.020601438358426,0.0505410550845088,0.0485357477106619,2084
1726744840876723200,0.028301207324909,-0.0235328512787818,-0.1676765337973833,-0.1022222475143149,6.349013637411594,7.47328362455666,-0.003311560023576,0.0436417013406753,-0.0126247378066182,0.7735973478585628,0.2873806782533923,-0.190737857431084,-0.5315812666925172,0.0089916037395596,0.0013429524842649,-0.0047685950994491,-0.0153778941348195,-0.0109311438590288,-0.029123803153634,-0.0209244005382061,0.0313654989004135,-0.0160474091605283,0.0049137738533318,0.0995384061246644,0.058381854545651,2085
1726744840916493800,0.022139351093769,-0.0374333663374185,-0.0702349812209606,-0.1183562846455257,6.34435908960402,7.476997092121839,-0.0181337893009185,0.0452050827443599,-0.0129381334409117,0.7737371504505627,0.2876579575658806,-0.1898213166488731,-0.5315559393879774,0.0035853867884725,0.0085631012916564,0.0127097982913255,0.013705869269371,0.0128214876502752,-0.0131330378174781,-0.0155123760923743,0.061209850013256,-0.0555351918436819,0.0066974163055419,0.0384890585359651,0.0290797744989511,2086
1726744840956263700,-0.0844780900390353,-0.0319207403957843,0.0338543388068676,-0.1257629076402168,6.34273704136014,7.478252060618996,0.0075225164182484,0.0022168653085827,0.0152510162442922,0.7738876217157638,0.2878463127577105,-0.189366690694844,-0.531396981485471,-0.0073546129278838,0.0041106157004833,-0.0033961348235607,-0.0009138999745249,0.0117360305011272,-0.0037836101919412,-0.0093367621302604,0.048234399408102,-0.0145888957566639,0.0040286122821271,0.1018077484292909,0.0297783626388059,2087
1726744840996034300,0.0917987061175517,-0.0229582662612199,-0.0836234551042318,-0.1205291077731177,6.348288830268383,7.473625569862127,0.0183146595954895,-0.002537933178246,0.0088283531367778,0.7739678329965345,0.2880382023607596,-0.1896974594217154,-0.5310580488106698,-0.0155488941818475,0.0010360495653003,-0.0002843644469976,-0.0213122526198625,0.0149637603759765,-0.0077653733044862,-0.0038513946346938,0.0493075251579284,-0.0901437876505311,0.0057868510484695,0.0621397549076005,0.0452236366211436,2088
1726744841035805000,0.052181027144147,-0.0500742367237806,-0.1200520283132791,-0.1202659724580589,6.348919529387355,7.473094239464402,-0.0092266108840703,-1.10068649519e-05,-0.0003381035057827,0.7739890162779135,0.288074619319311,-0.1897135815126738,-0.5310016084648213,-0.0032043424434959,-0.0019713514484465,0.0001236983807757,-0.002236088488996,-0.0077133508563041,-0.0241541980475187,0.0006503381300717,0.0424235798418521,-0.0142772485496941,0.0067919390276074,0.0843104692540131,0.0219931840887293,2089
1726744841075574800,-0.0161444215279072,-0.0429559291511774,-0.0221627319693565,-0.1203251370330806,6.347188175550103,7.474564312016963,9.86382365226e-05,-0.0097194127738475,0.0010149050503969,0.7739963934436306,0.2879774821973352,-0.1896635347484373,-0.5310615442048086,-0.0078302528709173,0.0053406236693263,0.0031967195682227,-0.0107762455582618,0.0083721070259809,0.0074573302686214,0.0015386355808004,0.0527622550725936,-0.0553513186101801,0.0128977671265602,0.0702439682450145,0.0284020852999412,2090
1726744841115345400,-0.0026756580831948,-0.0412006099164485,-0.1216694003820419,-0.1135927691712975,6.348724883598089,7.473364288577437,-0.0049389754422008,-0.0156304519623518,0.0073215374723076,0.7739729559959461,0.2878506410189577,-0.1900170067728037,-0.5310380524317037,-0.0169350691139698,0.0002400308439973,0.0023034291807562,-0.0046732525080442,0.0050315644264221,-0.0095037414044141,-0.0047975303605198,0.0412122420966625,-0.0622842596785165,0.0115098981186747,0.0587726896272972,0.0303448990639415,2091
1726744841154992600,-0.0050106677688658,-0.0343400764971971,-0.1033557450562715,-0.106169916561013,6.343809054505825,7.477645911419391,-0.0247812513262033,-0.0230629127472639,0.0141159985214471,0.7741195871427609,0.2873849693785499,-0.1901473833357491,-0.5310297659398591,-0.0109360311180353,0.004657469689846,0.0010980159277096,-0.0204243638694286,0.0008949030131101,-0.012795768687129,-0.0051642628386616,0.0479778051376342,-0.055011620060727,0.006355108693242,0.0932502474995795,0.0238318091091816,2092
1726744841194759400,-0.0500557420858647,0.0619885464012622,0.144845693308115,-0.0892569400797132,6.3302300264865154,7.489365575307607,-0.0369584038853645,-0.0961251631379127,0.0433527342975139,0.7744642342052407,0.2861896513727421,-0.190378826996761,-0.5310898880896806,-0.0268662627786397,0.0053407833911478,0.0089496811851859,-0.03011982845366,0.1038496660530567,0.0146393507272005,0.0021278236526995,0.0404396206140518,-0.0841738463954534,0.0055629769340157,0.0855993308876175,0.0634214470149017,2093
1726744841234525000,0.036236397938081,-0.2093880158454179,0.1422585994243621,-0.0414737734351772,6.341985346210002,7.479832023286819,0.0841713324189186,-0.1254321485757827,0.0334063395857811,0.7743415144748387,0.2853603612140438,-0.192883798048012,-0.5308113067462569,-0.0075128045864403,0.0022782546002417,-0.0060871262103319,-0.0247881120368838,-0.0300771583557128,-0.0244470435142517,0.0046207210980355,0.0456188730895519,-0.0684100308161228,0.0033029401674866,0.0440617578014964,0.0160396665287786,2094
1726744841274291700,0.1734639946250245,0.022187866410613,-0.3850514567434787,-0.016942990310362,6.357611369886994,7.466651639196276,0.0044640363194048,-0.0307799633592367,0.0077831856906414,0.7739024623424977,0.285363167145153,-0.194613949913724,-0.5308185659175491,-0.0461739115417003,-0.0062831691466271,-0.0184295456856489,-0.0283300224274396,0.1004231987357139,0.0418102662473916,-0.0079603353515267,0.0479763858020305,-0.0410460175763582,-0.0001080969814211,0.0264370551375555,0.0096238012872403,2095
1726744841314058500,-0.0937430542515125,-0.0477437479496002,-0.0314665668874979,-0.0111528397687128,6.347935194525122,7.474889306187629,-0.034881692379713,-0.0122101390734314,0.0094807865098118,0.7740361085827359,0.2846652799687735,-0.1945568936006129,-0.531019088224068,0.0400267541408538,0.0031575772445648,0.0189050417393445,-0.0041448447197675,-0.0813672006100416,-0.0435433736503124,-0.0175807029008865,0.0470216386020183,-0.0278314823377528,0.0022833666298538,0.0438706237101461,0.0180936296417203,2096
1726744841353824300,0.0449280649077845,-0.0455389313817024,0.0560416206955909,-0.0007850377999657,6.344384224045276,7.477912453401088,0.010465046390891,-0.0212642103433609,0.0179002881050109,0.774233990599159,0.2842105236492114,-0.1948254430101644,-0.5308758594216024,-0.0133906677365303,0.0025190045125782,0.0008548026671633,-0.004985094936192,0.0325309812486171,-0.0042196635216474,-0.0253625735640525,0.0366617143154144,-0.0210824167862068,0.0003402328584343,0.0235869926188141,0.0168285085016628,2097
1726744841393591000,0.018304392023792,-0.0441676430284977,-0.0768260500490665,0.0101266910417703,6.349148077446222,7.47386171670556,0.0104104746133089,-0.0165665484964847,0.0103869792073965,0.7741882765053137,0.2841386004198915,-0.1954593496161666,-0.5307480899813334,-0.0050600334070622,0.0041268081404268,0.0001414084108546,-0.0062014849886298,0.0229763864398002,-0.0046218145817518,-0.0276908576488494,0.0281687825918197,-0.0365345817336346,0.0019395651761442,0.0476272819630801,0.056425112720998,2098
1726744841433357800,0.005905932683224,-0.0498188006579875,-0.0741518624037504,0.0160906763384526,6.349113006132841,7.47388100592792,-0.0013687838800251,-0.0083320187404751,0.0126326819881796,0.7742270536194485,0.2839678632361335,-0.1957048317424136,-0.5306923725114504,-0.0113887693732976,0.0059725381433963,-0.0013138758949935,-0.0108124859154224,0.0079348846524953,-0.0062152212530374,-0.0157959796488285,0.0120207052677869,0.0047233609895309,0.0050602694973349,0.0934486926811281,0.0493385245940648,2099
1726744841473123300,-0.0252947715009446,-0.0278185657739639,-0.0409673856824636,0.0233494210032746,6.347462900838256,7.475262815675139,-0.0025688135065138,-0.0239522885531187,0.0180429723113775,0.7743856530722449,0.2837068190228406,-0.1959033099543708,-0.5305273379158191,0.0056168460287153,-0.0043225497938692,-0.0045645968057215,-0.0146051561966538,0.0057388359129428,-0.0249438871204853,-0.0019615492783486,-0.0152584966272115,0.0245030891170026,0.0067541231401264,0.0588437181700486,0.0572209210074972,2100
1726744841512890000,0.0115747663916554,-0.0581371316701173,0.0284229614078998,0.0409478955307044,6.353840034654736,7.4697671408683055,0.0394114479422569,-0.0387794338166713,0.0265644323080778,0.7743827485453426,0.2835420457933563,-0.1968546691205741,-0.5302673812552083,-0.0129818730056285,0.000346983433701,-0.0039482749998569,0.0006584639087319,0.0416501072496175,0.0025163667351007,0.0080532664433121,0.0059759612195193,-0.0284828269525314,0.0124506019055843,0.0383616327640134,0.0304490832409122,2101
1726744841552657000,0.0738945129420841,-0.0271843595236539,-0.1632820982307195,0.0558413671494461,6.36284050271213,7.462005859217047,0.0137982852756977,-0.0249349828809499,0.0117198498919606,0.7742966261319454,0.283584819469541,-0.197795963821445,-0.530020014382975,-0.0084318611770868,0.0018565696664154,-0.0002663214690983,-0.0009621230304241,0.0038104981988668,-0.0089992990136146,0.0114703057333827,-0.0071391202509403,-0.0627797789773438,0.0097947902977466,0.0445150545269483,0.0388077599631622,2102
1726744841592423400,0.0080941303348168,-0.0382622183769941,-0.0391220500767231,0.0635823823308106,6.362545903679728,7.462194659787416,0.0014121092390269,-0.0136656854301691,0.0147725287824869,0.7743506479308567,0.2833510847415558,-0.19810629535007,-0.529950111529599,0.0008340750355273,0.0021507958881556,-0.0023114294745028,-0.0058157005414366,0.0095429043710231,-0.0133878893613815,0.0054853679612278,0.0010731283109635,-0.0477950854111928,0.001758238999173,0.0467206885121762,0.0108889235689421,2103
1726744841632189200,0.0530624952869489,-0.0470323848098516,-0.0173830964773893,0.0708373675609007,6.366377444666624,7.458861131450534,0.0215665139257907,-0.0089080734178423,0.0067047285847365,0.7743561040209325,0.2833576554296319,-0.1985254933542712,-0.5297817940564492,0.0212746355682611,-0.0012230032589286,-0.0066188927739858,-0.0081356679216027,0.0015565817922353,-0.0215010531902313,-0.0039386041462421,-0.003989162389189,-0.0403946729615796,0.0017047725850716,0.0319460460836882,-0.0027316511703073,2104
1726744841671956000,0.01510204546866,-0.0419347694098949,-0.0586100098788738,0.0787208416865672,6.373550697296857,7.452652339938282,0.023242624476552,-0.0305717084556818,0.0083872517570853,0.7742238359912084,0.2834911278220485,-0.1991312295870285,-0.5296761836030227,0.0143858361989259,-0.0067650410346686,-0.0072398092597723,-0.0133788292720913,0.0267635037630796,-0.0021831892579793,-0.008212162181735,-0.0020066257566213,-0.0002555456636473,-0.0035294718109071,0.0985043869018088,0.0142149752772005,2105
1726744841711722500,0.0122263621681835,-0.0342833778738975,-0.0767383717656135,0.0920709015219006,6.380863066136837,7.446240134808421,0.0252942144870758,-0.0395172759890556,0.0097880559042096,0.774060986543423,0.2834548666748523,-0.2000018407064679,-0.5296056974782775,0.0069787865504622,-0.0025430789683014,0.0030662915669381,-0.0038441082075238,0.0145206927835941,-0.0102998602181673,-0.0172474067658185,0.012555138207972,-0.0690613708643242,-0.0037554209120571,0.0385527668553637,0.0283951212696149,2106
1726744841751488500,0.0364331397863104,-0.0431838926881551,-0.0681646046876907,0.104974587562913,6.387519016894697,7.440360429120063,0.023418316617608,-0.0288343802094459,0.010370897129178,0.7739008011921676,0.2833950140296998,-0.2008344406308579,-0.5295566697678776,0.0066762515343725,-0.0041474206373095,-0.0096014998853206,-0.0075596215993165,0.0063818099915981,-0.0228694189339876,-0.0214777439832687,0.015055120922625,-0.0476112076111137,0.0057469601742923,0.0784755982212256,0.0102112343699322,2107
1726744841791255300,-0.0131749589967541,-0.0338747970730066,-0.0753805274158716,0.1167241259995847,6.393024628573656,7.435455705943704,0.0160998366773128,-0.0370438694953918,0.0119730764999985,0.7737765440646209,0.2833161194360724,-0.2015669710749863,-0.5295022406697207,0.0068046157248318,-0.0097729749977588,-0.008495089598,-0.0085498016804456,0.0221381820499897,-0.0089788407474756,-0.0203555505722761,0.0211480446159839,-0.056498182523786,0.0158840585500001,0.0504773467651102,0.0492204055065754,2108
1726744841831021800,0.046045666194288,-0.036089550513029,-0.0597451513886451,0.1303772056357935,6.399279012793302,7.429846049368381,0.0253746956586837,-0.0257668383419513,0.0122071476653218,0.7736682198039614,0.2832303224076039,-0.2023952940959187,-0.52939042051885,0.0075289956294,-0.0054462971165776,-0.0080167194828391,-0.0174798348501324,0.0044727614998817,-0.0022913258075714,-0.017591256648302,0.0219433326274156,-0.0619726090466137,0.024131491780281,0.0412754104520194,0.0225597205138648,2109
1726744841870785500,0.0056911517131607,-0.0490595067232847,-0.0770727182865142,0.1397566082744859,6.405365639230609,7.424428700494766,0.016578059643507,-0.0295408144593238,0.0051627387292683,0.773519559299053,0.2832496235286121,-0.2030496054209114,-0.5293466429211026,0.0029496902134269,-0.0005783052183687,-0.0019905851222574,0.0024810031607747,0.0066676411956548,-0.0091004213005304,-0.0258669760078191,0.0215244423598051,-0.0494094207060756,0.024170471355319,0.0531999857951886,0.0433850047508254,2110
1726744841910552300,0.0385533468106761,-0.0468605353742837,-0.0785702633678913,0.1502891538705211,6.4104989104658365,7.419791688343882,0.0156829711049795,-0.0222331006079912,0.0067473198287189,0.7734008851734361,0.2831889307281518,-0.2037153599647384,-0.5292969083222926,-0.0058504589833319,0.0033367013093084,-0.006728614680469,-0.0109372813388705,0.0100461777180433,-0.0016010054558515,-0.0313898473978042,0.0205895211547613,-0.0341130765080219,0.0159360338002443,0.0379083337552729,0.0076809892357065,2111
1726744841950319000,-0.0269041908754035,-0.0303583133846521,-0.0275309810042381,0.1578371306978166,6.413448992443084,7.417084182950854,0.0108263790607452,-0.0216373410075902,0.006088800728321,0.7732923423986195,0.283093337249183,-0.2041864653305344,-0.5293249840036188,0.0013110472355037,0.0005712216370739,-0.0052813198417425,-0.0126128133356571,0.0095890816003084,-0.0074812956660985,-0.0381563007831573,0.0173928067088127,-0.0428161781871924,0.0129618262872099,0.0416649942914955,0.046012471744162,2112
1726744841990086000,0.0100425427225418,-0.0397118326634168,-0.0349526554375886,0.1656320588903501,6.418164330527186,7.412834708812833,0.0199225954711437,-0.0153255024924874,0.010236264206469,0.7732286377616655,0.2831126097449877,-0.2046896622087106,-0.5292135301751718,0.0173810943961143,-0.0057795653119683,-0.0103164259344339,-0.0250575766280293,-0.0149520699381828,-0.0253717571437358,-0.0326448753476142,0.0170164108276367,-0.0561865364584606,0.0046754125505685,0.0329800630232552,0.0414352269564988,2113
1726744842029851400,0.0261297176378779,-0.0273193840801715,-0.0612123013317584,0.170643786105141,6.423129843980074,7.40841864593625,0.0141513878479599,-0.0097418082877993,0.0047305077314376,0.7731494555475523,0.2832256334175609,-0.2050829070425432,-0.5291163966047571,0.0207177679985761,-0.0168127212673425,-0.0084356348961591,-0.0193470900267362,-0.0029009821385145,-0.0074257660865783,-0.0126763945445418,0.0047391126863658,-0.0112243272524792,0.0019416402792558,0.103231342358468,0.0973979874293319,2114
1726744842069618200,0.0411811928299255,-0.0327273806035518,-0.0767535693347454,0.175793478752207,6.4262932764470575,7.405554488676786,0.0102472519502043,-0.0145296184346079,0.0020932801999151,0.7730631053573477,0.2832244512618096,-0.205440310871334,-0.5291045696774458,0.0154998358339071,-0.0069427276030182,0.0025321948342025,0.0152604052349925,0.0082236384660005,-0.0032353286594152,0.0065007819794118,0.0082363383844494,-0.0930888646590989,0.0007271644426509,0.017097519860015,0.0992157135089393,2115
1726744842109385000,0.020152086266689,-0.026169629523158,-0.0949339536696672,0.1775192430988885,6.427367043158411,7.404581259730458,-0.0044827475212514,-0.005649846047163,-0.0008421991369687,0.7730014569123549,0.2832121903964275,-0.2055779278908267,-0.5291476869749688,0.0057742390781641,-0.0045865755528211,-0.00079229590483,-0.0024140754044055,0.0141793320000171,-0.002810381245613,0.0124979298561811,0.0535972006618976,-0.1094841008766088,-0.0001066048862412,0.0299952590757864,0.0224485723065678,2116
1726744842149150700,-0.0182852694815024,-0.0392857162058353,-0.0382680635958909,0.1798938998083584,6.427763933521509,7.404179108670354,0.0060346638783812,-0.0048202653415501,0.007426792755723,0.7730208156525851,0.2831713464007387,-0.2056840022068295,-0.5291000701067773,0.0060360273346304,-0.0037479463499039,-0.0097530335187911,-0.0120130938768386,0.0188444012016057,0.0059217912644147,-0.0181756094098091,0.0586886182427406,-0.0927011896489188,0.0013577321078628,0.0574765077703399,-0.0386440390351228,2117
1726744842188945700,0.0351159927731379,-0.0375654682844877,-0.0230143803626298,0.1882929861728101,6.431131364127993,7.401046071341633,0.0151374759152531,-0.0272303894162178,0.0114751271903514,0.7730146529507413,0.2831151239027772,-0.2061491842165178,-0.5289582117237787,0.014821795746684,-0.0117645934224128,-0.0034224337432533,0.0057283145189285,0.0089151278614997,-0.0203600664615631,-0.0516134463250637,0.062984749674797,-0.0857682485805824,-0.0054253633134067,0.0689477863880572,-0.0405868527991231,2118
1726744842228713500,0.0668395848953165,-0.0610837065160274,-0.0834574508875608,0.1956249182297848,6.43729105580151,7.395497789564728,0.0214701071381568,-0.0282418243587017,-0.0064161331392824,0.7728131987040727,0.2831821702248098,-0.2067423428743054,-0.5289849867158546,0.0114241354167461,-0.0070112776011228,-0.0045721870847046,-0.0133376204788684,0.0221007726490497,-0.0036596915513277,-0.065703772008419,0.0681200847029686,-0.0740402826549019,-0.0058232136070728,0.0436084610760444,-0.0067284229098499,2119
1726744842268481000,-0.0319199732108041,-0.0409697237700223,0.0026876316487789,0.2038536895286291,6.444710976669192,7.388811443668604,0.0335523076355457,-0.0326481685042381,-0.001589338760823,0.7724802783089623,0.2832458359979538,-0.2074783571293599,-0.5291491489241373,0.0018902847077697,0.0037262151017785,-0.0117263030260801,0.0029687866777181,0.0115817167222499,0.0034223756641149,-0.0667566806077957,0.0610950849950313,-0.0349202464387519,-0.011268338188529,0.0411479846800677,0.023929029255826,2120
1726744842308247800,0.0513398362128064,-0.0490460627198219,-0.1676180816084146,0.2124712774819694,6.452637678015232,7.381646958866715,0.0153995053842663,-0.0139461373910307,0.0007263834122568,0.7722430779737993,0.2833657993091646,-0.2081936122487343,-0.5291501510846376,-0.0059053204022347,0.0101515706628561,-0.0032386756502091,0.009606617256999,0.0170820677042007,-0.0101613285303115,-0.0514056086540222,0.0601885169744491,-0.0365345817336346,0.0086505571380257,0.0476272819630801,0.056425112720998,2121
1726744842348015400,-0.0140239770415239,-0.0457949519693851,-0.0968921020001173,0.2125930954970419,6.451032580906152,7.383046304270625,-0.0144877135753631,0.0090800831094384,-4.5924389269e-06,0.7722274704442954,0.2832599067660828,-0.2081663699252658,-0.5292403007322047,-0.007644364144653,0.0110440496355295,-0.0063599669374525,0.0062865329235792,0.0144528882443904,0.006536708292365,-0.0337279103696346,0.0392800793051719,-0.030564633628691,0.013992317020893,0.0710868533765198,0.0746229276813333,2122
1726744842387783200,-0.0269327228501439,-0.0596703325867652,-0.0192798700094223,0.2118848924287594,6.44740036188364,7.386238378310203,-0.0107239196076989,-0.0085636172443628,0.0088941752910614,0.7723634232602965,0.283117488645393,-0.2079690524598773,-0.5291957313987614,-0.0073391660116612,0.0041501903906464,-0.0040408861823379,-0.0115326168835163,0.0069692544907331,-0.0136772276967763,-0.0093848146498203,0.0232943017035722,-0.0317114998255856,0.0194005370140075,0.0513202273300383,0.0954412456046789,2123
1726744842427549700,0.0246255601526238,-0.0523462733089923,-0.046692193070054,0.2170393343161791,6.446510135045648,7.386865570297837,-0.002940269652754,-0.009779205545783,0.0095284571871161,0.7724526152915829,0.2829432643065355,-0.2081292562608693,-0.5290956899099032,-0.0008911206386983,-0.0012837232789024,-0.0024175564758479,-0.0016980360895395,-0.0086912559777498,-0.0211772280633449,-0.0033795393537729,0.0129768718034029,-0.031215975960181,0.0091320108622312,0.0655778578638099,0.0869783824221696,2124
1726744842467317200,0.0270076695161871,-0.0281570039480924,-0.053510640913248,0.2219891935422085,6.445216003581881,7.3878481515944,-0.0045306547544896,-0.0126476911827921,0.0051514292135834,0.7725238219193675,0.2827440326685785,-0.2082796035672547,-0.52903912840225,0.0037688785232603,0.0040012132376432,-0.0061227455735206,-0.0023559154763817,0.0167991591095924,-0.0124760352134704,-0.0005313493311405,0.0100792441517114,-0.0355715910535305,-0.0044940863735973,0.035638993733935,0.0362844839966623,2125
1726744842507085000,0.0633967692313715,-0.0411544326871633,-0.0512812744259834,0.2252540405570529,6.445943148812651,7.387114576622843,0.0075003011152148,0.0027425466105341,0.000438806193415,0.7725562708498618,0.2827015546676283,-0.2084269514681141,-0.5289563723634638,0.0433093644678592,0.0142617868259549,-0.027745883911848,0.0030982582762837,-0.0015793781459331,-0.033965397965908,-0.0274961180984973,-0.0044335648417472,-0.0486022507753456,-0.0134831694886088,0.0499603371536824,0.0271369653015281,2126
1726744842546852600,0.0314856551804579,-0.0376052157729864,-0.0440770421355962,0.2236464226973243,6.448080160841346,7.385297882589698,0.0101690050214529,0.0061857709661126,-0.005196938291192,0.7724887207089688,0.2828514968542005,-0.208445763222043,-0.5289673488675205,0.0409727059304714,-6.95349881425e-05,-0.0052544889040291,0.0115203419238328,-0.0123597153574228,-0.0056897360742092,-0.0440157800912857,-0.0060652149841189,-0.0479509061605669,-0.0151894353330135,0.0554693280998151,0.0147815105606918,2127
1726744842586619400,-0.0232616148556582,-0.0346112946540117,-0.0902116013228893,0.2216809861095622,6.450322971332072,7.383398186448216,0.0024606175720691,-0.0002799922076519,0.0056341588497161,0.7724577671188833,0.2830329941572122,-0.2084317145994645,-0.5289210640025683,0.0352570302784442,-0.0009115199791267,-0.0141429221257567,-0.0259051333680748,-0.0401829573065042,-0.0352946007430553,-0.028350980952382,0.0129286926239728,-0.0702082393445074,-0.0083954203873872,0.0187861419505265,0.0492134369096718,2128
1726744842626387000,0.005728844241891,-0.0393020828187465,-0.0194540575325489,0.2287534452464431,6.452620142358541,7.381175249701738,0.0144118685275316,-0.0150243397802114,0.0142670264467597,0.7724915419116833,0.2829699497098101,-0.208788901385567,-0.5287645568854229,0.0161693561822175,-0.0080002686008811,-0.0074567231349647,-0.0059092240437865,0.0441220503211021,0.0059650458842515,-0.011694417335093,-0.0157986134290695,-0.0039797395479952,-0.0102830119431018,0.0972053509340621,0.0876699996818322,2129
1726744842666154500,0.0773126645222306,-0.0459147789567708,-0.1419108088999986,0.2328861794033087,6.45668841471076,7.377487501099705,0.0051851370371878,-6.74747861921e-05,-0.006008586846292,0.7724480343353821,0.2830716133097423,-0.2091011545181226,-0.5286502724764379,-0.0042232680134475,0.0013536050682887,-0.0001392221311107,0.0200143217638134,0.0260123931348323,0.007838438540697,0.0129958437755703,0.0158170200884342,-0.078259991842322,-0.0068060969933867,0.0280517922912375,0.0751894663897575,2130
1726744842705921500,-0.0360683433282189,-0.0235427881509065,-0.0443354008108377,0.2311958882288075,6.455565548160672,7.37852327388823,-0.0067255040630698,-0.0018402064451947,0.0039509385824203,0.7724554194665185,0.2830582737891636,-0.208992853126878,-0.5286895528445809,-0.0111866351217031,0.0088120540603995,-0.0026053092442452,-0.0047340427845716,0.0029682021558284,-2.74725288152e-05,0.0174225755035877,0.0092094903811812,-0.0418251350229606,-0.0187534093856811,0.0701802553590387,0.0290867430958547,2131
1726744842745688800,0.0544207962944172,-0.0310685074806213,-0.0263859026223421,0.2345292887015268,6.4556088027805085,7.378380650547147,0.0063301688060164,-0.0004508138517849,0.0073686745017766,0.7725413213917107,0.282994103624221,-0.2090971766737388,-0.5285571013645813,0.0058930157683789,0.0102873919531703,-0.0074726357124745,0.0018733926564455,0.0165063136428594,-0.0151221658080816,0.0174543559551239,0.0084156235679984,-0.0690613708643242,-0.0205376353114843,0.0385527668553637,0.0283951212696149,2132
1726744842785456600,0.0283163774945773,-0.0527741433322429,-0.03310381270051,0.2347465847140178,6.459208873099088,7.37522189425528,0.0159453507512807,-0.0041866991668939,-0.0058594513684511,0.7724590061796354,0.2831707949280447,-0.2092429734911881,-0.5285251057179621,0.009827303700149,-0.0014869758160784,-0.0062912572175264,-0.0023261048600077,0.0129255325466394,-0.0292179111778736,0.0121018253266811,0.0048226844519376,-0.0403946729615796,-0.0211723521351814,0.0319460460836882,-0.0027316511703073,2133
1726744842825224400,0.0200218292168341,-0.0310866276592016,-0.0670434917032718,0.2357086894781328,6.464157435417175,7.370854931217432,0.0170944184064865,-0.006951224990189,-0.0068637458607554,0.7722770950970639,0.2833664941965073,-0.2095099665829226,-0.5285803101866304,0.0138044692575931,0.0030917969997972,-0.0056580905802547,-0.0092798695206642,0.007827332624793,-0.007241641691327,-0.0005745699163526,0.0095617966726422,-0.0531136866180691,-0.0192307122051715,0.0287701080448692,-0.0196643438489409,2134
1726744842864985000,0.0039644283852539,-0.031921324917674,-0.1164846912205219,0.2347073852147906,6.467535387417674,7.367922969418764,0.0065460382029414,0.0101256370544433,-0.0023664878681302,0.7721647250236398,0.283554956718074,-0.2096117009554684,-0.5286030518683157,0.008177476003766,0.0008506936719641,-0.0046146642416715,-0.0069932198882102,0.0042535657912492,-0.0031225159347057,-0.0053004138171672,-0.006491987966001,-0.048134783960646,-0.0207240208983421,0.0237144138241885,0.0154591997597017,2135
1726744842904752600,0.0345137708299793,-0.0390150825709104,-0.1191676466941833,0.2300456404814496,6.464304150411486,7.370905200099944,-0.0236936453729867,0.0279117114841938,-0.0052304537966847,0.7722755694590852,0.2835458939745646,-0.2092609910428599,-0.5285849347149677,-0.0015321434475481,-0.0008063783170655,-0.0039048651233315,-0.0096510409206151,0.0289800107687711,-0.0027729718446731,-0.0056874840520322,0.0023787596728652,-0.0352318925040774,-0.0075737345032393,0.0586452638553455,0.0317142078059026,2136
1726744842944520200,0.0169503676159307,-0.0445031585931777,-0.0608580810666084,0.2164843490482307,6.456175204491615,7.378436180126666,-0.0338103100657463,0.038075104355812,-0.0091940117999911,0.7724701242012608,0.2835455877858863,-0.2083419362161429,-0.5286638124765802,0.0080195497721433,-0.0009885386098176,-0.0009545489447191,-0.0003106733843684,0.0057955345362424,-0.0162695822775363,-0.005909938365221,0.0079358294606208,-0.0819362144033424,0.0049158479087054,0.0441254706874722,0.0153550144410866,2137
1726744842984288000,0.0086539561746641,-0.0243149415671825,-0.0551771128207445,0.2024844835346564,6.44840690857768,7.385624045804143,-0.0237408597022295,0.0463337413966655,-0.0009141450864262,0.7727632424797528,0.283619313485125,-0.2073597141212811,-0.5285822305653766,0.0266701988875865,0.0051131364889442,-0.0124635994434356,0.0005222703084349,0.0092272625505924,0.0007388356685638,-0.0177615936845541,0.0246013533324003,-0.0543883233634987,0.0165317691862583,0.0582556754492921,0.0082614571464277,2138
1726744843024054500,-0.0139661276407539,-0.0295575183957815,0.0544499675899744,0.1935312886850908,6.444671229180694,7.389122993835806,0.0057579856365919,0.0350031778216362,-0.000782974588219,0.7729774016122427,0.2837509284760897,-0.2067486146853361,-0.5284375915080606,0.0106520839035511,0.0028334171511232,-0.0112605160102248,-0.024603110858798,0.005108136793971,-0.0178372699856758,-0.0258091408759355,0.0192810483276844,-0.0411737904081819,0.0123415943235158,0.0756892463051713,0.0167312883550184,2139
1726744843063822300,0.0949659379768185,-0.0669470455914735,-0.1247094987303018,0.185454858403746,6.446746281889081,7.387520234814286,-0.0042016003280878,0.0181954149156808,-0.0066697876900434,0.7730527494319782,0.2841490814769972,-0.2063990885518875,-0.528250224679719,0.0043132286518812,0.0050468235276639,-0.003686286509037,0.0029231939703226,0.0436065020143985,0.0164215579688549,-0.0234172996133565,0.0261862464249134,-0.0495652414554497,0.0071738101541996,0.0619486253828275,0.0472775917425751,2140
1726744843103590000,0.0136815020130947,-0.0497971733480691,0.0275029239535331,0.1814459698222577,6.445009082832932,7.389135268795489,0.0059397197328507,0.0153445173054933,-0.0088110119104385,0.7729985317821833,0.284145529800187,-0.2062044584912531,-0.5284073042430079,-0.0014743530191481,0.0080165676772594,0.0011117310496047,0.0076420391857624,0.0184890118926763,-0.0075730656027793,-0.0216105803847312,0.0175749324262142,-0.0498768920873524,0.0046234386973083,0.0794459045581053,0.0550627657260745,2141
1726744843143357400,0.0205694531622342,-0.0508738626688718,-0.1369248371809721,0.1690212446709163,6.447433095109463,7.387315652152895,0.000727541046217,0.0485829003155231,-0.0156106567010283,0.7729892126508767,0.2846635908744721,-0.2057142952577389,-0.5283332698811332,0.0071194013580679,0.0084134321659803,-0.0091751273721456,-0.0167269706562161,0.0028010288953781,-0.0143891753584146,-0.0159980971366167,0.015472593717277,-0.0498768920873524,-0.0007552264723926,0.0794459045581053,0.0550627657260745,2142
1726744843183124200,-0.014989935996849,-0.0660953971982002,-0.094272274890542,0.1610360911359079,6.4421536934018135,7.392098210254311,-0.0318489111959934,-0.0009246056433767,0.007681371178478,0.7731819238590054,0.2846651136131266,-0.2051186602661324,-0.5282821014271766,-0.0016884710639715,0.0036687972024083,0.000500735361129,0.0104524204313755,0.0177384857863187,0.0127718032896518,-0.0115656433627009,0.0095207216218113,-0.0073443086230021,-0.0044421125203371,0.0957817478717304,0.0200503748913062,2143
1726744843222891800,0.1466781420328188,0.0181295309305191,-0.1514139657825231,0.1524473274182528,6.438433796095848,7.395520001396536,-0.0054272902198135,0.1032046005129814,-0.0174865871667861,0.773381176076293,0.2847807625317649,-0.2045319758398497,-0.5281555127877985,0.0165776181966066,-0.0112045304849743,-0.0115241687744855,-0.0093245854452252,0.0220540108978748,0.0010714286237955,-0.0063418862409889,-0.0122056733816862,-0.0360390601515187,-0.0096482951194047,0.0618849124968517,0.0479622449719114,2144
1726744843262844200,-0.0976148541835602,-0.1076765308648347,0.0480430231571197,0.1335279064853675,6.426273987224698,7.406453483343124,-0.0445085130631923,0.0353804044425487,-0.0202485304325819,0.7735431950029767,0.284692307425653,-0.2032885651600674,-0.5284458115589296,-0.0060081188566982,-0.0005980126443319,0.0056645381264388,0.0089858550101518,0.0331137495726346,0.0095516721993684,-0.0021416712552309,0.0145830120891332,-0.035883237118856,-0.004388646222651,0.0531362729092128,0.0440696579801617,2145
1726744843302616800,-0.0426264962674118,-0.0271919583082199,0.042878187739849,0.1259745045642834,6.42375060622692,7.408775204288959,0.0149312410503625,0.0050601754337549,0.006238492205739,0.7736329570859912,0.2848059871577792,-0.2028377229959576,-0.5284265143278309,0.0061651905998587,0.0022021948825567,-0.0093120811507105,-0.0004068272352218,-0.0261415724724531,0.0018827450066804,-0.0011539723491296,-0.0052990559488534,-0.0345805478892987,-0.0083528729155659,0.0641542548014782,0.019358755348355,2146
1726744843342390500,0.0303067932599689,-0.0560375290423631,-0.1893780779957771,0.1247178555666934,6.426858509114385,7.406100432121753,-0.0135176051408052,0.0038838540203869,-0.005180281586945,0.7736534455234956,0.2850373468982704,-0.2028489247372959,-0.5282673662905067,-0.0165081638842821,-0.0003111368860118,-0.0123562077060341,-0.0133168699517846,0.041516836258769,0.0118611181855201,0.0056124841794371,-0.0021023398730903,-0.0622842596785165,-0.0053786654025316,0.0587726896272972,0.0303448990639415,2147
1726744843382164200,0.044444496341655,-0.0410258378714323,-0.0148661452203989,0.1246458954421803,6.421722899791598,7.410555073443055,-0.0071473508141934,-0.0071628149598836,0.0041746883653104,0.7737780566033502,0.2847812644371481,-0.2026486462583518,-0.5282998650929209,-0.0019172364845871,-0.0021495169494301,-0.0055024959146976,-0.0062619830042123,-0.0094897128790616,-0.0237748433411121,0.0154667478054761,-0.0053933490999042,-0.0418251350229606,-0.0037388599012047,0.0701802553590387,0.0290867430958547,2148
1726744843421938000,0.0216567917412146,-0.0433627563863992,0.0736614485383033,0.1354625552092213,6.425406556740403,7.407171276223659,0.0325786247849464,-0.0384116731584072,0.0037395055405795,0.7736056730666304,0.2846058224558859,-0.2033196873001126,-0.528389033564556,0.0027752530295401,0.0018141722539439,-0.0014332521241158,-0.0041363691523671,0.0189864400207996,0.0003799392282962,0.0235142931342124,-7.30454921722e-05,-0.0210543643020791,0.0004513161256909,0.0640905464820796,0.0200434108609799,2149
1726744843461710600,0.0235990757822524,-0.0324725290596485,-0.1855395227462053,0.1405534942732192,6.434567768317461,7.399119487193226,0.0136438924819231,-0.0151869244873523,-0.0143767669796943,0.7732546962855967,0.2848623080691744,-0.2039690398799051,-0.5285142318171626,-0.0023031285963952,-0.0007655254448764,0.0067742774263024,-0.0037003158226609,0.0125946931570768,0.0098667294979095,0.0196074675768613,-0.004856074694544,-0.0690613708643242,0.0003718627849593,0.0385527668553637,0.0283951212696149,2150
1726744843501484300,-0.0176248967434745,-0.0304798939377069,-0.1719885517776012,0.1359881317195948,6.430629844346642,7.402627203053235,-0.0320403724908828,0.0192175284028053,-0.0046581160277128,0.7732670577374862,0.2847709475228561,-0.2036579449329395,-0.5286652876239544,-0.005256041418761,-0.0026829480193555,0.0017751244595274,-0.0083273911014199,0.0085766896873712,-0.0063794719040393,0.0055864262394607,-0.0006528157973662,-0.0614770897477865,0.0046659866347908,0.0555330364192137,0.0140968573313555,2151
1726744843541258000,0.0001254621437285,-0.0470861608237028,0.0997299557745456,0.1348478391106706,6.422694959694147,7.409533329179882,-0.0068938164040446,-0.0072597390972077,0.0048798494972288,0.7734471642584481,0.2844019928395698,-0.2033087199258378,-0.5287347842944279,8.81236046552e-05,0.0012877183035016,-0.0004219832480885,-0.0102548520326614,0.0047018940806388,-0.0039911154627799,0.0012175306910648,0.0037113218568265,-0.0824317337021697,0.0047844205982983,0.0298678355871234,0.0238178764819516,2152
1726744843581031700,0.0034826727502979,-0.0419078814029693,-0.0134761521667242,0.1403189548649825,6.429039360284805,7.403927764257788,0.0272634327411651,-0.0282432120293378,0.0041798963211476,0.7733100915786311,0.2845609999894377,-0.2037885498855971,-0.5286650894246744,-0.0067056003026664,-0.0047073233872652,-0.0086674625054001,-0.0038058220237493,0.0274555776804685,0.0061690440237522,0.0077183130197227,0.0119476597756147,-0.0769573117459192,0.0055115856230258,0.0390697764667915,0.050478556908085,2153
1726744843620804600,0.0607488028727006,-0.0454646971017122,-0.1110176579862833,0.1478458067058585,6.435439290454983,7.398219323483109,0.0166188850998878,-0.0129537126049399,-0.0060519962571561,0.7730989957816432,0.2846325227362894,-0.2044018461480461,-0.5286986252601003,0.0071396417915821,-0.0003263168910052,-0.0029220257420092,-0.0038438159465789,-0.0039285716205835,-0.0142296008825302,0.0061715492047369,0.0148636940866708,-0.0621284343625651,0.0020485734567046,0.0500240500396583,0.0264523120721918,2154
1726744843660578300,-0.0238074121701531,-0.0304132584422826,-0.1403840377241373,0.1462108898472506,6.435950162586569,7.39780723555088,-0.0111721046268939,0.0077276001684367,-0.0033825056161731,0.7730163058971559,0.2846807518999225,-0.2043860513535226,-0.528799607017718,-0.0081831216812133,0.00104611646384,-0.0025864674244076,-0.0087099606782197,0.0091769936680793,-0.0023486089527606,0.0018026536563411,0.0192278325557708,-0.0484464300259714,0.0021670078858733,0.0412116975660435,0.0232443783097784,2155
1726744843700352300,0.0072041774914599,-0.0239414320796728,0.0211661221474409,0.146473742034519,6.431573262676596,7.401607212355732,-0.0064339167438447,0.0036156680434942,0.0046588908880949,0.7731228891419842,0.2844528366840465,-0.2042293728550089,-0.5288269296302651,-0.0105195138603448,0.0032435439061373,-0.0019262032583355,0.0060819502621889,0.0155675714880228,-0.0070955112189054,0.0085576688870787,0.0211132336407899,-0.0690613708643242,-0.011379636824131,0.0385527668553637,0.0283951212696149,2156
1726744843740126000,0.013355311399186,-0.065357146051526,-0.1188186871260404,0.1412201140889432,6.431090447595715,7.402129774925112,-0.012218858115375,0.0135446172207593,-0.0050315558910369,0.7731840516198869,0.2846072669871207,-0.2039488063649634,-0.5287628239303501,-0.0128713510930538,0.0041302698664367,-0.0017173448577523,-0.0110430798009037,0.0150754040569066,2.2211831808e-05,0.0114115802571177,0.0188712626695632,-0.0436233435513451,-0.0167453084141016,0.0449046429330017,0.062260513476748,2157
1726744843779898400,0.0729667168729472,0.0204506673544645,-0.1013426516681909,0.1273980710939969,6.428930054691434,7.404256265559792,-0.0085610318928956,0.0902605727314949,-0.0186296161264181,0.7732995274257692,0.2849433751704006,-0.2032123644030056,-0.528696381992574,0.0096424799412488,0.0026482741814106,0.0012683914974331,0.0017298925325274,-0.005029810860753,-0.025893735191226,0.0103008281439542,0.0140896551311016,-0.0292619443991337,-0.0103615559637546,0.0821048398353625,0.049912022766238,2158
1726744843819672000,0.0747856302626431,0.0028173955082893,0.3006733838796615,0.1236337227249518,6.4230702227473255,7.409404149842262,0.026314603164792,0.0312060192227363,-0.0001127568684751,0.7734510873572399,0.2847668702105066,-0.2028135619228093,-0.5287230373642721,0.0289024598896503,0.0064881793223321,0.0092921629548072,0.0052361470878124,-0.0132756611585617,-0.0274263515859842,0.0064257821068167,0.008512757718563,-0.0974444751858711,-0.0122252348810434,-0.0128413476947927,0.048521815083432,2159
1726744843859441200,-0.0837817966042552,-0.0877133547663688,-0.1188537584394216,0.1168515426383819,6.434293627551198,7.3997706445783376,0.0276935081928968,-0.0188341122120618,-0.0071553220041096,0.7732278296175406,0.2855566716006676,-0.2029139995776922,-0.5285850267119091,-0.021134341135621,0.0021938325371593,-0.0051742610521614,-0.019452011705935,0.0649783758670091,0.0126402858644723,0.0126608898863196,0.0217887181788682,-0.020091373621975,-0.0137451132759451,0.0521022582529345,-9.72207174665e-05,2160
1726744843899214800,0.1824085677767172,0.0321755919396877,-0.2134977892518043,0.1129761168439872,6.444588811594247,7.390866038110852,0.0319503024220466,0.0889184400439262,-0.0062271654605865,0.7730757706266623,0.2862309462523009,-0.2030826467577318,-0.5283778603328816,0.0116315949708223,0.0034015760757029,-0.0108838779851794,-0.0016854688689112,0.0250958628118038,-0.0102893388241529,0.0062611657194793,0.011826436035335,-0.0616609629812883,-0.0115645304322242,0.0237781267101643,0.0147745465303654,2161
1726744843938987300,-0.0193997152631171,-0.0482727402597665,-0.0023696517407894,0.102897406829521,6.439594072046876,7.395365103095769,-0.0207650437951087,0.023859592154622,-0.0220702961087226,0.7730620756894494,0.2862346664700981,-0.2025118281469999,-0.5286148889237288,-0.0145291686058044,0.001248569926247,0.0081037273630499,0.0103828623265028,0.1218307284235954,0.0318599501192569,0.0051561347208917,0.0077004842460155,-0.0215498858841951,0.003079648129642,0.0498329113817308,0.0285062740434892,2162
1726744843978761000,-0.017097950259922,-0.0277180280089378,-0.005686228942871,0.0985007884389255,6.437744060266017,7.397035666656493,0.0041434946469962,0.0122412545606493,0.0050767189823091,0.7730895859889494,0.2862688750783323,-0.2022530095946294,-0.5286552826251497,-0.0044190105982124,-0.0009441170259378,-0.011434287764132,-0.0223790050685405,0.0456236870557069,-0.009461071306467,0.0086106741800904,-0.0055528068915009,-0.0354157680208678,0.0069000367075204,0.0268903518630075,0.0323918970049126,2163
1726744844018535000,0.0294457194512244,-0.0226157364338636,-0.0590928249597549,0.0980455463515594,6.438626688319444,7.396273450112343,-0.0009666332043707,0.0013656979426741,-0.004262862727046,0.7730829057023558,0.2863328631824757,-0.2022585049475245,-0.5286283220340096,-0.0037154029123485,0.0025941585190594,-0.0003048041835427,0.0020449498310685,0.0240735340267419,0.0088677815884351,0.0215527452528476,-0.0153315411880612,-0.0084911748198966,0.0072054392658174,0.0760151263918262,0.0408686928146518,2164
1726744844058308600,-0.0047246904343366,-0.0519704257339239,-0.1974403884202241,0.0915145736802369,6.435360379999875,7.399198982170223,-0.0311379861086606,0.0107758371159434,-0.0016358983702957,0.7731826278120325,0.2863754332420174,-0.2018290452363485,-0.528623440165053,-0.0234555527567863,0.0100688533857464,0.0026070959866046,0.003384966263175,0.0028249942928552,0.0044382747083902,0.0281170848757028,-0.0086829373612999,-0.0352318925040774,0.004364151507616,0.0586452638553455,0.0317142078059026,2165
1726744844098081300,0.038427318411367,-0.0457207176893949,0.0195002347618341,0.0893633321967907,6.426566832691431,7.4068638177096835,-0.0192725639790296,0.010437473654747,0.0015927371568977,0.7734179394455999,0.2860067030823028,-0.2013832059381707,-0.5286488768485138,-0.0202357899397611,0.0153147466480731,0.0056934999302029,-0.0039300329253077,0.0162467859238386,-0.0083703534603118,0.0297909639775753,-0.01477443985641,-0.0487580760912969,0.0006902591558173,0.0587089767413213,0.0310295522932778,2166
1726744844137855000,0.0062704768379218,-0.034767361998558,-0.0119581488192081,0.0878514023970346,6.425340505766868,7.407946352249383,0.0044826497323811,0.0024540121667087,0.0018715830519795,0.7734918724964429,0.2860079141999893,-0.2012444607944007,-0.5285929938242503,-0.0147920232266187,0.022956209257245,0.0004630517214536,-0.0022489479705691,0.0158422967761754,0.0026987375646829,0.0346178673207759,-0.0004465993260964,-0.0347644211228005,0.0050913165323436,0.0323993450924288,0.0200364422640763,2167
1726744844177628700,0.0280808791051153,-0.0473924502938985,-0.0268096809923648,0.0887861259638797,6.428388787421584,7.405290284782648,0.0157455820590257,0.0041150138713419,0.0012214868329465,0.7734594832019811,0.2861486310503714,-0.2013808116802295,-0.5285122824189453,-0.0089583676308393,0.0137840155512094,-0.0071872780099511,-0.0242570739001035,0.0217564892560243,-0.0022866496324539,0.0330393239855766,0.0032633016817271,-0.0341130765080219,0.0034125302918255,0.0379083337552729,0.0076809892357065,2168
1726744844217402400,-0.0162765965402126,-0.0249286895513534,-0.1142518176019191,0.0834639719598926,6.43046559369564,7.403547825029492,-0.0007180515676736,0.0149827189743518,-0.0029847936239093,0.7734479231807255,0.2864304502937786,-0.2012006424450949,-0.5284450050710033,-0.0145893562585115,0.0136048384010791,0.0017083458369597,0.0040001755520701,0.0029418986707925,0.0015817162334918,0.015042177401483,0.0036156082060188,-0.0333059088605805,0.0029352272395044,0.0346686851137666,-0.0085670496427686,2169
1726744844257175300,0.0144673916937783,-0.0538625230908393,-0.1243394963741302,0.0766620003274641,6.4273769800305365,7.406303845739364,-0.0214838664978742,0.0246927216649055,-0.0008396754274144,0.7735770714980474,0.2865030761454525,-0.2007475877623914,-0.5283889405544857,-0.0149329043924808,0.0070208651013672,-0.005984061397612,0.0016679332122206,0.0097819738239049,-0.0067629182636737,0.0060167172923684,-0.0090061156079173,-0.035076067188126,0.0062523251399397,0.0498966242677066,0.0278216162475757,2170
1726744844296949000,-0.0217799157973844,-0.0817471398383379,0.0056125791847705,0.0710107559330062,6.42009675989449,7.41267162720561,-0.021526101976633,0.0088370703160762,0.0030205943621695,0.7737770660598692,0.2863179595182785,-0.2002022639210988,-0.5284033866679513,-0.0139978677034378,0.0093619432300329,-0.0048631373792886,-0.0058425885483622,-0.0059860886722803,0.0003507131338119,0.009503036737442,-0.0230532754212617,-0.0574611732038902,0.008288487792015,0.0624656349942553,0.0693610296643339,2171
1726744844336700400,0.0293258833306841,-0.0519388615518808,-0.0182972887128591,0.0697343473555985,6.418419766592979,7.414135854539275,0.0019767987541854,0.0034552114084362,0.0004366133362054,0.7738649074394003,0.2862904208045691,-0.2000551851917294,-0.5283453936630294,-0.0058965324424207,0.0060858293436467,-0.0022941855713725,5.05611434578e-05,-0.0078974752515554,-0.0157604637116193,0.0254277903586626,-0.0097546447068452,-0.0842018943130038,0.0090691186487674,0.0450957770243519,0.0602065446555847,2172
1726744844376473300,-0.0060238496996695,-0.0412748441964387,-0.0824345375806093,0.0687220467742066,6.417632415607571,7.414826759412884,-0.0083299782127141,0.0045251492410898,-0.0002471661427989,0.7738752058033167,0.2862783884689684,-0.1999843525028662,-0.5283636094110461,-0.0078241284936666,0.0049972357228398,-0.0075636492110788,-0.0057861821860074,0.0136298814237117,-0.0211585233628749,0.0224190466105937,-0.0313824862241745,-0.0171662228732951,0.0186385437846183,0.1202753339414484,0.0824150748283136,2173
1726744844416245500,0.0524783706894842,-0.0607160422474145,-0.0256336229503154,0.0667828451728215,6.413430287742615,7.418479436701536,-0.012725792825222,0.0112965023145079,-0.0068776383996009,0.773965986935583,0.2861220061783598,-0.1997423884903381,-0.528406882986886,-0.0062739015556871,0.0037195575423538,-0.0079200463369488,-0.0132701082006096,0.0152700498461723,-0.0022129998743534,0.0220857504755258,0.0030840164981782,-0.1212401238529942,0.0246773287653923,0.014831031666178,-0.014624754804623,2174
1726744844456018400,-0.0191747245679376,-0.0215104055404663,-0.090105802860856,0.0591279282391769,6.410587173271179,7.421001648655533,-0.0129389511421322,0.0100269773975014,-0.0081805186346173,0.7739770015583314,0.2861908590629263,-0.1993213688230652,-0.528512582588466,0.0091468654572963,0.0002686332736629,-0.0153921442106366,-0.0198544550269842,-0.0055038581132888,-0.0314613061904907,0.0198487415909767,0.0200486294925212,-0.0893366268529556,0.0256413612514734,0.0589001062660943,0.0289755903219804,2175
1726744844495791400,-0.0072424773749662,-0.0359691390037536,-0.0441232193648815,0.0584183049653656,6.405443965163826,7.425446937626599,-0.0167948361486196,0.0074381148442626,0.0063505489379167,0.7741181564379416,0.2859602403123509,-0.1990836469219742,-0.5285201917827168,-0.0005118865519762,0.0031776572577655,-0.0116306282579898,0.0117629185080528,0.0242529822468757,0.0059615387529134,0.0140976989641785,0.0240151230245828,-0.0608257451330078,0.0216360799968242,0.0610420273653464,0.0017414037321635,2176
1726744844535564500,0.033944505874929,-0.0425567007005214,-0.0272761294603347,0.0547905703217256,6.40245413569808,7.428052736210822,-0.0023635411635041,0.0149956215173006,-0.002509007230401,0.7742439333759107,0.2859408981189764,-0.1987775589610738,-0.5284615755485287,0.002494822256267,0.0032078574877232,-0.0077934795990586,-0.0022030630022287,0.0183837979525327,-0.0056090720534324,0.0130822844803333,0.0168519150465726,-0.0207146680359146,0.0226671528071165,0.0870968211700674,0.0154731323869316,2177
1726744844575337500,0.0270995262178359,-0.0398743297487497,-0.0133691846609115,0.0520587433381937,6.402465241613983,7.428062088561058,0.0046726888976991,0.0001950927544385,-0.0051045408472418,0.7742208194680003,0.2860163610098657,-0.1986677421510713,-0.5284957978930338,0.0007467232644557,0.0034079675097018,-0.0044452208094298,0.0055909518748521,0.0105213940143585,-0.0082569562137126,0.011434462852776,0.0214938912540674,-0.0348921939546242,0.0162963960319757,0.0816515431099105,0.0271439293318544,2178
1726744844615109400,0.0123057064481312,-0.0376800345748662,-0.0831266114979982,0.0502427936571417,6.404011886534095,7.426741653612256,0.0036913140211254,0.0030228372197598,-0.0045548644848167,0.7741433199733593,0.2861344778063768,-0.1986671020804026,-0.5285456741747315,0.0026668624486774,-0.0009745302377268,-0.0019506377866491,-0.0126174895107746,-0.0063116673648357,-0.0180909524857997,0.0052514723502099,0.0053188833408057,-0.049721066771401,-0.0022730301134288,0.0706972695370437,0.0511701787343248,2179
1726744844654882300,0.0039669811019441,-0.046878655552864,-0.0783551593124866,0.0494535977745195,6.402436600041389,7.428105343180895,-0.0074428161606192,0.0062719546258449,-0.0001538929063826,0.7741576529318208,0.2860704486361493,-0.1985843061805096,-0.5285905246885825,0.0076991715468466,-0.0027540544979274,-0.0116340909153223,-0.0075973232612013,0.0192231713861227,-0.0220773917734622,0.0107628982514142,0.0049424874596297,-0.0556629646755056,-0.0105594424530863,0.0877412474202923,0.0361872592834406,2180
1726744844694655500,0.0144023499338189,-0.041039281874895,-0.0383060575187206,0.0487446366544114,6.401684904891252,7.428757085087895,-0.0009049554355442,-0.004094592295587,-0.0025933445431292,0.7741664163653419,0.2860508473517256,-0.1985288351630205,-0.52860906895638,0.0068296492099761,-0.0051268776878714,-0.0023028408177196,0.0075075991511344,0.0064332479178905,-0.0223766669809818,0.0146004445850849,0.0106575945392251,-0.0617887358131119,-0.0151719637215137,0.0730303155944915,0.0218820313148549,2181
1726744844734428400,0.0318649231218965,-0.0546066194564104,-0.0159410809755325,0.0486400300690438,6.402981374442577,7.427640648278594,0.007915012538433,0.0024877027608454,-0.0054264413192868,0.7740848587359949,0.2861003507610362,-0.1986008800393204,-0.528674580278054,0.007226993329823,-0.0073969564400613,-0.0155653832480311,-0.00656476534307,0.0318827464729547,-0.0028448680371046,0.0111891254782676,0.0244283322244882,-0.0766176040633115,-0.0042557260021567,0.0620760420216247,0.0459082852839026,2182
1726744844775442700,-0.006965920889331,-0.0439706591516733,-0.0334866745382547,0.0479665284213842,6.4064125179350375,7.424686474648118,0.0141430515795946,-0.0020270317327231,-0.0016113795572891,0.773967116708238,0.286280304352726,-0.1987207554741663,-0.5287046138334879,0.0169789567589759,-0.0129838427528738,-0.0133707392960786,-0.01561930167526,0.0146703303873538,-0.0213052383571863,-0.0016836643917486,0.0332749895751476,-0.0479509061605669,0.0001308446517214,0.0554693280998151,0.0147815105606918,2183
1726744844815215600,0.0220160261081997,-0.0350461789399385,-0.080596216237545,0.0481640283214394,6.409907374313473,7.421667419087886,0.008902033790946,-0.0020452577155083,-0.0028920341283082,0.7738691899003685,0.2864450428860207,-0.1988706020920019,-0.5287022887148751,0.0130683705210685,-0.0088607361540198,-0.0097142178565263,0.0074994158446788,0.001322188514471,-0.0103740944981575,-0.0181658267974853,0.0315051302313804,-0.0476392600952414,0.0049007800407707,0.0379720466412487,0.0069963365771924,2184
1726744844854984400,-0.1234131753094494,-0.0198737442493438,-0.0366588748335838,0.0553281614968786,6.411344129118323,7.420376210233568,0.0075505529530346,-0.0325338318943977,0.0257467702031135,0.7738194089633753,0.2862926139572803,-0.1992552125634278,-0.5287129049055671,0.0070224623195827,0.0002596317208372,-0.0033437372185289,0.0112424017652869,0.0215559982478618,0.0029997663378715,-0.0276908576488494,0.0281687825918197,-0.0413576636416837,0.0019395651761442,0.043934336596122,0.0174089775540283,2185
1726744844894757600,0.0390438063418958,-0.0495376456290483,-0.0655821869790554,0.0815641388210933,6.414822034361958,7.41712802209258,0.0129785602912306,-0.055882528424263,0.0450256504118442,0.7740379419319611,0.2857810910143816,-0.2004017777329579,-0.528236368540908,-0.0012170914560556,0.0077375220134854,-0.0070536537095904,-0.0001546060398221,0.0055097033321857,-0.0089700729191303,-0.0220090933144092,0.0251343660056591,-0.0643941142722265,0.0012528739171102,0.0509943518099607,0.0713038479949114,2186
1726744844934529500,0.0948151587287429,0.0392301866263151,-0.1393067638814449,0.1016591337388381,6.417183502796292,7.414836696285008,0.0012013663072139,-0.0263374373316764,0.0296947360038757,0.7742063920211464,0.2853737961331975,-0.2012717891703631,-0.5278786438767341,0.0102890953421592,0.0152477426454424,0.0011696548899635,-0.0022647300615906,0.0381008903354406,-0.0055757543057203,-0.0083132199943065,-0.0002806819975376,-0.0036400415693642,-0.0064372196793556,0.1202116210554726,0.0830997234910726,2187
1726744844974302500,0.0939319187539629,-0.0333370369344949,-0.2036702227205038,0.1007466220038011,6.417176488533616,7.414855985507368,-0.0136416787281632,0.0435842722654342,0.0155443539842963,0.7745701240189587,0.2855397176851695,-0.2010338931502205,-0.5273459001202926,0.0244339425116777,0.0151111222803592,-0.0010837123263627,0.0062239890813827,-0.0203454534143209,-0.020798457878828,0.0045872856862843,0.0179179385304451,-0.1048448876354843,-0.0078906379640102,0.0019332930212287,0.0621423898226814,2188
1726744845014075400,0.0680882058500777,-0.0610860446035861,-0.176414551526308,0.0863378012300003,6.404074430376291,7.426356453686952,-0.0762496143579483,0.0393503680825233,-0.0064145550131797,0.775079238282269,0.2853913623107372,-0.1997823336712716,-0.5271537821747472,0.0084315408021211,0.0131583334878087,0.0037647057324647,0.0008265139520168,-0.0122521633297204,-0.0078232409715652,0.0072390804998576,0.019127856940031,-0.0416693142735864,-0.0190718043595552,0.0614316157713998,0.025194156104105,2189
1726744845053848600,0.0436559306466951,-0.1038940897166729,0.0590390489459037,0.0712657307744957,6.386428883570432,7.441696061637997,-0.0375860333442688,0.0860023945569992,-0.0164022799581289,0.7754598849598991,0.2849454608253978,-0.1984570250428707,-0.5273357231957824,0.0400818809866905,0.0149029698222875,0.0033250842243433,-0.0030246085181832,-0.0311684607237577,-0.0159013334870338,0.0069734053686261,0.0241674780845642,-0.0682542055001715,-0.0213188491761684,0.0353131159305688,0.0121470795370289,2190
1726744845093621800,-0.0082900410659844,-0.0477115992456674,-0.0377712199896574,0.039713883056608,6.377981373220682,7.449172096607088,-0.0314907170832157,0.0576130077242851,-0.0216240547597408,0.7757699778011636,0.2855214652217822,-0.1966606742916819,-0.5272409285306027,0.0400312803685665,0.0038886682596057,-0.0058641526848077,-0.0292307706594467,0.0129220254153013,-0.015712532916665,0.003199417842552,0.0168646369129419,-0.026840439173521,-0.02027478069067,0.0723858847776893,0.001167904418346,2191
1726744845133393400,0.0582131377820856,-0.0736252081811428,-0.059682023024559,0.0266314634648035,6.3699266615808,7.456119139266014,-0.0311233643442392,-0.004074343945831,-0.0253992453217506,0.7758820492525397,0.2854852508036207,-0.1958108704183812,-0.5274118794731018,0.0351899191737175,0.0004890896962024,-0.0101874619722366,-0.0090112817123532,-0.0011959317862987,-0.018411270481348,-0.0051080822013318,0.0172396134585142,-0.0674470401360187,-0.0184515751898288,0.0320734695723513,-0.0041009610539127,2192
1726744845173166600,0.0018408717764657,-0.0160860424041748,0.0151034611076116,0.0382621019292739,6.362815368270874,7.462137961164115,-0.01568472571671,-0.1365992426872253,-0.0310624968260526,0.775473764545408,0.2845586087038028,-0.19637527453992,-0.5283025868177277,0.0238472484052181,-0.0009321328252553,0.000663521233946,0.0007996259450912,0.0079325465649366,-0.0063496612876653,-0.0184388794004917,0.0073942923918366,-0.053581157999346,-0.0185844935476779,0.0550160313743632,-0.0079865840153361,2193
1726744845212939500,-0.0573277423828374,0.03968728274405,0.1523246508866548,0.1058101342047564,6.358367741212248,7.465276259189844,0.0093685947358608,-0.2887777984142303,-0.0444716624915599,0.7743681870176644,0.2818232358773941,-0.1998811879272416,-0.5300727496435331,-0.0001718008425086,-0.0042603383772075,-0.006305971648544,-0.028312486770749,0.0586176086634397,0.0168844993054866,-0.0217173602432012,0.0186452195048332,-0.0463365708656841,-0.0065447348169982,0.0489900262502254,-0.0177145694795472,2194
1726744845252712700,0.3378955916844308,0.1425906078577041,1.046057451173663,0.2563152415140531,6.371732834219932,7.450216052702069,0.2169314473867416,-0.4777497351169586,-0.0686447694897651,0.7714185351940498,0.2769038497066887,-0.2084921204912611,-0.5336373819148182,-0.049757994711399,-0.0224450938403606,-0.0335152894258499,-0.0677849577203393,0.3311883491307497,0.0589057779550552,-0.0286109335720539,0.0186239723116159,-0.0819362144033424,-0.0023820386268198,0.0441254706874722,0.0153550144410866,2195
1726744845292484600,0.0739462750953622,-0.1304430739462375,-1.0234534051775932,0.2616907057410106,6.479416963869333,7.356565709102154,0.2511299252510071,-0.0418993569910526,-0.0960143357515335,0.7679771117490651,0.2817809680208302,-0.2133518454952869,-0.5341269945491374,0.0512146912515163,-0.0188141949474811,-0.0398778468370437,-0.0670233256980776,0.0652934331655502,-0.0381505746960639,-0.0241034794598817,0.0123956799507141,-0.0418251350229606,0.0068834754638373,0.0701802553590387,0.0290867430958547,2196
1726744845332257500,-0.4758654809389263,-0.0728232441484928,-0.7440782453924417,0.2698145736269652,6.509035272541642,7.330078099671006,-0.0363272279500961,-0.0525560863316059,0.0589763559401035,0.7668164503586808,0.2828434265341336,-0.2151037387541365,-0.5345302612454714,0.0233886521309614,-0.0025811621453613,-0.0064207538962364,0.0025198738664388,-8.18330645561e-05,-0.034914661514759,-0.011990213766694,0.0185296796262264,-0.0569937018226133,0.0022319748532027,0.0362197116647614,0.0576832686890847,2197
1726744845372030700,0.1441039715627208,-0.0179231947034597,-0.18870120164752,0.3051079870599322,6.476581448182463,7.357390469488501,-0.1347289830446243,0.0027797226794064,0.0651713386178016,0.7681265200475309,0.2803489400032319,-0.2151324391004649,-0.5339515586031317,0.0112624811008572,0.0058871577493846,0.0146156894043087,0.0204237793475389,0.0379623586475849,0.0066711483269929,-0.0109055191278457,0.0247608125209808,-0.0283270039198687,0.005892873276025,0.0296129931763745,0.0265564962491625,2198
1726744845411745300,0.368336761046946,-0.0980535469949245,0.233826876053214,0.2900688233601861,6.445979389169811,7.384821497249603,-0.0553450211882591,0.0756439417600631,-0.077226921916008,0.7688713114645044,0.2792767034274545,-0.2132683930337522,-0.5341890426736766,-0.01753880828619,-0.0018102303147315,-0.0103180240839719,-0.0142611650645732,0.0429816481143236,-0.0021253215909004,-0.0159923769533634,0.0161282513290643,-0.0428161781871924,0.007505199406296,0.0416649942914955,0.046012471744162,2199
1726744845451516400,-0.411957949173823,0.016357845082879,0.3861714006841182,0.2569333551460876,6.453223368948698,7.379720374718308,0.0843317583203315,-0.0711628124117851,-0.0498650111258029,0.7677117652252905,0.2802569407351772,-0.2125912124843103,-0.5356114268144235,-0.018428036943078,-0.0147390253841876,-0.0204910319298505,-0.0166521518543362,0.0403524686545133,0.0172357969611883,-0.0102152749896049,0.01071223244071,-0.0423487068059155,0.0014658297877758,0.0154190709620015,0.0343347062023356,2200
1726744845491286500,-0.1254526452478021,-0.0769470460802316,-0.0048439328998327,0.3033719205149449,6.488319816771149,7.347112236580252,0.1374148577451706,-0.1703917980194091,0.0236815400421619,0.7664159066917919,0.2804148638891861,-0.2162615028846625,-0.5359152181696125,-0.0077865771017968,-0.0213607624173164,-0.0094341877847909,0.0017816227197647,0.0449275214850902,0.0002115969240665,-0.0042735580354928,0.0019825366325676,-0.0096099896743078,-0.0052342442795634,0.0967520542086102,0.0649019085307372,2201
1726744845531057700,0.0991104721693322,-0.0333621713757514,-0.4280167382448911,0.3490541145585477,6.515064031311869,7.321371646124124,0.0379003137350082,-0.1215305253863334,0.0124700851738452,0.7654997980626838,0.2802534709169266,-0.2194810222695024,-0.5360000413120419,0.0014753642026335,-0.0228809472173452,0.000318109174259,0.007094342175126,0.0086140990883111,-0.0147942490279674,0.0034072548151016,0.0140684070065617,-0.1111264886556193,-0.0061988588422536,-0.0040289963628223,0.0517297488458454,2202
1726744845570828800,0.0154668875925242,-0.0451654218941926,-0.0714040250003337,0.3767331622639671,6.514896858051419,7.320148826330899,-0.0095193134620785,-0.0660854801535606,-0.0050321910530328,0.7650768072432416,0.2792267977470583,-0.2209268284341577,-0.5365457351107358,0.0002857302315533,-0.0080383522436022,0.0029009762220084,-0.0163666129112243,0.0220873286455869,0.0029050737917423,0.0049857976846396,0.0103585049510002,-0.0266846161408582,-0.0045200735330581,0.0636372451900504,-0.0027246848566923,2203
1726744845610599700,-0.1115169492779299,-0.0295598564833402,0.1315542500585317,0.4051058547893539,6.516947945362329,7.316806530165672,0.0236705429852008,-0.13718843460083,0.0277242790907621,0.764712228006446,0.2783366651879758,-0.2224306077382201,-0.5369064649544988,0.0044490499421954,-0.0007752192905172,0.0101167438551783,-0.0014715338572859,-0.0275642987519502,-0.0105693248093128,-0.0017113799694925,0.0062297126278281,-0.0666398702052887,-0.0028023072518408,0.0288338186475564,-0.0203489993615658,2204
1726744845650370800,0.1539765097469091,-0.1003787750720977,0.0402191976636648,0.4402345243809744,6.536890078672767,7.296961427488923,0.0937234312295913,-0.0349100939929485,-0.0069499295204877,0.7640887809132668,0.2782116636157346,-0.224848371171007,-0.536851697706192,0.0013880124315619,-0.0001961949456017,-0.0077379532158374,-0.0021659458622336,0.0079857380568981,-0.0066191258788108,-0.0040714414790272,-0.0014693514676764,-0.0408621443428564,0.0005812509916722,0.0581919671298936,0.008946114371519,2205
1726744845690141000,0.0956284387398511,0.0018821604847908,-0.0942155762672424,0.4403733848623931,6.559128798487782,7.276970194339752,0.0699929818511009,-0.0343440733850002,-0.052829559892416,0.7631991893451581,0.2791777602795176,-0.2259149510791596,-0.5371678394435478,0.0076736053451895,-0.0052850693464279,-0.0103734172880649,0.004500234028697,0.0046241526693105,-0.012286650121212,-0.0096203675493597,-0.0009547458030283,-0.0413576636416837,0.0023914640769362,0.043934336596122,0.0174089775540283,2206
1726744845729912000,-0.0624266820902004,-0.0216524443596601,0.0238332955300807,0.4230533436838537,6.581764993187785,7.257532503420114,0.0963391736149787,0.0186976790428161,-0.0879535377025604,0.7619612622806082,0.2805552772168778,-0.2264013151144521,-0.5380020522760636,-0.0341843627393245,-0.0137839084491133,-0.0085088713094592,-0.0285597395300865,0.0362251595914363,-0.0040425533890724,-0.0088290646672248,-0.0167292691767215,-0.0007510666749411,0.0008721676422283,0.0842467563680373,0.0226778396013542,2207
1726744845770928000,0.0133507722213864,-0.0089420158684253,0.1102484271794557,0.4150616142775863,6.60751084434092,7.23456313124299,0.1030897349119186,-0.010546606965363,-0.0694131478667259,0.7606291955963878,0.2818010660638126,-0.2274381219523481,-0.538797898200402,-0.0050283414311707,-0.0094589348882436,-0.0002298362087458,0.0066194181397557,-0.0894318491220474,-0.0379787252604961,-0.0053150304593145,-0.0037311492487788,-0.0423206543217878,0.0058414824306964,0.0559226248252671,0.0375496039950754,2208
1726744845810699300,0.0457994454814121,-0.0460918890893459,-0.1957335845023393,0.3929380452748388,6.635981736543775,7.209696401011944,0.0757559537887573,0.0188861303031444,-0.0781203284859657,0.7593711422199529,0.2836816171354765,-0.2278870874325478,-0.5393955875692807,-0.0112532135099172,-0.0035503397230058,-0.0101678874343633,0.0002618658065795,0.0243523509681224,0.0047112464308738,0.0034602601081132,-0.0125976344570517,-0.0560026632249588,0.0120808137580752,0.0647349772988818,0.0407575377574888,2209
1726744845850467300,0.0488096601480618,-0.0394318466782569,-0.2599707866132259,0.3620950536457821,6.649373717558383,7.198965748161077,0.0120991040021181,0.0459787212312221,-0.0819971114397049,0.7584671291921335,0.2850671010576068,-0.2273579697007193,-0.5401599669912814,-0.0131624341011047,0.0039201467297971,-0.0034137116745114,0.0074415481775999,-0.0039981297254562,-0.0091261402636766,0.0042157205753028,0.0002608547220006,-0.0486022507753456,0.0170631222426891,0.0499603371536824,0.0271369653015281,2210
1726744845890237700,0.1322495388463139,-0.0901537336558103,-0.21007424454391,0.337762247628346,6.6466749799937,7.2026394682377575,-0.0393840074539184,-0.0052607739344239,-0.0707863494753837,0.7579231165787125,0.2854267764482285,-0.2264931419940709,-0.5410960682822575,-0.013055108487606,0.0043558930046856,-0.0079204458743333,0.0040621348723769,0.0032552024036645,0.0053448681592941,0.0054650302045047,0.0031783091835677,-0.0477950854111928,0.0200633183121681,0.0467206885121762,0.0108889235689421,2211
1726744845930008600,0.0463171126799657,0.0623211393564939,0.0208615862429141,0.3065282839203253,6.639797495439648,7.210375615447759,-0.0092388316988945,0.0644986256957054,-0.0931520089507103,0.757398200628835,0.2857592418977406,-0.2251994752428599,-0.5421944808825812,0.0049752905033528,0.0035356394946575,-0.0042054699733853,0.0016629647761583,0.0481260252654552,-0.0008516483932733,-0.0027153529226779,0.0003778169630095,-0.0279873053704155,0.0147496191784739,0.052619263297785,0.0219862200584029,2212
1726744845969779700,0.0186243104438297,0.0075631287306547,0.1464157191038131,0.2956146026527509,6.6394888678818935,7.211115620160102,0.0194746013730764,-0.038292858749628,-0.0622330605983734,0.7566342848719715,0.2857636420272736,-0.2251101320235666,-0.5432947739014,-0.0002234661951661,0.0121036674827337,0.0039621791802346,0.0035687983974814,-0.0055734162181615,-0.0217278476834297,-0.0067232362926006,-0.0026792692951858,-0.0563423617744119,0.0117624178528785,0.0417287026108941,0.0453278139482485,2213
1726744846009550800,0.0181096389199607,0.0468184497982263,-0.1120744735628366,0.2890962702672928,6.653653586834669,7.198312252688408,0.0433526076376438,-0.1268528401851654,-0.078082226216793,0.7553617925853143,0.2862995965493899,-0.2258777505243517,-0.5444632710918077,0.083783283829689,0.0745243281126022,-0.0024007121101021,0.0568637507334351,-0.0449672689735889,-0.017747253614664,-0.0093489727005362,-0.005338710732758,-0.0432836450018919,0.0128989331424236,0.0679109176209894,0.0576902327194111,2214
1726744846049322000,-0.0677843366658315,-0.104250063547492,-0.3232914584010839,0.3381794501271098,6.6465551530063145,7.202730653652548,-0.0900496840476989,-0.1865836828947067,-0.06854248046875,0.7536552054569284,0.2836209241036216,-0.2287402790438966,-0.5470292775376194,-0.0083913821727037,0.002620204584673,-0.0148049173876643,-0.0145984341949224,0.0894914703547954,-0.0190273565530776,-0.0054103680886328,-0.001349548343569,-0.0414854364735074,0.011194160208106,0.0931865346136037,0.0245164623385178,2215
1726744846089092000,0.1327514604864642,0.1103425352036952,-0.1398410168886184,0.3408513727501034,6.627389849287271,7.220242929467559,-0.0715957507491111,-0.0469345301389694,-0.0971376076340675,0.7525698122903913,0.2819264609652631,-0.228883205914719,-0.5493347700876698,0.0350184105336666,0.0089864376932382,-0.0062495125457644,0.0341819633260369,-0.1576543214768171,-0.0545230328261852,-0.0033061965368688,-0.015794351696968,-0.043467522801971,0.0091066062450408,0.0361560010620742,0.058367921918421,2216
1726744846128863000,-0.149252020241972,-0.132786422201991,0.0942038858294486,0.3006852935131639,6.616284517905116,7.232202247330546,-0.039477989077568,-0.0149089964106678,-0.109651006758213,0.751677796846396,0.2821553851007513,-0.2272633528293946,-0.551108150865911,-0.0230022817850112,0.0023340212646871,0.0082164453342556,-0.0006482347756624,0.007133505141735,0.0185270058155059,-0.003177423030138,0.0095249833539128,-0.020898543552705,0.0149475075304508,0.0553419068944407,0.0161508204442972,2217
1726744846168634000,-0.1788137581551447,-0.0655500382751226,0.2993032645702362,0.2905930481636896,6.632994829687476,7.21729284749031,0.1267805695533752,-0.016740582883358,-0.0560196377336978,0.7503295317227803,0.2829221477220672,-0.2279814054813509,-0.5522546040223846,-0.0264127254486084,-0.0290540494024753,-0.0204383693635463,-0.0334250074788928,0.014106851285696,-0.023566169026494,-0.0120439874008297,-0.0070660752244293,-0.0548838472289033,0.0093434741720557,0.0439980494820978,0.0167243243246921,2218
1726744846208405200,0.0375843556480482,-0.1008697734594345,-0.4086702327400445,0.307629596225731,6.656043696841597,7.195333529138565,0.0144467055797576,-0.1157818213105201,-0.0220227688550949,0.7491543672770773,0.2832808043121869,-0.2299827441506398,-0.5528360188143098,-0.0631734058260917,-0.0409062877297401,-0.0219162236899137,-0.0159273447111248,0.0734825848400592,0.0266267256408929,-0.0089244022965431,-0.0143476678058505,-0.049721066771401,0.0062248460017144,0.0706972695370437,0.0511701787343248,2219
1726744846248176400,-0.0281434138141572,-0.0309597864091396,-0.114550508287549,0.3097612744921818,6.651825202363729,7.199142858293652,-0.0224826708436012,0.0327865220606327,-0.02394993416965,0.748720379937102,0.2827785319237407,-0.2301785562403127,-0.5535991210374221,0.0052338833920657,-0.0267851408571004,-0.0060495091602206,-0.0051797407254576,-0.0687444504022598,-0.0399403807222843,0.0076270392164587,-0.0135098844766616,-0.0501885381526779,0.0061468849889934,0.0969431837333831,0.0628479442761512,2220
1726744846287946500,-0.0630856757218949,-0.0269441210269927,0.3391933764100074,0.2971189793337136,6.652448302698135,7.199100188195705,0.0601102262735366,0.0507347248494625,-0.0083056865260005,0.7487319646055449,0.2832230804515399,-0.2296361058263855,-0.5535814404455526,-0.0072571407072246,-0.0202769618481397,-0.0085827074944973,0.0067354457348585,0.0179775552392005,0.0030453590452671,0.0214199051260948,-0.0128117306157946,-0.0279592551695764,0.006081917323172,0.0931228217276278,0.0252011201344314,2221
1726744846327717600,0.0504983621536754,-0.0592161590784788,0.2384498596787452,0.255061624723766,6.69744012159109,7.1588844976633785,0.2252320945262909,0.2051689177751541,-0.0219089295715093,0.748307220841801,0.2871038997539963,-0.2292810799029201,-0.5523023684089458,0.0169773586094379,-0.0426110289990901,-0.013596374541521,-0.0354693727880716,-0.0280021056473255,-0.044597851139307,0.0168863944709301,-0.0051339152269065,-0.0811290444726124,0.0068610557354986,0.0408858174793887,-0.0008930267206771,2222
1726744846367488800,0.0022493863619863,-0.0689998864680528,-0.6483025802016258,0.1891368896510452,6.745380853417515,7.115788867780566,0.0712432265281677,0.1982894241809845,-0.0140419285744428,0.7480711849243048,0.2920311682062095,-0.2278453834594337,-0.550630499759369,-0.0015550469979643,-0.0225134845823049,-0.0089547513052821,0.0076680504098534,0.0237578922063112,-0.0143313076913356,0.0104231126606464,-0.0135084642097353,-0.0542044501299969,0.0126100918278098,0.0900105988580733,0.0075837685182399,2223
1726744846407260000,0.0676482161307707,0.0508908138036727,-0.269168823069334,0.149775331730023,6.731133716878294,7.130202593058347,-0.1105630621314048,0.1460086405277252,-0.0108978003263473,0.7489160715082868,0.2927731401637931,-0.2252659095234832,-0.5501489765706964,-0.0407378673553466,-0.0089410571381449,0.0132480226457118,0.0107727384269237,-0.0094242464274168,0.0052244566500186,0.0081600453704595,0.0049056746065616,-0.1028628013070207,0.0236187763512134,0.0589638191520702,0.0282909370926441,2224
1726744846447032300,-0.0549864856194704,-0.0084802435755729,0.0844499690562486,0.0989798589264508,6.702817722976207,7.157710777708887,-0.0739248543977737,0.1915845274925232,0.0051297754980623,0.7502994234106927,0.2932457499249594,-0.2215067616462301,-0.5495384913984065,-0.0265914238989353,-0.0189918279647827,0.0074484562501311,-0.0113075759559869,-0.0048567923814058,-0.011592822638154,0.0089530060067772,0.0176259521394968,-0.0418251350229606,0.0350772850215435,0.0701802553590387,0.0290867430958547,2225
1726744846486802400,-0.086860866122879,-0.0570107579886913,-0.0220750536859035,0.0542398639366729,6.69134355828166,7.168916646856069,-0.0367452651262283,0.0967530906200409,0.0089322365820407,0.7512530265177816,0.2943717542799759,-0.2187058432857882,-0.5487549699301305,-0.060620229691267,0.0114448014646768,0.0076955310069024,0.0192643801793456,0.0841430950641632,0.0347667774766683,-0.0050044781528413,0.0202414784580469,-0.0529298133845673,0.0358029529452323,0.0605250223204959,-0.0203420353312394,2226
1726744846526573300,0.0183142626805463,-0.0217582428216934,-0.13043839777112,0.0413910407549003,6.678237408471107,7.181213233849406,-0.0568514131009578,0.0441480726003646,0.024098303169012,0.7520292984209191,0.2943004848335633,-0.2173643374518639,-0.5482627539843776,-0.0562340021133422,0.0128322020173072,-0.0038866891991347,-0.0153016140282154,0.0316670578956604,0.0050888475716114,-0.0146941244602203,0.0202188100665807,-0.0687216768814483,0.0335024446249008,0.0615590369767742,0.0238248450788552,2227
1726744846566344400,0.0643091987680178,-0.0071358432292938,0.0120867436349391,0.0332545782488537,6.662717183256149,7.195656769743561,-0.0387238599359989,0.0602966733276844,0.0136300744488835,0.7528185394197313,0.2939364774189214,-0.2161595309497202,-0.5478509920019663,-0.0197215341031551,0.0105561045929789,-0.0035047919955104,-0.0075470543786883,-0.0159188691437244,-0.0286608618170022,-0.0157788172364234,0.0139876771718263,-0.0748474480190547,0.0298415459692478,0.0468481097175506,0.0095196136853366,2228
1726744846606115800,0.0554734791185474,-0.0826893891245126,0.1222761341035366,0.021739583786996,6.655221859064698,7.20263420754075,-0.0089137442409992,0.0614725910127162,0.007502632215619,0.7532893117062612,0.2940396433481128,-0.2151941949921357,-0.5475284724660827,0.0137722436338663,0.0144148655235767,-0.0093091512098908,-0.0107306528508663,-0.0297737914949655,-0.030904841351509,-0.0176865942776203,0.0243249349296093,-0.0682542055001715,0.0294841695576906,0.0353131159305688,0.0121470795370289,2229
1726744846645887000,0.0270706312002032,0.0056190089255571,0.1452922680318355,-0.0079170270521077,6.660885876175761,7.197424948459863,0.0509590655565261,0.172788456082344,0.0080411052331328,0.7536927412631591,0.2954932664284782,-0.2138157893917072,-0.5467301046091824,0.0542264617979526,0.0260664094239473,-0.0043305046856403,0.0033691841721534,-0.0380266560554504,-0.0376993237972259,-0.0158366560935974,0.0162310674786567,-0.0427881257030647,0.0416704230010509,0.0821685435881838,0.0492273649703245,2230
1726744846685657900,-0.0645177817510906,0.113642161270976,-0.1048328318715095,-0.0688091268360382,6.679156276881694,7.180147065922617,0.0357098132371902,0.2366137951612472,0.0859824270009994,0.7548233528071707,0.298999324914736,-0.2109829001477605,-0.5443594534389937,0.0976407751441001,0.0368379354476928,-0.0015169419348239,0.0028834464818239,-0.0803232445150613,-0.052844870480895,-0.0179090481251478,0.0298820044845342,-0.1215798224024474,0.0419737510383129,-0.0081752401676989,-0.0100544797555077,2231
1726744846725428200,-0.0629825121749425,0.0985889690458774,-0.3668669807553291,-0.0621145611008396,6.661140143197774,7.196925766766071,-0.1760359704494476,0.0161883439868688,0.1963831931352615,0.7573290728989853,0.2986618944642226,-0.2094277676648548,-0.5416583142330973,0.0343393050134182,0.0297570154070854,0.0053978888317942,0.003097673754394,0.0710018739402294,0.0021966332614421,-0.0339128635823726,0.0446989387273788,-0.0708116074985591,0.0329580977559089,0.030649864226731,-0.0717205892693716,2232
1726744846766030300,0.1401037046791054,-0.0865711989939212,0.255160755982995,-0.0108167271240556,6.614211803284287,7.240336453947425,-0.0972417145967483,-0.0246400646865367,0.1369079798460006,0.760147591532228,0.2952789188909034,-0.2089400557047953,-0.5397499432872224,0.0190466344356536,0.0040846238844096,0.0199714377522468,-0.0305377616047859,-0.0390706121504306,-0.02911269723773,-0.0496355034410953,0.0279484204947948,-0.0376334714698023,0.0379929654300212,0.0452333725638687,-0.0560460502755362,2233
1726744846806212400,0.0673304371521808,0.1750011775970459,0.6002572189569473,-0.0130119184887269,6.631564504623412,7.224442719244957,0.2128746658563614,0.2196447998285293,0.0399186909198761,0.7609100262743134,0.2966940005082205,-0.2088746237218705,-0.5379219612104147,0.1227983310818672,0.0080942781642079,0.0095255225896835,-0.0218210789248347,-0.121684013429284,-0.1072404775351285,-0.0517502278089523,0.0173149164766073,-0.0679145069507183,0.0619286447763443,0.058319388335268,0.0075768044879136,2234
1726744846845979600,-0.5529317329520359,-0.3164356011569499,-0.8313853574454784,0.0203716450182138,6.6824681779086585,7.177366495293378,0.1070912107825279,-0.2528133988380432,0.1359778791666031,0.7605404539648837,0.2985962736336113,-0.2118877662628645,-0.5362108214203715,0.1604498326778412,0.0236165672540664,0.0652526393532753,0.0289841024219989,-0.0471405213594436,-0.0476870493263006,-0.0316953063011169,0.0060725146904587,-0.0299132890139124,0.0886681228876113,0.0765958443226525,0.062267472940497,2235
1726744846885750800,-0.0085388053623959,-0.2642272750139236,-0.8926338991343975,0.1652094678304158,6.677994247364998,7.17965723657906,-0.0935675576329231,-0.4163447022438049,0.0560380071401596,0.7600994124751741,0.2936030190359808,-0.2184870933405985,-0.53694465929068,0.0807110592722892,0.1055702865123748,0.0754337608814239,0.0989323756560683,-0.0047796354919672,0.1279331369519233,0.0075685712508857,-0.0024665305390954,-0.0120314948999206,0.1124089062213897,0.1064709909999743,0.1136460337284952,2236
1726744846925521000,0.2863332170284353,0.1536187823504209,0.1278571491062641,0.2409895342241972,6.645913932493329,7.207227965071797,-0.1126417890191078,-0.0714779794216156,-0.0376746580004692,0.7595307914929297,0.2890504888146175,-0.2213220437571765,-0.5390541311439854,0.0596563816070556,0.0897416844964027,0.042674221098423,-0.0277872938528656,-0.0100397479772567,-0.0594113893896341,0.0380571596324443,-0.0021390886977314,-0.0308482294931774,0.1299103498458862,0.1290876772819086,0.0856230040241498,2237
1726744846965292000,-0.0203721952907741,-0.0439794269800186,0.3207914582788944,0.1967950031887739,6.6187564609766,7.233513329929113,-0.0605748072266578,0.1299512535333633,-0.0535564608871936,0.7598706342087833,0.2889153827732816,-0.2184521738156677,-0.539817705425157,0.1057426482439041,0.1000524833798408,0.0819748863577842,0.0312277896955609,-0.0218792388528585,-0.0042407063096761,0.0505208857357502,-0.0285046212375164,-0.1410397799528203,0.1440013349056244,0.0725668491014745,0.1139972217863425,2238
1726744847005063200,-0.0925989713834598,-0.2424953356772661,-0.2850970445632934,0.183877964475844,6.621246524226665,7.231574470821022,0.0150221940129995,-0.0699577182531356,-0.0049263411201536,0.7595928662250812,0.2893573759735836,-0.2180931697256638,-0.5401170376069246,0.200416162610054,0.1168234199285507,0.0972579047083854,0.0778869572788476,-0.1793161181867122,-0.0429769719392061,0.0750792026519775,-0.0181361678987741,-0.0870628184357658,0.1847237050533294,0.1215641955750528,0.1238433377544861,2239
1726744847044834300,-0.171205584706366,-0.1192687689810991,-0.536672343274951,0.2216335302386432,6.59199295721352,7.257196403333544,-0.2148423194885254,-0.1186355128884315,0.0881450772285461,0.7601279926243831,0.2866263895070491,-0.218703631690476,-0.5405733501254216,0.140568807721138,0.1358349770307541,0.0828598588705062,-0.002153963163495,0.1436854173570871,-0.0335205768078565,0.0578515008091926,0.0011137502733618,-0.1402326008889358,0.2570963501930237,0.069327195893391,0.0977491937534883,2240
1726744847084605400,0.2561123941520228,0.0690852266639471,-0.3513601995438337,0.2418816059594042,6.494170296365022,7.344224698445201,-0.413627028465271,0.1552632451057434,0.0640847906470298,0.7630511713714027,0.2813053200566925,-0.2154438813170472,-0.5405591913372931,0.3338509202003479,0.249246597290039,0.1862112134695053,0.042495910423994,-0.1639677424073219,0.1592985815525054,0.0356078781187534,0.0392938256263732,-0.0985153192877769,0.3487510979175567,0.0252682967692613,-0.0607344455537851,2241
1726744847124375600,-0.3091933749437332,-0.0153121354222297,0.3703098146855831,0.2544258475708775,6.362191098892688,7.458429754295945,-0.4063279330730438,-0.0901020243763923,0.1236044764518737,0.7665985281749936,0.2745206141811177,-0.2106284217905545,-0.5409259712694812,0.0746880546212196,0.125095784664154,0.1391092091798782,-0.0185208683356642,0.4192044862359761,0.0274649300307035,-0.0082756960764527,0.0395087674260139,-0.0873907169495709,0.4291183352470398,0.0117926925918087,-0.1478100412727333,2242
1726744847164146700,0.5187256215654313,-0.1762771888822317,0.2262684234976768,0.3382487890362739,6.256202667245269,7.544262702143192,-0.3007767498493194,-0.1800299137830734,0.1397402584552765,0.7693410518076579,0.2668524851107202,-0.2100937582786159,-0.5410774555816114,0.3135944008827209,0.0848415717482566,0.0912423580884933,0.0880377644151449,-0.2566682379364967,-0.2029974380254745,-0.0621008612215518,0.0657468065619468,-0.0367066549314884,0.4400034844875335,-0.0708928606078028,-0.2191208532979711,2243
1726744847203918000,-0.1967748371835798,-0.119198041832447,-0.404555198636651,0.4191361337075009,6.174732590782642,7.607061980405449,-0.2959228754043579,-0.1429902613162994,0.2188744843006134,0.7719334663239735,0.2607143477617366,-0.2101804174865323,-0.5403434998057601,0.3422745168209076,0.0821949765086174,0.0461214855313301,-0.1324789636880159,-0.1157452710300683,-0.1664455306977033,-0.0969461351633071,0.1233566105365753,-0.1040177982947323,0.4137501418590545,-0.0244371956903836,-0.0906100260559469,2244
1726744847243689000,0.0214487384811043,0.288225405716896,0.4322983610868454,0.5106625439560041,6.06673398835659,7.687935844540595,-0.3010574579238891,-0.0791853070259094,0.2142629921436309,0.7755740145917369,0.2532201677771986,-0.2095326153502019,-0.538944067508861,0.217317909002304,0.0421259626746177,0.0426173657178878,0.0027741408884525,0.1931587655782699,0.0589402647465467,-0.0935471430420875,0.1320415586233139,0.1137119385715574,0.3479440808296203,0.0491958007882814,0.0353528177532949,2245
1726744847283460000,-0.2975769157016649,-0.0350783276438713,-0.2311754847615957,0.5570485206210986,5.999333938300609,7.737446602162718,-0.1717940270900726,-0.0110256932675838,0.153044119477272,0.7785369458290192,0.2491756469005655,-0.2083543123985634,-0.5370105816309934,0.0686269700527191,0.0392330773174762,0.01725042052567,-0.1028182771787047,0.1630488739967346,-0.0145154320865869,-0.0860890448093414,0.1646515280008316,-0.0234839934686431,0.2266669422388076,0.0101750990440486,-0.070931749579776,2246
1726744847323231200,0.0965154141748323,0.2402624620586633,0.3775590551614761,0.5856821656376123,5.9472524534076445,7.775445785689353,-0.1236727014183998,0.1005041450262069,0.1432599872350692,0.7809628942841902,0.2463343000249008,-0.2070797112619128,-0.5352891986693498,0.1592793762683868,0.0227156188338994,0.044503878802061,-0.109171737858653,-0.1655798537790775,0.1224795477211475,-0.0565754547715187,0.1685724258422851,0.047907286214549,0.0757871940732002,0.1152935269408859,0.0019706773059937,2247
1726744847363001300,-0.1376145364781841,-0.1617038891285658,-0.0762508805096149,0.5824872785864398,5.935470830199122,7.784681816068291,0.0061000203713774,0.0514187850058078,0.1227262467145919,0.7829066993058429,0.2465147208289881,-0.2057235152770544,-0.5328839247549678,0.1328160762786865,0.0352209694683551,0.022570552304387,-0.0275195828273892,-0.0154500825881958,-0.0549871432065963,-0.0285252444446086,0.104487620294094,0.1439094993033912,0.0577642023563385,0.2531343281893059,0.2614909088525921,2248
1726744847402772700,0.0303628799619153,0.0546457824230194,0.0993067619264125,0.5716293095614761,5.9408840874195095,7.7813576400816435,0.0503993295133113,0.1317811161279678,0.044393353164196,0.7839940873262209,0.2475557309128811,-0.2048837393218398,-0.5311234603977476,-0.0507569462060928,-0.0369195900857448,0.011546729132533,-0.0933460999563336,0.2061877584993839,-0.065347793701291,-0.0214955359697341,0.0218881126493215,0.1690078372000716,0.0753988251090049,0.2364799113126471,0.2999265658340416,2249
1726744847442543900,0.0878723081877455,0.1966284875154495,0.2016273187160492,0.5766683631746098,5.940159280276299,7.781538841867446,0.0093983970582485,-0.0117593947798013,0.1094074249267578,0.7851287975595427,0.2478067293705302,-0.2045574955996663,-0.5294532419746181,-0.2000050246715545,-0.0670285448431968,-0.0768296122550964,-0.0832689425781369,-0.0199526547044515,-0.3687695995062589,-0.0493998304009437,-0.0238313172012567,-0.0443301081477897,0.1187621876597404,0.2969237307562493,0.3675918244311585,2250
1726744847482314800,0.3504981758870184,0.1627513523548841,0.6521861436367035,0.4810380612712353,5.994387129548191,7.746374004983902,0.3242343366146087,0.7261499166488647,-0.0963349118828773,0.7855497424214996,0.2538205855510009,-0.2015439058368566,-0.527130801162579,-0.0590883828699588,-0.0234632212668657,-0.066363513469696,-0.0942310660973191,0.1695259610563516,0.4071989911437034,-0.0528126694262027,0.0225063767284154,-0.1072856318511068,0.1857425719499588,0.3733182392539456,0.5467965546652674,2251
1726744847522036200,0.9884968042172492,-0.2163268751978874,-0.916903832516074,0.2516996009447612,6.080623982021212,7.689801053890585,0.0920066386461258,0.6815755367279053,0.1218797117471695,0.7862734566272387,0.2657292282678447,-0.1931766880382221,-0.5233018397302989,0.5233476161956787,0.2084043025970459,-0.1372071951627731,0.2123214389488101,-0.4221867169171571,-0.1538344709277153,-0.038604125380516,0.0176120679825544,0.0147261590776848,0.2138294726610183,0.58964478565827,0.7016447326801717,2252
1726744847561806000,-0.0696176439070608,-1.1734569196403026,0.4324614426940679,0.1460822950315196,5.98879500862956,7.764237578454614,-0.3798439800739288,0.5472171902656555,0.2978295087814331,0.7921749029823546,0.2656952713933914,-0.1831395171171737,-0.5180009567560114,1.176300048828125,0.5075434446334839,-0.1128824800252914,0.3753708974674344,-0.7550292629957198,0.3679167820692062,0.0024526207707822,0.0554843433201313,-0.0927957817303482,0.2361942082643509,0.6998014429010451,0.8267462264027446,2253
1726744847601574400,-1.1123124228477477,0.4985650231987237,-1.5314356605410575,0.0837033519400283,5.843375899347663,7.875172234332561,-0.6787937879562378,0.5734751224517822,0.5663838386535645,0.8004621901862362,0.2621141622839132,-0.1725517644801038,-0.5106686291774863,0.5736398100852966,0.4423206150531769,-0.2002777010202407,-0.2029743494108319,0.2254886712968349,-0.3605453765183687,0.0529707036912441,0.037218939512968,-0.0137921707297791,0.1960466355085373,0.8624037421740591,0.8885652614559978,2254
1726744847641343700,0.4185669555174187,-0.2903641713112592,-0.577788197517395,0.1186321607111487,5.483537209793925,8.129399508857727,-1.4447333812713623,0.4005258977413177,0.8210179805755615,0.8152167856877746,0.2459274292449267,-0.1582267028623721,-0.4999056332982722,0.7408109903335571,0.4927378296852112,-0.244526132941246,0.0954762438528239,-0.6374865871548653,-0.2624690331697464,0.0843613147735595,0.0688912197947502,-0.5886533634681255,0.1547194272279739,0.6335932329781353,0.8378929127085953,2255
1726744847681113600,0.5216339102275669,0.6316799467027187,-1.4184136769950388,0.0613541848873253,4.907305594068766,8.490286830681562,-2.3249971866607666,0.558379590511322,0.8253338932991028,0.8328487333589392,0.2217329090735083,-0.1339789274009135,-0.4891289601265235,0.6603084206581116,0.5015946626663208,-0.3257608711719513,0.561946777524054,-0.0721393535375595,-0.1533142464458942,0.0797087103128433,0.237185537815094,-0.384542082449235,0.0947223901748657,0.5221448919570073,0.8138071767874061,2256
1726744847720883000,0.8379018997326493,0.1914560533136129,-1.6224463032871483,0.0431643614372005,3.76840356272012,9.053599343600869,-3.950510263442993,0.4344501793384552,0.6100001931190491,0.8538564663361718,0.1695025840122767,-0.0983045584202082,-0.4822180933537241,0.5269463658332825,0.4066465198993683,-0.2486972361803054,0.8239626600988209,-0.1640852313071489,-0.2843617160260677,0.1041527464985847,0.2955026030540466,0.0717479111011372,0.0392781943082809,0.5939286004573107,0.6471763526506722,2257
1726744847760652300,-0.8417401627212763,0.061985331530869,1.055599771022797,-0.1265647894744761,2.2484194166503846,9.54457844171524,-4.23809289932251,1.442054033279419,1.7162779569625854,0.8754303495728847,0.1047857867410948,-0.0488044448394418,-0.4693184278913828,0.2667219638824463,0.1171146109700203,-0.0254249367862939,0.0422708694964647,0.1198994681000709,-0.0459925203680992,0.1404809653759002,0.2515315413475036,0.1154117830256931,-0.0602391213178634,0.8412975335203111,0.611312719848007,2258
1726744847800421600,-0.1947534874238073,-0.5124637846916914,1.938213211402297,-0.91780209653005,0.7065438298333436,9.738009009972217,-3.404180765151977,2.963416814804077,2.5705902576446533,0.9025960779007104,0.0526526651915406,0.0269706005234004,-0.4264043364387958,0.4696119427680969,0.0789932683110237,0.0559466853737831,-0.2484441610790789,0.4055605762869119,-0.869504952481389,0.1670097112655639,0.1366514414548874,-3.84916797513e-05,-0.066378615796566,0.7233320291575044,0.8718200244907289,2259
1726744847840186400,1.144036617758125,0.7336613346658647,2.5413971314609047,-1.898210140707344,0.0598668689390178,9.620997664529083,-0.4123829305171966,1.6408649682998655,1.6359437704086304,0.919006675310228,0.0401606360845308,0.0886157454996392,-0.3820487149581898,-0.6188267469406128,0.1812692582607269,-0.0335336662828922,0.7007930842868983,1.9133850596159696,-0.731419839349389,0.2036014646291732,0.2660982012748718,-0.5164237378312274,-0.0078697837889194,0.3129391738759353,0.8546131613630801,2260
1726744847879955700,0.4262181643903255,-0.4873930197885259,2.3761972169101235,-1.889524145426601,0.5617628357918932,9.606482232442495,2.36812686920166,-1.0163089036941528,0.1511806398630142,0.9242870165471556,0.0625730489476632,0.0793115194471084,-0.3680867853434731,0.3086502254009247,0.0515222325921058,0.2073545157909393,-1.8063268067799507,-1.2948188615083691,1.4651613996446131,0.2156153321266174,0.302452951669693,-0.091701940345345,-0.0024512275122106,0.1755246169492602,0.7563490403573959,2261
1726744847919725300,0.5274367512874305,-0.1664247801706194,3.357226607856154,-1.6317621209040285,2.018190126697719,9.456989005589485,5.256466865539551,-1.3243311643600464,0.1078353002667427,0.9184018900043488,0.1277661044281752,0.0387757473732613,-0.3724383270428972,0.0192186739295721,0.0965514406561851,0.3132128417491913,-1.3588584952205418,1.693688415724039,0.4554956968009471,0.2646297514438629,0.3636498153209686,0.1745376882711425,-0.095085322856903,-0.0118462265770649,0.0336114105961984,2262
1726744847959495000,-1.5797820505589246,-0.7558817881718277,-2.396948913037777,-0.0363041225621826,3.37858006926924,9.20620807212591,2.163203001022339,-4.757822513580322,-0.3619502484798431,0.9028947111445356,0.1611938721755546,-0.0680482317541214,-0.3926413756838511,0.6123121380805969,-0.0345505438745021,0.0729303285479545,0.5146477046020329,-1.651054558134079,0.6583633709669113,0.2339175641536712,0.407613456249237,0.2312825983978808,-0.2712682783603668,-0.5629974921533838,-0.4689489064835012,2263
1726744847999264300,0.6981526527807116,-0.7022337846145034,1.6901438749849795,0.9144918029382824,3.805268773780763,8.991886107009648,0.1492466330528259,0.1995912045240402,-0.2560849189758301,0.8914584702623749,0.1607661753844518,-0.125282186469334,-0.4046731893883545,-0.3581288754940033,0.4116914570331573,0.1490356177091598,0.8104558205328881,0.3408762149304151,-0.0991717373698949,0.1098861247301101,0.4565937519073486,0.6084692765830084,-0.241820216178894,-0.5640602625466883,-0.6870763282973319,2264
1726744848039033900,0.919292335087806,0.4408946322575211,-1.302733872416615,0.1905698267973028,3.669799688366055,9.092119336131214,-0.6947820782661438,2.221121311187744,-0.3281031250953674,0.8949249777448922,0.1697111708114437,-0.0873443590786328,-0.4033340360616114,-0.3994914889335632,0.3644989430904388,0.4692397117614746,0.0536105941563844,-0.1284434245616197,0.6756728176862001,-0.0274981129914522,0.3322485387325287,1.4035489930793643,-0.2124596089124679,-0.6156290486771613,-1.1283847289875149,2265
1726744848078802400,0.5552428959712385,-0.1641305317535996,-0.8898457297205924,-0.2305294236767105,3.4732165012970566,9.168097244918346,-0.154002159833908,-0.4625322818756103,-0.1474783271551132,0.8960498465631627,0.1689447994798207,-0.0633622881275665,-0.4056324801715137,0.3976709246635437,0.4896765649318695,0.7847917079925537,0.4700860938198864,-1.212725684711337,-0.2155026993334293,-0.2339614778757095,0.322222888469696,1.479650382115692,-0.1154656186699867,-1.0073670705124735,-1.3287315063737333,2266
1726744848118571800,-0.4199148264624178,-0.043723114131391,-1.811473083627224,-0.1778873640252277,3.357148281922936,9.212398743459582,-0.5296733975410461,-0.928723156452179,0.2740843892097473,0.8966686038234357,0.16208267350664,-0.0634632144006529,-0.4070466125250224,0.5538602471351624,0.2954075932502746,1.461451530456543,0.0480367395468056,-0.0132598790675401,0.9784241768836974,-0.2897532880306244,0.3237468302249908,2.109551190316677,-0.2005198746919632,-0.8572017896167934,-1.9708755639456208,2267
1726744848158341000,0.17172960858047,0.1250263095945119,-1.2834879046767949,0.861069059504196,3.193785811932385,9.231938141188024,-0.4247284233570099,-3.5493435859680176,0.2731923758983612,0.8965732342529574,0.1319286432425838,-0.1090733555774056,-0.4084779832952426,-0.0771139860153198,0.3567243218421936,1.1041251420974731,0.9640710226867348,-0.3112795335680246,0.5039426245838403,-0.3138774931430816,0.1550624221563339,2.149874286746233,-0.3824572265148163,-0.7588884957071393,-1.9546065661899743,2268
1726744848198110700,1.5259548910424112,-0.6991214978128671,2.414632453766465,2.307910154886544,3.111130032816529,9.00915113006532,0.5291593670845032,-4.0201191902160645,0.7651938796043396,0.8894957422853121,0.0967799111789493,-0.1769032771868521,-0.4100442274218054,-0.0643385350704193,0.6332098245620728,1.3157535791397097,0.1154211719085462,-0.1378226628035306,-0.0380763404160737,-0.4594627916812897,0.2980359196662903,0.966693260949105,-0.1023063510656356,-1.6102299419231711,-1.4315753563851117,2269
1726744848237880300,1.7797125022292135,0.1455737153217196,0.2210842988580465,3.734582833921909,3.295342690873146,8.447720777630806,0.4034724235534668,-3.342156410217285,-0.1104671508073806,0.8746496824700108,0.0746151945142,-0.252425575616807,-0.4070647942461884,-0.309544026851654,0.8020215034484863,1.2691675424575806,0.3540070973234251,0.4913718968242406,0.3024894933909177,-0.6766063570976257,0.4340653717517853,0.9858703281711786,0.1775216311216354,-1.2944359996706247,-1.2452213023856282,2270
1726744848277650000,0.5170233476921916,-0.7122603808492421,-1.5412193879306315,4.550454103632271,3.258493846425414,8.052699715536832,-0.6792066693305969,-1.6716804504394531,0.2730981409549713,0.8620273496359563,0.0530061956085642,-0.2943075484386235,-0.4092459272815427,0.1793952882289886,1.1363366842269895,1.2853106260299685,0.8301067888770252,-0.4583353041410445,0.1565279477953911,-0.7638692855834961,0.525661289691925,0.8473848175447434,0.2506656646728515,-0.7541695774264633,-1.0042072913073004,2271
1726744848317419300,1.3654951567560434,-0.4705874674707651,-1.7012404385387896,4.826957799634338,2.791915614596009,8.066973740082979,-2.0375235080718994,-0.0054744658991694,-0.0994420945644378,0.8588916858448161,0.0216379815979266,-0.2970363572599809,-0.4166607570923536,0.33567014336586,1.3331260681152344,1.1836471557617188,0.3195810595758259,0.4986439336538315,0.2801607572048902,-0.9104387164115906,0.5535212755203247,0.6764280930329114,0.2591773569583893,-0.4546072965938598,-0.4119996694236993,2272
1726744848357187800,0.340247853899002,-0.9267791837118564,-1.7922160099714994,4.742492633008957,2.0590870774924754,8.333025307914614,-2.4793083667755127,0.1530692428350448,-0.0098019130527973,0.8599425516332956,-0.0149472148497034,-0.2736978772772556,-0.4305403012106492,0.7818670868873596,1.752265691757202,1.017447829246521,0.7193132219702005,-0.3655605743318796,0.2400198854744434,-0.7126349210739136,0.3548072576522827,1.3327350429266691,0.1907646209001541,0.2424907691000029,-0.1853511605672538,2273
1726744848396957200,2.023239811302721,-1.4980030542775988,0.0034136078357696,4.88672516285479,1.196632920305431,8.41774181895256,-2.6139461994171143,-1.0932081937789917,-0.4336439073085785,0.8540029308317825,-0.0638013802375628,-0.2583486116864236,-0.4470620724417913,1.1381665468215942,2.1516001224517822,0.9108015298843384,0.6405883525624871,-0.5506961924523115,-0.0173550394266843,-0.4182190895080566,0.1308977901935577,0.7863130206622183,0.1053508594632148,0.1460815461128484,-0.2497203732936642,2274
1726744848436726800,2.239630691647529,-2.019278360325843,1.5552590191990137,5.317815901717544,0.6123855732439085,8.21682410981059,-1.7226319313049316,-1.3877347707748413,-0.7553038597106934,0.8377299418439931,-0.1090275046456821,-0.2630048536790955,-0.4659936057160399,1.322614669799805,2.4615800380706787,1.3306432962417605,-0.3913555253237485,-0.8625631705194711,0.4034481141775846,-0.2784776091575622,0.0389278382062912,0.0935170726090669,0.3069734871387481,0.315554982397519,-0.2106785671126097,2275
1726744848476496100,1.5803046131283045,-2.9749592288732525,1.0294576140284537,5.644947084411978,0.2265653240850195,8.015836258041858,-1.812532901763916,-0.4793868958950043,-0.8014136552810669,0.8199871316115288,-0.1435464766804817,-0.2658956802994224,-0.4861225278295252,1.3183549642562866,2.327800273895264,1.196287989616394,-0.1540659415960311,-1.013695981273055,-0.2061871739774942,-0.2643853724002838,-0.0897702649235725,-0.5171426266903058,0.4478694498538971,0.5740281508641317,-0.5804304191218689,2276
1726744848516265700,1.6622382154494524,-3.1019746664583683,0.0819610748499631,5.56974717426002,-0.1752385117505677,8.069547389963269,-1.8332829475402832,0.7833878397941589,-0.9045973420143129,0.8074298792314166,-0.1666309552086433,-0.2465800353840441,-0.5094010740859679,0.8505017757415771,1.9401514530181885,1.2168965339660645,-0.8429805181711911,-1.3488143633291123,0.2072714620828628,-0.2931594252586365,-0.1003995612263679,-0.9558021568395196,0.3900839388370514,0.792861054066196,-1.1369429331701248,2277
1726744848556035300,1.184043780106306,-2.921297781312465,-0.5068278246313334,5.301249382320046,-0.5233599303025752,8.233664185452461,-1.75236177444458,0.8229473233222961,-1.2783596515655518,0.7933651128704947,-0.1813635449721806,-0.2175022083067327,-0.538861560247216,0.3580891489982605,1.097849726676941,1.1616969108581543,-1.5049638332009314,-0.4695817975595593,0.2612193253695964,-0.3305801153182983,-0.1379048228263855,-1.3771071224860847,0.2628580629825592,1.1372075754556803,-1.220885902552307,2278
1726744848595712300,1.0944839206904171,-2.7797359319806096,0.2791343367666006,5.070884044897556,-0.7524596317034214,8.360043078699707,-1.0867654085159302,0.8172045350074768,-1.2443435192108154,0.777499169798168,-0.1905324285914798,-0.1935298835529247,-0.5672200965687662,-0.4015413224697113,0.6830756664276123,1.1659637689590454,-0.0178308402448892,-0.3878714826002716,0.0047281975656747,-0.3409633040428161,-0.1808685064315796,-1.356519530878961,0.2390289902687072,1.4378981296658515,-0.9298459508713334,2279
1726744848635478800,0.695458883652091,-2.6420184831172224,-1.379845169147849,4.834847383840382,-0.7544561392828821,8.49855430828929,-0.5878608822822571,0.7690470814704895,-1.2888368368148804,0.76265731157663,-0.1880612067590462,-0.1769951830963891,-0.5930087714289813,-1.3810008764266968,0.2264634668827057,1.1595836877822876,0.3022328882813453,0.022040566894412,-0.8120043651491403,-0.2953584492206573,-0.2905254364013672,-1.5187370686180888,0.2287672758102417,1.8119431853570045,-0.905235095097497,2280
1726744848675245300,1.064230236724019,-2.2032347055338324,-1.7356050649553536,4.645641447541117,-0.7362464557882398,8.605018540754914,-0.6534748077392578,0.5847484469413757,-1.1905748844146729,0.7479433586124445,-0.185309245605108,-0.1640933966373793,-0.6158852258652229,-1.6656733751296997,0.1096816211938858,1.263715386390686,0.4137269316077232,-0.4182870791301131,-1.6208073039084672,-0.20431450009346,-0.4677915871143341,-1.388585671094805,0.0377334579825401,1.990115101944655,-1.1826611666414886,2281
1726744848715011800,0.9207520323768258,-2.20664758271724,-1.0358826786398887,4.458570185182988,-0.7374722712561488,8.70331349529028,-0.6279516816139221,0.7968280911445618,-1.2253079414367676,0.7321033377564643,-0.1829830716933495,-0.1509029337789298,-0.6385687461685274,-1.7163636684417725,-0.0129034146666526,1.3102668523788452,-0.4636211355894803,-0.5202987161010504,-2.0447785661548377,-0.1985371708869934,-0.5281022787094116,-2.2491484615772963,-0.2645831108093261,1.0138121549986303,-1.2847611394830047,2282
1726744848754778000,0.2946028317943215,-1.6868281745657323,-1.9351982474952936,4.254080755034089,-0.7411915109749883,8.804760776376725,-0.5789849162101746,0.3257100284099579,-1.1645448207855225,0.7165172786161836,-0.1793799969887355,-0.1374952643526655,-0.6599399512590235,-1.5462266206741333,-0.1035558730363845,1.2152668237686155,-0.8956891950517892,-0.2618774970173835,-2.176511095389724,-0.1829826980829239,-0.4129701256752014,-2.099929667751491,-0.4224331974983215,0.5959891497163101,-0.386848532760702,2283
1726744848794544600,-0.6848261382177472,-1.5461147587567567,-1.663310813117027,4.274632252414524,-0.747231083400175,8.794290820288658,-0.4598773121833801,-0.3544273674488067,-0.8324592709541321,0.7050141748566539,-0.1827102339777616,-0.1350293762864575,-0.6718176829080591,-1.3561991453170776,0.0198271013796329,1.336524486541748,-1.0074269840061665,1.556707464441657,-2.7607185122996567,-0.0947851240634918,-0.3606915473937988,0.4347644954720512,-0.5125393271446228,0.3125198159527033,0.2810333387883379,2284
1726744848834311200,-0.8722785088479519,-0.6243052532162517,-1.2084551677852868,4.615612804502248,-0.7980001705203205,8.615666191497445,-0.5677346587181091,-1.4481874704360962,-0.5724347233772278,0.6914675515228196,-0.2000921335294002,-0.1438277458264038,-0.6790798977984106,-2.418027877807617,0.3026144206523895,1.6818439960479736,-1.891276688182354,3.271533653001487,-4.427660375395417,-0.0629016682505607,-0.2391645312309265,-1.1734463982462882,-0.6579777598381042,-0.5602078249022364,-0.1780285808605141,2285
1726744848874067500,-1.4511217683762312,0.1953218618962913,0.7532640068888664,5.204032870671153,-0.9170238786991683,8.261204518806935,-0.613422691822052,-1.7735120058059692,-0.3918403387069702,0.6770280374004863,-0.2303132248343732,-0.1604731046552538,-0.680321497833669,-1.9345616102218628,0.4717299938201904,2.0482707023620605,-1.8983575863540167,2.0223013614088297,-2.5273656834989784,0.0247588194906711,-0.314552903175354,0.8060884921688586,-0.7661202549934387,-0.0507605476206634,0.5468988094633445,2286
1726744848913834000,-1.573141881892085,0.842447434207797,1.1838380284011365,5.691019099757075,-1.0082459722388537,7.92250798600316,-0.5780229568481445,-1.1135129928588867,-0.4149585664272308,0.6642469909874766,-0.256127239256836,-0.1745375574194412,-0.6802290061539228,-0.2871982455253601,1.0796793699264526,2.491652250289917,-1.6369611508518456,0.110381259778887,-0.5927785536393523,0.1091762781143188,-0.5505809783935547,0.6839839152399451,-0.6467711925506592,-0.7389704739246516,1.2876799495391549,2287
1726744848953600800,-2.763178764933348,0.8942180265206843,0.7357885559529066,5.993555354899168,-1.193343669501692,7.669654922440648,-1.2985988855361938,-0.7252075672149658,-0.3974048793315887,0.6502479753210186,-0.2790727563113658,-0.1762805017494103,-0.684266834218099,-1.8527686595916748,1.3270798921585083,2.8557724952697754,-2.3380004649847743,2.3419937724046407,-1.620637792560458,0.3410762548446655,-0.300679475069046,0.2448514520830474,-0.3989209234714508,-1.3073007419407368,1.604970267829299,2288
1726744848993367300,-3.4008483074396847,0.4035533281177282,1.9287696757525203,6.127843998357653,-1.6090338640064,7.485380889585614,-1.7606643438339231,-0.0654662773013114,-0.0854679495096206,0.6364232614598774,-0.3038693894787908,-0.16129220418001,-0.6903721961529286,-1.0550994873046875,1.6147030591964722,3.112941026687622,-2.322721062788367,0.1847726300269365,0.1005187680646777,0.612605631351471,-0.3015296459197998,-0.017475871061068,-0.3039098680019378,-0.9246387376170604,1.4648384513005617,2289
1726744849033133600,-3.2247850535690783,0.6938413654528558,2.7514649462640284,6.121319565024971,-2.1139019328720865,7.364186120977997,-1.607286810874939,0.0294409003108739,-0.0640328451991081,0.6247257933796563,-0.3252279393224029,-0.1369590398061606,-0.6965533319368429,-0.1414674073457718,1.5699533224105835,3.211451292037964,-1.716247453534603,-0.8524338445626198,-0.3459448964968323,0.7902814745903015,-0.3381065428256988,-0.6721995886176824,-0.2609527707099914,-1.205683364984393,1.2456279834903776,2290
1726744849072900000,-3.554413898298144,0.7507952786877751,2.8381074569284914,6.163943485742807,-2.487788583131134,7.21020727314353,-0.996092677116394,-0.3121847510337829,0.06658885627985,0.6153806770690692,-0.3432456135638472,-0.1206821942504214,-0.6992315997052214,-1.2949302196502686,1.3671026229858398,3.2620553970336914,-1.007007881811261,0.1175144726596772,-1.312162941149622,0.8419767022132874,-0.2263266891241073,-0.7937078070886433,-0.1216218248009681,-1.3441178760759531,1.2220361685659735,2291
1726744849112666600,-3.095102442601323,0.9455269926711916,2.584969146683812,6.255149358800053,-2.761678589503467,7.029695807692408,-0.7600617408752441,-0.3331252932548523,0.2017121911048889,0.6105858900583603,-0.3590530605940636,-0.1125440668202256,-0.6968497972394481,-3.308013439178467,0.8059884905815125,2.949940919876098,-0.9237772254168988,-0.7423305249422788,-0.9508074172921478,0.889144241809845,-0.1822422295808792,-0.8933056609161197,0.0905088186264038,-1.193974733946845,1.3282691495589911,2292
1726744849152431900,-3.145492321145534,0.7155372105628252,2.523159463980794,6.280549172994494,-3.046741147275269,6.887848127156496,-0.6393327116966248,-0.1426149904727935,0.5406362414360046,0.6096215363654114,-0.3717742504901591,-0.1029630856351389,-0.692491159297802,-1.756340742111206,0.8775094151496887,2.934265613555908,-0.4630985730201005,-4.129584314532578,0.4210923458091914,0.9675129652023317,-0.2564127445220947,-0.9052375793155282,0.0778695493936538,-1.2031579381600022,0.7593932303588837,2293
1726744849192198400,-2.220845327156782,0.7958443807259201,2.510449035489559,6.247144331520795,-3.372005367054045,6.765586021578312,-0.3520835340023041,-0.4339545965194702,0.8568486571311951,0.6153721899568206,-0.3826168887171723,-0.0930344817397769,-0.682836818824682,-0.8500400185585022,1.2000395059585571,2.127971887588501,-0.964741103968024,-4.00481051839441,-0.2492841190345585,1.102426052093506,-0.2329807132482528,-0.0823376439442392,-0.0926422253251075,-0.8991953034766018,0.2034209971997886,2294
1726744849231965000,-1.3809282882094382,0.4996434660851955,3.19606164790988,6.333484059846401,-3.5998353407800194,6.564948882943392,0.3932099044322967,-1.1658016443252563,0.9133402109146118,0.6257408144418052,-0.3951243388191748,-0.0956948940536576,-0.6657084546949353,-2.889317989349365,0.8137184977531433,1.5751497745513916,-0.728348176819086,-4.169473549589514,-1.106373680448532,1.1150221824645996,-0.3079607784748077,-0.3897393222987652,-0.2792717814445495,-0.7487989172387868,-0.0055332663000415,2295
1726744849271731500,-0.4402145410388708,-0.0375850497677922,2.881331097105145,6.577151946434379,-3.6262916782900687,6.305669585725664,1.0720571279525757,-1.5699708461761477,0.8002206087112427,0.6404014887242351,-0.4059517839016647,-0.117061856870597,-0.641393475530176,-6.156379222869873,0.0602304525673389,1.115735411643982,-0.3072773121893405,-3.908597630830109,0.0002843698993325,1.0251612663269043,-0.0548884309828281,-0.6792243726879358,-0.1967762559652328,-1.1155614147063344,0.0532134069657651,2296
1726744849311498000,-0.2842617627829313,-0.4962523623421788,2.249413249993324,6.801428319332003,-3.5390248982474204,6.114430390033125,1.0402668714523315,-0.8635988831520081,0.6059459447860718,0.6546893822523883,-0.4099521599866977,-0.1420915983159662,-0.6189758422818991,-6.574395656585693,-0.1209937185049057,0.6401100754737854,0.632774171680212,-4.506586904855072,2.080272488862276,0.9478120803833008,0.135696679353714,-0.2763228778087533,-0.1846036165952682,-0.5807355760809034,-0.3551562308259308,2297
1726744849351264300,-0.7949164522260427,-0.8884066368281841,1.1215741721898316,6.800920954331756,-3.4856501586735247,6.145576054403185,0.7593950033187866,0.0312469564378261,0.6533873081207275,0.6685855250748651,-0.4041272668160479,-0.152787347619439,-0.605252582671109,-5.763917922973633,-0.1641129553318023,0.3542735874652862,0.4588181192219257,-3.543966154041886,0.7556976637765764,0.9103564620018004,0.1030574664473533,0.2298365825743414,-0.2669589221477508,-0.3134969173565506,-0.4171634088624268,2298
1726744849391030800,-0.656440878471732,-1.384770642851293,0.7449041748225689,6.685190296348929,-3.5008968276441097,6.262773862329125,0.6677618026733398,0.0282942838966846,0.7113054990768433,0.6824021522794947,-0.3960654539738574,-0.1543358120449287,-0.5946763239511632,-4.615151405334473,-0.1643245220184326,0.215371161699295,0.9584680150479078,-2.7290599299713967,-0.071978025496006,0.8268837928771973,0.0905996412038803,-0.0906200725259259,-0.213728442788124,-0.3137838810717687,-0.3822235398411751,2299
1726744849430797300,-0.8571446526020765,-1.7089333311289547,0.8245487894237041,6.588862842494249,-3.502794477958977,6.362993647447228,1.0123897790908811,-0.1337492316961288,0.8901143074035645,0.6978541482169636,-0.387873789155903,-0.1585292765038813,-0.5808802191053786,-3.899129867553711,0.3151051700115204,-0.3525076508522033,0.9362187738388776,-2.620301449088752,0.5928758765339851,0.7456309795379639,0.1352390497922897,-0.2214864316518418,-0.2500034272670746,-0.3294696355793625,-0.6113849448340013,2300
1726744849470562800,-0.9867758256435394,-1.590380016940832,-0.1522030703336,6.509750727334618,-3.4637796876490112,6.464965244668722,1.3747892379760742,-0.3943423330783844,1.1633347272872925,0.7178864190055633,-0.3770921249813554,-0.167869137778432,-0.5605896434908628,-2.924884796142578,1.063518524169922,-1.0112228393554688,1.1126508610218764,-2.0214365612730383,-1.007058150693774,0.7273989915847778,0.0265135560184717,-0.3275541938794776,-0.2981627881526947,-0.4051791757538914,-0.3983496219947934,2301
1726744849510329300,-0.6716553987383842,-1.0704133092731236,-1.0888087976634502,6.4967480378985405,-3.4055464021280404,6.508832443445921,1.5356810092926023,-0.8054733276367188,1.298346996307373,0.7402697260564163,-0.3666692980510173,-0.1835633773086775,-0.5327840311519161,-0.1184028387069702,2.056923151016236,-1.954218864440918,1.7598165461480615,-4.240789896306396,-3.684055008211732,0.7861200571060181,0.0286382865160703,-0.3220878912976011,-0.4327570497989654,-0.4596116442197933,-0.5114082477567717,2302
1726744849550096000,-0.2252782434165477,-0.6691761491432786,-1.1727648457229136,6.548963962826132,-3.3481443067342043,6.486245933106542,1.5012054443359375,-0.9045280814170836,1.270820140838623,0.7612830270501848,-0.3578811518602552,-0.2030136951287359,-0.501153373593072,1.2099640369415283,2.112078189849853,-2.867041110992432,-0.3475222288161516,-5.104096578669548,-3.349390507403016,0.8022907972335815,0.0302025340497493,-0.10031856931746,-0.5058574676513672,-0.5266780784072355,-0.2104290310646407,2303
1726744849589862100,0.2194610815703868,-0.4519754137203097,-1.26225456251204,6.63902826463282,-3.281782075293362,6.428342610192298,1.3488619327545166,-0.9838311672210692,1.0302778482437134,0.7786986592506173,-0.3498165801202827,-0.2233250997983308,-0.4705131141547135,2.128131866455078,1.844504475593567,-2.6657071113586426,-2.1314806980520484,-2.195702264202386,0.0256920751392841,0.8453090786933899,-0.0537572652101516,0.1033614167452324,-0.4955286383628845,-0.5077425648560747,-0.0799028728116769,2304
1726744849629628700,0.0090752868592739,-0.4845718614205718,-0.8808440926194191,6.744667736712097,-3.229284118553996,6.344411696574092,1.0718036890029907,-0.781370222568512,0.92117178440094,0.7916576188584192,-0.3435198632065903,-0.2419072673371504,-0.4435685485418753,1.6832548379898071,0.5355288982391357,-0.4761385321617126,-3.2257506837308405,6.151633454746007,2.99280322086066,0.9494443535804749,-0.2936167418956756,0.2842610869294963,-0.6349611282348633,-0.2676146524298936,-0.2824906979897991,2305
1726744849669457000,0.5427408495336771,-0.4623056690767407,-0.6340197878271341,6.790100285109877,-3.222968651796877,6.298999606442451,0.7796197533607483,-0.4700245559215545,0.743321418762207,0.8021983945234971,-0.3382221082473195,-0.2538625409924303,-0.4214704686304037,-0.600419282913208,0.32940673828125,-0.478329986333847,1.1755799031436442,6.428978570008278,2.584726277838647,0.9344495534896852,-0.400582879781723,0.1635881502388976,-0.5641169548034668,-0.3687853085320443,-0.3191155974885448,2306
1726744849709225500,0.5822112746566533,-0.8477183603480458,-0.2307294945597648,6.798813168397546,-3.223920545694232,6.289106573459506,0.6557095050811768,-0.2894966304302215,0.5677571296691895,0.8103826419720538,-0.3333409443802553,-0.2612060618366624,-0.4048891701333494,-0.4264959394931793,0.5253238081932068,-0.6285843253135681,1.5581617549031972,0.4776769873403012,-0.1770899665698408,0.7054062485694885,-0.2728280127048492,-0.911962430591136,-0.2573010921478271,-1.0437680250622332,-0.1645827872994355,2307
1726744849748993800,-0.0797246941000223,-1.1186106462091208,-0.3907955533534288,6.793365424385667,-3.2144448613405228,6.299834888222813,0.5602571964263916,-0.2843822538852691,0.5377557873725891,0.8173026692938795,-0.3282101064630773,-0.2666006961812579,-0.3914315103401748,1.769428849220276,0.5901381373405457,0.1063986048102378,-0.6039718555659055,-6.002884324258566,-0.5537196319267154,0.4361391067504883,0.0474837981164455,-0.8514602502901106,0.0379531569778919,-1.026446011122316,-0.554514873957634,2308
1726744849788761300,-0.6850444571435451,-0.9454223632529376,0.0077425769507884,6.820784761708975,-3.24083953179121,6.25653642924428,0.6465160250663757,-0.6280924677848816,0.753333568572998,0.8236052340120797,-0.325425289842166,-0.2740507191945355,-0.3750588427083611,1.2447621822357178,0.263700008392334,-0.7253872752189636,-1.926443278631568,0.5691754136033356,0.9148258571982384,0.275056391954422,0.1179828345775604,-0.1531804731315467,0.0657188594341278,-0.4719111903551966,-0.5005648917790502,2309
1726744849828530200,-0.7758616231441497,-0.6754086137920617,0.9128367292076348,6.909357363653182,-3.274724557997286,6.140630999216437,0.8608858585357666,-0.7521294951438904,0.8571012616157532,0.8298526077799405,-0.3232392139687374,-0.2871086236827815,-0.3527459822705635,0.3019710183143616,0.8056785464286804,-0.6423000693321228,-0.6926730523258448,1.893196696459502,0.5532464614570141,0.1859955638647079,0.0166212767362594,0.0950347654293291,0.0322635918855667,-0.0642049392425222,-0.2760013359704986,2310
1726744849868293600,0.5715607013046741,-1.0597685811400412,1.4670125804692506,6.95341453204453,-3.246951000408828,6.105547410875558,1.5853525400161743,-0.9474055171012878,0.774059534072876,0.8395107223666314,-0.3139253853334062,-0.3002574918690784,-0.3263708512316192,0.6341436505317688,0.6893351674079895,-0.8154774904251099,-3.5646781026810404,-0.8967202916651964,0.389044033510983,0.1475817263126373,0.1204659640789032,-0.0151848203897767,0.0388254262506961,-0.1612293121530674,-0.2508420342673547,2311
1726744849908062000,0.3742687814444303,-0.4973366504475474,0.9887877499878406,7.399554371479153,-2.8805826168254014,5.7549295541316265,1.86563241481781,-2.1389272212982178,-0.1440878510475158,0.8393702487787579,-0.2971325742351225,-0.3439367368350944,-0.2981228627720326,0.4085882902145386,1.2573744058609009,-0.9414860010147096,1.1518880619108676,1.9815692457869647,0.901486190892756,0.0351713486015796,0.0769255384802818,-0.4167623903134838,0.0733000859618187,-0.056996090142522,-0.0770758874911349,2312
1726744849947830500,-0.0481312859624624,-1.6642970476754009,0.3168880210995674,7.670371546277403,-2.441609015758336,5.601279792121052,1.3504058122634888,-0.0760880261659622,-0.3469522893428802,0.8397105721108497,-0.2742836714339373,-0.3730719565001169,-0.2836757861596803,1.1810284852981567,1.1192104816436768,-0.6723904609680176,-0.3237421247780322,-0.5591840348124504,1.4520358144812284,-0.0841175615787506,0.3508788347244262,-1.1926788489174096,0.2977796494960785,-0.6184736975185573,-0.0714067147143417,2313
1726744849987598800,-0.5283779776602984,-1.348388977523893,-1.4496855980932712,7.725497805693745,-2.036862386202812,5.686674348551034,0.883703351020813,-0.5518982410430908,-0.6121152639389038,0.8422353770577922,-0.2522709776338686,-0.382648211495896,-0.2838650681982707,0.6910769939422607,1.1037287712097168,-0.68115234375,1.2780968592882156,-0.4691781851947307,0.4510241043448448,-0.2457689791917801,0.3555665612220764,-0.8817517820488661,0.3783352077007293,-0.2754227871638722,-0.2880565702223219,2314
1726744850027367700,-0.9689584294021129,-1.411552266792953,0.9694885907560586,8.024820359486341,-1.712282349295914,5.370357405337691,1.070082187652588,-1.7657252550125122,-0.2726968824863434,0.8345044314911928,-0.2412655376999801,-0.4098523139529449,-0.2782344994738513,0.8213531970977783,1.0813993215560913,-0.6194144487380981,-0.4056780651867389,-0.097590021136403,-0.9260884249687196,-0.2626211941242218,0.3035726547241211,-0.3702264472510665,0.3519947528839111,-0.3113960726197808,-0.7522055838771164,2315
1726744850067136000,-0.2190145068466663,-1.5539887070022522,-1.0679904660403727,8.597524385607242,-1.3293782798446714,4.526116073450446,0.9683637022972108,-3.281627655029297,-0.7308310866355896,0.8131472174898594,-0.2336255728760437,-0.4633048680306197,-0.263741149203382,0.8395681977272034,1.086482286453247,-0.5407673120498657,-0.2219651733458042,0.8658706876322626,-0.9757691323302684,-0.3597007393836975,0.282364934682846,-0.2265813984369859,0.0646560341119766,-0.3878254149688407,-1.5878241949781775,2316
1726744850106903600,-2.0228186632812024,-0.5801481315817684,-0.7380041861757636,9.013139322918652,-1.069755941342935,3.713398007073998,0.0411397963762283,-1.0427958965301514,-0.1254468858242035,0.7900140817157921,-0.232744018622538,-0.5064579061818247,-0.2553591856077846,0.6802677512168884,0.944406509399414,-0.5763204097747803,0.1255740066051483,0.3783104580506682,0.5944594924636185,-0.4496731162071228,0.3961284160614013,-0.4989718504339456,-0.1992272287607193,-0.7446038036365061,-1.5979552745006975,2317
1726744850146672000,3.609917174333334,-1.955100633317232,-0.9528247484639286,9.056757515370846,-1.0231364481829106,3.619217502120137,-0.738227903842926,-0.0237264540046453,-0.9779702425003052,0.7841402246298733,-0.2377892982683552,-0.5088492088187048,-0.2639184824147328,0.2890408337116241,0.7944874167442322,-0.6384609341621399,-0.2137953108936548,-0.4423322638452053,1.1002321089535951,-0.466623455286026,0.4938459098339081,0.6246923528376966,-0.3990820944309234,-0.7213765842407941,-1.558054641266912,2318
1726744850186440400,0.5876701245844363,-2.5066338611155747,0.5282806547656655,9.19518691189587,-0.6552086332630366,3.3450884262949225,-0.3614144027233124,-0.9724845886230468,-1.1547726392745972,0.767743574564069,-0.237382687130544,-0.5225872330547255,-0.2848188389134123,0.7639918923377991,0.9367040395736694,-0.4463087320327759,0.183771928551793,-0.4228454730868339,0.602187894758582,-0.4954469203948974,0.414814680814743,1.433391173635423,-0.3216713368892669,-0.2234304418590851,-0.8777093747902661,2319
1726744850226209000,1.1075707812786102,-1.2848903188206255,0.4430608703806996,9.359579017195106,-0.3196735966974869,2.90971869493872,-0.320909708738327,-1.3452141284942627,-0.9902166724205016,0.747623479759691,-0.2388814091909877,-0.5427534468698509,-0.2990207313859923,0.7097872495651245,0.6671133637428284,-0.2539054453372955,0.0112193131506443,-0.7200006197124719,0.4595604985544457,-0.4154837131500244,-0.0336363911628723,0.505876369125396,-0.4948670864105224,0.6119777596279978,-1.0960004627332092,2320
1726744850265977600,2.252653254827857,-0.997339889755845,-0.5601679312832654,9.513052253594994,0.108641987496661,2.379162496456504,-0.1809921264648437,-1.5257240533828735,-1.5910218954086304,0.7235646783009183,-0.2376339202582011,-0.5676500606624972,-0.3126621894777582,0.6569770574569702,0.5070970058441162,-0.249715507030487,0.4313678022384643,-1.4249880869492888,0.1319149000644683,-0.4434899091720581,0.2203182131052017,-0.2774603574060835,-0.4822168350219726,0.114304114044737,-0.2680068483515642,2321
1726744850305746200,0.1039765073031187,0.9294225378274916,0.3672258771955967,9.61423766887486,0.7736031766928732,1.771544685603678,0.3334682285785675,-1.5954798460006714,-1.5761507749557495,0.6940959653003594,-0.2272121370045771,-0.598373631640229,-0.3294761026446341,0.6854369044303894,0.506024956703186,-0.1519571095705032,-0.1671434498339891,0.1447097919687628,-0.2596587249893695,-0.5207804441452026,0.110711857676506,0.0936573213299736,-0.4540677070617676,0.5180727106146514,-0.1946040690157562,2322
1726744850345514500,0.8047416806697845,1.323255266919732,-1.141171875976771,9.625449383240936,1.3518167600154876,1.3014336034730076,0.4563792943954468,-0.9642671346664428,-1.4662035703659058,0.6726533581827311,-0.2105750344499839,-0.6239419096999195,-0.3374792923303826,0.7812683582305908,0.4973384737968445,-0.186939463019371,-0.0635123949676752,0.2488902974113822,0.3296884659618139,-0.5320665240287781,0.1000979840755462,0.3873615603167563,-0.028357783332467,0.613653510820493,0.7097247248917817,2323
1726744850385283000,-1.1926456042349338,1.826258564826846,-1.52145319570899,9.572501052385569,1.960171360710263,0.8338682603023946,-0.1057659834623336,-1.3380571603775024,-1.6339311599731443,0.6473830011291833,-0.1967784427788778,-0.6471188408199823,-0.3512986030669431,0.4351083040237427,0.3297558426856994,-0.2460789531469345,-0.0052367316097021,0.1492684781864285,0.4779419218868017,-0.4999194741249084,-0.0922575816512107,0.5964884775405749,0.0321446284651756,0.9139241591181606,0.490902781475149,2324
1726744850425051600,-1.8940742099463936,2.01700500856638,-0.1681353834807872,9.470226088303328,2.527339672274888,0.3126854913758113,-0.3703290820121765,-1.6094835996627808,-1.33010733127594,0.6165162220073809,-0.1909590483867302,-0.6690232567066601,-0.3685788272299307,0.3095272183418274,0.2298523485660553,-0.2337629497051239,0.4285100747197866,-0.7469771817043424,0.3990934260994195,-0.5278545022010803,-0.0998883917927742,0.3666786916416138,0.1847031712532043,0.6167527189448475,0.9846692818183452,2325
1726744850464819200,-0.5425690000981093,2.2130475128874183,1.692918015873432,9.334825099688768,2.9944904432952404,-0.2538536189071834,0.0958813354372978,-0.8729623556137085,-1.3140298128128052,0.5854174404047852,-0.187747348596298,-0.6911540103876705,-0.3799255943597013,-1.1310368776321411,0.077428713440895,-0.3779939115047455,0.1067564934104681,0.6266103883534669,-0.8352975624531507,-0.4911879003047943,-0.1688703447580337,0.3775957339100539,0.1818406134843826,0.7191542320162058,0.778519224980846,2326
1726744850504587800,-0.765262487718463,1.5035571812734008,0.8708581206560134,9.147512137529253,3.514689498414099,-0.374659972719103,0.3671900629997253,0.113644354045391,-1.3900803327560425,0.5720028254268926,-0.1670860620237711,-0.7008456254776886,-0.3920592192444312,-2.0875821113586426,0.0997024402022361,-0.6913118958473206,0.3375309961557388,0.7466974879801273,-1.0611609122812746,-0.4450002014636993,-0.1456150412559509,0.0389693391664652,0.2556986510753631,0.5588573966739699,0.889617912314087,2327
1726744850544356000,-2.894814263534545,1.1455492142781614,0.520054970473051,8.975039017105102,3.935395329123735,-0.3629359979819506,0.9011759757995604,0.2772752344608307,-0.9086045622825624,0.5685438487631642,-0.1411437454020406,-0.7061041209495805,-0.39781064482686,-2.335487127304077,0.1626758724451065,-0.8143534660339355,0.3131558488339185,-0.0261070856809616,-0.141139824527502,-0.3903974592685699,-0.2086337804794311,-0.0160983938540273,0.3082286417484283,0.5711004999144003,0.907019932687655,2328
1726744850584124700,-2.8350878168463707,2.212845268313586,2.434967385786772,8.909625756952167,4.083755460293591,-0.3345041591478511,1.977454423904419,1.147785186767578,-0.2169546782970428,0.5784428995673181,-0.1129015057407295,-0.7101466161541233,-0.3851608339851952,-0.065566785633564,0.6692730784416199,-0.7579859495162964,0.0507978748232126,-0.8981669833421707,-2.016213565927744,-0.3114326596260071,-0.1961147338151931,0.136218150216341,0.4729678928852081,0.6267090264223516,1.1179974096816032,2329
1726744850623893000,-0.7529185544520616,0.3423506713971495,-0.6873860518336296,8.929116639363766,4.048165968257188,-0.2315386555181816,1.8514151573181152,1.4461896419525146,0.3626500368118286,0.6005605228502108,-0.0791047438040091,-0.7110187238835758,-0.3571019980046591,-0.4781697988510132,0.1424935311079025,-0.8536123633384705,0.3275058612257242,1.7367431290745734,0.3364309259593486,-0.2455101162195205,-0.1958580315113067,-0.5040960981125012,0.6728629469871521,0.4261357833364978,1.4253484446942806,2330
1726744850663661800,-1.9604069230318069,1.6007707703128455,-0.2739922611704096,9.02539791598916,3.8174581010073423,0.3736506495460868,1.047585129737854,3.098639965057373,0.8731828331947327,0.6394386857354716,-0.0544833111669365,-0.6913614738211691,-0.331917433051979,-0.4070069193840027,0.0605404414236545,-0.7423816323280334,1.2253373290032148,-0.5903893204152584,-1.4795428300879896,-0.0025093031581491,-0.1891378611326217,2.23588156824708,0.3706032633781433,0.8153644892320037,0.3774973515694961,2331
1726744850703490000,-0.2418342414200305,1.6231529902517794,0.2048468652844429,9.093048141413927,3.490113567823172,1.14278932111077,0.6076818108558655,1.679446816444397,1.0654773712158203,0.6787146473371,-0.0431208991922079,-0.6632303896228979,-0.3124299800410725,0.3117051422595978,0.3143872618675232,-0.5820765495300293,1.0963070444643497,-0.7515098566979169,0.2777965122915804,-0.1236856877803802,-0.0839706882834434,-1.4731833780586718,0.142059251666069,-0.1209208835696801,0.0243065116655547,2332
1726744850743260700,0.7184083820849657,1.373640177027881,0.055234834357351,9.131934629169104,3.1903061531230805,1.6124762595452369,0.8822178244590759,1.1999776363372805,0.6431684494018555,0.705176195148681,-0.0360555393618196,-0.6453577227652184,-0.2914443402348664,0.0676455944776535,0.1868649870157241,-0.7543685436248779,-0.6341103887200356,-1.650633117851615,3.0931559847086665,-0.1869355738162994,0.022033816203475,-0.1646477788270451,0.1835639625787735,0.0074929644126503,0.3064295362535864,2333
1726744850783031000,1.969032128036022,1.616249494473636,1.302192020624876,9.118217069461942,3.1690114361599084,1.7279693093799051,1.5149173736572266,0.2398785799741745,-0.0987365990877151,0.7167540177688393,-0.0186518226553516,-0.6415217783122894,-0.2727006226661258,0.2842764556407928,0.2989669144153595,-0.8880220651626587,-0.8677133928894997,-0.2434972061961889,-0.4799520926654338,-0.1906255483627319,-0.064990721642971,-0.2291340785944834,0.2264946401119232,-0.1007592988222837,0.9005689299173653,2334
1726744850822800600,0.8641349498808384,0.2992795914337038,0.7015985554508865,9.031548255312442,3.4783214232206343,1.582020477135479,1.3803365230560305,0.4697977006435394,-0.6926026344299316,0.7159480019286985,0.0117476304635001,-0.6474576425005307,-0.2609195258141006,0.1583536565303802,0.3039958477020263,-0.8425885438919067,0.4085170880049467,-0.948801192036271,-0.7229715983472764,-0.0444106012582778,-0.0325119905173778,0.1041250580614898,0.2039578706026077,-0.3143209105579182,0.5928007654711603,2335
1726744850862564000,-1.069390980488062,1.0214218993499875,-1.3026689904868602,8.885860850483178,3.724334703890979,1.8278966874226927,0.4099143147468567,1.451260328292847,-0.2662521302700043,0.7263271411677243,0.0368213876133758,-0.636747508935912,-0.2562143573842845,-0.0913706868886947,0.272320032119751,-0.7434082627296448,-0.0603296732783317,-0.1755909601837396,0.8939911589622497,-0.0203082505613565,0.1309168934822082,0.2446168761421926,0.0311851166188716,-0.632552053362131,0.0648936749919317,2336
1726744850902334700,-0.9550520691245794,0.9790548760026692,-2.628915255916118,8.783491778376698,3.701758422684669,2.3059973070025443,-0.6600930094718933,0.928638756275177,0.3171660304069519,0.743128571196142,0.0417575237316205,-0.6169952714449999,-0.2556031751282456,-0.0663524195551872,0.1279688626527786,-0.5439598560333252,-0.4429740688800812,-0.5345224717646837,2.1205041076160964,-0.0665544122457504,0.2557955086231231,0.3008913374792784,0.0688709318637847,-0.6685226536706089,0.28935972524276,2337
1726744850942105300,-0.7054156295210122,1.0893807523325083,-1.365234752254188,8.735865519326925,3.436856901670992,2.836022759608924,-1.5176695585250854,1.1025779247283936,0.3703641295433044,0.7587599606827963,0.0249172164363441,-0.5956359730148166,-0.2624501585697811,0.0660993605852127,-0.0022192385513335,-0.4661498069763183,-0.4070604594558477,0.3212064688205718,2.4465643000781534,-0.1380571573972702,0.2269131988286972,0.2379837765369564,0.1381745189428329,-0.5747554422253742,0.3352749608572572,2338
1726744850981875700,-2.1034084497779606,-0.4404571176230907,-1.8568360739201304,8.66741099178195,3.0749767694175243,3.4045375173464416,-2.197298049926758,0.8909230828285217,0.5791856646537781,0.7720449952208964,-0.0029781360063959,-0.5713212984395984,-0.2784412841418992,0.0942548364400863,0.093855895102024,-0.3809061646461487,0.6295832666844129,0.5755114847570657,0.6730864544548094,-0.1691762506961822,0.1148281693458557,-0.2683389298501424,0.2537693381309509,-0.5583446613788604,0.5608611011791974,2339
1726744851021646300,1.121996781516075,0.2111456731677055,0.2211246308684349,8.709042978852986,2.6038366365000605,3.680077044491469,-1.2662326097488403,-1.431389331817627,0.5469177961349487,0.775713670775118,-0.0394961627405283,-0.5575018766425884,-0.2930867873894072,0.1236289665102958,0.1911481022834777,-0.190788060426712,0.9867091901481152,1.1782535062670707,0.4092858804203569,-0.2139521837234497,0.1325435787439346,-0.4006201972752809,0.3327481150627136,-0.7470625219002366,0.3435509870976209,2340
1726744851061417000,4.381455089059472,0.2108862915791571,-2.2378385475337503,9.017095951589942,2.323975008372217,3.0759590584531424,-0.3704511523246765,-2.532712936401367,0.1847247332334518,0.7574791653622479,-0.0650729527467148,-0.5821814543671071,-0.2881939155070418,1.659770369529724,0.9289320707321168,-0.2016066908836364,0.9123018916785716,-1.0695113919973374,-2.336634583459049,-0.3398367464542389,0.1936898827552795,-0.3061288910728879,0.3930962681770324,-0.8428978083238006,0.2093019997960887,2341
1726744851101187300,-0.8616115688830613,-1.3516513403207062,-6.311989436396956,9.343070949986576,2.2138633593149484,1.9940471806965767,-2.99181866645813,-3.14066219329834,0.3543834090232849,0.7133251150704801,-0.1074111974991937,-0.6219282280751969,-0.304689047139586,0.4312877357006073,0.9834214448928832,-0.3434977829456329,-0.1518032573610544,1.8099615100204944,-0.0743348177552223,-0.468862235546112,0.2269281893968582,-0.3074634093459695,0.3674572110176086,-0.7699181315045803,-0.0254585723440861,2342
1726744851140958000,-1.2505699699372053,-3.780820853483677,-1.5168388337813317,9.557104161289336,1.4207367131151258,1.6774002748765051,-3.255995988845825,-0.0428189001977443,2.085803747177124,0.6940271368712053,-0.1823242481516789,-0.6174417008444673,-0.3222577750709809,1.613165020942688,0.8756117820739746,-0.4527297914028168,0.1743038429826497,-1.0833990475744009,2.6277602406620977,-0.6099960207939148,0.3395169377326965,-0.2870647644396871,0.385403037071228,-1.0276532680202275,0.0833907605932094,2343
1726744851180728300,-0.2205839481204748,-5.621197960034013,-1.3706559005200862,9.638026540741324,0.6300357596922666,1.6976142108656465,-3.1073930263519287,-0.6041574478149414,0.7930046319961548,0.68701296712686,-0.2459452373917271,-0.5941015950478881,-0.3384782232966143,2.469107151031494,0.636314868927002,-0.1825429946184158,-0.8328928393989801,-1.49704005446434,3.3749522341609,-0.6131954789161682,0.3226522803306579,0.3876955049788579,0.4056778252124786,-0.2285461226386949,0.222880425027199,2344
1726744851220498000,-1.0212783992260694,-2.014676127227396,2.626086169970036,9.670182258936762,0.2508977099773474,1.610902580487728,-2.454923152923584,-0.1647064536809921,0.5244015455245972,0.671189688890308,-0.2925430174386312,-0.576442027628838,-0.362818930755108,0.5875828266143799,-0.3731434047222137,-0.1822466403245926,-2.1696716047585007,1.1661439662784336,4.230202451318502,-0.417488545179367,0.1064717769622802,0.7206088147386908,0.2915489077568054,0.4609586749145761,0.0059807383561943,2345
1726744851260268500,1.711974598520994,1.0928436792027203,3.241784703686833,9.665123221981524,-0.0836875150500796,1.6579487015619874,-2.537850141525269,0.2594714760780334,0.320683091878891,0.6607868859545469,-0.3290300532702383,-0.5542628998423088,-0.3845681689763742,-1.4491724967956543,-1.579450011253357,0.0983430072665214,-1.62205116648972,2.3355998335838315,4.636096789604425,-0.1832316517829895,-0.159083604812622,-0.055017798639764,0.1979372799396515,1.0193229543093592,0.1101299518989399,2346
1726744851300039200,2.233565107998252,1.0999722889736294,4.518234964811802,9.585710662570596,-0.3646531771633773,2.0375383857682348,-2.197070360183716,1.6408220529556274,0.0356752760708332,0.6575026073206167,-0.3554761346343038,-0.519375751946112,-0.414217156470972,-1.9897640943527224,-2.1933162212371826,0.3354889154434204,-0.2497007370114326,1.5217799434453247,2.737692441499233,-0.0460170134902,-0.2539996802806854,0.1602903508025221,0.1250221580266952,1.076776487629488,-0.3873625466974452,2347
1726744851339809500,5.839995024737715,1.713181343962252,8.528778766161203,9.5877903914541,-0.2946168968522921,2.039077431903779,0.8063936829566956,-0.7815752029418945,-1.4970324039459229,0.6460416783800755,-0.3656954597826298,-0.5121550678705554,-0.4319653198863469,-0.8266558647155762,-1.624034762382507,0.2761543691158294,1.390143860322237,-0.4499135127544403,-2.538829911321401,-0.0772276297211647,-0.2394846677780151,0.0751410241381498,0.1137319803237915,0.9225940800469368,-0.3269824949387461,2348
1726744851379580000,0.6433236227452754,-4.278312402231991,-4.3764609340339895,9.76037866269052,0.1198831745523959,0.9439241605844348,2.2068140506744385,-3.1028521060943604,-0.479300856590271,0.6255517535729813,-0.3525452073628163,-0.572350536820094,-0.3959944107719659,-1.8235067129135127,-0.1971402615308761,0.644250214099884,1.0738023671895265,-0.690048549041152,-7.626333082586527,-0.1205765157938003,-0.0552688278257846,0.0227054605439305,0.2298307120800018,0.3462048260746523,-0.2823991655151359,2349
1726744851419350500,-2.235200600245595,1.7842893086254596,-6.160737383177876,9.779180393794178,0.262154560393095,0.6850488410577178,-0.4032573699951172,1.553904414176941,0.2397499531507492,0.6196117101608734,-0.3467259868500996,-0.5872421302254174,-0.3885988974224371,0.1380369365215301,0.3256505727767944,0.8002020120620728,-0.74615154453516,0.4915449153035879,-5.952518411111831,-0.1788579076528549,-0.0019345404580235,-0.1250435164576396,0.1729920953512191,0.3927936318354681,-0.4401455674558878,2350
1726744851459121000,0.488047720837593,3.0617014005199072,-2.137034678917378,9.736092362695931,-0.0898985441851895,1.1708249637015162,-2.12308406829834,0.7465932369232178,0.9179412722587584,0.6292988745794278,-0.3639746574932227,-0.5548215813474155,-0.4045720278221941,-2.148421049118042,0.0253051184117794,0.981971025466919,1.944815970668197,5.178292864736914,-2.557796477597952,-0.2132167220115661,-0.1205067783594131,-0.3003603358751163,0.1182366162538528,0.4483830883167684,-0.4542940293936058,2351
1726744851498891500,-0.1316080260723829,-2.767919821980596,3.219663472771644,9.688512865397334,-0.4780190057110041,1.4403510757759213,-1.331344723701477,0.6478246450424194,0.6560985445976257,0.6298063238516468,-0.3889599197229469,-0.5246643790618314,-0.420453986902267,0.5413098335266113,0.282602846622467,0.4820013344287872,0.9186036221712828,-4.142437658625841,2.3753772788293657,-0.2661610841751098,-0.0370517298579216,-0.5897773990619928,0.0502292588353157,0.0758625159462681,-0.6653412471555173,2352
1726744851538662100,3.3229677799016235,-0.8437754679411649,2.9190783516973253,9.684580786645412,-0.4642068995881825,1.4709895212762056,0.2104120403528213,-0.4839876592159271,-0.9674031138420104,0.6256833496061346,-0.3936325988107689,-0.5196669947849245,-0.4283924128114413,-0.6319910287857056,0.9310261607170104,0.2429488599300384,-5.080194309556484,-0.5304699815034866,-2.5438217282593247,-0.2480702698230743,-0.0682804360985755,0.0273334651211625,0.0323760770261287,0.71754482405819,-0.3392755382681265,2353
1726744851578432500,-0.4816927988529205,1.5857092486508189,1.2453776619911192,9.748001411676409,0.0103254227760422,1.0708631719324735,0.6235854625701904,-1.3243730068206787,-1.0440385341644287,0.6087178248014973,-0.3838965522598708,-0.5459163019213655,-0.4290238695625644,-1.0280444622039795,0.7561063170433044,-0.1992635726928711,-1.5195558376550673,2.3068396030455824,3.632561552339792,-0.1860573589801788,-0.1996580809354782,-0.2376515306415967,0.0427610054612159,0.8726625397294759,-0.1801588708874769,2354
1726744851618203100,-0.3012900544732809,0.888417012091726,-0.5895558287331835,9.78337550739646,0.3389106139458716,0.5840189816657454,-0.1964736133813858,-0.9413888454437256,-0.6331580281257629,0.5898339651115826,-0.3823014652253661,-0.5692705062891649,-0.4264651316198589,-0.9291814565658568,0.542610764503479,-0.5408499836921692,-0.5704518632799387,1.3464151932328938,-1.6628157230764626,-0.1359713524580001,-0.162036195397377,-0.527592197577469,-0.0757108479738235,0.4453807646956294,-0.3859580867270007,2355
1726744851657972700,-0.3139320939034223,0.2363326848616823,-0.5330594134747981,9.787039875122904,0.5348995979813859,0.3132417735517024,-0.1980463564395904,-0.6163004040718079,-0.339094340801239,0.5756815182679188,-0.3850479229609047,-0.5794542360252339,-0.4296064259459371,-0.7610030770301819,0.3714210987091064,-0.6691905856132507,0.9206967950582504,-0.2324117485582828,-1.3733555148676038,-0.0948764383792877,0.1410789936780929,-0.4076154995227232,-0.1307394206523895,0.0606333415331784,-0.2468373286706395,2356
1726744851697743000,-0.1023491983622312,-0.0575183421846479,0.407637967082858,9.785997088071705,0.579603905169852,0.2621396185522899,-0.571105420589447,0.3085198402404785,-0.0211624633520841,0.5694097381469525,-0.3899076158670986,-0.5784519427423688,-0.4349000331933025,-0.2691476047039032,0.3750287592411041,-0.432610273361206,-0.3144014649808406,-0.4506844971269368,0.9108905635759234,-0.0781156420707702,0.1065535992383956,0.2363276798930019,-0.1728056073188781,0.5662953646549954,-0.0616588395228609,2357
1726744851737490200,1.5861071619272231,2.118048092766106,2.7954952266484496,9.774828628325462,0.7527494814954697,0.2376589832956902,0.0690498650074005,-0.2556271255016327,-0.9650718569755554,0.5622272163257324,-0.3887257162531976,-0.5803232559833444,-0.4427389715450256,-0.4552341103553772,0.1969882845878601,-0.5141586065292358,-0.2359165418088436,-1.7515952457696198,-0.1144961477518081,0.0104846162721514,-0.0896857306361198,0.697616646207869,-0.2057802379131317,0.6357910352833569,0.3425290601713582,2358
1726744851777259800,0.2862257563322782,-0.316608911897242,-0.5146610024750232,9.761040925991535,0.9443385135389863,-0.0261290714671951,-0.0244852490723133,-0.4168226718902588,-0.4573051035404205,0.5494958390159487,-0.3895948096862359,-0.5912259264548227,-0.4435336492631311,-0.3508895933628082,0.2412182837724685,-0.5999630689620972,1.3110253154218197,1.3732844954580068,0.155231770505011,-0.0067102354951202,0.2402461916208267,-0.2175258574577979,-0.0172172654420137,-0.0391104738033609,0.4090545924151316,2359
1726744851817029400,-0.7639800466924905,0.6195582778848707,0.2626876443564891,9.742984460297226,1.1098034357015043,-0.1139470990343019,-0.0550429373979568,-0.1977683305740356,-0.2762428522109985,0.541883349515644,-0.38810929994527,-0.5959705165423813,-0.4478312074385446,0.4941601753234863,0.2986873388290405,-0.3759523332118988,0.4788198737651109,-0.1348959617018699,0.2918544098690152,-0.1494566351175308,0.3376438021659851,0.0972332344548311,0.082289345562458,0.2791180432189256,0.2483466189887374,2360
1726744851856796200,0.5156950216978788,0.3568674186579882,-0.1042787051200866,9.724754391601682,1.2557770370610055,-0.1502546853453386,0.0265587773174047,-0.1418447941541671,-0.5364134907722473,0.5379926909848484,-0.3836724995819003,-0.6003801046761524,-0.4504476556818221,-0.0422430858016014,0.2663134932518005,-0.3462124764919281,0.8793097226589918,-0.7169494154483079,-0.5694061536192894,-0.217142179608345,0.3165818154811859,0.0797273153153713,0.1652854830026626,0.3763871253052726,0.3353319517415016,2361
1726744851896566000,-0.4245972851902246,0.1350097973398864,0.4938145772686227,9.682826636454465,1.5309057914480566,-0.2638219456160441,0.197913110256195,-0.3843783438205719,-0.854109525680542,0.5288890622067902,-0.3766053721800168,-0.609606077484333,-0.454780465874617,-0.2799094319343567,0.3364436626434326,-0.2695667743682861,0.602588876774907,0.0328700039446353,0.2022977653235197,-0.2167778760194778,0.2290596514940261,-0.065712370963674,0.1828536540269851,0.251242760555353,0.1159818379986099,2362
1726744851936335600,-0.8625345289468764,0.5241643054880202,0.0634019203305244,9.615137248063087,1.8821580005727707,-0.4207367738371714,0.1234277263283729,-0.3898453712463379,-0.8923009634017944,0.5175053892126111,-0.3664963944447959,-0.6221993231031614,-0.4590606233520018,-0.8261322975158691,0.1652382016181945,-0.3704937696456909,0.7391308521181345,0.4903109895944595,0.3949930050432682,-0.1893183588981628,0.2098644375801086,-0.0941072753208689,0.2282295823097229,0.2866138606007211,0.4123322258463129,2363
1726744851976105200,-0.6291197408258915,0.6901720292903483,0.6182653154648841,9.546322070512176,2.171945833300799,-0.5663413957538083,0.1425251960754394,-0.2191839069128036,-0.6593732833862305,0.5066981275614948,-0.3592473269198063,-0.632310629920683,-0.4630135192015751,-0.7741276621818542,0.1288104653358459,-0.4409751892089844,1.3524305079996586,0.2011252144128084,-0.1184182896316051,-0.1152774840593338,0.0448518767952919,0.0303777555873501,0.3756608664989471,0.3860930382182821,0.6414033222071827,2364
1726744852015875000,-0.0372691156864166,0.7793494652599096,0.6747042649149895,9.481197564172744,2.41002671353668,-0.6848802064925432,0.3951461315155029,-0.2642910778522491,-0.6299496293067932,0.4996467036399543,-0.350428030551851,-0.6419652374928108,-0.4641487668508091,0.0497480891644954,0.0311323273926973,-0.4353302419185638,0.6858516818732023,-0.9050894760817288,-0.038724867452681,-0.1127821803092956,-0.0063028130680322,0.1223833116719033,0.3557056486606598,0.1553352126131765,0.4097493697462603,2365
1726744852055644700,-0.4885322894841432,0.3041816842615604,-0.3068891896545886,9.415013904169202,2.6204852812230586,-0.8129984907530248,0.3450939655303955,-0.1736159175634384,-0.4972055554389953,0.493546444145256,-0.3415554493020063,-0.651760126686197,-0.4636384392086765,0.0802719071507453,0.0717682242393493,-0.411574512720108,0.3730927234023809,-0.7971458187133074,0.3919125746846199,-0.1214067190885543,-0.0828179195523262,0.1867419390722177,0.3446981012821197,0.3387381069231778,0.4949169855525717,2366
1726744852095414500,-0.4732809443384408,-0.7217042087599634,-0.6441092201650143,9.35427272748053,2.8016669010207056,-0.9047895432870836,0.311306744813919,-0.1892056316137313,-0.5150080919265747,0.4889157807342141,-0.3331778768708343,-0.6596392432676087,-0.4634975627110295,0.344186931848526,0.1642312705516815,-0.06468366086483,-0.4408639448583126,-0.0437754288405179,-0.1230482875198125,-0.1067084074020385,-0.2069046646356582,0.2472124090607277,0.3702384531497955,0.465956227473542,0.5177129373915493,2367
1726744852135183000,-1.064435403907299,-0.931414003905654,-0.4797602233551442,9.311261853271722,2.932966007274389,-0.9319210035797209,0.2201293557882309,0.2274104952812194,-0.2591104209423065,0.4872791746369199,-0.3255001207334967,-0.6645031383946641,-0.4637285623239471,-0.105553887784481,0.1403281092643737,-0.0237317662686109,-0.6210796422332525,1.1976111176878212,0.3765437406390905,-0.0776158198714256,-0.1519522368907928,-0.4627348908068612,0.3847905099391937,0.2059033886000514,0.3197970769466832,2368
1726744852174952700,0.0769552293866872,-0.6280901055172086,0.0670003101486712,9.282577026057243,3.015707711108029,-0.953751946311444,0.1899546682834625,-0.186065599322319,-0.2780801057815552,0.4862943105248437,-0.3204071109750679,-0.6678076819948254,-0.4635622776960104,-0.3343843817710876,0.0261757057160139,-0.0995481684803962,-0.1363029058903455,1.4852596002995968,-0.4517787221044301,-0.1338555663824081,-0.0741802603006362,0.180991357922554,0.4368437528610229,0.1126361990988254,0.319570026725158,2369
1726744852214722600,0.2695569456040859,-0.4465323458835482,0.3820752174116671,9.242605081152917,3.127589000186324,-0.9812240367352962,0.1439615935087204,0.0992442891001701,-0.3624391257762909,0.4835993812429834,-0.3154634761412856,-0.6712013844931454,-0.4648688350285787,-0.3545535802841186,-0.0761868804693222,-0.1061466857790947,-0.0012128829210996,0.3034539545089006,0.0820394007831811,-0.1337421685457229,0.0387286581099033,-0.1868453263814561,0.4999231398105621,-0.0985827402344904,-0.0686516712520038,2370
1726744852254492200,0.4818704935073852,-0.1436746037021279,-0.0031983576498925,9.20686390568614,3.2265079318389294,-0.9968293098852038,0.3048211932182312,0.0754615664482116,-0.2856315076351166,0.4830085929896284,-0.3086701774490194,-0.6749421253120196,-0.4646272085508741,-0.3001398742198944,-0.0353180728852748,-0.0192057248204946,-0.2122030732661485,0.1106517472833395,0.3816401869952678,-0.1293995976448059,-0.0863094627857208,-0.0885893247501458,0.3717654347419739,0.0991545305067673,-0.2499588216920383,2371
1726744852294262000,0.727270318454504,0.0003346387818455,0.3699113899525255,9.145517748841645,3.37982860802561,-1.0519594417590648,0.3707385659217834,-0.2870353758335113,-0.5896094441413879,0.4807437973210758,-0.2990669602416317,-0.6813178113398604,-0.4639507148174696,-0.3479787707328796,0.0798994377255439,0.010830670595169,-0.15058043756783,-0.2369879704326391,-0.030065760178864,-0.0530779622495174,-0.0634498223662376,-0.1688438788100145,0.3800577819347381,-0.1815941826539114,-0.1640998808870092,2372
1726744852334031600,-0.081116440719366,-0.4682485031291842,-0.3983050522007048,9.058625647330285,3.569937338383496,-1.1692990693084897,0.3765881061553955,0.1057820692658424,-0.4803632497787475,0.4753623458304307,-0.2891581644494304,-0.6899313122540888,-0.4630476163090693,0.0568233095109462,0.234738603234291,0.1884926110506057,-0.5797434232383966,-0.3293108648210763,0.8947726647287607,-0.0638610646128654,-0.0052253706380724,-0.273005021965038,0.4779642820358276,0.0544872354270191,-0.2276353279367089,2373
1726744852373801500,-0.1687871253877878,-0.602684153842926,0.0677273823142051,9.004139439383149,3.697937987613678,-1.192103679377958,0.3552496433258056,-0.0623423494398593,-0.3666064739227295,0.4756622835730056,-0.2781658391976715,-0.6952727090993777,-0.4614813184567941,0.1104386001825332,0.0313565135002136,0.1085909828543663,-0.1933084031820297,0.671855305224657,0.1806137567818164,-0.0774975791573524,-0.0146206561475992,-0.0974003437831997,0.417761355638504,0.1031340925290714,-1.0132236875861882,2374
1726744852413571000,-0.2098725844919681,-1.759773291528225,0.1443910814084112,8.94930602543354,3.8144466442316767,-1.2370450101926922,0.2487393766641616,0.0962793752551078,-0.3773812651634216,0.4735368337097025,-0.2708409143104708,-0.6997977853647946,-0.4611843643328873,-0.4424259066581726,-0.1844790577888488,0.0393110513687133,0.0440174209028482,1.0097574727803469,-0.5442638213172555,-0.1402416825294494,0.0128923961892724,0.1344707037608139,0.3103296756744385,0.0780744426749646,-1.0418658447027205,2375
1726744852453340700,0.0680979691922664,-2.3279513646572827,-0.4970002581000328,8.871701392227411,3.975461382052302,-1.2880261326283216,0.1874322593212127,-0.0693505704402923,-0.599751353263855,0.4699523933227892,-0.2618655160300429,-0.7050514226295941,-0.4620321820784445,-0.4795192182064056,-0.3415424227714538,0.2557317614555359,-0.9440279862850904,1.434676245009899,0.5185188469469547,-0.2200535833835601,-0.0441097319126129,0.2295816396988928,0.3684786856174469,0.0976441990090534,-0.7757423076134174,2376
1726744852493110500,-0.0931248584210872,-2.1197072581499814,0.3466670732915401,8.775997038707137,4.188297784785926,-1.2690329706057906,0.1292452067136764,0.1352496743202209,-0.5589758157730103,0.4663521165286379,-0.2509570895121254,-0.7083242289004996,-0.4667045233272348,-0.8997756242752075,-0.4763615131378174,0.4198061823844909,-1.261267305040359,0.9449176286011932,0.8238163834959268,-0.3055356740951538,-0.035704381763935,-0.0253140287572634,0.5128771662712097,0.0688971065135905,-0.2972294357045553,2377
1726744852532880400,0.8099258053094148,-1.7835151093825696,0.4611024307668209,8.710617096301913,4.33079603818506,-1.2408639839589597,0.1260180026292801,0.2167269736528396,-0.4050039052963257,0.4652398533839632,-0.2420597752973273,-0.710403772368576,-0.4693457714603975,-1.33210289478302,-0.7398457527160645,0.4683406949043274,-1.126027059945464,1.5228694922477006,0.3187450471431017,-0.2465330064296722,-0.0190523546189069,0.2348330026221461,0.5941774845123291,0.459888086540997,-0.1759895310472697,2378
1726744852572650000,-0.4943360073268413,-1.24355775308758,0.2774155501499772,8.618309399482607,4.515233152647316,-1.2279140476234256,0.2851723134517669,0.8087975978851318,-0.6157724261283875,0.4629055513007986,-0.2308861050824929,-0.7136510347312117,-0.4723475050012032,-0.651678204536438,-0.5328840017318726,0.5237793922424316,-1.8993530271321533,-2.672831554532051,-3.751650873100757,-0.2291179448366165,-0.1000550836324691,0.0560475526794558,0.4851438999176025,0.4156740836201235,-0.130897941574268,2379
1726744852612419600,-0.3889063786059618,-0.2990636105954647,0.1503554697055369,8.577375331547856,4.619549851690232,-1.1219519925262778,0.1088201329112052,-0.2761009633541107,-0.0705636367201805,0.4663527840434059,-0.2207424218791916,-0.7130753210450326,-0.474669817417933,-0.8678197860717773,-0.5489324331283569,0.3450607061386108,2.1009201400935646,0.0153542209982872,0.2297498358726501,-0.1229493021965026,-0.1837698221206665,0.0555364567855838,0.4002778828144073,0.6126828391574323,-0.1024679933031555,2380
1726744852652188400,0.5242132591962814,-0.7943325148582459,-2.0230267530739305,8.548912622651457,4.682814701637626,-1.075967874660343,0.0180900506675243,0.6639961004257202,-0.2109923213720321,0.4688250561907639,-0.2133604873613697,-0.7136780774357335,-0.4747040188295555,-0.2020250260829925,-0.6633123159408569,0.4280050694942474,-2.806006099268794,0.5231248794376849,1.48784552513957,-0.1083229184150695,-0.0985329672694206,0.6145370887219905,0.3113011121749878,0.4838518400503322,-0.7094400627315044,2381
1726744852691958000,-0.1579424907684326,-1.310977969148755,-0.309450491509959,8.575655668148398,4.671388759998977,-0.8981246785704046,0.26096972823143,0.6185416579246521,0.2137146890163421,0.4782418372923598,-0.2063407566452387,-0.7093765626139505,-0.4748610919528384,0.0229862481355667,-0.6360536813735962,0.6643905639648438,-1.0710481000453234,0.1798772592008113,-0.4622252973169088,-0.2699219882488251,-0.1516389995813369,0.7613791434790939,0.0754901692271232,0.5043599732130766,-1.197322729200497,2382
1726744852731728000,-0.8329436928033829,-1.4872744472533463,-1.6624983276903629,8.656596167778968,4.548261269763112,-0.7396345638565719,-0.3036071956157684,0.178634837269783,0.4346977770328522,0.4883491297576128,-0.2066964097719265,-0.7035534529886499,-0.4730796199372789,0.547226071357727,-0.7106562852859497,1.024320125579834,-0.360015215164423,0.8209948963344097,-0.2150947030544281,-0.288921594619751,-0.1897055506706237,0.4974805158976465,0.0365006327629089,0.4101015807174146,-0.9489168543051928,2383
1726744852771434200,-0.8139683586984873,-0.8420584348902106,0.3201706960320472,8.758528017511964,4.3730569708094,-0.5787450233181938,-0.5402079820632935,0.279094934463501,0.723624587059021,0.4948873834556478,-0.2162682704580467,-0.6947919250500549,-0.474951247427706,-0.0430588126182556,-0.6228644847869873,0.9629192352294922,1.1541840638935563,0.686204733094573,-0.7924819185554981,-0.2805014848709106,-0.26652392745018,0.0968223703653086,0.1178661733865737,0.6731093969389795,-0.7785391717903316,2384
1726744852811201800,-1.388427704054117,0.4476882379204034,1.2998632854163643,8.880033751764893,4.111320051306486,-0.6422061630226671,-0.4311742186546325,-1.1709998846054075,1.266916275024414,0.4951824637092532,-0.2344518495748192,-0.6912132307650726,-0.4712228037310756,-0.0319281294941902,-0.5367075800895691,0.878422200679779,0.1447258663207292,-0.138375912772119,-1.1546598647117614,-0.3224125504493713,-0.1798774749040603,-0.7123600418314338,0.3714752197265625,0.1259372504269704,-0.3822462996622547,2385
1726744852852205300,11.410787324136496,2.2871771634593605,3.2174399515032768,9.119641549307108,3.522802077721059,-0.7696678830705582,-0.0539845488965511,1.2633658647537231,0.6176744699478149,0.5013846658750096,-0.2663062894865706,-0.6843413633704521,-0.4575710711793928,-1.271965742111206,-0.8412918448448181,0.6386383175849915,0.6042226154565811,-1.4019167157024144,-0.4208145517811179,-0.3651102185249328,0.0229949541389942,-0.6197705323960632,0.5327348709106445,0.2190832795002497,-0.7292557201180606,2386
1726744852891972600,-1.3344102826625108,2.11172736531198,3.5591035174190995,9.119157565182446,3.552804125013948,-0.6236626444637775,0.3804607391357422,-1.0379142761230469,0.1164109408855438,0.5049550806279971,-0.2631885549656589,-0.6800953836276915,-0.4617602344589795,0.6215527653694153,-0.3975421786308288,0.6616492867469788,6.06248159160912,-6.792620158976316,-2.564895495948196,-0.4510693848133087,-0.0027864072471857,-0.6540319906990975,0.5020527243614197,-0.0091605425734887,-0.8773685254633427,2387
1726744852931740200,5.87527267434597,2.725321327964961,-0.0690881492733955,9.171386349591613,3.370615666261316,-0.8336759526006877,0.1396664083003997,-0.2099123746156692,-0.0827530771493911,0.5036868478524932,-0.2722123155832506,-0.6844020006264334,-0.4514354540598969,1.547778844833374,-0.3615603446960449,0.7506500482559204,0.1814735884815454,-4.57610000154227,-2.7310966964960097,-0.4967210590839386,0.0643305033445358,0.0766492413105908,0.338820070028305,-0.1978705599984154,-1.1308358484666794,2388
1726744852971507500,-2.7867256447374817,-0.6561264056950807,0.2692810512721538,9.19660262391269,3.2723905620917675,-0.9404058502651752,0.2506285905838012,-0.6298490762710571,1.102847933769226,0.5036847711333452,-0.2760623698327844,-0.6868310741274223,-0.4453699142891844,1.2693170309066772,-0.5505625605583191,0.6473226547241211,-1.2702934920608997,-0.630939065207541,-0.4636696509063243,-0.4417546391487121,0.0197524633258581,0.9214226251147688,0.0795538201928138,-0.0221049990163068,-1.327123632785678,2389
1726744853011275000,3.624592765417695,-1.1477104839652776,0.3673780720826238,9.267284179857374,2.9810698207080364,-1.1836517120487988,1.0238285064697266,-0.3349574208259582,0.1878688484430313,0.5077133616017462,-0.2828135075029068,-0.6930843817469008,-0.4264710967885192,0.4595737159252167,-0.6070802807807922,0.3628287017345428,1.212047054797411,0.6366147727563977,-0.4362126119211316,-0.4440597593784332,0.0960780084133148,0.226003726413194,-0.1768005341291427,-0.6531081538524478,-1.444710440029204,2390
1726744853051042600,1.0173860679626463,0.216726688170433,-0.7763703033186495,9.242517987391352,2.915188943043351,-1.4993182285293936,0.8984224796295166,-0.6473335027694702,0.0135736260563135,0.5065280151318127,-0.2768908876168173,-0.7069479415111184,-0.4086386567185677,-0.3893696069717407,-0.4948296546936035,0.2220666855573654,0.4078028022557496,0.8260866665154695,-1.293373923397064,-0.5204964280128479,0.2059957385063171,0.2032746109990403,-0.2505864799022674,-0.8516810534339397,-1.2820634248316287,2391
1726744853090809900,1.4582757317841053,0.689725892958045,-2.037788268876076,9.214925631588695,2.8532436512619257,-1.7648022256061433,-0.2633150815963745,-0.5799924731254578,0.0700237974524498,0.5001935692407197,-0.2806316822648464,-0.7150005117217113,-0.3997830741565776,-0.8417447805404663,-0.4133612513542175,0.0826132521033287,0.3502642210006713,-0.7169561374500394,0.3837751531973481,-0.5787418484687805,0.1546682119369506,0.1382092053025495,-0.2501665651798248,-0.7830648325212299,-1.0618997479498389,2392
1726744853130577400,0.6186164669901132,-0.2550517426505684,-0.229380710299313,9.158855369320513,2.908126749572158,-1.9566756275489925,-0.3043207824230194,-0.7468287944793701,-0.0578045547008514,0.4879784976500081,-0.2889902043001274,-0.7185035507819519,-0.4026343344307982,0.4766493439674377,0.1076967716217041,-0.0841462388634681,0.2210240931034088,-1.3395166658908129,0.0549041410982608,-0.5785486102104187,0.1546328067779541,0.005125247188154,-0.2095251232385635,-0.754509111579135,-0.7072996166367084,2393
1726744853170344700,0.7005208432167768,-1.1307403522029518,-0.2572536366090178,9.077397567817568,2.910080513988435,-2.3027461962521074,0.2066593915224075,-1.0438170433044434,-0.0348923131823539,0.4742518059415834,-0.29643268657772,-0.7276915870647069,-0.3970865619139855,0.5722560286521912,0.1383513063192367,-0.1180026084184646,0.6175970608144998,-0.134893915875256,0.9363117128193378,-0.6087756156921387,0.0400143451988697,-0.0343699830116936,-0.2253439575433731,-0.5406576135188341,-0.5769153236730024,2394
1726744853210112300,0.5046504805922508,-1.5000722617670892,-0.8165233038783073,8.971001139891147,2.8723987258479,-2.727792978775501,0.3193340599536896,-1.491044282913208,0.0451531521975994,0.4604804594043194,-0.3021340189778796,-0.740130916253361,-0.3858484746620533,1.159132480621338,0.258739173412323,-0.2558417022228241,-0.6568564735352993,-0.3675079090073704,0.4547787807032465,-0.6814293265342712,0.07778961956501,-0.3088017087450251,-0.2712397575378418,-0.5724373380087315,-0.5164756872141734,2395
1726744853249879800,-0.1640963372230529,-1.5699311031520369,-1.116228427247703,8.74057501219213,2.796210973702371,-3.457444347147644,0.0706716552376747,-2.321252584457397,0.3359343707561493,0.4329498292034969,-0.3175183238894665,-0.7585925904179983,-0.3691528122608487,1.807069540023804,0.4906104803085327,-0.3648757636547088,-0.2430547231256961,-0.7683531472101807,0.1476806244730949,-0.7660202980041504,0.046366773545742,-0.2353123653706163,-0.365665853023529,-0.3727753645488992,-0.2083085683119483,2396
1726744853289646000,1.4587585468649864,-1.126302954277396,-1.356295951256156,8.536585640519856,2.708421923351288,-3.995193964265287,-0.4343380033969879,-1.906267046928405,0.4372977912425995,0.4102125577697803,-0.3344155490364419,-0.7693272692292721,-0.3578094137124994,1.827256202697754,0.4737377762794494,-0.3215687870979309,-0.4368015177249908,0.9740551680192352,1.050265131996572,-0.81801438331604,0.0340491868555545,-0.1995649245598353,-0.3803535103797912,-0.4143953689211979,0.2872094884063117,2397
1726744853329413600,1.7356991729795932,-1.3494339565321802,-0.2923772646993398,8.344788810944557,2.7925395917132496,-4.328581869266927,-1.2361301183700562,-0.0714439675211906,-0.151059865951538,0.3853960696457436,-0.3544063558012675,-0.771422311828161,-0.3616264406266413,2.720205068588257,0.4511769413948059,-0.2527615427970886,-0.4444154998600482,0.0350412105038762,0.9322738356053828,-0.8854222893714905,0.076487697660923,-0.3482295003026723,-0.4367827773094177,-0.6510823471132665,0.3891081117231398,2398
1726744853369181200,0.8588596398264169,-0.4231821576952934,1.333673200559616,8.54107535315454,2.817084542644024,-3.909535203941166,-1.1991180181503296,1.060447335243225,1.0700010061264038,0.3937054160163976,-0.3647029522035757,-0.7525440719452721,-0.3816612001660874,3.3027548789978027,0.5382600426673889,-0.250147134065628,-0.1797270370751619,0.7566670933306217,0.3410135775744914,-1.011494278907776,0.1383250206708908,0.2896552010579966,-0.4088155925273895,-0.4785261149829253,0.6629813861563801,2399
1726744853408948700,0.3320113559514284,-1.9650904046729205,2.0348270809829234,8.745005688115954,2.601199858255684,-3.595696633540093,-1.1260138750076294,0.2605125606060028,1.1851855516433716,0.4010124255964117,-0.3879165825960645,-0.7299659096388864,-0.3947905627068003,3.2230334281921387,0.5061103701591492,-0.2159077227115631,-0.6130079794585704,0.7940864311426877,-0.6704605629306286,-1.115645170211792,-0.0065592629835009,0.3965907225634902,-0.2970320582389831,-0.1110150459040887,0.995790029965341,2400
1726744853448716000,-1.258757368046045,-1.6804922495424746,2.272336737202108,8.90449190119505,2.254352898352593,-3.4348718653336165,-0.409751296043396,0.3394792675971985,1.4854447841644287,0.408679396374883,-0.4106379350502223,-0.711692500250379,-0.3973054001035992,2.430094242095948,0.5704257488250732,-0.3644289374351501,-0.0106172556042671,0.9797872819304466,-1.7979402328372,-1.1242092847824097,-0.2176804989576339,0.0290227402322227,-0.2738034725189209,0.1695667862570844,0.915940978833288,2401
1726744853488483300,-0.7243278352618217,-1.7428744714364408,0.842654354956746,9.169572578167914,1.6759858780339358,-3.0463667610049248,-0.4144461154937744,1.6657058000564575,1.8115934133529663,0.433753252976294,-0.4291166631120301,-0.6864257957856074,-0.3956469107245941,1.5933723449707031,0.5671009421348572,-0.3545621931552887,0.0960363619536161,1.2903162893921136,-1.7480407681584358,-1.112493634223938,-0.3648445904254913,-0.086418812310649,-0.2487384378910064,0.4278724344033747,0.9433737601600588,2402
1726744853528251000,-0.024478023174405,-0.9405977926407008,-0.0246554255679249,9.485167052325606,1.150240294703841,-2.208835594280809,-1.073804259300232,2.442544460296631,1.4893202781677246,0.4683956886729946,-0.4407628653550537,-0.6467977787207059,-0.4098612713535756,1.0368154048919678,0.5509127378463745,-0.1666344553232193,-0.3110229284584522,1.704911820527911,-1.4455845925152302,-1.1147329807281494,-0.230484277009964,-0.123457050983794,-0.1610372066497802,0.3976076810536906,0.8685424641247839,2403
1726744853568018400,-0.368361018705368,-0.0023722090240567,0.0798443018916994,9.723556706249711,0.7305091542452573,-1.0436600346431135,-1.0183076858520508,3.2590975761413574,1.0742645263671875,0.5062992042040506,-0.4420354470528665,-0.5981776641454158,-0.436405121787413,0.8395561575889587,0.4900377094745636,0.3948807418346405,-0.3629658816635608,2.3507570707052943,-1.125329725331068,-1.191554069519043,-0.1829967945814132,0.5548709208536893,-0.1065659597516059,0.8682273337610066,0.6390639925394207,2404
1726744853607786000,-0.2010778681397438,0.3630384354431182,-1.3629852197617291,9.79883260424733,0.3113780255064368,0.237261745872721,-1.358689308166504,3.102156162261963,1.2221602201461792,0.5429349591155613,-0.4379675295053014,-0.5441391923593917,-0.4661743691019404,1.323947548866272,0.564460813999176,1.1543556451797483,-0.2469470543891191,1.8040695293724536,-1.1388368571579457,-1.2901837825775146,-0.066292829811573,0.1754702198809012,-0.1217642799019813,0.7372334940642118,0.3528106175478547,2405
1726744853647553500,0.8259796990096568,-0.3190746444236487,-1.6699838611401616,9.697134563270213,-0.2290480260125361,1.4434322367869317,-2.2369191646575928,2.6025819778442383,1.128365993499756,0.5715991514842048,-0.4399108521051112,-0.4825804381776202,-0.4968590751704246,2.2529025077819824,0.6750471591949463,1.800603270530701,0.0084995327979326,0.8309370291560888,-0.8285369822770356,-1.4285935163497925,0.1185303479433059,0.018218405657215,-0.2171541303396225,0.5159177976030856,0.0899573525671847,2406
1726744853687320800,0.9372954631596804,-0.3583469166260212,-0.9123620974332094,9.54526817754507,-0.7019849974852055,2.1366972636565564,-2.6034185886383057,1.2835121154785156,0.3886116445064544,0.573715360308943,-0.456466974773703,-0.4274302995060338,-0.5289537070817674,3.003578186035156,0.9229187965393066,2.112940788269043,0.0665723670601844,-0.404001364146173,-0.929957375356555,-1.5815099477767944,0.2618195712566376,0.019672561404726,-0.3157025277614593,0.3300515636531635,0.1778911451512016,2407
1726744853727088000,-0.022421090644598,-0.0490513964820653,0.1948468647956848,9.43193289026618,-1.0075394314046948,2.488753921031952,-1.887841939926148,1.415127515792847,0.200772151350975,0.5647055848803846,-0.4720026043294621,-0.3877143275648528,-0.5549763795494674,3.0488641262054443,0.9951668977737428,2.0434842109680176,-0.2928933975279331,-1.9037562305271625,-0.9020014469385148,-1.657491683959961,0.3184726536273956,-0.2968559810159727,-0.2781224548816681,0.3655861471645534,0.6743934454001486,2408
1726744853766855700,0.0088017306149005,-0.7008452528655529,-1.607427890114486,9.244337604033946,-1.2998098016634585,3.0038460084006187,-1.7824466228485107,1.3271489143371582,0.1798658818006515,0.5630762956170996,-0.4754855443911756,-0.3475053676632684,-0.5797400696077614,2.2324917316436768,0.8524827361106873,1.6126747131347656,0.1199935761243104,-2.151683528125286,-0.6472159540086985,-1.6646506786346436,0.308523952960968,-0.5194124713184312,-0.1434046924114227,0.4386597858775407,0.92535740728043,2409
1726744853806694700,-0.8387532558649778,-0.2932112313054502,-1.7486507167503236,9.183593504735828,-1.404127669750154,3.140130501851439,-1.895949125289917,0.1458632498979568,-0.8674312829971313,0.5451036862705593,-0.4864675610098363,-0.3213210460471316,-0.6024649595269999,1.5981314182281494,0.8209471106529236,1.0076559782028198,0.8734779477655887,-2.029404033020884,-0.4695862180063501,-1.6444594860076904,0.2757225334644317,-0.5005677047906443,-0.0258259382098913,0.4565467402238398,0.9565953530438244,2410
1726744853847707000,-3.8124715447664257,-0.29649390623793,-2.118808555744588,9.263918502816557,-1.3170480828426778,2.93523073733598,-1.6718788146972656,-0.740311861038208,-0.5626819729804993,0.5155898866951023,-0.5037221654711883,-0.310819658713959,-0.6195338206693997,1.4714469909667969,0.7710052728652954,0.4892314672470093,1.0647650742530823,-2.8934251472637054,0.1703098049104213,-1.6346465349197388,0.285441905260086,-0.5587362910449505,0.1068571656942367,0.4324962217465042,1.031881991631165,2411
1726744853887477000,-3.165931298062205,-0.8913073267057537,-2.2675591475367547,9.379333518978951,-1.3914143186494707,2.5024901854395867,-1.7203351259231567,-0.934265434741974,-0.1044426560401916,0.4891775743856,-0.5301130829164262,-0.302305515695671,-0.6231346635044727,2.13067889213562,0.8696532249450684,0.3069697916507721,1.2335475234657525,-3.903552330139279,0.922559081798792,-1.6528301239013672,0.3237800300121307,-0.2448810435037128,0.1814098060131073,0.3806838361185043,0.8545954065106809,2412
1726744853927246800,-3.56469680738151,-2.105205854588747,-2.5631436838448045,9.43213630388379,-1.6345371385753154,2.129194486811012,-2.091015338897705,-0.3896853923797607,0.6208093762397766,0.4669537351032503,-0.5577730817247967,-0.2834263306957701,-0.6249102658297938,2.9048092365264893,0.8624501824378967,0.1768419444561004,0.9861474646121264,-4.11272874906063,1.0592109472572804,-1.6759281158447266,0.3094606101512909,-0.0348796267339959,0.1146771907806396,0.3593199263766408,0.7225254620149731,2413
1726744853967017000,-1.789534808063507,-2.7146552647829054,-1.8766411368474365,9.356856898754836,-2.219495081591606,1.9218314009219408,-2.613142251968384,0.2129052281379699,1.3758442401885986,0.4529517414089367,-0.5857343325702218,-0.2427532961866179,-0.6267541359551957,3.593249559402466,0.7111268639564514,-0.004852351732552,1.0390291599720716,-3.907137787410617,0.839952110260725,-1.6625486612319946,0.198355495929718,0.0906164009978063,-0.0002767749829217,0.4641835552452132,0.7981664669979364,2414
1726744854006786000,-0.6941799497574568,-3.4301518510743976,-1.812234277258068,9.175638746339082,-2.9951369245052337,1.7341234480954706,-3.637702226638794,0.3524896502494812,1.4900217056274414,0.4364766844837706,-0.6147998148522003,-0.1833180139334774,-0.630796128918852,3.6948633193969727,0.4068102538585663,-0.1478064507246017,0.8842921872466802,-3.209701758466661,0.1151742114101536,-1.5952754020690918,0.0688802525401115,0.1425994670175947,-0.0269908010959625,0.5429155850460753,1.1180876452483235,2415
1726744854046556200,-0.4942407302588224,-3.392341468118131,-0.5456305796258151,8.977496931651235,-3.742679338876903,1.2519203616328536,-4.421049118041992,0.0819972902536392,1.367038011550903,0.4026938622251836,-0.6507935030159413,-0.1124172781168717,-0.6337727807174294,3.8308265209198,0.1702778041362762,-0.1631266176700592,0.705222152775526,-3.088392131307721,-0.1624783806324005,-1.4339072704315186,3.63710569217e-05,0.3936151773514226,0.0236185975372791,0.6050106605617329,1.3891219699285924,2416
1726744854086326000,-0.6243839444756507,-4.661303711575269,0.6594061580181122,8.710350554320216,-4.474370980904996,0.5293148566516116,-4.630248069763184,0.0885658413171768,1.900806903839112,0.3624337719003772,-0.6869598594330225,-0.0331451985955218,-0.628990683272151,3.8525595664978014,-0.1203368827700614,-0.1094840914011001,-0.6909265009194612,-2.586107210803032,-1.3351263219773768,-1.2487975358963013,-0.2631343007087707,0.5412083427367732,0.0905595049262046,0.5671705400543287,1.550760977127403,2417
1726744854126096100,0.8353209433287382,-4.890575408542156,1.4141700480759145,8.311277001965045,-5.197542339608073,-0.2803656686598434,-5.094479084014893,0.3870604336261749,2.170773506164551,0.3199856267617812,-0.7147435383053051,0.058620345690316,-0.6191239744882158,3.2223029136657715,-0.6944878697395325,-0.1237435191869735,-1.209372867152095,-1.809766425839812,-2.7563603170901536,-0.9170984029769896,-0.1150643900036811,-0.4780642330922186,-0.1190751269459724,-0.3200808257915079,0.8416173400592059,2418
1726744854165866500,0.034347675281763,-3.855823195236921,2.849428769148886,7.818782238590717,-5.779940076747536,-1.2764376939043405,-4.60713005065918,0.0867546498775482,2.512052297592163,0.2760967147350699,-0.7360370321628176,0.1527406299834585,-0.5989075668676956,1.7998735904693604,-0.6026734709739685,-0.7668828368186951,1.3198077568143605,-0.2069043823361396,-3.240886878064275,-0.6551809906959534,0.0467387922108173,1.0157814823102205,-0.3168209493160248,-0.4917650608602911,1.0516644774004815,2419
1726744854205636400,2.40490659404397,-5.590939599892497,3.574500993037224,7.092592116588354,-6.327545901969075,-2.414061960402131,-3.789661169052124,-0.6847357749938965,3.041228771209717,0.2485085512916089,-0.7513161681060929,0.2420886583196385,-0.561391708740591,0.1831058710813522,-0.9166021347045898,-1.1088651418685913,-2.7994477636665103,0.4737621519841253,-3.945185486254096,-0.4870001971721649,-0.0835248529911041,0.2946821806408464,-0.3606290221214294,-0.440310621824488,1.2370149073153731,2420
1726744854245406500,2.6823978397786616,-4.016901061421633,4.531266295820474,6.139487089878321,-6.7541632948100565,-3.5858553307443857,-3.0503716468811035,-1.5751713514328003,3.331610679626465,0.2365135241836203,-0.7612219277399511,0.3215103598092758,-0.5111101796502994,-0.6358557939529419,-0.6660687327384949,-1.3149868249893188,-0.9589806407451628,1.2694096949636935,-3.928042043751478,-0.3075102269649505,-0.0995625481009483,-0.3273426700206473,-0.2989840507507324,-0.5937605869466439,1.3213804129585622,2421
1726744854285176600,4.474467719277739,-2.7543893092781304,5.877692010447382,4.775381341654062,-7.136806521368026,-4.736256661228835,-1.9446130990982056,-2.2312982082366943,3.8412909507751465,0.2476500380187473,-0.7667997674618467,0.3917907681234932,-0.4440581505313495,-0.6217114925384521,-0.0389217548072338,-1.2058943510055542,-1.182342821407318,3.975493530756234,-3.607421265864372,-0.1390113532543182,-0.1156413406133651,0.2327893862316384,-0.2225504964590072,-0.4656601306037977,1.3857567312791943,2422
1726744854324946700,9.182325676757095,-1.260682198628783,6.70685969184339,3.4361645354926584,-7.408422153067589,-5.429402884024381,-0.7143451571464539,-1.4866836071014404,2.455582857131958,0.2703248554103556,-0.7616555500090002,0.4435124868901437,-0.387429831687937,0.3835543096065521,0.732651948928833,-0.5247548222541809,-0.5992722995728254,4.425812117180228,-1.9515783044099808,0.0395317003130912,-0.0549455843865871,-0.2093593012075871,-0.1245094761252403,-0.6361365607853978,1.3977823923766612,2423
1726744854364716800,8.564265090084076,1.50802497433722,5.976452244406938,2.6178537636756896,-7.561763872042298,-5.66894696868062,0.1671929210424423,-1.5989845991134644,1.001617670059204,0.2927474482533399,-0.7589262339253957,0.4615916263399988,-0.3539252680186202,1.5603995323181152,1.223400592803955,0.2770720720291137,-0.6031120238661766,3.752219028377533,-0.8282419448532163,0.185982346534729,0.0628439486026763,-0.5354543092546984,-0.0609952174127101,-0.700511198605597,1.270235039871931,2424
1726744854404486700,9.5047771772027,1.947043583589792,5.10977988500297,2.2549432654611765,-7.647339630258083,-5.709976313683391,0.3194625675678253,-1.0661402940750122,-0.6392188668251038,0.3106281414864775,-0.7643795837863155,0.4548094510159008,-0.3352349116297135,1.37824809551239,1.2053707838058472,0.8565924763679504,-0.6839385417282581,5.316597173577547,-0.3462919563688337,0.2671266794204712,0.0668088197708129,-0.2565430041216314,-0.1126263588666915,-0.5635436547940597,0.9971251510266214,2425
1726744854444256800,8.032204039996861,1.6238322046875953,4.188769201689959,2.498692254461348,-7.625497216284274,-5.637261790606379,0.5296205878257751,-0.2434159219264984,-1.7481266260147097,0.3144905964923071,-0.7772363749516944,0.4281634972718599,-0.337157711673402,0.006107666529715,0.938949465751648,1.320541262626648,-0.60967035946846,5.281017326152324,0.197361331834644,0.2479413747787475,0.1189898997545242,-0.6560792786177247,-0.1019771322607994,-0.7843092065591365,1.1003205909546463,2426
1726744854484027000,6.551978342211246,0.9174848472744226,1.947088591775298,3.1192493341252208,-7.504530995735526,-5.488411537832022,0.4244647324085235,-0.1022297590970993,-2.460991859436035,0.3086456136332552,-0.7916772508856412,0.3912521339285342,-0.3534214271661908,-1.222295880317688,0.6055352091789246,1.6883528232574463,-1.1525000563293697,3.841749661698937,1.3320628427535297,0.2014809995889663,0.1177184954285621,-0.3782748752806335,0.0025236622896045,-0.68747146509476,1.2472197827264666,2427
1726744854523797000,5.687960296708345,-0.6776940943807364,0.7045633966058492,3.892288593325018,-7.170350479051471,-5.44119269053936,0.0389557741582393,-0.0648873373866081,-2.87300992012024,0.2928763086877716,-0.8108302008832331,0.3463783987329854,-0.3698647526870486,-1.6051362752914429,0.3817087709903717,1.918118953704834,-1.4138520681679247,2.0935434738457204,1.9792279433578253,0.1487332731485366,0.0450084209442138,0.0084302309922088,0.059591669589281,-0.6318960736714303,1.114232138863951,2428
1726744854563566800,3.750075586608052,-1.2609662762671707,1.2490104655355214,4.712528871899843,-6.714418144398928,-5.373920650777221,0.465542733669281,0.3108988106250763,-2.7805891036987305,0.2735500073898353,-0.8277133500883718,0.2981347054970976,-0.388814382921626,-1.1519272327423096,0.2653274834156036,2.086979866027832,-1.845324499824643,-0.3842782073486596,2.29832136554718,0.1235181391239166,-0.0607010573148727,0.0644808655404951,0.0292081050574779,-0.6792583480227739,0.9401851201865822,2429
1726744854603337000,2.83840848570168,-1.259814183622599,0.2106289558172225,5.529326316544413,-6.350754343599081,-5.026416542139649,1.1757405996322632,0.8045536875724792,-2.6195998191833496,0.2630908478500255,-0.8327312063632322,0.2506684270173037,-0.4177407371688785,-0.2106078714132309,0.2536160051822662,2.1160874366760254,-0.6444476583391427,-2.4691022951006887,2.3543618171989915,0.0751522555947303,-0.1690309047698974,-0.0976494414397515,0.0466143749654293,-0.646738911081478,0.9312916196350008,2430
1726744854643107000,2.6401965283870696,-2.6602356923311947,-2.222526704372465,6.322795492571592,-5.9240235535115,-4.593315340237319,1.176414132118225,0.1748789101839065,-3.0527894496917725,0.2567284215871478,-0.8339720991074091,0.1966836044756139,-0.4470978396403633,0.3114382922649383,0.3729933798313141,1.964980840682984,-0.5119090734183788,-4.237860272595286,1.322153443157673,0.0167373903095722,-0.2414674013853073,0.8378991232536732,0.0778035745024681,-0.5044732608618214,0.8139290496014058,2431
1726744854682877200,0.7288654786914587,-3.757449330246448,-2.8950556710749864,7.007848133021593,-5.24534746235609,-4.4211765663340685,0.9745147228240968,-0.7970125675201416,-3.377513647079468,0.2454802466358568,-0.8415059171455642,0.1314726882289349,-0.4629495330637709,0.6866382956504822,0.4020476639270782,1.6284204721450806,-1.5917834539979696,-5.943296993780136,0.6250771874368191,-0.0534851588308811,-0.2444591373205185,0.9365901644345372,0.1099541410803794,-0.5616210527010261,0.7342665340173989,2432
1726744854722647600,-2.1121867995172736,-4.856306935976446,-1.688955249722302,7.478190101298689,-4.460727947738766,-4.510978125551342,0.8940165042877197,-0.8506351709365845,-3.1471140384674072,0.2326165997095982,-0.8520795079811824,0.062899830637878,-0.4646434186617007,0.8899362683296204,0.5275216102600098,1.150344729423523,-1.3078846793085337,-7.100289685353636,0.6876151844143867,-0.0991477146744728,-0.0714970603585243,1.2894658100426195,0.2010866999626159,-0.5261381628442555,0.597959719136916,2433
1726744854762417400,-7.2316153873533,-6.05155337035954,-1.4080451354548331,7.831362318700552,-3.753749598945677,-4.555163011975586,0.9074429273605348,-0.5459288358688354,-2.31026029586792,0.221935579326836,-0.8557094830727022,0.0031567705596023,-0.4674354446240314,0.9332816004753112,0.6138561367988586,0.4576180279254913,-0.6342682096302509,-7.020197911506891,0.9772527950167657,-0.1348513066768646,-0.1145763546228408,1.8355448640882968,0.084923543035984,-0.0155973067558719,0.0378488312535337,2434
1726744854802187500,-8.608891582795977,-6.0811301779776805,-1.679872071817517,7.901256523659825,-3.491935814814269,-4.64186835874319,0.636955738067627,-0.8427489399909973,-0.3200890719890594,0.2234887161420038,-0.8577844703443486,-0.0295842265330041,-0.4619344841384693,0.5160961151123047,0.5270588994026184,-0.509495735168457,-0.2819312740087509,-6.4735577164471145,0.5537197780571878,-0.1708687543869018,-0.2386178821325302,0.9035578826002776,-0.0871566832065582,0.4397222640099004,-0.1274585234438069,2435
1726744854842750000,-6.612075375777483,-4.35265423424989,-0.635191169694066,7.719993363058567,-3.6179426598787305,-4.845885787466168,-0.0462521091103553,-0.6258281469345093,0.54255211353302,0.2300394806543605,-0.8637468957951642,-0.0318231988474662,-0.4472253762412818,-0.7784388065338135,0.2437700778245926,-1.4562737941741943,0.5804711529910564,-4.081515864673257,0.7350701785504817,-0.2316885739564895,-0.3477656841278076,-1.1082026494413613,-0.080298364162445,0.6675388302650302,-0.0131660929869976,2436
1726744854882953500,-6.48608051341176,-4.040789302009344,0.1596422804236412,7.537284679824113,-3.7987250512257216,-4.9929362973421805,-0.0928842723369598,-0.233621209859848,0.8449252247810364,0.2336438704551734,-0.8684030494541983,-0.0210962358703969,-0.4368542505002127,-2.8355822563171387,0.0985294207930564,-2.049794435501098,1.821894524398446,-1.3531804495841264,1.981935010359436,-0.286426305770874,-0.3779507875442505,-1.230489889460802,0.0112636042758822,0.572847453179583,-0.01729496153621,2437
1726744854922723000,-6.658906685057282,-5.121200858205556,-0.4089963959544896,7.305790630632639,-4.116826247507333,-5.084050984984636,-0.4360752999782562,-0.2337037622928619,1.651995301246643,0.2405776866298705,-0.8713288887669711,0.0006487155281742,-0.4276774573836343,-3.262692213058472,-0.1060011833906173,-2.0167856216430664,0.9365490287065504,-1.4562927412733435,1.8047768008589744,-0.262996643781662,-0.1524116247892379,-1.0386905756674707,0.0695432499051094,0.1628345736589282,0.0401162761453073,2438
1726744854962492700,-5.073010535532236,-6.012072423842549,-0.0139402625471353,6.863124604788422,-4.587955859030783,-5.293256045478582,-1.0430951118469238,-0.2746923267841339,2.8368074893951416,0.2460197714190999,-0.8762984473241763,0.0445195466695309,-0.4118170575100836,-1.2740592956542969,-0.3911257684230804,-1.5456089973449707,0.1511404095381498,-3.3724215466395018,3.364401614052057,-0.1880604326725006,0.0872418656945228,-0.6888516674067825,0.0583199299871921,0.3066653177708387,0.1078432474675588,2439
1726744855002262300,-1.7663479937434194,-5.232320223000645,0.5379489390820265,6.138460084918141,-5.213881479990482,-5.5951019802689546,-1.149803876876831,-0.3231662809848785,3.776094436645508,0.2533208701949456,-0.8791577307012481,0.1111417352811031,-0.3880178500027645,0.2779208123683929,-0.6890910863876343,-1.56711745262146,-1.6543080069720744,-1.180804067532718,4.752604861700535,-0.0735833644866943,0.2535662651062011,-0.6616716187320649,0.0205633267760276,0.2572857122477144,0.1021050782748963,2440
1726744855042032000,1.4765332730084657,-3.259261908188462,0.6849807442575693,5.187428941872716,-5.879406997671723,-5.8901253755629055,-0.6795209050178528,-0.4748358130455017,3.905468463897705,0.2668292789915338,-0.8753300573781911,0.1846892213114406,-0.358454213379157,-1.1712324619293213,-0.8451134562492371,-2.129948854446411,-2.80968741813004,1.1678386413671076,1.8993360759973523,-0.0361532680690288,0.3548838198184967,-0.6353783628292381,-0.045229997485876,0.2777706471979618,-0.0135670418956375,2441
1726744855081802000,3.733171213558316,-1.3940291773229836,0.5093862769424915,4.12878848797977,-6.492620144313573,-6.080244042792916,0.0124977566301822,-0.7015599608421326,3.4503629207611084,0.2890864716192263,-0.8651347865379523,0.2480886531543639,-0.3262251285285274,-0.6870039701461792,-0.2063243836164474,-2.5395936965942383,-0.8313596384823322,-1.993167036861181,0.1486053381025791,-0.0069466843269765,0.2397641241550445,-0.338936077180691,-0.0725953131914138,0.8469075554218143,0.3449013057280332,2442
1726744855121570600,5.045764801210165,-0.3203998286128044,-0.2344131515085697,3.090779903227091,-7.003313412201404,-6.129524498790502,0.3994558751583099,-0.9197191596031188,2.8068294525146484,0.31698888287158,-0.8516482841057521,0.2953201411690985,-0.2949564041397303,0.2607042789459228,0.2691316604614258,-2.7264113426208496,-0.7728028200954198,-1.2799439484596251,-1.866563102686405,0.0493561178445816,0.0931755900382995,-0.616908128702268,0.0299762897193431,0.8455836864069104,0.4781182283017784,2443
1726744855161340200,5.596296743011474,0.7925421243101358,-0.3370592869907617,2.108244783893228,-7.388867557770014,-6.0934670969814055,0.5674054026603699,-1.0696827173233032,2.375114917755127,0.3458618950780553,-0.8381263366059072,0.3289750959015601,-0.2640061614333679,1.5372062921524048,0.1349559724330902,-2.310091495513916,-1.0784978315293787,-0.1961480105221271,-1.5328163012444973,0.1068160831928253,0.0849045068025589,-0.4098038033472373,0.1030962169170379,0.7965502639729529,0.2667509300063364,2444
1726744855201109800,6.419837816697359,1.109402672880888,-0.5203437242865562,1.1617012345906346,-7.69061412383914,-5.9728814001828425,0.6546894311904907,-0.8297953605651855,2.3912177085876465,0.3745493163129618,-0.8225335160900473,0.357730068172406,-0.2349057245464476,1.787123203277588,0.0329288430511951,-1.9316941499710083,-2.006639681896567,2.3577044056251646,-2.590669988673925,0.1820178180932998,0.1213660687208175,0.7768557487480342,0.0197961702942848,0.6971212639063596,-0.1455619883513078,2445
1726744855240879600,8.577884450113773,1.1308961272865534,-1.3488380364656447,0.2809606388783082,-7.918756524515151,-5.777950364235044,0.6781498193740845,-0.2295319139957428,2.3672945499420166,0.4002536206719714,-0.8015608705321835,0.3899918825562361,-0.2126110133919916,1.3267276287078855,-0.1582487225532531,-1.4439345598220823,-3.035507513338328,4.403082983499766,-2.914602083066105,0.2493650913238525,0.0914101749658584,1.4955977467015384,-0.0960945934057235,0.8000273654989898,-0.1360192757765296,2446
1726744855280649200,10.16196916630268,2.5107553249597547,-1.7913894960194825,-0.4003603407626971,-8.047944045442343,-5.589335087305307,0.486683040857315,0.0347809828817844,1.7159427404403689,0.4187958140382171,-0.7802932775301097,0.4196655631471287,-0.1990808959882827,1.098283767700195,-0.4671624600887298,-0.5847482085227966,-4.25825541037023,6.0258227167755365,-3.051992784193158,0.3450261056423187,0.0336967818439006,1.8781304986223577,-0.0772640183568,0.5447819999724626,0.0524152834245935,2447
1726744855320418800,11.94370294522643,2.180339129245281,-1.739270601725578,-0.7388396140865982,-8.101349472415446,-5.47655334225595,0.2864795625209808,0.5734546780586243,0.6036497950553894,0.4271621486196316,-0.7657992666267034,0.4390649240267114,-0.1957191480279789,1.3156100511550903,0.1379815489053726,0.4287766516208648,-2.073373376998305,7.022741166248917,-2.349680381384492,0.302922248840332,-0.2236641645431518,0.7971733643073589,-0.0383351147174835,-0.1451608054055832,-0.0895064121956005,2448
1726744855360188400,11.150284622603657,3.286705795431137,-1.1501911948651076,-0.4727435860587283,-8.168931893301009,-5.405132366120815,0.336517184972763,1.158350706100464,-0.9913691878318788,0.4225527091273781,-0.7612287175664838,0.4428497432247535,-0.2141592139157775,1.623708724975586,0.1829202026128769,1.4871890544891355,-3.220378343042732,6.411379200431704,-2.8281647395849228,0.3156753182411194,-0.0630943477153778,-0.1466276630877517,-0.0090647423639893,-0.7498212460238486,0.1478651598602998,2449
1726744855399958000,9.395632911872864,2.33420399531126,-1.4388199206858872,0.3150994937149807,-8.251621282425523,-5.289783985453844,0.3685625195503235,0.772113025188446,-2.4418859481811523,0.411222564387677,-0.7684975327656115,0.4232203471111337,-0.2473701627575731,1.1157357692718506,0.6592198610305786,1.9254499673843384,-1.7214286555647849,6.658323916733265,-2.676863586527109,0.294692724943161,0.1014380156993866,-0.3242388222537934,0.2401949614286422,-1.0464018076319246,0.5481471655566245,2450
1726744855439727900,7.797560586863756,-0.6156582017064094,-1.7350100216716526,1.4027579888321458,-8.207721934944392,-5.1803410294383765,0.2025382667779922,0.0837969556450843,-3.5287184715271,0.3962596668647577,-0.7881658798919248,0.3780455479691779,-0.280810117797405,0.4154635071754455,1.0196309089660645,2.2770819664001465,-2.982392593744397,5.750550900655985,-2.6048154184043404,0.2981733381748199,0.0867351964116096,-0.1673828663467429,0.2339707165956497,-0.9549979277845472,0.1369413864569738,2451
1726744855479497500,5.956261689293385,-3.023978403586149,-1.1005220318108797,2.591636495618522,-7.9248548413902515,-5.162409651428461,0.0015927604399621,-0.2569023072719574,-3.922918558120728,0.3764934295934093,-0.8144783132527939,0.3159663393547597,-0.3082905201160686,-0.1546617746353149,1.2386566400527954,2.689131498336792,-3.0588889734476803,4.4228415769368405,-1.6599825454771515,0.3000008761882782,0.0061569865792989,-0.3585432794483378,0.0496401563286781,-0.791246020084992,0.0439927157198544,2452
1726744855519267000,5.010262110674381,-4.421418266135454,-0.5270364999234676,3.785437115107477,-7.417611421695351,-5.178796138083935,-0.077178306877613,0.3208604156970978,-3.933948755264282,0.3509197808094809,-0.8371933660263743,0.2513013814481422,-0.3358724718997563,-0.4947663247585296,1.4037246704101562,3.117231130599976,-2.4399931049942967,1.8597301879264407,-0.4225602264046669,0.2625044286251068,-0.0833336412906646,-1.135461389375478,-0.0651469528675079,-0.6433017031744123,0.2694230718250386,2453
1726744855559036700,3.577046001344919,-5.130098450410366,-0.786042240896821,5.065722132089734,-6.676607176920771,-5.092320800679921,-0.3572773337364197,1.161341667175293,-4.094987392425537,0.3164403260820115,-0.8505389845220143,0.1903143191040083,-0.3744720379283545,-0.6016398072242737,1.136485934257507,3.263047695159912,-2.2403034763425587,-1.4482102648437023,2.294151386386156,0.2396053671836853,-0.0970327481627464,-1.0746909865923224,-0.082977719604969,-0.4468156563369557,0.560657541431114,2454
1726744855598806300,1.0327338592201472,-6.475035387784242,-0.9064163407713174,6.350685370016097,-5.610895177206396,-4.935286072406172,-0.7173963785171509,1.2922462224960327,-4.203958034515381,0.2696466226615291,-0.8569785611592627,0.1312147729699701,-0.4191195338302962,-0.8411778211593628,0.9358445405960084,2.940977096557617,-1.886930767932534,-3.7777258100777855,2.209815399098396,0.2096482515335083,-0.183468222618103,-0.8751983418174087,-0.0322249233722686,-0.214797674602922,0.6597791560489684,2455
1726744855638576400,-1.9044944816738365,-6.622904228305816,-0.1251484746694564,7.369409408584237,-4.353612850148975,-4.786256371411681,-0.7134720683097839,0.8001744151115417,-3.835924863815308,0.2193274976492395,-0.8594421720879811,0.073418761988883,-0.4559213695389758,-0.8361316323280334,0.5486634373664856,2.468076467514038,-2.292276824685931,-6.302574542319774,2.8217981271624564,0.1799152493476867,-0.2469659596681594,-1.051873955432698,0.0190160870552063,-0.2512333351398818,0.6639117988742887,2456
1726744855678346000,-3.791998081058264,-6.428196479719877,0.7827958063215017,7.992326787638664,-3.1548952325239776,-4.7264948534101245,-0.6115366816520691,0.3053605258464813,-3.153733491897583,0.1748411986541768,-0.8605293809103838,0.0217568276616313,-0.4779607200270153,-0.8183361291885376,0.1257183700799942,1.774990200996399,-0.836158563196659,-7.918783412522077,3.66415846760869,0.1586868911981582,-0.2626844346523285,-1.0958251792315392,0.0405977927148342,-0.3161002317227423,0.4545188876580446,2457
1726744855718115600,-5.404277795118094,-6.257146085575223,1.4495195938766,8.34974438752532,-2.16834883172214,-4.663735614897311,-0.5083013772964478,0.4653797447681427,-2.367250204086304,0.1390587752013798,-0.8587554652712917,-0.0179829081154241,-0.492826906846995,-0.998966634273529,-0.0917277112603187,0.910026788711548,1.2317705769211054,-8.782091848450898,3.899608560949564,0.1477104574441909,-0.1283957958221435,-0.214237958360929,0.0341027006506919,-0.434098323180899,0.3073431439671665,2458
1726744855757885200,-7.230881812381744,-7.6063482791781425,1.295233872050047,8.61772546211481,-1.3551483886562288,-4.479823108831048,-0.2359031438827514,0.7400113344192505,-1.9396295547485352,0.1110720327239947,-0.8519926923382556,-0.0501583680207509,-0.5091716387549259,-0.1301774680614471,-0.048246331512928,0.0719510167837143,1.6265940706163644,-10.040825835621357,4.40385689048171,0.090074598789215,0.0800299569964408,1.287839524015039,0.0194463990628719,-0.4587921079978346,0.2344799696670845,2459
1726744855797654800,-10.090030888295171,-8.726626566338538,1.1062614522457122,8.775465123787521,-0.8602055014774203,-4.292045744030177,0.0284568071365356,0.3305657207965851,-0.6924654841423035,0.0959045962036279,-0.8448399659867861,-0.0712661682125715,-0.5215063880128096,0.2878709137439728,-0.2575445771217346,-0.7899612784385681,-0.6445324140131473,-10.28554644613266,3.87460622164011,-0.0249523445963859,0.1525371074676513,1.3568610377930104,0.1583155840635299,-0.4510831775883212,0.4790936126725748,2460
1726744855837417700,-10.174830985963345,-8.258813824278116,1.1661766995042562,8.773774686482549,-0.9295336700517683,-4.281033936150372,0.2423468828201294,-0.2213690727949142,0.9336469769477844,0.099490122157335,-0.8445913193109092,-0.0702672887711006,-0.5213729989746052,-0.4499674439430237,-0.5706696510314941,-1.9348844289779663,-2.1943261535435914,-8.085238295570015,2.124410905796289,-0.089425504207611,0.1170840859413147,2.1414200543947515,0.1814936250448227,-0.1884033694784156,-0.1269990709722042,2461
1726744855880951300,-7.665093898135423,-8.553610425078869,0.8896820635914802,8.640581437045336,-1.5385479767642911,-4.375340113310515,0.5755246877670288,-0.4018042087554931,2.107972383499145,0.1217876932617187,-0.8489438736869047,-0.0487294759957431,-0.5119447977806754,-0.2838194668292999,-0.5878289937973022,-2.920602321624756,-2.697657952752709,-6.894266762027144,2.1322937680006024,-0.1741581261157989,0.0155687630176544,1.0587988593250512,0.1845300793647766,0.2249686842770315,-0.133374369024625,2462
1726744855920722400,-5.749876362395287,-7.950513598781824,0.8890238919436931,8.376166530504822,-2.55883429621309,-4.41164301431328,1.2659893035888672,-0.1718496680259704,2.962045431137085,0.1623197781069269,-0.851288308461383,-0.0154730045678288,-0.4987194666982358,0.8431567549705505,-0.4776970148086548,-3.469831943511963,-2.646111889910698,-5.535941935291886,1.6591922718822956,-0.2548460066318512,-0.2113182693719864,0.3888997662020847,0.28618124127388,0.5233994951279833,0.1351036953015718,2463
1726744855960493600,-3.5649785469323394,-7.496377499896288,-1.5671318278223276,7.948311704823374,-3.882214650817215,-4.233569589664042,1.5131655931472778,-0.0761967599391937,3.4966275691986084,0.2196864899700236,-0.8457106509472759,0.0250095408264832,-0.4856807362390593,2.531456232070923,-0.4596478939056396,-3.556100368499756,-4.184503945460915,-4.866674892994761,1.5445055699944494,-0.2580375671386719,-0.2688941657543182,-0.3406397027608007,0.1642191559076309,0.1793069667658768,-0.4873151687793433,2464
1726744856000264700,-1.741162114560604,-6.510761365681886,-2.889506804776192,7.237800213468074,-5.171446359843015,-4.128047606484592,0.933419108390808,-0.708228588104248,3.641995668411255,0.2745094719785678,-0.8398506173897812,0.0715736714743353,-0.4627879698918831,3.642208814620972,-0.912193775177002,-3.389165163040161,-6.055315937763452,-2.675006560483575,-0.2515261988729238,-0.1387212574481964,-0.0135347470641136,-0.729015335490927,-0.2380440831184387,0.0233053558159735,-1.000460725190118,2465
1726744856040035800,0.2274193470984697,-5.327770309498906,-2.0832716706782577,6.244556068593263,-6.322713659507036,-4.147188944806159,0.8609703779220581,-0.7769268155097961,3.820966720581055,0.3237653519952315,-0.8346578003329871,0.1216312092412699,-0.4286351982150793,3.250296831130981,-1.3952665328979492,-3.372117280960083,-6.965736253479123,-0.3049631900280714,-2.059574568748474,-0.0930207818746566,0.2308036684989929,-1.4380992051959036,-0.5340902805328369,-0.1330815418242011,-0.5359953207962215,2466
1726744856079807000,2.2184902884632347,-4.225536213073134,-2.2027619734555484,5.090258607453108,-7.32139853413105,-4.081268904174864,0.7764755487442017,-0.6599223613739014,3.746637105941773,0.3707787047014226,-0.8235275499885657,0.1728848746882793,-0.3929838025143341,2.3999569416046143,-1.783793807029724,-3.197420597076416,-6.6175400709241625,1.3710399314016104,-3.224449245743453,-0.090958796441555,0.3902267515659332,-0.8291123710121959,-0.438221663236618,0.3354889689341187,0.2023775525614619,2467
1726744856119578000,3.836078630325198,-3.4438773018270727,-2.302777468173206,3.857837749929726,-8.095126652377843,-3.969432038760185,0.7462393641471863,-0.6634254455566406,3.5654184818267822,0.4128776879287874,-0.8082470937233248,0.2216333573610607,-0.3565771612302374,1.2619726657867432,-2.036539554595948,-2.853026390075684,-6.014704525911808,3.047901715487241,-4.701224510814249,-0.1074868366122245,0.2249869704246521,-0.890540799312666,-0.1447796076536178,0.746929908496514,0.3825906195878982,2468
1726744856159349200,5.162975468617677,-2.0214906295478343,-2.196467841747403,2.5747856063216923,-8.671464066565036,-3.7876904469922175,0.7967198491096497,-0.5232837796211243,3.55210018157959,0.4522328241944412,-0.7883951115726484,0.2674913423496655,-0.319948573514339,0.262817233800888,-2.045968770980835,-2.4730749130249023,-3.996529889044165,4.444538444960117,-5.537008103218675,-0.1111658811569213,0.0720449164509773,-0.9381040030635892,0.0728652253746986,0.8427782735973596,0.2595123753212392,2469
1726744856199120400,7.081863801825046,-0.787452107694745,-2.5472058177396653,1.2638741265378892,-9.043887512403726,-3.57506681022644,0.494580864906311,-0.1619641631841659,3.516099214553833,0.4862533577189972,-0.7635213606461763,0.3151393447556493,-0.2850964269201188,-0.1054199263453483,-1.777300477027893,-2.164884328842163,-2.529559394150972,5.318152001804113,-5.752582698744535,-0.1072604581713676,0.0333661213517189,-1.0228656684175133,0.1927689909934997,0.7289748573500663,0.1820326471364125,2470
1726744856238891300,8.756566946572065,0.7829021893054247,-2.23450881858915,0.0539455708649475,-9.167694509336352,-3.481497130647301,0.0342030748724937,0.3245528936386108,3.134333372116089,0.5076563784523662,-0.7379695358366085,0.3645653866515257,-0.2545151168807827,-0.1344635635614395,-1.2793699502944946,-1.564163088798523,-1.6577940955221653,5.8337698666125535,-5.820574869474768,-0.0719138160347938,0.0560274980962276,-0.5744478741135448,0.3073203861713409,0.6536436489686369,0.1572375025705434,2471
1726744856278662400,10.345129100435972,0.7060463286399841,-2.193739585827291,-0.8980585545316337,-9.094131260475516,-3.5581805573552843,-0.3779630661010742,0.5464401841163635,2.42602276802063,0.5147041847384946,-0.7158153274738213,0.4111266612950491,-0.2316524452936907,0.3562632799148559,-0.3946814835071563,-0.7172374129295349,-1.2633911653265355,6.3193357075065375,-5.794541433551907,-0.0203941725194454,0.0999479442834854,1.1254599275819956,0.2673161029815674,0.8241759375233203,-0.3229179854461923,2472
1726744856318433500,11.356085427612063,0.993800025191903,-1.350965403883159,-1.549884486553818,-8.941053160873055,-3.718307698686421,-0.294104516506195,0.279805451631546,1.5140475034713743,0.5144504960814665,-0.7010422501423211,0.4451075033634436,-0.2139152948436062,0.3520451188087463,0.1025208085775375,0.3317591547966003,-3.0893571769475936,5.990383739125728,-6.474907377490401,0.0099368831142783,-0.1264745444059372,1.2410261887833476,0.1633507311344146,0.9796544493310152,-0.3143091105222702,2473
1726744856358205000,11.895839954811334,2.012805803310871,-0.7421142518430948,-1.871317603737116,-8.863213549867272,-3.7565903753295538,0.1523356735706329,0.1377264410257339,0.3614599108695984,0.5158480696412195,-0.6920413196769759,0.4610982784290804,-0.2058345520365128,-0.6303521394729614,0.8135674595832825,1.0638431310653689,-2.41344879693985,6.477414391875267,-6.74833853417933,0.0649190545082092,-0.2125474363565445,2.36495320770964,0.0486900992691516,0.629476518374309,-0.448309840417467,2474
1726744856397975800,11.29618946957588,2.237083345252276,-0.8793713897183537,-1.727313475819677,-8.935761484205722,-3.652254387064278,0.4769635498523712,0.0178771410137414,-1.0736984014511108,0.5179310069310651,-0.692110051235657,0.4551887888644456,-0.2133879044230072,-1.176045060157776,1.3106108903884888,1.901322603225708,-4.276285572579503,5.169176076823472,-5.908130987852812,0.0723245441913604,-0.1071767061948776,0.9162880387052892,0.1109773591160774,0.0434962283066473,-0.0139556507708679,2475
1726744856437747000,9.661602646639942,1.66048932595551,-1.5897826355695723,-1.1446792265105992,-9.118427497342228,-3.422627885310352,0.7176715135574341,-0.1433257609605789,-2.106067419052124,0.5195760766057677,-0.6998663168800118,0.4297587731981306,-0.2356592598643493,-1.0629289150238037,1.7623459100723269,2.5599639415740967,-4.165985122951865,3.739939977040887,-4.239579351472854,0.038976214826107,-0.1270519345998764,-0.503962242599763,0.4506185054779053,-0.5750875967891886,0.659743354083225,2476
1726744856477518000,8.32546042561829,0.7151642855972051,-2.458103931224346,-0.2571505415607243,-9.27278920701444,-3.1811390963271258,0.4614793360233307,-0.7659899592399597,-2.991035461425781,0.5190793041849873,-0.716333719144737,0.3860815485037508,-0.2614646047625348,-1.1651636362075806,1.941289305686951,2.963348150253296,-5.147202729946375,3.259206963130832,-3.170812348102033,0.0974180623888969,0.0572585947811603,-0.2724235322826542,0.453035444021225,-0.9239527281142772,-0.1962143537566065,2477
1726744856517289200,7.408264332157373,-1.7463742962509392,-2.9977517831787464,0.850384583882615,-9.244805806067586,-3.1592370611205696,-0.3222932517528534,-1.4708963632583618,-3.711572170257568,0.5102159440339905,-0.7454425600003675,0.3246408141729213,-0.2803629393703527,-1.711072325706482,2.0521514415740967,3.2251155376434326,-5.1606391346246,2.233964336448908,-1.8769225841373205,0.2035155445337295,0.2351292371749878,0.2158179575613699,0.2282611727714538,-0.7907271838426589,-0.4525342531794682,2478
1726744856557060400,6.517171817246079,-4.525080885183811,-2.3623934402242304,2.095070391152054,-8.90070244578421,-3.54380161112994,-1.270267128944397,-1.4998067617416382,-4.241334438323975,0.4839792267658876,-0.7854027744515916,0.2526382437271528,-0.2916854010295326,-1.3133536577224731,1.9462124109268188,3.476444959640503,-5.404846534916758,-0.1563178121760487,0.0672568421930074,0.2392183244228363,0.0489285439252853,-0.1397540144586004,-0.0645456165075302,-0.3822191193943843,-0.4895579062048345,2479
1726744856596831200,4.61408194167316,-5.6968052819430826,-0.6313596287071704,3.414873325660825,-8.1808853659451,-4.193106354111433,-1.7398278713226318,-0.5626842975616455,-4.407619476318359,0.4377569864913282,-0.8250482683503341,0.1818908517531463,-0.3075384683155536,-1.1740764379501345,1.543559432029724,3.3900182247161865,-4.883326168066263,-2.068614199772477,0.864917040169239,0.1865003108978271,-0.0991649255156517,-0.9378386301256716,-0.2240837067365646,-0.3321985125539824,-0.2569437304096296,2480
1726744856636602600,2.54991244634986,-6.454363771155476,-0.1318061789929866,4.771107317596674,-7.135723402306437,-4.742190142931044,-1.8617478609085083,0.4407887458801269,-4.475491046905518,0.379366222208844,-0.8530149306180025,0.1189534964256972,-0.3380781523866615,-1.8900049924850464,1.1660432815551758,2.993973970413208,-3.5163480792760846,-3.408405006429553,1.5203274065494536,0.1379143893718719,-0.2582716643810272,-1.2501629965715109,-0.2118830382823944,-0.0698408445039531,0.177607779898867,2481
1726744856676373800,0.5504056850731373,-7.67382782421112,-0.1263157648831606,6.089612759640812,-5.774701591572165,-5.0734407436430455,-1.9390498399734497,0.9389251470565796,-4.586517333984375,0.3128919126425278,-0.8689847532611327,0.0594894185738633,-0.3787150419431809,-0.6504254341125488,1.0014628171920776,2.6800296306610107,-2.0522984402656554,-5.63699934027791,2.730174320954084,0.0550929829478263,-0.3891634345054626,-1.5746555013254284,-0.118773452937603,-0.0539295741447946,0.293787880415935,2482
1726744856716145000,-2.205735436308384,-8.459792323696613,0.4667734621405601,7.166520107108354,-4.204187135574221,-5.209236284533143,-1.8491629362106323,0.8430581092834473,-4.179242134094238,0.2437086164156778,-0.8749800286514189,0.0026622082426208,-0.4183405693051645,-0.2609842121601105,0.897075891494751,2.2793242931365967,-1.1190233186632397,-6.257010476496816,3.83506799197793,-0.0604784153401851,-0.3363831341266632,-1.3098461886398494,-0.0138970324769616,-0.1771677627800963,0.2750681285073049,2483
1726744856755915800,-4.44477400728166,-8.64124311582446,1.3937591282099484,7.825387920466065,-2.725828692965209,-5.244384754803776,-1.5375109910964966,0.5242988467216492,-3.294574022293091,0.1819554593478869,-0.8748389987458142,-0.0452318481061058,-0.4466577050749422,0.0499504879117012,0.647843062877655,1.84969425201416,-0.6471861433923244,-7.7306351685822,4.881391400611401,-0.1176032871007919,-0.2730219960212707,-1.0225958385001868,-0.0110359834507107,-0.231967858981993,0.2212388135663233,2484
1726744856795687000,-6.071877196463942,-8.72412247456312,2.0835651006668803,8.188651908293366,-1.4962756459631026,-5.1843561102986335,-1.3065788745880127,0.7058399319648743,-2.587968587875366,0.1313425775538499,-0.8704617332605519,-0.0813939519549632,-0.467354910675367,0.29637411236763,0.331678032875061,1.1714160442352295,0.467191395291686,-8.23959825167656,5.305471383929253,-0.0967970639467239,-0.0304474346339702,0.594356068621762,-0.0330751538276672,-0.3989656350012868,0.142943038024567,2485
1726744856835458000,-8.873409365189074,-9.44696445518136,2.293078788718581,8.453675302121043,-0.5732186245795339,-4.937324884757399,-0.8684348464012146,1.015358567237854,-1.4919966459274292,0.0938618633521044,-0.8606016171399272,-0.1053487437368606,-0.4893428552421908,0.640863835811615,-0.0380813665688037,0.4111605286598205,0.1650070223271846,-9.130432992434502,6.205419989991188,-0.142313078045845,0.0239104386419057,1.4266342467211186,-0.0110353669151663,-0.2149843014825135,0.3282355272071436,2486
1726744856875224000,-11.037414614748954,-8.652474703934788,2.241678856348991,8.661468742251396,-0.2208853970187716,-4.5935333669021725,-0.5116432309150696,0.94065260887146,0.2323104292154312,0.07812544953631,-0.8499972572178488,-0.1082113035638394,-0.5095992284067807,0.5141496062278748,-0.6169383525848389,-0.510728657245636,-0.7919663702487945,-8.772214597558975,5.172559289520978,-0.0756792873144149,0.1363039761781692,2.7280735492825507,0.0769762769341468,0.1597092264463193,0.1036807848927099,2487
1726744856914904000,-9.297054464221,-8.719569049042462,1.738890662497282,8.76030671762228,-0.5459915949579328,-4.37371046628207,-0.0399349778890609,0.346340000629425,1.8422467708587649,0.0855279020527517,-0.8459605997708798,-0.0857194994206855,-0.5193148793606437,-0.4077123999595642,-1.2209831476211548,-1.6456499099731443,-1.9287942256718875,-7.105771916157007,3.569642154829204,-0.0734691098332405,0.0685270950198173,1.089443296174705,0.1114480644464492,0.0872569162357598,-0.0818153279700316,2488
1726744856954671600,-6.330118967327476,-8.077772781994938,1.3186013036340474,8.68316911740601,-1.4270581712216135,-4.328561411000788,0.6261110305786133,-0.0737282782793045,2.8276491165161133,0.1152087338108241,-0.8475653498267351,-0.0482513681459612,-0.5157825873920195,-0.3727123439311981,-1.408563256263733,-2.68140172958374,-1.2886194223463534,-5.989397066175937,2.602702956295013,-0.0996789410710334,-0.1374465972185135,0.4665769897203892,0.26035276055336,0.8226157755345106,0.1018814986520912,2489
1726744856994438100,-3.68717284797132,-7.3861121215820305,-0.1490858150959015,8.426195759043097,-2.6125223395198582,-4.283030662925541,1.1470471620559692,-0.1324102580547332,3.104156017303467,0.1613174033564165,-0.8475407212834536,-0.0069653676542025,-0.5055719187067993,0.6923555731773376,-1.3091202974319458,-3.177824020385742,-2.553072371685505,-5.195554380661249,1.8453391128718848,-0.1091607958078384,-0.4144465923309326,0.1810641856967471,0.261564552783966,0.6076503979481757,-0.4395549811515957,2490
1726744857034206000,-2.33877437196672,-6.621420711749792,-1.587989030151069,7.948390615278482,-3.847077286462485,-4.265386285163462,1.3555964231491089,-0.8244211673736572,3.1472713947296143,0.2134560714897733,-0.8464422386188644,0.0317758898966848,-0.4867879572209004,1.478961944580078,-1.5655088424682615,-3.256762742996216,-5.435590632748603,-4.002402580469846,0.0529418645819649,-0.0602444782853126,-0.0664478093385696,-0.0717067708065733,0.0006978646852076,0.0109816068210755,-0.9935733037639408,2491
1726744857073973500,-0.5658610283583402,-5.803967433544993,-2.5120465338140723,7.1922636201739305,-5.055234055823087,-4.345845431017875,1.5526185035705566,-1.379214882850647,3.1139674186706543,0.2693439934460075,-0.8469434599846264,0.0652934413771526,-0.453737243970949,1.5303782224655151,-1.7054675817489624,-3.3247501850128174,-6.266679053074121,-2.17673233692497,-1.1754290964961052,-0.0181119218468666,0.2153255194425583,-0.6549233135156333,-0.3569662570953369,-0.1274315623716451,-0.8707651816755533,2492
1726744857113741000,0.2496720954388379,-4.517570363423228,-2.535285370582342,6.254027076771855,-6.135130648234486,-4.406552705436945,1.2226358652114868,-1.2641351222991943,3.1613056659698486,0.3221898495154035,-0.8456876681118936,0.0973859970181693,-0.4141522283032293,1.3462156057357788,-1.7696460485458374,-3.422243595123291,-6.744611622610688,-0.4882879593342542,-2.15316821372509,0.061527743935585,0.3985484540462494,-1.0007854270998389,-0.563213050365448,0.1204671575859654,-0.3108135965567082,2493
1726744857153508600,1.0518488940566777,-3.199859871149063,-2.218541726389528,5.217219099980593,-7.091616549554467,-4.319724316811562,0.9949216842651368,-0.4376893937587738,3.561574697494507,0.3690933284685906,-0.837262641310671,0.1386936086667936,-0.3788477065227945,0.9030166268348694,-1.7074849605560305,-3.551501512527466,-6.005055238556862,1.3373933901265262,-3.612823124907911,0.0485566891729831,0.2617912888526916,-1.32359487413764,-0.382867157459259,0.4885746307885274,0.4746816779818386,2494
1726744857193276400,2.8346064630702137,-2.0963316432595254,-2.856030651631951,4.065482136978209,-7.906342448621988,-4.139078119064867,0.3712684512138366,0.0691437795758247,3.903251886367798,0.4083997662680337,-0.8204538801304678,0.1946527108397845,-0.3495358275236579,0.77033531665802,-1.4801933765411377,-3.596691846847534,-4.426566734939813,2.76485225110352,-4.25442357712239,0.0116242505609989,0.0404976829886436,-1.3303234517402946,-0.032777938991785,0.8242625928934663,0.6388480847664177,2495
1726744857233044000,5.083304550531507,-1.768014465650916,-2.639550631698966,2.7906255747854707,-8.464353348001838,-4.091148200893402,-0.0676935315132141,0.014553003013134,3.925510883331299,0.4360947518144065,-0.8011805124704152,0.2582640033587836,-0.3181678623279315,0.9530981779098512,-1.211903095245361,-3.3745782375335693,-3.469839426079392,4.091437539228797,-4.711703526991606,0.013209780678153,-0.0773193687200546,-1.27898357899487,0.2120925039052963,0.9352215794950725,0.4386445152431726,2496
1726744857272811800,7.123488774633407,-0.7399749017268419,-1.8356892409950487,1.429946878400445,-8.78356192100346,-4.120037318508326,0.0870314463973045,-0.4853436350822449,3.716931343078613,0.4597769005412149,-0.7806447389269301,0.3172652333526041,-0.2802532501423294,0.7767476439476013,-0.97404944896698,-2.794772386550904,-2.806494759568572,5.517867349418998,-5.378838233435154,-0.0189019721001386,-0.1179161891341209,-1.3197984044641256,0.2979999482631683,0.672251099609211,0.0148955083122011,2497
1726744857312579000,9.700951491209864,0.4760819732338189,-1.8388158485829829,0.0905849281473085,-8.939884701615572,-4.029970386353135,0.5503978729248047,-1.1208959817886353,3.010971546173096,0.4877721718264879,-0.7585980945109652,0.3605554606789071,-0.2379223828389261,0.4246884286403656,-0.6112660765647888,-1.8729585409164429,-1.9905638686254616,6.694539723974466,-5.445568421405554,-0.0137216728180646,0.0118975453078746,1.020067708262056,0.1505368649959564,0.9189800542682408,-0.3752797851178794,2498
1726744857352346600,12.29949206712842,1.5658219142675398,-2.617632522140444,-0.9602532179642468,-9.019420010623335,-3.7280496327608814,0.9513901472091676,-1.4563778638839722,1.5850766897201538,0.5195412756405111,-0.7393005316619904,0.3788302433027472,-0.1999980404883524,-0.0426050089299678,-0.1453489065170288,-0.6185282468795776,-2.717552447529137,6.438067300871015,-5.748565864318609,0.0055351806804537,-0.1586112976074218,1.5064873895063997,0.0578424558043479,1.2004603696390983,-0.0459786288400646,2499
1726744857392114400,12.099515438228844,3.166845490297675,-2.866818003106117,-1.4355913140282035,-9.12017814040184,-3.3063319946601983,0.919655442237854,-1.0930728912353516,0.0487415082752704,0.5470101592214011,-0.7278422114668476,0.3725878937270167,-0.1794545210657857,-0.8629217147827148,0.0353812389075756,0.6807444095611572,-3.7589389842823135,6.354381301924586,-6.474370786395669,0.1473121047019958,0.07731594145298,2.1554231530450285,0.1050559058785438,0.5000932922119274,-0.0716611278668278,2500
1726744857431882000,11.071761120986938,2.4425123943388463,-3.594616144827008,-1.2857606719143688,-9.235309663447737,-3.0374709223657845,0.3065080046653747,-0.1750360876321792,-1.2244757413864136,0.5586956479100832,-0.7277382376737221,0.3539279331268107,-0.1816346067962236,-1.2476366758346558,0.7788492441177368,1.5414363145828247,-3.274233559609949,6.521136044701933,-5.362368744671344,0.1298102885484695,-0.239020824432373,0.1422427442681044,0.0359687097370624,0.0282068823882495,-0.1283857486907858,2501
1726744857471649500,8.967472965765,2.1546143208801745,-3.5281928308486936,-0.6435819814205169,-9.306393370452522,-3.024437545530498,-0.149945318698883,0.6389484405517578,-2.000150918960572,0.5513049995106609,-0.7370732462523351,0.3330561896813646,-0.2045956669222708,-1.1948277950286863,1.3463401794433594,2.324935913085937,-4.226533407416939,5.941463348612189,-4.018216235673427,0.13462994992733,-0.1927817016839981,0.8051291456174104,0.0881735011935234,-0.1891718878991901,0.1510964973311871,2502
1726744857511417000,7.561428940999507,0.4450356775850057,-3.769207864840328,0.2908042614952661,-9.274403656473757,-3.1735280368015166,-0.6375654339790344,0.5087140798568726,-2.599132776260376,0.5313172460536469,-0.7532505425271503,0.3072759565695147,-0.23642585857616,-1.0551855564117432,1.790661334991455,3.227858781814575,-5.925785302487015,4.791714636817575,-2.3429054804220795,0.1353874951601028,0.0317568741738796,0.3155562610391527,0.3132595121860504,-0.7124541498556732,0.1295067703436594,2503
1726744857551184600,6.5019678183734415,-1.6072107402324676,-3.4766669340118765,1.384382812577486,-9.059106124323606,-3.49090880985409,-1.1721004247665403,0.1380996853113174,-3.123283863067627,0.5013531557061882,-0.7773915186710568,0.2713839523905451,-0.2658159741533163,-1.011563420295715,1.5390220880508425,4.059200286865234,-7.399467862239479,2.3705752853751183,-1.0951564131245015,0.0839793533086776,0.2243081331253051,0.3111482353385538,0.2758450806140899,-0.973799731953442,-0.3435598279912024,2504
1726744857590952400,5.460336951470374,-4.053660474020242,-2.586120070284605,2.5603882476568223,-8.57276111575067,-4.015293041703105,-1.7491153478622437,-0.1493372470140457,-3.559533834457397,0.4594642274576274,-0.808393700619499,0.2263241008744,-0.2901201516936071,-1.3221410512924194,1.4045206308364868,4.269703388214111,-5.892120348772406,1.3333832777023316,-0.5581611215054989,0.0461305454373359,0.2908798158168793,-0.1505875796946696,0.0018173797288909,-0.7016450980063528,-0.5731687210232019,2505
1726744857630720000,3.5294951456189154,-4.671400742697715,-0.4028501482844352,3.7551626806139935,-7.791167086434364,-4.622429498779773,-1.803407907485962,0.0963348299264907,-3.780934810638428,0.4074359897935417,-0.8394428761979925,0.1761078517108191,-0.3135564018834869,-1.1129339933395386,0.8704471588134766,4.063981533050537,-4.808141455483437,-1.1060349500134588,1.0803881753206253,0.0111071364954113,0.1388119012117386,-0.8372932663150131,-0.2603997886180877,-0.2830635294416919,-0.3633502413386479,2506
1726744857670487600,1.7747756303489206,-5.148671048933267,0.5415647914916276,4.926594231906533,-6.809617471006512,-5.052539409911632,-1.4941004514694214,0.4951387941837311,-3.872987747192383,0.3537112548946445,-0.8615306843000219,0.1239866568465151,-0.3424624257133162,-2.162135362625122,0.5294845104217529,3.484607219696045,-2.92595116007626,-1.7671867826551195,0.7725964838683604,-0.014691743068397,-0.0760428011417388,-1.0021124379198998,-0.4132720828056335,-0.0555555496451212,-0.0330609873389359,2507
1726744857710255000,-0.2238531790494918,-5.499657154467702,0.9166302762717008,6.025152854689956,-5.681862564355135,-5.252079400959611,-1.1533180475234983,0.649901807308197,-3.920771598815918,0.3016022837081985,-0.8734407019304641,0.0698775458722897,-0.3758383700772015,-1.6810762882232666,0.226617082953453,3.282377243041992,-3.214106423166394,-4.338497990864515,1.0670949054401366,0.0301078222692012,-0.1759643256664276,-1.5182134831354022,-0.4898821115493774,-0.1854140514693222,0.2381376153917983,2508
1726744857750023000,-2.200793303731084,-5.784571243679523,1.231943010878563,6.9263470768988125,-4.473534530080855,-5.308818940791487,-0.8419386744499207,0.4146070778369903,-3.754188299179077,0.2537431526706606,-0.8777815908633788,0.0131872756393019,-0.4061279230260596,-1.6415635347366333,0.126580610871315,2.8957130908966064,-2.070918385061621,-5.625736187985539,1.200129237988591,0.1065428480505943,-0.177286297082901,-1.5804096809379755,-0.423792153596878,-0.1296318580280523,0.5343837939463556,2509
1726744857789790500,-3.8765924270212646,-6.037687926614284,1.6299772833138704,7.508148601710796,-3.29954949491322,-5.376904050502181,-0.6786589026451111,-0.0912096425890922,-3.214873552322388,0.211403597585466,-0.8788867173615043,-0.0412788469995687,-0.4256322727623214,-1.3890231847763062,0.018793262541294,2.401707887649536,-1.3103665592521427,-6.794070357784628,1.6416688901513814,0.0935571938753128,-0.1741920709609985,-1.5275279855780302,-0.2115989327430725,-0.2075296015623956,0.6880152896478772,2510
1726744857829558000,-4.3912148510515685,-6.6815346964508295,1.962851393574476,7.757613776400685,-2.2994154443942008,-5.540986359199882,-0.5774683356285095,-0.4716692268848419,-2.4562032222747803,0.1758035812358197,-0.8803205894003963,-0.0868755184657223,-0.4319508077601267,-0.691500723361969,0.0846223980188369,1.8599923849105835,0.3004904285281896,-8.089635653746127,2.1005945614010093,0.0657722949981689,0.015776589512825,-0.0844860815492458,0.0411881767213344,-0.2095401376672089,0.4440004893183708,2511
1726744857869318400,-4.557974270004034,-8.191411436134576,2.129550606772304,7.817977936470508,-1.510641586576402,-5.724294177371263,-0.6235646605491638,-0.3415761291980743,-1.7680132389068604,0.1463217692281064,-0.8816932106113688,-0.1203115146946428,-0.4321250639884215,0.7106826305389404,0.2672682106494903,1.31914484500885,0.1856003130227327,-9.945300930321215,2.753768547031284,-0.0748446434736251,0.0450181178748607,1.5007025224946438,0.1539537459611892,-0.2180892086952924,0.3381788656052202,2512
1726744857909086200,-6.259659529700875,-8.003529734176396,2.9953648880422112,7.873052173438667,-0.9331270914338528,-5.771890041282773,-0.6452266573905945,0.2995828688144684,-0.9488310813903807,0.1230935481605811,-0.8802830285923211,-0.1392346694836395,-0.4365358177827734,1.2747544050216677,-0.0055652344599366,0.5206465721130371,-1.1006009422659873,-10.511487537372112,2.6176824987620115,-0.0609129443764686,0.1659756451845169,1.6176992548905311,0.3013566434383392,-0.1008448947465047,0.314969291464053,2513
1726744857948853800,-8.600481481847167,-8.392513269671797,3.2502573484778403,8.018692231994867,-0.687197324328497,-5.603458889725804,-0.505233645439148,0.7129181623458862,0.4600165486335754,0.1109504649651111,-0.8755577059812357,-0.1381868578781631,-0.449436528078622,0.4088234305381775,-0.0886573493480682,-0.4977914094924927,-0.9263526288628576,-9.216576321405173,1.951726772969961,-0.0590926557779312,-0.0197818353772163,2.237103072866052,0.1595480293035507,0.2159370356300845,-0.3722068074133247,2514
1726744857988691500,-7.753065611577034,-7.213574119228125,3.4712598142713307,8.099328195720911,-1.1260285943154245,-5.413257804909348,0.4146884083747864,0.5117565989494324,2.253762006759644,0.1239225003051738,-0.873838256244228,-0.1113823390884261,-0.4567756579911175,-0.175686627626419,-0.5542280673980713,-1.8681559562683103,-1.8202245453596115,-8.202376482263206,2.1456822418838737,-0.0630964711308479,-0.0506780669093132,0.3830818737035617,0.1518434584140777,0.6156924693021923,-0.1432432722133118,2515
1726744858028461600,-4.553035060036182,-6.034966392695903,1.456011878505349,8.051860926625132,-2.1554478490948674,-5.166425901332497,1.0316373109817505,0.7252182364463806,2.921638250350952,0.1632474780667602,-0.8708920349655073,-0.0704376958784203,-0.4581875473954798,0.4164539277553558,-0.3376040458679199,-3.0728743076324463,0.0032680618852376,-7.054266769847273,1.9058020571410648,-0.1306546628475189,-0.3640636801719665,0.365752370576933,0.3499411642551422,1.0196172610808163,0.1027507557672914,2516
1726744858068232000,-2.9938749417454003,-5.860318850842118,-1.4754764574319124,7.851711279246211,-3.280444104687869,-4.874395550374686,0.6867300868034363,0.3304379880428314,2.9792020320892334,0.2068166426538745,-0.8648007653133075,-0.0253898616030234,-0.4568391057591209,1.8857877254486084,-0.3525896370410919,-3.5511629581451416,-2.389608487147093,-6.16472089985609,1.4577853179186582,-0.1648821532726287,-0.3154982328414917,-0.4840810456963256,0.3576551675796509,0.23846191544272,-0.461078209641017,2517
1726744858108002000,-1.928764999577403,-5.9253825669050215,-1.8302175315856928,7.374976979583502,-4.298009328609704,-4.827758886884153,0.4078701734542846,-0.4533714950084686,3.142886161804199,0.2424056302648896,-0.8635121223998107,0.0222265082447091,-0.4416927218900376,3.0122392177581787,-0.6330523490905762,-3.617643594741821,-5.266008557590842,-4.576716964396834,0.1132558653671294,-0.1019862592220306,-0.156844675540924,-0.4347994206549599,0.1492138803005218,0.234514127665013,-0.4973557204741984,2518
1726744858147772400,-0.6816121446073055,-4.69772585504353,-1.3784218583464622,6.642276452773809,-5.315124762937426,-4.8785246130034325,0.6550215482711792,-0.5784963965415955,3.3549983501434326,0.2800618271940279,-0.8623855754034757,0.0708988916745991,-0.4157281097080845,3.2891886234283447,-1.186390399932861,-3.590195894241333,-6.686565091833472,-2.1654142395749685,-1.1460925273746252,0.0349462293088436,0.1537835896015167,-1.3522666957400735,-0.0293172560632228,-0.0573878613725071,-0.3492593548070639,2519
1726744858187542500,0.500662872260809,-3.300186039251089,-1.5985083783388137,5.749699836784601,-6.292333134290575,-4.849525897534192,0.7690079212188721,-0.5361018180847168,3.4014780521392822,0.3205048535233508,-0.856084580831866,0.1199007983020172,-0.3873237695746442,2.5746939182281494,-1.5267609357833862,-3.6454360485076895,-6.27250030657351,0.2092120747566223,-2.365793311795592,0.0780450031161308,0.3593511581420898,-1.4628534149631858,-0.1200141161680221,0.1206131236616056,-0.0233390023572486,2520
1726744858227313000,1.823140432806313,-2.1895529477924107,-2.109586553891003,4.724102113054692,-7.159204815658927,-4.753841125497222,0.730022132396698,-0.5858031511306763,3.429184436798096,0.3608273748025574,-0.8449923130082094,0.1684233583498919,-0.3569664848450919,1.748047947883606,-1.6719528436660769,-3.6542909145355225,-5.673503316810727,1.6034987339720128,-3.5167326946794986,0.0561298541724681,0.3386420905590057,-1.5764007375575602,-0.0042896149680018,0.4648382562942802,0.3765404892360791,2521
1726744858267083000,3.391429906231165,-1.2662982849448918,-2.055446675163507,3.5831788050115105,-7.843340341264009,-4.670464046369493,0.4818893671035766,-0.5967340469360352,3.416382074356079,0.3966565308677326,-0.8312836483403955,0.2170135842086932,-0.3233206070057806,1.2787505388259888,-1.6450142860412598,-3.5578203201293945,-4.628215096443891,2.8088316780835387,-4.447017402294278,-0.0058924984186887,0.1320263147354126,-1.4659049114882945,0.1677810549736023,0.7787626783479005,0.5000674636509269,2522
1726744858306853400,5.078386383351683,-0.3596931436032056,-1.6229864015132187,2.3906251168437302,-8.310610062488912,-4.624833345051109,0.3096543252468109,-0.5677023530006409,3.277275562286377,0.4259032135267994,-0.8158219419802235,0.2650196975671884,-0.2877597257308213,0.948383331298828,-1.5301823616027832,-3.298638105392456,-3.675282503691316,3.923946883392334,-5.177075305640697,-0.0406518578529357,-0.0136483488604426,-1.711726030587405,0.3239124417304992,0.6593691139433533,0.5229505092514678,2523
1726744858346623500,6.981902375382185,0.429188120111823,-1.6585931369453668,1.2447244587793946,-8.59670897757113,-4.551667278814316,0.3343141674995422,-0.4837125539779663,2.878387928009033,0.4509874118708846,-0.7979520915858281,0.3087764608787305,-0.2540473121143464,0.6447890996932983,-1.2621374130249023,-2.73045301437378,-2.7552918110758067,5.024812029552459,-5.655165696087479,0.0331979878246784,0.0541886575520038,-0.3524504789985716,0.2907686233520508,0.7602060080464929,0.067992983580986,2524
1726744858386393600,8.734817471578717,0.600729512643814,-2.169077145996689,0.2904251625171862,-8.730691331559418,-4.456576673278212,0.3019471764564514,-0.4294717609882355,2.1317026615142822,0.4709855199628196,-0.7808461593010791,0.3427848523245312,-0.225722137389016,0.3470495641231537,-0.8450444340705872,-1.668734788894653,-2.395980360266566,6.258890883415937,-5.948134496939182,0.0614500567317009,0.001618989277631,0.8841789361305534,0.1457589864730835,1.1050113791193812,0.0493869303130544,2525
1726744858426164000,9.353754841086268,1.0918296067893505,-2.1282541372209787,-0.3825314002139494,-8.782006508255005,-4.347463095347584,0.3222607970237732,-0.3161339163780212,1.3627548217773438,0.4859066477593616,-0.7672605585255536,0.3646507447934777,-0.2055136876686828,-0.3289837539196014,-0.3515269160270691,-0.364152193069458,-2.35036456425637,6.262154853647947,-6.152369952327013,0.0665468201041221,-0.0929607301950454,1.292869627136737,0.2114498615264892,1.194403846079111,0.2889432351300492,2526
1726744858465934000,9.33404008679092,2.2897943602204323,-1.8309300637692207,-0.7708784279040992,-8.80935628747344,-4.239269554871321,0.2376809120178222,-0.0537705793976783,0.6464076638221741,0.4959251990521849,-0.7577485992587297,0.3767753358116551,-0.1947196238436071,-0.8621174693107605,0.3088608086109161,0.8541308045387268,-2.459113400527835,5.828891446921229,-6.031977147752047,0.0869099050760269,0.1131939962506294,0.624798516625911,0.2911278009414673,0.4185072246868163,-0.1144979195837862,2527
1726744858505704400,9.712192431670427,1.2058283264130354,-2.370354336100817,-0.8285068793997168,-8.829564378243685,-4.1860169803723695,0.1307158917188644,0.2280676513910293,-0.1891919672489166,0.4983050696285623,-0.753963230049124,0.3807452187240571,-0.1956132257577968,-0.7728860974311829,1.1239397525787354,1.6279741525650024,-3.0381285094916817,5.425848990935087,-4.654321597602963,-0.0307903736829757,-0.1859412044286728,0.5378790887162089,0.2724666893482208,0.279552799640689,-0.0177291494191042,2528
1726744858545474600,9.462017062884568,0.4675052835464477,-2.9851427692353725,-0.6069122929319739,-8.881777965083717,-4.112917257370055,0.2955375015735626,0.0876139998435974,-0.8598279356956482,0.497930010228735,-0.7547917640510722,0.3741521281198128,-0.2058285021414043,-1.1000916957855225,1.6162492036819458,2.371681928634644,-5.544189539155363,5.332597291263937,-4.0752442370578645,-0.1116487383842468,-0.4712319672107696,2.409259966947883,0.2974761724472046,0.5319816647080704,0.4087451246071606,2529
1726744858585245000,8.897655333173274,1.7406126639842987,-2.427676059734821,-0.1673483795552514,-8.946261835432052,-4.013325248761475,0.2331388592720031,-0.0865057781338691,-1.708155870437622,0.4971666780006742,-0.7614007383045603,0.3534000040070462,-0.2195510257968476,-1.7742984294891355,1.529147744178772,3.284462213516236,-7.701171758210658,4.077776678144931,-3.785814423987269,-0.1218945682048797,0.0499022863805294,-0.3770415340933948,0.4930245876312256,-1.3736639962948858,0.2212920050582848,2530
1726744858625015000,8.204613447535037,1.0813234103441238,-2.71777047419399,0.6332827057242393,-8.926373478135465,-4.011132414892316,-0.3211829960346222,-0.0146280117332935,-2.8657548427581787,0.4870969923796285,-0.776603880399475,0.3184293566135961,-0.2412998672365206,-2.0315403938293457,1.3554484844207764,3.850451946258545,-5.433669309297204,2.5807828009098768,-0.986483564698696,-0.1058913469314575,0.4152292907238006,0.1173618302480783,0.1832395046949386,-1.147488146451488,-0.5499880076503381,2531
1726744858664785400,6.812312701439857,-1.8834552007764576,-2.4905220997482536,1.8319525386847555,-8.642354291936755,-4.2572365887165065,-1.0145232677459717,-0.1547313183546066,-3.9856882095336914,0.459151905245631,-0.803711889476012,0.2666568287133514,-0.2685534164286771,-2.05477261543274,1.236483097076416,3.964408159255981,-4.619987950846553,1.1412284284695982,0.3517863160014152,-0.0233401115983724,0.2587240040302276,-0.4315358157491311,-0.1198074594140052,-0.3254784105187281,-0.3460254874523729,2532
1726744858704555500,4.190701338796317,-3.7711546149939297,-1.0499185105159878,3.2518232826203106,-7.982578716084361,-4.677011568316817,-1.391079664230347,0.0521687492728233,-4.525773048400879,0.4148753249409405,-0.835177681871822,0.2023350286147655,-0.2990269790965305,-1.8239299058914185,0.6910547614097595,3.8064682483673096,-4.179931230717897,-0.5569722039818763,0.7921697838664055,0.0050872270949184,0.0147996321320533,-1.7493777158506214,-0.2288475781679153,-0.4123734711721539,-0.0385514973468845,2533
1726744858744326000,2.0006670372277497,-5.468908964982629,-0.412293099412322,4.662694873672724,-6.979891620081663,-5.07057775542736,-1.5084905624389648,0.4060828983783722,-4.553141117095947,0.3608795033355112,-0.860211205873737,0.1362505198516511,-0.3335242559608122,-1.9873592853546145,0.471286803483963,3.6522083282470703,-3.234019914904237,-1.9957896404497324,0.9649101038593798,-0.00657529104501,-0.077821634709835,-0.992910017549619,-0.1771546751260757,-0.1695557716727256,0.1764012353870086,2534
1726744858784096000,0.2409510288447141,-7.412707283040881,-0.0788753837943077,5.906161733606457,-5.707368177011609,-5.358506808546185,-1.544175386428833,0.5793822407722473,-4.379473209381104,0.3015426796776917,-0.8763233901139449,0.0725612157923035,-0.3685976623129203,-1.7581160068511963,0.1824996918439865,3.4418232440948486,-3.4115947423815727,-4.311188543656468,0.7149409982353448,-0.0002489301841706,-0.1761786788702011,-0.988067034497857,-0.1845916509628296,-0.1889936269891448,0.0789129667251836,2535
1726744858823866000,-2.3122551983535287,-7.27197487027049,1.0966823075175285,6.866026755970716,-4.348432232640684,-5.48809648053348,-1.26554536819458,0.5782212615013123,-3.781773328781128,0.2445632008067959,-0.8829538163347875,0.0144090064716457,-0.4004669955588523,-1.031670093536377,0.0902841687202453,3.1816585063934326,-2.666186125168204,-5.775766590455175,1.2479010429888964,0.0266782213002443,-0.0854988694190979,-1.247002925105393,-0.245838925242424,-0.415576504997164,0.0830038071022369,2536
1726744858863629600,-3.799811385157704,-6.8199956571578975,1.7618360692769288,7.469523395240307,-3.1479636796951294,-5.519684627974033,-0.9455816745758056,0.3571230769157409,-2.8914995193481445,0.1976502253896106,-0.8833566532284542,-0.0332656827373456,-0.4236847479107285,-0.4664609432220459,0.0483905151486396,2.529659986495972,-1.0222329234719276,-6.7732607939898966,1.6017133118599651,0.0106376698240637,-0.0182819329202175,-1.0090216327864676,-0.2867219448089599,-0.2146588506541214,0.0886340041420888,2537
1726744858903399700,-4.3104953006953,-6.4172518918573855,2.042524649748206,7.797948124876618,-2.2104032819889485,-5.520550889414548,-0.6699859499931335,0.2281008958816528,-2.169501304626465,0.1624608274056786,-0.8812700042799093,-0.0695192640437424,-0.4383339461456633,-0.27458655834198,0.1653479784727096,1.6858502626419067,0.5684434460669756,-6.949115958067774,1.7868068444043397,-0.0460070818662643,0.0141320256516337,-0.5407642887637019,-0.2209085375070572,-0.3680891064288094,0.3344076399708166,2538
1726744858943170000,-5.186049470213056,-7.157272970813512,2.114868001425266,7.999086783292889,-1.4820543745175003,-5.476177494680881,-0.5486727356910706,0.3926228582859039,-1.6288801431655884,0.1356117740402132,-0.8774337144632868,-0.0965268789302667,-0.4498912491480428,-0.1104035004973411,0.1924789249897003,0.9674723744392396,0.6451029073774814,-7.780165215426683,1.626596408703923,-0.1122648045420646,0.2118322402238845,0.7633432831589132,-0.1261835992336273,-0.477890045569092,0.279968339905329,2539
1726744858982940200,-7.419070388332009,-7.465132466804981,2.1864128962010145,8.187909565493465,-0.9609610739726572,-5.3108472317487,-0.4265631437301636,0.76052325963974,-0.864970326423645,0.1166892195718109,-0.8706021084140964,-0.1132687422327927,-0.4643337716456854,0.1832789778709411,0.1310279816389084,0.375941514968872,-0.1449012228876352,-8.693116510924696,2.0009148745089766,-0.1991951316595077,0.2166998833417892,0.8220236548602581,-0.0336871668696403,-0.312313150932081,0.4756573546135798,2540
1726744859022744000,-9.086520785471796,-7.529667775079607,2.030568254494667,8.356289279124141,-0.8127781260006129,-5.067763282528519,-0.392557829618454,0.6854610443115234,0.5589101314544678,0.1094748564434618,-0.8637682329747673,-0.1108533088834688,-0.4791985989274871,0.2881646752357483,-0.0476478673517704,-0.3613739907741546,-0.1087783546268939,-8.691334303683043,2.287239415040612,-0.1461782902479171,0.2653311491012573,2.935150365576148,0.0012076303828507,0.408707459477894,0.1885041629717685,2541
1726744859062515700,-7.484339271578192,-8.166500282239914,1.7363444851458072,8.406555823549628,-1.2093433487966656,-4.902826110567152,0.00626852363348,0.3710797727108001,1.955641746520996,0.1194110822358284,-0.8618331259458212,-0.084960157414986,-0.485557910083659,0.5611530542373657,-0.1264016926288604,-1.375643014907837,-0.7837094140350818,-8.578584707337617,2.85899885378778,-0.1317626982927322,0.2053788155317306,1.5431241986386477,0.0687615945935249,0.2874043351249769,0.2169186488122679,2542
1726744859102287000,-5.376947305122018,-8.539464410826563,0.8811021590337157,8.288144548180698,-2.069990748822689,-4.815822073113918,0.5328207015991211,0.0470454022288322,2.85060977935791,0.1478131530146314,-0.8622497069477146,-0.0454317335817017,-0.4822992358244297,0.92521995306015,-0.336441695690155,-2.431257724761963,-2.1575293315440414,-7.257201079508662,1.9721189881354568,-0.1572669148445129,-0.1022330522537231,0.8162962901894003,0.1560007631778717,1.079333113309741,0.3164352358307689,2543
1726744859142058500,-3.567935058650374,-7.361555187952518,-0.1527060514196753,7.958900318855047,-3.23802447437048,-4.726676055195927,0.9458576440811156,0.0108817862346768,3.399811029434204,0.1908467073504546,-0.8608080269250113,0.0017188325434376,-0.4717881482251128,1.2860037088394165,-0.7160515785217285,-3.242949962615967,-3.470498182249069,-5.521099755468964,1.1512784055799246,-0.1204550191760063,-0.2722193002700805,0.6865966550216078,0.2729117274284363,1.0602832526639103,-0.0700488749311771,2544
1726744859181830100,-1.9623598106652496,-5.698415055227279,-1.2000070729136467,7.394504102352261,-4.527519510507584,-4.581840006498992,1.339652419090271,-0.2403977364301681,3.588672637939453,0.2426482648197276,-0.8549702699338698,0.0513290030067372,-0.4555359466785019,1.9130747318267824,-0.9168251752853394,-3.728834390640259,-4.453452988299727,-3.9915187828838814,0.5469278528947383,-0.0788835734128952,-0.1791643947362899,-0.2535600610543974,0.1167959794402122,0.4976482736799865,-0.704513785310462,2545
1726744859221601800,0.0739420190453529,-4.117922226050496,-2.764803735786676,6.59585489333868,-5.779258524224161,-4.389220462363958,1.5854071378707886,-0.6517705321311951,3.3244118690490723,0.3003034169203692,-0.8454934592403937,0.094492216226892,-0.4313118581723585,2.388302803039551,-1.1145055294036863,-3.8939948081970215,-5.561930363029242,-2.0560377729244528,-0.6879238119721413,-0.0413064062595367,0.0078683402389287,-1.0470541340608148,-0.171001598238945,0.1636990632674656,-0.5983220131106675,2546
1726744859261373200,0.6363426778167486,-3.2954157561093567,-3.069984952479601,5.669535582223534,-6.77519497692287,-4.2571696609601375,0.7636821866035461,-0.6972792148590088,3.176352977752685,0.3490345044270679,-0.8362065730811435,0.13346841632341,-0.4013971846408912,2.6387619972229004,-1.3093791007995603,-3.807847738265991,-6.023947570553422,-0.477335188165307,-1.6928456812895831,0.0596945881843566,0.2653516829013824,-1.7390870618522165,-0.3286646008491516,0.1880589582212269,-0.1859822067460976,2547
1726744859301144800,1.47788702570498,-2.6247528755396603,-1.6430284880667925,4.635707498025894,-7.5413272332131855,-4.220073271492123,0.3285969793796539,-0.065133050084114,3.589108467102051,0.3837239471969588,-0.8257880559037631,0.1823127472939647,-0.3709342569730203,2.5345325469970703,-1.4077284336090088,-3.6412291526794434,-5.678965089347958,1.1261255518838762,-2.908790181916952,0.1005802378058433,0.3907107412815094,-1.5936393109977245,-0.2832266092300415,0.3768376820843666,0.1730872337345033,2548
1726744859340916500,3.059976768684387,-2.496411157786846,-1.5286790553092957,3.4541970357894893,-8.198188382923602,-4.126575195844471,0.1738055050373077,-0.0502181388437747,3.918577194213867,0.4149389167575296,-0.8072830190688003,0.2422620563693263,-0.3426790752014499,2.177826166152954,-1.4894907474517822,-3.432181596755981,-4.615397115924954,2.557121354815364,-4.140720917835831,0.0677458420395851,0.3737563192844391,-1.384316615473479,-0.0966747552156448,0.6479964368619024,0.3495634523201734,2549
1726744859380688000,5.762102222239971,-1.4280571191310882,-1.5237603036075829,2.112128201197833,-8.668591141477227,-4.069996399532259,0.3471023142337799,-0.4100317060947418,3.7442896366119385,0.4451486525156997,-0.7857392432045964,0.3002097819976883,-0.3071331278467042,1.6946170330047607,-1.4587138891220093,-3.045376300811768,-3.524087149095535,3.844940566694736,-5.236348163342476,-0.0249500572681427,0.1722319573163986,-0.7614284625135361,0.0768602490425109,0.8792138610690832,0.2553796959633007,2550
1726744859420459500,7.9433017677068705,-0.1913987701684236,-1.7149585827678442,0.780270817888528,-8.93574511759281,-3.964087755122781,0.4027937948703766,-0.6724691390991211,3.25300407409668,0.4752588171922322,-0.7627109480277042,0.3469643067712025,-0.2683593132488356,1.153496265411377,-1.3446227312088013,-2.2880067825317383,-2.899772762724757,4.875045246455073,-5.942828791746496,-0.1029510721564292,-0.1343399733304977,-0.6279324307374656,0.1862198114395141,1.0819402270682157,0.1820776553219184,2551
1726744859460231000,9.86181483786106,1.1065034443080424,-1.4874606174752116,-0.3303480623817071,-9.020539954563974,-3.832905845507979,0.3588607311248779,-0.2542309463024139,2.423169136047364,0.4990786075521557,-0.7405963216827213,0.3833287014147765,-0.2355778521893519,0.5075873136520386,-1.0558277368545532,-1.2811660766601562,-2.0850825194925067,5.497987759950757,-6.037199850836396,-0.0475424155592918,-0.2158940583467483,0.9313868967030196,0.2106650024652481,1.197423193900287,0.1970025632585398,2552
1726744859500002300,10.981002407175302,1.426955295369029,-1.686849509614706,-0.9786261291965842,-9.028396513283251,-3.701451256431639,0.4153994023799896,0.1908740550279617,1.149486422538757,0.5125953237950006,-0.722718303946522,0.4079212584854508,-0.2202828990782612,-0.5756534934043884,-0.6377485990524292,-0.0791246518492698,-2.9064807359308005,5.516567957258224,-6.834266174572706,0.0973442271351814,-0.508427083492279,1.521920374829322,0.2300895452499389,1.538086204471439,0.350334802018851,2553
1726744859539774000,9.881796134138106,2.0720260540425777,-1.8728607415258884,-1.171540564624965,-9.078059246596691,-3.5194805320829152,0.6359207034111023,0.1426376402378082,0.1567749381065368,0.521164277373757,-0.7112858535702229,0.4165525205259002,-0.2212336256895657,-2.233020544052124,-0.501541793346405,0.7702330946922302,-3.046129445117712,6.898102979189157,-8.175210827440022,0.2737407982349396,-0.4575709700584411,1.978940212457627,0.3538504540920257,0.8975821691915392,0.3709187403641641,2554
1726744859579544600,9.48304874499738,1.3917840287446974,-2.6338088731765747,-1.080148959737271,-9.175034935227036,-3.2897450169965623,0.5864545702934265,-0.2412067502737045,-0.6299616694450378,0.5291929491725418,-0.7071637998787151,0.4094504548179241,-0.2285270036254468,-2.896413564682007,0.6399475932121277,1.4804493188858032,-2.9209581740945576,6.4341439899474375,-6.14101619914174,0.3025479912757873,-0.5413642525672913,0.3415789198396727,0.2847456037998199,-0.0695616896358551,-0.3247771669141948,2555
1726744859619316200,8.81509804599583,1.8358914855688808,-2.5645386453345416,-0.7719272063046694,-9.281859817698598,-3.0694667738243937,0.5140547752380371,-0.242121934890747,-1.207990288734436,0.5349701476512222,-0.7096027530732216,0.3911050786011608,-0.2393905718370519,-1.8495550155639648,1.1874582767486572,2.681363821029663,-5.0325575291126965,4.687456389963627,-3.6648534641355273,0.2929736971855163,-0.1806968003511428,0.2031351294631138,0.072788693010807,-0.6897652020551264,-0.3265327784098684,2556
1726744859659087600,8.49827139969468,1.5627642802625894,-2.894950749395788,-0.2219653742752037,-9.349305460461974,-2.9515391903191803,0.0248746387660503,-0.2907263934612274,-1.982729434967041,0.5334964905111118,-0.7193579021763925,0.3647064890950577,-0.2547446093644642,-0.7921061515808105,1.5115412473678589,3.4917707443237305,-5.511177496391534,3.811592423844337,-2.1852818463444708,0.3087183833122253,0.2737149894237518,0.2563884711470455,0.0782719925045967,-0.828654251981154,0.0819998998898547,2557
1726744859698859000,7.927225662174821,-0.5445137044250965,-3.2172681020677087,0.6586808394182473,-9.285030848950148,-3.086215664051473,-0.7355210185050964,-0.6436326503753662,-3.042041778564453,0.518187377443671,-0.7426189410126378,0.3253771825021236,-0.2722657805154428,-0.9829703569412231,1.5488330125808716,3.818653345108032,-5.974250934970379,2.9501755007505417,-2.175820482777059,0.2889005243778229,0.4137300252914428,0.5644502117123454,0.0177592448890209,-0.5972705678289756,0.0455241219716379,2558
1726744859738630700,6.622777971577644,-3.259560014352202,-2.4570778030470013,1.8208233880355955,-8.961643528959154,-3.541744678600132,-1.5091688632965088,-0.9834320545196532,-3.8726460933685294,0.4864387894739144,-0.7794574594185019,0.2702309978535698,-0.2877475735053367,-1.558568000793457,1.3344347476959229,3.9431614875793457,-6.190795836833119,1.471017724457383,-1.000648575912416,0.2905723750591278,0.3330489993095398,0.0489693168223369,-0.2007365226745605,-0.3249856950983404,-0.3278980023484676,2559
1726744859778402000,4.461542478992045,-4.529264892870187,-0.4129460103631019,3.0985981757625938,-8.296473400586843,-4.211603549310564,-1.7998186349868774,-0.5848571062088013,-4.205090045928955,0.4392180216167557,-0.8195867794511935,0.2073873979215224,-0.3039004908004608,-1.7195690870285034,0.8352801203727722,3.837424993515015,-4.992967277002334,-0.4275596421271562,0.2006079125404357,0.2619992792606354,0.2206112742424011,-1.1499537328474223,-0.4291594326496124,-0.1941117919867858,-0.3401713911293074,2560
1726744859818173700,2.4558999914392827,-5.338645339256525,0.6151183957412839,4.394658854025602,-7.347630707496404,-4.782226092982292,-1.6661394834518433,0.2027971744537353,-4.280675888061523,0.3841525623464032,-0.850019253542629,0.1459210375868401,-0.329546876991802,-2.19437575340271,0.5222028493881226,3.51402235031128,-3.027656215316057,-1.6973915080256758,0.4742424097817391,0.2211575955152511,0.0109409298747777,-1.2654549659885466,-0.4905337691307068,0.1335863678074907,0.0967744852361269,2561
1726744859857936100,0.3819078980207443,-6.092458212199807,0.7565443437337875,5.653724849629402,-6.179471309742331,-5.100972893691063,-1.4340842962265017,0.7322156429290771,-4.26733922958374,0.326725136653045,-0.8675050325337421,0.0866733606379219,-0.3649294190640149,-2.270829677581787,0.2089960128068924,3.191356658935547,-2.632800572916865,-3.51264513310492,0.2011561940729617,0.178285464644432,-0.166961133480072,-1.488115574252605,-0.3480019569396972,0.1082802232458721,0.4745980913516133,2562
1726744859897707800,-1.8947662838637829,-6.7639622197687626,0.774048436242342,6.732551766982674,-4.88248299524039,-5.196589568927884,-1.2317813634872437,0.7872564792633057,-3.939316272735596,0.2711595852685038,-0.874113066451309,0.0296425524467978,-0.4018959255394351,-1.5118135213851929,0.1390823870897293,2.971426725387573,-2.344220946934819,-5.676508343845605,0.8570213184833526,0.1143317073583602,-0.2810335159301758,-1.4943535918593407,-0.1786573529243469,-0.0684449148998362,0.4474333133112639,2563
1726744859937479200,-3.532197974836826,-7.054204226005077,1.044406761357188,7.483377733069658,-3.6161534383744,-5.205079749375582,-1.0872724056243896,0.5027296543121338,-3.2465806007385254,0.220909735515637,-0.8746225631731374,-0.0205078152415289,-0.4310610317041287,-0.9997254014015198,0.163926750421524,2.668682098388672,-1.605551867109537,-6.795360982117057,1.1880015047561376,0.0209535975009202,-0.3110682666301727,-1.093215435124561,-0.0686084032058715,-0.1059286825505085,0.288559825303033,2564
1726744859977250800,-4.04389252872169,-7.359699330952763,1.3579507327258586,7.825085138127207,-2.776003759714961,-5.218451856645942,-1.004942774772644,0.2892472743988037,-2.6614341735839844,0.1880216817307454,-0.873762440363208,-0.0510508164746518,-0.4456241681799698,-0.6743190288543701,0.1261235028505325,2.195305585861206,-0.7324199563026428,-7.932668145489692,1.4074445392131805,-0.0566277466714382,-0.1637713760137558,-0.2296577371424064,0.0162709169089794,-0.1814189174185506,0.2336173614883795,2565
1726744860017022500,-4.75609971807897,-8.442757602265477,1.49720839676857,8.118307036957145,-1.850813014238328,-5.180538013315201,-0.8293765783309937,0.5393481850624084,-1.9973227977752688,0.1518656764762536,-0.870297893323621,-0.0819482232063481,-0.4613056661504351,0.0342889726161956,0.2211554199457168,1.52320396900177,-0.0848135416716337,-9.651343118432164,2.2485767991691827,-0.1812742948532104,-0.0399571768939495,1.1762662049073724,0.1321403831243515,-0.1211708397427573,0.4607887251751497,2566
1726744860056728600,-7.701867339259386,-8.134654360646008,2.032394300878048,8.40097597759068,-1.14003403105326,-4.9289311504215,-0.942048192024231,1.4032090902328491,-1.1974714994430542,0.1233660870439885,-0.8610440798017488,-0.0995421751061772,-0.4831929712513633,0.8733682036399841,0.0196493603289127,0.5763415098190308,-0.6953840648502111,-11.114253524279594,2.8450100759238004,-0.230044737458229,0.1266307681798935,0.6718893536247312,0.3757145404815674,-0.1518674817036837,0.5095892521686851,2567
1726744860096497700,-11.575015763306617,-8.482928869134188,2.021373725169897,8.737139192524552,-0.8167491485234349,-4.377866124656796,-0.9800766110420228,1.822439193725586,0.6318153738975525,0.1053508166842412,-0.8454255535215625,-0.0920037722298631,-0.5154533684609263,0.5518197417259216,-0.0180257391184568,-0.8824226260185242,0.1999725372463464,-9.80995021058917,2.531717448967695,-0.291620135307312,-0.0564372837543487,1.317670598655194,0.3085485994815826,0.3069100497795268,-0.2836142951922491,2568
1726744860136266800,-9.905613063055275,-6.903869287630915,1.7707564578354358,8.933716826635598,-1.2892384310275316,-3.83366017100662,-0.3594178855419159,1.320759654045105,2.4267523288726807,0.1138609208221196,-0.8322098743720494,-0.0537493346803336,-0.5399753837514563,0.3175241649150848,-0.3737605214118957,-2.237332820892334,-0.4945896898269653,-8.293052778488397,2.388369885262847,-0.2724112868309021,0.1593854129314422,0.4870834058500826,0.2470715492963791,0.5128608942504972,-0.3320718174343928,2569
1726744860176035600,-6.271127264654636,-6.979624493578076,0.2684951615914702,8.885447008985281,-2.2756110826976594,-3.469992278553545,0.2257556319236755,0.8326023817062378,3.03808331489563,0.1441386089024847,-0.8227384883792876,-0.0046642560842232,-0.5498216414119027,0.8902204036712646,-0.2335152477025985,-3.2060799598693848,-0.7802572277545928,-7.203868717771768,2.062004426243901,-0.3074643313884735,-0.1304184198379516,1.260482438272983,0.2599388360977173,1.0493119959902018,-0.0224178757742047,2570
1726744860215805000,-4.416615249767899,-7.28019909325838,-2.185250282162428,8.601081201305984,-3.4202360217377543,-3.239412713858485,0.2221789807081222,0.133818581700325,3.267159938812256,0.1833976568333137,-0.8142984069716667,0.0456309366234498,-0.5488181055397334,2.0475871562957764,-0.5672605037689209,-3.469970464706421,-4.651779511904716,-6.296065891078114,1.4237854331612587,-0.2024390995502472,-0.1943539232015609,0.3454122143922373,0.1448718160390854,0.5567878969235346,-0.3422235013535246,2571
1726744860255573800,-2.937096238946914,-6.880602978333831,-2.426199265180528,7.997389916247129,-4.568618413615226,-3.3674691849291323,0.1841382086277008,-1.0161281824111938,3.582038164138794,0.2230423372474402,-0.8137546201068465,0.0974503014832884,-0.5277867990321364,2.5396029949188232,-1.107369899749756,-3.625847578048706,-6.75986413680017,-4.31745052666068,-0.4639041172493249,-0.071985550224781,-0.0637246817350387,0.0470925768647575,-0.1140375360846519,0.3675355276666581,-0.4942944332074374,2572
1726744860295342600,-0.2492716979444026,-5.491535222810507,-2.0742729561865327,7.057633031409979,-5.742058966642618,-3.659091831868887,0.7101809978485107,-1.3801305294036863,3.708618879318237,0.2710028617621842,-0.8155438859055948,0.1464579669634234,-0.4898935408322818,2.41300106048584,-1.4010186195373535,-3.884975671768189,-6.863204684287309,-1.3647722493089736,-1.480570565700531,0.0137197747826576,0.1116652265191078,-0.7928576930653304,-0.2910349667072296,0.1954629143347963,-0.2589904338063672,2573
1726744860335111700,1.477433436718583,-3.9572359895318745,-2.6952999914497133,5.9704784306943415,-6.788239751935005,-3.800468095500767,0.6718252301216125,-1.1109421253204346,3.45107364654541,0.3210618771335707,-0.8109086507913082,0.190255357318727,-0.450720844518334,2.0010979175567627,-1.5904343128204346,-4.030391216278076,-7.029661320900916,0.3122027858927845,-2.4642878805562853,0.0296722669154405,0.2890996932983398,-1.328754010466486,-0.2820393741130829,0.3114757867924869,0.0242929101151763,2574
1726744860374880800,2.0393211775317788,-3.155013598206639,-2.7161159849852323,4.840416708405316,-7.606622419944405,-3.857463655920327,0.3059426248073578,-0.6935721039772034,3.506436347961426,0.3625786657942602,-0.800890632383054,0.2350534153888303,-0.4145608689943776,1.7439424991607666,-1.6393946409225464,-3.954416275024414,-6.469918483161926,1.5199939368113875,-3.5464331286773083,-0.0343686901032924,0.2588211297988891,-1.756484479115903,-0.1114950627088546,0.5977418386025354,0.3298056991333141,2575
1726744860414649600,3.398706619235873,-2.0124463223487137,-2.0996736471638084,3.5887706336691974,-8.235035473805665,-3.933863881772756,-0.0998260751366615,-0.4876669943332672,3.817372560501098,0.3957402679735575,-0.7858586324769589,0.2880927755714936,-0.3779131292118081,1.5607417821884155,-1.6123692989349363,-3.724288702011109,-5.127475116169452,3.1269612236768007,-4.77012590534389,-0.062890388071537,0.1311502307653427,-1.7441924221672116,0.0944632440805435,0.919437223451212,0.3848130083451047,2576
1726744860454418700,5.834703348070383,-0.870816035079956,-1.5325599883958696,2.213855322138965,-8.652572319090366,-4.049971264113486,-0.2435940355062484,-0.556074857711792,3.7708523273468018,0.4235247118616881,-0.7665018088709684,0.3449145518522112,-0.3378400940938905,1.3642643690109253,-1.4974445104599,-3.1481592655181885,-3.849629016771913,4.9453661523938175,-5.624910843077302,-0.0735861808061599,0.0295520443469285,-1.3140677518576382,0.2549301385879516,0.9214838537827134,0.3267468960845843,2577
1726744860494187500,8.506519003558159,-0.005654664760828,-1.3500783919155597,0.894613382513821,-8.822664681857823,-4.186962152267992,-0.287043035030365,-0.8338414430618286,3.022017002105713,0.4464251911328875,-0.7478847790050112,0.3926117863843876,-0.2953454701746444,1.1550941467285156,-1.2008074522018433,-2.090184211730957,-2.425478841951489,6.727303344935178,-5.930967089039087,-0.010715845040977,0.0226305071264505,-0.1889488745319656,0.3168559074401855,1.0714816691569984,0.0817874170497991,2578
1726744860533956900,10.221031596124172,-0.0253548060089349,-1.215823650726676,-0.1282745068686548,-8.81972512127459,-4.285604020544886,-0.1654132753610611,-0.9314027428627014,1.927361369132996,0.4637869405092488,-0.7349003929964302,0.4224054980313334,-0.2576757006326303,0.5438292026519775,-0.599129855632782,-0.7493563294410706,-2.0637547770425675,6.062655194610357,-6.139670629751682,0.0392577722668647,-0.1524523198604583,1.6467686975084244,0.2374337911605835,1.4870412230193617,0.0223883163195801,2579
1726744860573725700,10.573451533854008,0.655282940608263,-0.8127244961172342,-0.796878180753067,-8.793771764850616,-4.26672396350801,0.2174181044101715,-0.8390210866928101,1.0296648740768433,0.4788118245318342,-0.7268629886320211,0.4349857218404077,-0.2306443316373072,-0.1660851389169693,-0.3868536353111267,0.1773187816143036,-3.071560823494196,5.560372027671336,-6.96167499538958,0.0665508434176445,-0.3949809670448303,1.0905402976311742,0.1961688548326492,1.203858999101445,0.0004167230081511,2580
1726744860613494500,10.748209550344944,1.5730705702215433,-1.3946411717414855,-1.1247161965426058,-8.831990144085884,-4.111125113256276,0.4323436021804809,-0.4218824207782745,0.196346715092659,0.492476194162337,-0.7204772374845169,0.4364877915092026,-0.2187651080493281,-1.443960189819336,0.1716508865356445,0.8524146676063538,-2.915991491597891,6.847972043842077,-7.322036247512698,0.082534946501255,-0.4164926707744598,3.169160781502724,0.1290564537048339,1.0831015259325505,0.0487298044114606,2581
1726744860653263600,10.22857075945735,1.932366238939762,-1.8553320990979671,-1.0686546290375292,-8.902934734880924,-3.970658073423803,0.2855582535266876,-0.2159200012683868,-0.7726432085037231,0.4990283551827922,-0.720942147466761,0.4274220829032517,-0.2202805286502171,-2.0487985610961914,0.8227984309196472,1.559540629386902,-4.278195790114999,6.197641172683238,-6.542188769602776,0.0626176968216896,-0.3833474218845367,0.6776398799754679,0.0733319446444511,0.048335978221707,0.0127367182765388,2582
1726744860693032700,9.012727234986423,1.9609388379514217,-1.9346467510923744,-0.659806409382075,-8.970113251140713,-3.907953487707674,-0.0220088697969913,0.0141745544970035,-1.5775480270385742,0.4968188622941515,-0.7295356006791609,0.4086905751142819,-0.2322085751652649,-1.7144243717193604,1.517270803451538,2.420605182647705,-4.514557153081894,5.307541175940632,-4.149063214245438,0.0045022303238511,-0.1739085465669632,-0.780619777456671,0.2613275051116943,-0.6521586711078882,0.4920257941557094,2583
1726744860732801800,8.048816736623644,0.9158493550270796,-1.7398060237765312,0.057351525117224,-8.945701863461732,-4.0176510030061,-0.5775682926177979,0.0398357771337032,-2.418298482894897,0.4823915293213528,-0.7479122333863819,0.3814059307545481,-0.2499104785421068,-1.3650202751159668,1.675848126411438,3.01899528503418,-5.104308175593614,4.444603911411762,-2.419194647115469,0.0581468045711517,0.0366471782326698,0.1035696618015877,0.4080564677715301,-0.2850844590763561,0.3385772538056597,2584
1726744860772570600,7.090479069957136,-1.528133696386218,-1.3908739281624556,1.0593839657366275,-8.761697295197845,-4.275603143273294,-0.7967764735221863,-0.1640232056379318,-3.2649717330932617,0.4568340253319459,-0.7755262690194499,0.3414002096683931,-0.2707539244680232,-1.979400873184204,1.7316104173660278,3.528016328811645,-5.541713504430652,3.654779229366779,-2.457712593819201,0.127791479229927,0.1293016374111175,-0.0358602238527382,0.3360013961791992,-0.433030913145095,-0.1355837978355586,2585
1726744860812339500,5.536145933431387,-3.4168618691295385,-0.8088964622616768,2.2245091103613377,-8.392837094798683,-4.558754606726765,-0.713839590549469,-0.4454414546489715,-3.8178982734680176,0.4267174770556818,-0.8063708750518591,0.2867015971899449,-0.2923704073622831,-1.7026127576828003,1.3673218488693235,3.87120509147644,-6.5471133665233845,0.8801692620977759,-1.0750637654274702,0.1635816246271133,0.1945499330759048,-0.2325873425872065,0.1216004267334938,-0.4636260309603065,-0.4045571348654106,2586
1726744860852104700,3.577415419179201,-3.878227334746718,0.1225584581762552,3.427121105076373,-7.817149668952823,-4.828811026285589,-0.6111446022987366,-0.482955664396286,-4.152785301208496,0.3941824102348831,-0.8350077154017067,0.221275757338136,-0.3137187355682999,-1.4583848714828491,0.9783101081848145,3.929816722869873,-5.700897519692778,-1.044650214724243,0.4213603490956127,0.1562662571668625,0.1533707529306411,-0.668074179250747,-0.1124932318925857,-0.3128603730186819,-0.3602920958770438,2587
1726744860891360500,1.5805696938052771,-4.497505480515956,0.6542769784361123,4.600212406274676,-7.020400156080722,-5.071729848071932,-0.5583118796348572,-0.4218561053276062,-4.32492208480835,0.3585806873978864,-0.8580130237254282,0.1496659580217143,-0.3359073467405731,-1.758308172225952,0.7017077803611755,3.661210298538208,-4.117214370042086,-2.266183767530322,0.7887088297575712,0.1326839178800583,-0.0003145928494632,-0.8246658399321138,-0.3117845952510834,-0.1264974781256169,-0.1963758644612506,2588
1726744860931641600,-0.5358364769726991,-5.017905318903923,1.1371505115061995,5.645661954683065,-6.032533028069138,-5.282561048462987,-0.5022684335708618,-0.2856984734535217,-4.165361881256104,0.3204937742373002,-0.8737300389530548,0.077016136329032,-0.3576984001207818,-1.5773557424545288,0.4886450171470642,3.273534774780273,-3.1686668605059385,-3.974456881184876,1.0361392837494612,0.137270912528038,-0.2416107058525085,-1.1370824877712875,-0.4630409777164459,-0.0492848810109542,0.0888116348644718,2589
1726744860971410400,-2.369653494355082,-5.3135336943537,1.469443022486567,6.439496456891298,-4.996047707360983,-5.453693275672197,-0.4441910982131958,-0.2931147515773773,-3.517814874649048,0.2841630028063187,-0.8820103882289225,0.0108922958611547,-0.3757530935802724,-1.110364317893982,0.4020829796791076,2.87790846824646,-2.534644150069356,-5.450418199524283,1.3849480452448129,0.1939418464899063,-0.3515029847621918,-1.4230825455889105,-0.4751389026641845,-0.1889750866854563,0.3677568787997588,2590
1726744861011179800,-3.159981449747085,-5.363984363174438,1.7218173626214264,6.939078548178077,-4.069918365859985,-5.6085033136338,-0.4808113873004913,-0.2358072698116302,-2.683889389038086,0.2525933051286873,-0.8855575068798215,-0.0417372277848329,-0.3876111967360192,-0.7236189842224121,0.3294744193553924,2.4646542072296143,-1.543165845823288,-6.717889619901776,1.9125158755660057,0.1850354969501495,-0.3876506686210632,-1.3987116360507903,-0.4057638049125671,-0.2690147284861653,0.5486225279834122,2591
1726744861050948600,-2.6242355736672875,-6.572053161990643,1.400203482043743,7.249083824026584,-3.2625787776514885,-5.742536521026492,-0.7833482027053833,-0.0472640469670295,-2.1005029678344727,0.2230706840662634,-0.8868441014099461,-0.0793436699188354,-0.3968016203494379,-0.631960391998291,0.3266355693340301,2.023815870285034,-0.3750584705173969,-7.575984705096483,2.2318121268510818,0.1478728950023651,-0.2673607468605041,0.3799280493151396,-0.2504218220710754,0.0612538663180079,0.5372620162637904,2592
1726744861090776300,-3.401026002094149,-7.8859554941534995,1.7504297091215848,7.523840091839432,-2.4754008107230066,-5.78226413578093,-1.107965350151062,0.5807672142982483,-1.7486759424209597,0.1912426337771539,-0.8853224558067452,-0.1049646286195625,-0.4106248366486158,0.1624155044555664,0.2480779588222503,1.6008119583129885,-0.9062392306387425,-9.448393026679751,3.1235259885311124,0.001408799784258,-0.284032940864563,1.5298654886148868,-0.1109176948666572,0.1280969035457353,0.5979948635155334,2593
1726744861130547700,-6.565326484084129,-7.943944741785526,2.539663439536094,7.87989166406989,-1.7558638629995285,-5.567280491885542,-1.3356796503067017,1.494655966758728,-1.0340200662612915,0.1598182854918645,-0.8776909611467026,-0.11623629390943,-0.4365841642872334,0.6898508667945862,-0.0730444118380546,0.7816401720046997,-1.1338619913548231,-10.790332535803318,3.4658442189633845,-0.0317043252289295,0.0855178013443946,1.8893742155618964,0.0597339011728763,0.1057830635347403,0.1913067627697251,2594
1726744861170319000,-9.30899157025218,-8.171088194552063,2.885298247170448,8.245665004369616,-1.3708524460054934,-5.128365343007445,-0.961184561252594,1.4747693538665771,0.432816207408905,0.138497077072593,-0.8660556994429363,-0.1068708595317019,-0.4683424171075511,0.0987435951828956,-0.3251622319221496,-0.7542153000831604,-0.6677478699058293,-9.898771818858384,3.333466377562284,-0.1751528531312942,-0.124623104929924,1.287848876365274,-0.0652609914541244,0.230115764841903,-0.3713884767677635,2595
1726744861210090500,-8.162990812814234,-6.277900704312324,2.903807132807374,8.394630992478131,-1.6935935770474373,-4.778318271888792,0.0944063141942024,0.7713824510574341,1.8718103170394893,0.1448771538106476,-0.8587610670280714,-0.0784592460248522,-0.4851641788999654,0.0200338680297136,-0.6146895289421082,-2.33454966545105,0.0112374333292245,-8.104173882186412,3.0688743608891964,-0.1790841966867447,-0.0234330222010612,-0.5248789565633982,-0.106078140437603,0.4412953950781375,-0.305983016328793,2596
1726744861249861600,-5.196424149233103,-5.135898661121725,0.9204659089118242,8.31367587980032,-2.5090865149647,-4.556061714380979,0.8253012299537659,0.2893823087215423,2.334539890289306,0.1752295538731662,-0.8545677318919305,-0.0448161814725912,-0.486826699027473,0.5369195938110352,-0.4846366345882416,-3.460782527923584,-0.1229395664483308,-6.892077727550268,2.315007711932063,-0.0910323113203048,-0.1504983156919479,0.6913355931770057,-0.0992861539125442,0.942465486208722,-0.0406774308591382,2597
1726744861289633000,-3.352435866448283,-5.429224020326137,-1.6194015287637709,8.023225783771275,-3.437702704845369,-4.46995228767991,0.7427499294281006,-0.4133946597576141,2.4073026180267334,0.2125644793414683,-0.8530781353550522,-0.0127217528504494,-0.4763531618676168,1.8431556224823,-0.7125536799430847,-3.786542415618897,-4.113057250362634,-6.123458915141224,1.4982669659107923,0.0016883763018995,0.0671764463186264,-0.3675561685958877,-0.0939995497465133,0.193816590166185,-0.3560726880837231,2598
1726744861329404400,-2.218160618117452,-5.176622885698079,-1.6343392779156565,7.503509835994243,-4.338083564844728,-4.587891269361973,0.790899395942688,-0.9566969275474548,2.622478723526001,0.2477779874836237,-0.856460380538297,0.0198235594376885,-0.4524253171690199,2.746381521224976,-1.1163958311080933,-3.7946858406066895,-6.701052466869354,-4.191335545046627,-0.2964689179271459,0.0278052780777215,0.2191977947950363,-0.1011282417325303,-0.2552467286586761,0.2522346759358421,-0.5238257577160373,2599
1726744861369175600,-1.162873566305637,-3.809547181752324,-1.7874407583937049,6.795382024905085,-5.29844426177144,-4.681840888169408,0.9671052098274232,-0.8684887290000916,2.8894577026367188,0.2883205479991908,-0.8577772667561161,0.0540889650263011,-0.4220944333217962,2.7984509468078613,-1.47485613822937,-3.775082588195801,-7.132187629395723,-1.4496581255644558,-1.331026485443115,0.0119031760841608,0.3605793714523315,-1.2259354410268366,-0.3505059778690338,0.0847396361852064,-0.2866514709310606,2600
1726744861408947000,-0.2201753673195838,-2.43068050224781,-1.9654753123372792,5.971347614744305,-6.224059808531403,-4.666314817735553,0.7557748556137085,-0.5694729685783386,3.081616163253784,0.3285912924547312,-0.8539031635045954,0.0936227948440003,-0.3925710264569983,2.236508846282959,-1.6242432594299316,-3.767877101898194,-6.564098403593897,0.4647679675370454,-2.5087349250480533,-0.0271250233054161,0.4544292092323303,-1.2854386003531515,-0.2881957292556762,0.1595672606923617,0.2260741247682832,2601
1726744861448718300,1.229675065946579,-1.503937412762642,-2.25365454082489,5.045228210115432,-7.03722737224102,-4.6036379968091845,0.4903705418109894,-0.4106585681438446,3.210386276245117,0.3643034887784535,-0.8457816888011577,0.1391889024236481,-0.364091644210491,1.8906069993972776,-1.6912145614624023,-3.7072536945343018,-6.207680920660495,1.3294234341606497,-3.4544410736784337,-0.0640456154942512,0.3777045309543609,-1.514915464503318,-0.1435390710830688,0.472939620087482,0.5021629380928352,2602
1726744861488489700,2.7739441968366503,-0.7921674457788467,-2.179893431304395,4.032471847780049,-7.674926140841841,-4.583127415961027,0.1395862847566604,-0.3485986292362213,3.2061479091644287,0.3930612931598317,-0.8356822867739194,0.1879084229770283,-0.3344074310758435,1.6134132146835327,-1.7137640714645386,-3.574910879135132,-5.1619426184386015,2.6483523623138665,-4.68178068241477,-0.0406369678676128,0.2028772085905075,-1.5141158385582267,0.0116333561018109,0.7446008079618215,0.6456012122884393,2603
1726744861528260900,4.275519848904014,-0.2229606141239404,-1.6917855047121644,2.957213144302368,-8.119933176854252,-4.635939260955155,-0.102129727602005,-0.3588168919086456,3.191382884979248,0.4147603104876207,-0.8244273253248713,0.2380897038916062,-0.3026659349816828,1.2122223377227783,-1.6098852157592771,-3.2817270755767822,-4.120668894410133,4.022210858267545,-5.503437257528304,0.0170301832258701,0.0635193064808845,-1.231780075401813,0.1879805326461792,0.8394978636872023,0.7027974829118698,2604
1726744861568032300,6.182423145285249,0.586779313224554,-1.380203481066227,1.870175009573251,-8.405194472068548,-4.69313794273138,-0.0296210702508687,-0.3338407278060913,2.9459891319274902,0.4330551721976319,-0.8107593773624862,0.2862737811777436,-0.2705176599332875,0.8230541944503784,-1.4161590337753296,-2.590833902359009,-3.2191040853232145,5.741575567039847,-6.215444540399313,0.0995781496167182,0.0270426236093044,-0.197152694052644,0.2933391034603119,0.964994713402912,0.3679125808181241,2605
1726744861607803600,8.388632044324279,0.4656880049914121,-1.9115595977544784,0.9074542324516922,-8.545818748289346,-4.723970887890458,-0.0314128845930099,-0.5166465044021606,2.2059080600738525,0.4485454272395726,-0.797146529804891,0.3246735257948215,-0.2407312950205764,0.293411374092102,-0.8662074208259583,-1.5021699666976929,-2.574990773504972,6.33342969931066,-6.040570788574218,0.1156927943229675,-0.1537742912769317,1.5893592955909668,0.3035237491130829,1.4423784899502992,0.2147164443265646,2606
1726744861647574800,9.370339480662343,0.7320458622932433,-1.5643068335294723,0.2191863562822341,-8.583680569171905,-4.737381865866482,0.0353195630013942,-0.4369297623634338,1.2512134313583374,0.4598689775386057,-0.7880578346511646,0.3471370163655202,-0.2167517805269248,-0.7932558059692383,-0.6400755643844604,-0.1859905123710632,-3.7791423988774415,6.516309647458791,-7.058202355730534,0.1431816220283508,-0.3916105031967163,1.0760312222201376,0.3542470335960388,1.2390420292288065,0.1563770680826157,2607
1726744861687346200,9.161014008659125,1.37920920933187,-1.14073070808053,-0.0976139774007257,-8.594435771942138,-4.721920385101437,0.0147914299741387,0.1983541548252105,0.4409173130989074,0.4651745712000917,-0.7822842468103857,0.3588625052558737,-0.2070306090711962,-1.697471022605896,0.1839309930801391,0.7511216402053833,-2.0217370055243373,7.234116556519269,-6.861372792685032,0.2073645740747451,-0.3822353184223175,2.4937866545021534,0.2828024327754974,1.033795350971818,-0.0088584423671098,2608
1726744861727117600,8.203236313962936,1.897203740143776,-0.7796586773395537,-0.019107090133737,-8.588548467469215,-4.73358978010714,-0.0148439221084117,0.783864438533783,-0.2947443127632141,0.4612401804616509,-0.7800594598331453,0.3644902686717697,-0.2142700338155108,-1.600253343582153,1.0433781147003174,1.6655683517456057,-3.6418779544785616,6.488391712963581,-5.107759192830324,0.268046498298645,-0.1429327577352523,0.513835365305841,0.177408829331398,0.130828794461349,-0.2263471147570759,2609
1726744861766889000,7.354525727707147,1.932671943888068,-1.2018144145965577,0.3543546321194619,-8.587205820688604,-4.722786938802898,0.0154881663620471,0.6975228786468506,-1.0028709173202517,0.4526887218973242,-0.7808800493414041,0.3619688850528078,-0.2329759734955863,-0.859772801399231,1.5805699825286863,2.645277738571167,-4.54979330163598,4.909565940216184,-3.391630689500272,0.2824544906616211,0.0571125671267509,-0.3666748191840946,0.1014860868453979,-0.7153554242551327,-0.0562132326691411,2610
1726744861806659300,6.864846606275439,0.7923667677432298,-1.662524046653509,0.9016441579334438,-8.535961371141672,-4.742862343104183,-0.219231903553009,-0.0287397671490907,-1.8269864320755005,0.4420611736171649,-0.7897851584945932,0.3435958223143916,-0.2505256376445958,-1.152050256729126,1.7176905870437622,3.4252846240997314,-5.878270687118173,4.217949703466892,-2.7103131439253687,0.2231616824865341,0.4256543815135956,-0.0310259309975081,-0.012235352769494,-0.8287399575032294,2.5578540895e-06,2611
1726744861846426400,6.445339922222495,-1.1891548395097256,-1.4285501633450388,1.583315777643025,-8.35143891648352,-4.890496205826104,-0.5072621703147888,-0.7486818432807922,-2.6800310611724854,0.4271837671596269,-0.8097769226949738,0.3059530212168042,-0.2610901760845553,-1.913057804107666,1.6110966205596924,3.9873547554016113,-6.244080267775058,2.738140185266733,-2.1018793405145404,0.1801172196865081,0.5870924592018127,0.6951850351467728,-0.0762796401977539,-0.4078315168935805,0.0255364781521959,2612
1726744861886197800,5.310840802007913,-2.4736539670556783,-0.1144318503439426,2.38831333277002,-7.997087718430161,-5.149071446427703,-0.5513715147972107,-0.9694377779960632,-3.3312206268310547,0.4069804607119532,-0.8362254110481159,0.2515087110769556,-0.2680248926009631,-1.8108928203582764,1.155340313911438,4.249207496643066,-6.56817778186202,0.007006663891673,0.4143687366425991,0.1039802581071853,0.4366904497146606,-0.0970692851979285,-0.2416217476129531,-0.2242323145601898,-0.1125199249085504,2613
1726744861927214000,3.3507629648,-2.237322414705157,1.1135118617653843,3.3158903888612983,-7.509770065432787,-5.364565377932786,-0.274834543466568,-0.5221577286720276,-3.68966007232666,0.3842423071443265,-0.8591981239142672,0.1878704314141977,-0.2807863818479642,-2.0258615016937256,0.6568095684051514,3.9237468242645264,-4.5033781719416375,-1.029253908149898,0.7119080602802336,0.0236540231853723,0.3306727707386017,-1.0446212808907032,-0.232227548956871,-0.2195233879505656,0.121703585779434,2614
1726744861966985500,1.5851973536059258,-2.6261796934723853,0.9430693703860044,4.36125079768151,-6.878949950429797,-5.461674922075868,-0.2026792764663696,0.0188360437750816,-3.918650150299072,0.3590464156868969,-0.8739129419594928,0.1214252570655618,-0.3043314702065521,-2.298815488815308,0.3963895440101623,3.314181566238404,-2.7993051403254268,-2.184349972321838,0.6619074002493173,-0.0183764658868312,0.0445405766367912,-1.1722583575055003,-0.1933240294456482,0.0903674860043451,0.1269556610887404,2615
1726744862006757000,-0.3100958767414092,-3.494939965066313,0.6409837816208601,5.416179245314002,-6.059570088076591,-5.4878948204815385,-0.2579997777938843,0.2154604196548462,-3.925060272216797,0.3297802111110938,-0.8813631324844334,0.0548068176868567,-0.3338266508493304,-1.91838014125824,0.2484384328126907,2.840906858444214,-2.586466691765189,-3.717685182873904,0.5886953394463286,-0.0563493706285953,-0.1850996017456054,-1.3928534115418791,-0.1538274586200714,-0.094932665894879,0.1811668971525505,2616
1726744862046528000,-2.073610108363628,-4.317573276257515,0.6669768855333328,6.285757847553492,-5.1018140206903215,-5.534536744669079,-0.449413537979126,-0.0049168826080858,-3.545405864715576,0.2975572459248932,-0.8843708479451088,-0.008429521452174,-0.359550742692136,-1.162458419799805,0.2521132826805115,2.584022283554077,-2.3505331988215445,-5.425628041660786,0.8060439954400062,-0.0868051722645759,-0.2860167026519775,-1.4246769751735031,-0.0709840059280395,-0.2056266357515938,0.2637485515862703,2617
1726744862086361900,-3.2837574670195577,-4.803826222632825,1.310623748883605,6.837651140835881,-4.13702118653506,-5.683484612599015,-0.6941494345664978,-0.313258022069931,-2.7953221797943115,0.2638779267284641,-0.8865713443361595,-0.0613865974062335,-0.3749552905287935,-0.5899024605751038,0.3055474162101745,2.4087488651275635,-1.4208032024800776,-6.561265225994586,1.430887374120951,-0.0921078771352768,-0.3122035264968872,-1.193604950786382,-0.0102526945993304,-0.1638122595846652,0.3910737127076834,2618
1726744862126135800,-2.9242122074544428,-6.011913433888554,1.6346791773945093,7.111372220382094,-3.2882135696455834,-5.898004730635881,-0.8393933773040771,-0.3315378427505493,-2.054196119308472,0.2313649849509074,-0.8892476330211568,-0.0997657125038057,-0.3817798011737142,-0.1718732565641403,0.3509790301322937,2.096125841140747,-0.2172819839656352,-7.538929524421691,1.8543951105088,-0.0869833752512931,-0.2426474094390869,0.4184964475644752,0.0636531412601471,-0.0364713392051169,0.5699525354556739,2619
1726744862165909800,-3.00118672606349,-7.162528991645575,1.7070143457651137,7.284266196566819,-2.5684049653738734,-6.042615446144342,-0.9628645181655884,0.1106065064668655,-1.486580729484558,0.2017253916741163,-0.8901983849165148,-0.1250378905918309,-0.3888693723395148,0.68113112449646,0.2902645468711853,1.593411207199097,-0.3447515950590372,-9.485819963276386,2.9250819760262963,-0.1614546626806259,-0.0904156565666198,1.146456392250955,0.2746728956699371,-0.2588319187764078,0.7689904222004115,2620
1726744862205683700,-5.105629779586196,-7.108442596670985,2.5957553291141986,7.5174875079423185,-1.960643362136185,-5.984447334814071,-1.2795840501785278,1.004472732543945,-0.7817186713218689,0.1742808941040044,-0.8871143397637928,-0.134722104234269,-0.4055911423668132,0.9160216450691224,-0.0340194590389728,0.5652089715003967,-0.4167606002151965,-10.222698652553555,3.2203473633825777,-0.1960565894842147,0.2037789225578308,1.9942228295244275,0.4937927424907684,-0.0206513912580674,0.3854209476429969,2621
1726744862245457700,-7.903352619156241,-7.205044775813818,3.3151626591086387,7.851430124217272,-1.5955921986311674,-5.655047038143873,-1.0992732048034668,1.5208948850631714,0.4670740962028503,0.1534818982597939,-0.8792372052981863,-0.1235681296457264,-0.4337237511451607,-0.1138360500335693,-0.3657275140285492,-0.9851422905921936,-0.4233557606965303,-9.005042525702715,2.89706467280984,-0.2953027188777923,0.0227791927754879,1.6847192195877432,0.3779993057250976,0.1597026140424423,-0.3150545951273292,2622
1726744862285231600,-7.818501668083667,-5.65826132401526,3.368676222631335,8.025900555938481,-1.896043464192748,-5.306633413445949,0.2224436849355697,0.8273500800132751,2.043678045272827,0.1588878525684676,-0.8728782735045254,-0.0929866944869048,-0.4518758324193174,-0.3092643916606903,-0.6133186221122742,-2.4760332107543945,0.0339905324071645,-7.399501179987192,2.693577989962697,-0.3240068554878235,0.0024178335443139,-0.507560705483146,0.2304726541042328,0.4367725838914513,-0.6485472026124596,2623
1726744862325005600,-4.481806391602754,-5.0625581151008605,0.934681481269002,7.936937493371963,-2.848183445262909,-5.006320095050334,1.31183922290802,0.6167922616004944,2.6624059677124023,0.196891250763995,-0.8672290987687471,-0.0562580522877846,-0.4538529331839416,0.5566033124923706,-0.44016233086586,-3.37611722946167,-0.4815250410705805,-6.761531193229556,2.009718943211436,-0.1904172450304031,-0.2747392356395721,1.5552541968934237,0.0718136578798294,1.5180226367384195,-0.3100827980641275,2624
1726744862364779500,-2.534814245939254,-4.870716861861944,-1.969749336394668,7.649576011008023,-3.9436858953461047,-4.701243507775664,1.3117432594299316,0.0936174467206001,2.6300222873687744,0.2445646948358645,-0.8598103783476659,-0.020562789546387,-0.4477625658086547,1.9835363626480105,-0.6639469861984253,-3.5854432582855225,-4.937016841721534,-5.945092060503363,1.015704983007908,-0.0834965705871582,-0.3265562951564789,-0.0852522162166889,-0.0977857857942581,0.3727113228693604,-0.5583479493144899,2625
1726744862404553500,-1.479766848102212,-4.004184787711501,-3.10728563234806,7.1499845673710105,-4.949830146065354,-4.532911140418053,1.2887670993804932,-0.4774262309074402,2.5672249794006348,0.2897527453522059,-0.8549841382837728,0.0107831250237821,-0.4300339520491684,2.775606632232666,-1.2235438823699951,-3.644061088562012,-7.295317167413234,-3.815348561507464,-0.6634178048122674,-0.0040884939953684,0.0176977720111608,-0.1814707024047151,-0.3842374086380005,-0.0255234953730367,-0.7038681078180671,2626
1726744862444327400,-0.7832166620820761,-3.0460616405785084,-3.078661595410108,6.491891245517135,-5.844207673996687,-4.457686680346727,0.5972365736961365,-0.4097075164318084,2.694252014160156,0.3289939427489798,-0.8516795580118605,0.0438257515621209,-0.4055665549918452,2.663451910018921,-1.4360820055007937,-3.8182413578033447,-7.092966795119643,-1.4821682101555167,-1.5476479596734043,0.0298133604228496,0.3891262114048004,-1.2580952508755028,-0.6451061964035034,-0.1993602323005907,-0.615442513129115,2627
1726744862484101000,-0.1538356399714946,-1.938777859547734,-1.6829092475563288,5.777217373785376,-6.569467237150668,-4.431284118850529,-0.1075718030333519,0.2979041934013366,2.9538044929504395,0.3546252090797981,-0.8473007396761764,0.0895213098675472,-0.3851084075825473,2.262057542800904,-1.6056485176086426,-4.020974636077881,-6.645671940430998,0.4278934041261673,-2.377884877736121,-0.0081489467993378,0.5958359837532043,-1.4411875266000629,-0.6116122603416443,0.1082932562573812,0.2172708963160403,2628
1726744862523875000,0.8289069846332072,-0.9829846166670322,-1.183760286989808,5.049157950779796,-7.178400514516234,-4.375726482279599,-0.4118078052997589,0.7552506923675537,3.061708450317383,0.3716026583503218,-0.8375550717704133,0.1469743762351512,-0.3725742999570349,1.9101625680923464,-1.608782172203064,-4.0738205909729,-5.798880339539051,1.8289634398713708,-3.56812005982846,-0.0983703434467315,0.5522143840789795,-1.6845421094551682,-0.2709704935550689,0.4854882456131279,0.7734688827887177,2629
1726744862563648000,1.900349636954069,-0.2488321374833583,-1.0970084707319736,4.258884063662588,-7.658018845182656,-4.403070708540081,-0.4635706543922424,0.3183255791664123,2.972898244857788,0.3838664007468007,-0.826168724158498,0.20479104374634,-0.3579838370202928,1.8149596452713013,-1.5784281492233276,-3.912654876708984,-5.113904855978489,3.005518033266067,-4.613929965981841,-0.1433635354042053,0.3718231320381164,-1.3623266097225248,-0.0183302331715822,0.8699491891175508,0.6055701210753992,2630
1726744862603422000,3.441157521474361,0.302899243235588,-1.1152870547443627,3.339521439817548,-8.029437497892975,-4.532785175950825,-0.3734820783138275,-0.3836005330085754,2.8475775718688965,0.3974899830664021,-0.8160439533125522,0.2553037246121887,-0.3330076509109009,1.4804527759552002,-1.5033098459243774,-3.4883687496185303,-4.3327556478202345,4.295992728090286,-5.567008689206839,-0.1305981874465942,0.0986656248569488,-1.0521070335362106,0.0499845258891582,1.1264840099327265,0.3948459612553939,2631
1726744862643196000,5.183203433132172,0.7309142279148101,-1.0584007999181746,2.3200750783242285,-8.272499819803237,-4.727935699868202,-0.3520874381065368,-0.9316694140434264,2.6289429664611816,0.412736083069693,-0.8082583603118868,0.2962702429350021,-0.2976428566799674,0.982235312461853,-1.2395367622375488,-2.692392349243164,-3.217896463099122,5.887182892370224,-6.210136497119069,-0.0411471128463745,0.049993734806776,-0.020053251834982,0.0219213515520095,1.145947273685038,0.3688543917128816,2632
1726744862682969900,7.258018825632333,0.107478377944231,-1.18086573459208,1.2913752969257533,-8.38902075138092,-4.911927408650517,-0.3488268852233886,-0.9302654266357422,2.392045259475708,0.4273865594917302,-0.8007351308821402,0.3305478099473999,-0.2586542076537164,0.5556150078773499,-0.6219526529312134,-1.4161385297775269,-2.5862618168428537,6.356903513878583,-6.03176555082798,0.0467743314802646,-0.1308857053518295,1.326535896025598,0.009894629009068,1.4981458237491547,0.4558412588356063,2633
1726744862722743800,8.905184559634327,0.8095359292089939,-0.5296621722519398,0.4244209422426298,-8.388383037999272,-5.06214719621241,-0.3991741240024566,-0.3981697261333465,1.867525935173035,0.4367811552677709,-0.7924644140529561,0.3606907516273827,-0.2261077799518766,-0.2610060572624206,-0.299532949924469,0.0381220802664756,-3.694219551612437,5.693828896480799,-6.6288418016612525,0.1369694024324417,-0.3051009476184845,0.7306321230378001,-0.0349889062345027,1.2466606875389814,0.1489886931306682,2634
1726744862762517800,10.166720160222052,1.1611907277852296,-0.0958241805076599,-0.0238345125229214,-8.30533709052205,-5.214514517197013,-0.5316239595413208,0.4621363282203674,0.7655748724937439,0.4352747447759649,-0.7861413641007414,0.3845100908402414,-0.2113516948481685,-1.219680666923523,0.3407415747642517,0.9735771417617798,-2.0147595677271486,6.594623305717111,-6.495071044597029,0.1835827976465225,-0.3695163130760193,2.77173499635458,-0.2257132083177566,1.1827512560777365,-0.2618276117273606,2635
1726744862802291700,9.262595145258308,0.913752090486884,0.5316518847644329,0.0875102699423208,-8.190179848513006,-5.392928718107939,-0.4545199871063232,0.9832578301429749,-0.3966531455516815,0.4214784390845345,-0.7864192164363516,0.3956104940040483,-0.2176995068855222,-1.324723482131958,1.012354850769043,1.8111755847930908,-3.589973579718172,6.180142340871691,-4.0558571072816845,0.2134183794260025,-0.3403114676475525,1.4593424842327831,-0.330110639333725,0.6015182518687099,0.0259430679254001,2636
1726744862842059300,7.755331218421459,1.077135895526409,0.6074561905503273,0.5676621594961733,-8.128059784686565,-5.45736115052998,-0.0202665608376264,0.935127019882202,-1.184911847114563,0.4061187289912554,-0.7900762789905361,0.3924633081943519,-0.2383686497296959,-0.8601046204566956,1.2296777963638306,2.992267608642578,-4.887575057682395,4.271519965612888,-2.8751632221251726,0.2008100599050521,-0.0447234213352203,-0.5370531592860818,-0.1240471303462982,-0.9311967809583992,0.6105644587639719,2637
1726744862881833200,7.222133273258805,-0.0769751031309366,-0.2545738960057497,1.2494495876051486,-8.082313932555913,-5.411603023439645,0.0612028427422046,0.4444906413555145,-2.12621808052063,0.3935433805083472,-0.7984991432827901,0.3719060277665575,-0.2630752407618982,-1.8859282732009888,1.46999990940094,3.6521244049072266,-5.303154339158534,4.528339594718814,-3.257570886361598,0.2028917670249939,0.1213944256305694,-0.1176175129090435,0.0479495041072368,-0.857922870432958,0.3684246950587257,2638
1726744862926578700,6.144480660381912,-1.691487690809369,-0.4087181635349988,2.123445275634527,-7.901029729166626,-5.406947306588291,-0.0605568587779998,-0.1414664685726165,-3.121809482574463,0.377793124381125,-0.8163081451204164,0.330633628263538,-0.2856478815831959,-2.966667652130127,1.2649704217910769,4.062966346740723,-6.614706308802962,3.0572926441669463,-2.0900100390225647,0.2752484679222107,0.1566814631223678,0.5350287042537704,-0.0648107975721359,-0.3819159351967275,-0.1569278338331729,2639
1726744862966352600,4.319432348127663,-3.0385733306497333,0.2161930196851491,3.1099244564190505,-7.526738151368498,-5.463234426477551,-0.0132359592244029,-0.5718122124671936,-3.7316839694976807,0.358747624582994,-0.8397397254771216,0.2708959951763171,-0.3045530816276308,-2.4213638305664062,0.7306448221206665,4.300757884979248,-6.67440937461555,0.3616287878409028,0.2579021636456251,0.2620948553085327,0.0661721006035804,-0.3889876636812463,-0.3069918155670166,-0.5204090080751106,-0.4010049588091671,2640
1726744863006126600,2.3647499402225014,-2.912307250127196,1.085371808952093,4.087623533898592,-6.996994146052002,-5.523024586051702,0.1909531205892563,-0.4865995645523071,-3.841352462768554,0.3391904488704731,-0.860820252441244,0.2014556800959057,-0.3214871366583071,-2.356410026550293,0.3913092613220215,4.113679885864258,-4.232602498197555,-0.5579597537145018,-0.0975004431568086,0.195075511932373,-0.0699176490306854,-0.8245143756974488,-0.4379173219203949,-0.3233816939678043,-0.0837311532624065,2641
1726744863045900500,0.9783201319873333,-3.35383988802731,0.8199696449398994,5.062251825630664,-6.345521703642606,-5.502579763916135,0.2013683170080185,0.0779495611786842,-3.8137729167938232,0.3183052777530593,-0.8735213489529189,0.1323402774505478,-0.3436981053105158,-2.6290979385375977,0.2242613583803177,3.754513502120972,-3.163036745664477,-1.9833879856467247,-0.2684603825390338,0.1245971918106079,-0.3081725537776947,-1.2224836200725286,-0.3459924161434173,-0.2294640229349024,0.419663299386762,2642
1726744863085674500,-0.5001093300312757,-3.963024509805441,0.4137485589176416,6.0214370490372175,-5.550484839907289,-5.39488511287272,0.1736941337585449,0.4055600166320801,-3.7231853008270255,0.2940866134422484,-0.8778428281518688,0.0667424574290506,-0.3720892844887924,-2.3247594833374023,-0.0311931539326906,3.460800170898437,-3.513593227609992,-4.08810138054341,-0.573075197520852,0.0947877764701843,-0.4148557186126709,-1.4862344366811215,-0.1878794878721237,-0.396105423264578,0.5244572970852256,2643
1726744863125448400,-2.0181337203353644,-4.470636762812734,0.2144534825414419,6.8298799223124975,-4.649176343668997,-5.282827590444684,0.0411151982843875,0.2045021653175354,-3.475102424621582,0.268203134536232,-0.8771139645655579,0.0045113848345632,-0.3983939908168691,-1.7585334777832031,-0.0329128615558147,3.123952627182007,-2.8211861327439545,-5.775391327401995,-0.4987327809810638,0.086382657289505,-0.4317939877510071,-1.1818334105804562,-0.0992482528090477,-0.3599144582036882,0.4081799284724518,2644
1726744863165015800,-2.922710570719838,-5.039443781495094,0.5522042589277029,7.390888834464549,-3.706873573741317,-5.272970797818899,-0.0721063390374183,-0.045654609799385,-3.086348533630371,0.2408185940271157,-0.8752748536440287,-0.0523509312146839,-0.4161245795383789,-1.2118533849716189,0.0473494865000247,2.7157561779022217,-2.007123081499338,-6.995707613372803,-0.1740057368189096,0.0650713145732879,-0.3304959833621979,-0.9352892379038036,-0.0121422531083226,-0.3652711994638666,0.3594041705939919,2645
1726744863204781600,-3.39442382735014,-6.178114634436368,0.3050000149071216,7.746633532702923,-2.829770421215892,-5.305888148036599,-0.1712155044078827,-0.0763433650135994,-2.5759263038635254,0.2151977730585322,-0.8719294456677124,-0.1013116879677276,-0.4279776796351077,-0.6997442245483398,0.2307849824428558,2.188215970993042,-0.6823872206330299,-8.226231989625095,0.1064379289805889,-0.024947689846158,-0.1582830846309662,0.6134969320192932,0.0486014336347579,-0.1873096194249577,0.186362876626756,2646
1726744863244546000,-4.1989772919714445,-7.34118460009694,0.4381897572129964,7.970891200900077,-2.037501707019657,-5.337025629100204,-0.5868290662765503,0.215350866317749,-1.963645815849304,0.189201300177238,-0.8678557459694276,-0.1376189255183792,-0.438280977389422,0.6384483575820923,0.2780761122703552,1.5646847486495972,-0.8120382674187421,-10.539359879159926,1.2258300078909845,-0.1757505387067794,-0.0627892538905143,1.2731634945392607,0.1787438094615936,-0.0154586677534505,0.297762684064731,2647
1726744863284311800,-6.336766150256991,-7.030918627485632,1.5381740288853645,8.219356843158602,-1.347889211308211,-5.176463311222196,-1.0011892318725586,1.1864399909973145,-1.2485507726669312,0.1630768718023903,-0.8599486990116758,-0.1562511211900937,-0.457689648598855,1.2268881797790527,0.3142752945423126,0.4338261485099792,0.3892313727766275,-11.137356167447566,1.49838328576684,-0.2035722732543945,0.2556082010269165,1.7194238916136324,0.3359033763408661,0.1966957805979997,0.0744220987464534,2648
1726744863324077600,-10.237750091212988,-7.993124660018086,2.2040110967338085,8.526343063446879,-0.9939601841896772,-4.741713757590949,-0.7754926681518555,1.4496954679489136,0.6366212368011475,0.1461004700978397,-0.8480156482923742,-0.1504313126979928,-0.4867179513306164,0.3484556972980499,0.2430188506841659,-1.149391770362854,0.1884025109618902,-9.50835795829892,2.285803244757652,-0.2989767789840698,0.1895749568939209,1.4945461918219922,0.2160618603229522,0.4764709360187873,-0.6811855897583067,2649
1726744863363843300,-8.843376045975088,-6.746404935768246,2.0858847757861017,8.67637814209163,-1.6165410247661172,-4.275231971873343,0.3273603320121765,1.6292169094085691,3.014767646789551,0.1655369083476741,-0.8398751057796193,-0.1121872025312307,-0.5046000788227123,0.1747536659240722,-0.0034474884159862,-2.5059406757354736,-0.5431055911928415,-8.660069396847486,2.295254963713884,-0.3962284326553345,0.1213963702321052,-0.3437075293662026,0.2681829631328583,0.7101876662284136,-0.2433472397988662,2650
1726744863403608800,-4.935960026144981,-6.973826036432385,-0.944181715542078,8.661936359763144,-2.9507383953303097,-3.5262419890418646,0.2363295555114746,2.3439271450042725,4.20510196685791,0.2127894226095838,-0.8231447780511564,-0.0471272628242386,-0.5243399326960132,0.9820310473442078,0.0972056686878204,-3.457077741622925,-1.3394652279645205,-7.381193369880318,1.5337217256516218,-0.401645302772522,-0.2070517241954803,0.7752345772869884,0.285944253206253,1.2911379810385406,-0.3261734070455655,2651
1726744863443374300,-1.375393450435996,-5.667591462418437,-2.65393191601187,8.322918924441932,-4.428009334963559,-2.700400529459119,0.0344943329691886,2.2317824363708496,4.239017009735107,0.2607257052893473,-0.7978804404552697,0.0326943395328617,-0.5425311854317051,2.244679450988769,-0.2096727788448333,-3.869819641113281,-4.79989034448862,-5.9645952178746455,0.9739461546868086,-0.3142156600952148,-0.0691471621394157,0.0446436310763703,0.072205826640129,0.6493876720245927,-0.8215590330231934,2652
1726744863483140000,1.1652876417100428,-4.229081338334083,-3.3463363805294035,7.679640894404053,-5.686804112410545,-2.203124084766209,-0.1383055746555328,1.0090768337249756,3.5238163471221924,0.300757839278906,-0.7755751044529043,0.1039775142702845,-0.5451758074329875,3.25644326210022,-0.5656388998031616,-3.993763208389282,-6.485051754885912,-3.868066590738296,-0.1440870204279199,-0.2990394830703735,-0.0096224974840879,-0.071749728598888,-0.1763618439435959,0.5202796095417812,-0.6774154966350644,2653
1726744863522905600,1.22476800468266,-2.796047015312314,-2.1756714296951887,6.967891385686397,-6.590570815455913,-2.0453060971602794,-0.5422295928001404,0.7841148376464844,2.9361910820007324,0.3282976151106259,-0.7605171498797887,0.1609200181548181,-0.5365996722776071,3.9081954956054688,-0.9194827675819396,-3.9271042346954346,-6.66911185272932,-1.736452183303982,-1.0178437486022711,-0.2424534410238266,0.1210644766688346,-1.3881573626801371,-0.2634335458278656,0.2706492343528196,-0.145503344366094,2654
1726744863562671400,1.056218195182085,-1.404856860807538,-1.5545198912695048,6.228290577968955,-7.300610013124346,-2.019873403609544,-1.107661485671997,1.1007204055786133,2.9854698181152344,0.3433945749868642,-0.7445137397772494,0.2206449094664974,-0.528294764916746,3.871191263198853,-1.2385175228118896,-3.7673590183258057,-6.156044256925583,0.2520315180465579,-2.403087123531848,-0.1532295197248459,0.2516793012619018,-1.5778155727915464,-0.1745748221874237,0.2918060772152617,0.3883917801473289,2655
1726744863602437000,3.0650615246027706,-0.1717073967486619,-1.4993635289758442,5.455751377245783,-7.840786565127968,-2.219728305825591,-1.521213173866272,0.5872725248336792,2.524897575378418,0.3484080941866282,-0.730550616337128,0.2819050312402381,-0.5152057867198387,3.329548120498657,-1.597417950630188,-3.490579605102539,-5.688521437722444,1.8090177994295955,-3.851080676884949,-0.0851000696420669,0.2642600834369659,-1.7033308349467813,0.039118256419897,0.5486084629254415,0.7486608239423483,2656
1726744863642202600,3.774186237774789,-0.2577215463817119,0.5047285142645239,4.786581950104236,-8.14278506013155,-2.637064660102129,-1.6278291940689087,0.3069350123405456,2.016941547393799,0.3455720518912027,-0.7236956836025817,0.3327422986673124,-0.4961121127053091,2.441759824752808,-1.8134641647338867,-3.0974676609039307,-4.693857489177584,2.898532991796732,-4.97389491226375,-0.018142407760024,0.1412842571735382,-1.5296359176427126,0.3088285326957702,0.774399149376154,0.9549917903047056,2657
1726744863681968000,3.8922774874091135,-0.4444394652575254,2.673769419904053,4.163911239287257,-8.308461360022426,-3.1307623695254323,-1.7991763353347778,0.70821213722229,2.1696314811706543,0.3374970091314083,-0.7168553182294005,0.3817628919637553,-0.475889915828555,1.394249677658081,-1.86788809299469,-2.655236959457397,-3.8347926821678873,3.6864836966633794,-5.843724858915805,0.0420943014323711,0.0353239737451076,-1.1985738252401352,0.508845865726471,0.8945848870716988,0.7216868922989815,2658
1726744863721732900,5.780389574080705,0.3294429667681455,4.713435173089802,3.561486028641462,-8.44144651966691,-3.496880870001018,-1.370353937149048,1.459134578704834,2.26298189163208,0.3261770745214197,-0.6982850562948504,0.4366798519573754,-0.4640228255716179,0.5789778828620911,-1.7926677465438845,-2.21260142326355,-3.532085746634006,4.1602486251264805,-6.319865284338593,0.149007111787796,0.0242181699723005,0.2680885170193389,0.4814832806587219,1.2094182406637817,0.3084217329841107,2659
1726744863761498400,8.170823406136035,0.7359212424218654,2.827270421093702,3.1371409646466373,-8.545208507436513,-3.6480329699769616,-0.9340276718139648,1.2378965616226196,1.6000217199325562,0.3130709836837446,-0.6711295300154588,0.4853690096883108,-0.4647457896212252,-0.6417688131332397,-1.5200401544570925,-1.4063916206359863,-4.072175204876065,5.284762357899546,-7.143982112085819,0.1728863269090652,-0.2092675417661667,1.4811143171884118,0.3997878134250641,1.6772852701947092,0.3657106868596747,2660
1726744863801264000,8.087906053474544,1.4034773891478776,5.388997223877906,2.9213816602036355,-8.577552441680432,-3.749867204554379,-0.359681099653244,0.8279159069061279,0.6365625858306885,0.3040950893950249,-0.654998426284159,0.5120225408597279,-0.4651195080591854,-2.071242332458496,-1.3829971551895142,-0.3190454244613647,-3.9942110907077786,6.700131260371208,-8.019252203965186,0.2074708938598632,-0.176353320479393,1.4668202727675437,0.4627275168895721,1.3216903556905686,0.4810591771245002,2661
1726744863841033700,7.436633517551422,0.7293173141121864,5.839517470353841,2.932204959774017,-8.61207781161666,-3.6612431646838783,0.4242591857910156,0.5895105004310608,-0.0371624827384948,0.2996324180001553,-0.6454953460263356,0.5196221831910458,-0.4728097633623541,-3.266514778137207,-0.2728480100631714,0.8109399080276489,-2.531862410396337,8.910149488565326,-7.421272866812348,0.2222528457641601,-0.2891659736633301,2.118429785560072,0.3335921764373779,0.9502375815149396,-0.2366328185857273,2662
1726744863880799200,7.262254271245002,0.8001298029601573,5.613049140369892,3.154318601679802,-8.672264277032017,-3.318505832056701,0.9835523962974548,0.9198522567749025,-0.7011999487876892,0.2982302399567036,-0.6377183830607406,0.5123592191454784,-0.4917946620314457,-2.7834997177124023,0.5729391574859619,2.286873340606689,-4.207560995921492,5.34684033614993,-4.604711763520538,0.1612484157085418,-0.3867278397083282,0.2221295518609695,0.1321810483932495,0.2454457464480772,-0.2128893019646406,2663
1726744863920565200,6.023917759937048,1.738256456246972,4.610628294087946,3.627257892973721,-8.680243585348128,-2.768888374751806,1.4749246835708618,0.7374894022941589,-1.4186917543411257,0.2938108974243712,-0.6314278645648859,0.4924153438954745,-0.5220163760513289,-2.117279291152954,0.836469829082489,3.257884740829468,-4.193506751605868,5.4128965703815215,-1.8570345191016795,0.1365046054124832,0.1654847115278244,-0.44763990526665,0.2259848564863205,-0.6195838507175445,0.0787204306946136,2664
1726744863960330800,5.409292992931604,0.2701233473151922,3.36469445951879,4.293659024445712,-8.545832776814699,-2.168791314792633,1.9291247129440308,-0.5057282447814941,-2.357326030731201,0.293452596268214,-0.6379352927783337,0.4512384584984181,-0.5507341917978198,-1.3433635234832764,1.0374271869659424,3.817763566970825,-5.222827587512136,4.515672420847416,-1.2719605484902858,0.0362923257052898,0.3747994601726532,-0.6939802624668926,0.2828671038150787,-0.6056030734969302,-0.0096858519390923,2665
1726744864000096300,4.131676026114821,-2.4922107834875584,2.81653158493638,5.133436070400476,-8.18997000515461,-1.6560915293879803,2.3588993549346924,-1.5631227493286133,-3.019170045852661,0.2994218312931362,-0.6604277646100128,0.3850614746525228,-0.5708848494480347,-0.4228330254554748,0.7693919539451599,4.099173069000244,-5.9530491569876665,0.7945967187523841,-1.201878712004423,0.0056055402383208,0.2890230417251587,-0.0708758318411884,0.1857908070087433,-0.1139916322957724,-0.217869665926788,2666
1726744864039862000,2.260907872954011,-3.53763812006414,2.465411623889208,5.99295329735279,-7.662887328001856,-1.2389821157351135,2.678004503250122,-1.869516015052796,-3.03335189819336,0.3108565420439564,-0.68601350065306,0.3042301470164337,-0.5832647715097503,-0.9362558722496032,0.672432541847229,4.040083885192871,-4.622125547397136,0.2849079517319798,-0.339502003967762,0.0090483631938695,0.1523348987102508,-0.5164326883226633,0.0350064188241958,-0.1151288013658486,-0.256711309893243,2667
1726744864079627500,0.9600877252042292,-3.742943835031986,1.8385177424192427,6.817027455002069,-6.992207496297359,-0.8986438801389187,2.784212827682495,-1.714638113975525,-3.1316797733306885,0.3223900657137197,-0.7059543973104605,0.2178221187236557,-0.5918163364755517,-1.6824195384979248,0.4653779864311218,3.694883823394776,-3.627805882245302,-0.6524257976114749,-0.2389623392455279,0.0136721013113856,-0.0042706849053502,-0.4564016326647251,-0.0791007727384567,0.078838759844657,-0.2190226718868128,2668
1726744864119393000,-0.1340694477498531,-4.167749210014939,0.7419475900392979,7.599490668368339,-6.169366095313429,-0.5975478138677776,2.6273281574249268,-1.100799798965454,-3.1332545280456543,0.3288754509726437,-0.71639372134798,0.1313259130262168,-0.6011443793826833,-1.438589334487915,0.3727764785289764,3.408320665359497,-3.1632506806761023,-2.42712807046324,-0.3448934877477586,-0.0131568126380443,-0.2235277593135833,-0.908783581359312,-0.2043764591217041,0.0401089559219544,-0.1265246218608692,2669
1726744864159159000,-2.0581115104585885,-4.096870085671544,-0.6071604224741458,8.27510503386557,-5.253235000735521,-0.3107163832599297,2.0780532360076904,-0.6033653020858765,-2.875549554824829,0.3278068838194168,-0.7161980847130878,0.0538742030062949,-0.6137593535449283,-0.9232231378555298,0.4089671671390533,3.1352345943450928,-2.8397856192737816,-4.038567534306645,-0.1875549542218446,-0.0984468460083007,-0.3135143220424652,-1.4568722947269677,-0.1957894712686538,-0.2553292626840062,0.0914290325549431,2670
1726744864198957600,-3.449551255810261,-4.147580866733193,-1.0312193630039692,8.775752124035359,-4.374430304989218,-0.1446332287343684,1.36940598487854,-0.3920597732067108,-2.367839097976685,0.3202386792354517,-0.7122560319019547,-0.0080986142117298,-0.6245582165093995,-0.463992178440094,0.5569230318069458,2.8442485332489014,-2.044703747352957,-5.31319642522335,0.4631791639756411,-0.1850185841321945,-0.3968245089054107,-1.2285052915148436,-0.0939852744340896,-0.1457951212537475,0.2784983404180035,2671
1726744864238724600,-4.02224066888392,-4.7591684579998255,-0.9809270996153354,9.10453341202438,-3.641486909334361,-0.1320774519487284,0.6243044137954712,-0.4838921725749969,-1.7767119407653809,0.3079562286165292,-0.7099343028631036,-0.0522241458345359,-0.6312123008630136,-0.3371290564537048,0.5755956768989563,2.537028312683105,-1.4104057271063326,-6.480777146306633,1.3095166644245386,-0.25986248254776,-0.4366351366043091,-0.7087243156775832,0.0292954873293638,-0.1565114898509345,0.3233907540570944,2672
1726744864278491600,-3.8095068497419353,-5.950850185638666,-0.3823357680439949,9.31003552634716,-3.0663118169248103,-0.3022558855644427,0.2841308116912842,-0.7688328623771667,-1.4106049537658691,0.293214924441471,-0.7130452847014022,-0.0835295335890243,-0.6313590652636819,-0.4157093465328216,0.5030471682548523,2.127448320388794,-0.9555810614347456,-7.632949870377779,1.7584779910206794,-0.3533669412136078,-0.4112326204776764,0.7552124375429003,0.1210901737213134,-0.0634642952093621,0.4791680296156555,2673
1726744864318258700,-4.330111270791292,-6.302719503748417,0.4692203438360244,9.442927747011185,-2.580815534135699,-0.5838430405769497,0.2177610993385315,-0.6946268081665039,-1.2326611280441284,0.2784957648581672,-0.7195231547918809,-0.109791353635649,-0.6266356999537903,0.493019551038742,0.1919693648815155,1.460378885269165,-1.1508026047617197,-10.163577770543098,3.195823747500777,-0.4115027785301208,-0.3367790877819061,1.1934050443001092,0.3221089839935303,0.0565854635150171,0.6745644180528819,2674
1726744864358025500,-6.524916732284426,-6.602595599770545,0.4328022189557552,9.54280792491138,-2.17050732493028,-0.6277796513285487,0.1135318055748939,0.430154800415039,-0.7999001145362854,0.2672134978359707,-0.7179099570589976,-0.1288920057195347,-0.6297532160901127,0.5058543682098389,0.020438777282834,0.1407060474157333,0.0802601161509752,-10.10683823071122,3.042529374799132,-0.3029704689979553,-0.2336816638708114,2.537501585327089,0.3978989720344543,0.8613989490456878,0.4510388635225594,2675
1726744864397792500,-8.044764246362448,-6.603965134558082,-0.3537526476383209,9.560443534845112,-2.166294967932254,-0.2747251785548403,0.1485781520605087,1.2470452785491943,0.9224193692207336,0.2707468314731093,-0.7058627248587652,-0.125558352210323,-0.6424088321452139,-0.1314901411533355,-0.2649450898170471,-1.439725637435913,-0.2288023258894681,-8.56688608623743,3.111375532010197,-0.2585181891918182,-0.3051758110523224,0.9427738215055316,0.2594600617885589,0.4720071980755776,-0.3633800154224038,2676
1726744864437559600,-5.595341634243726,-4.355168847419321,-2.339530158770084,9.396735320156813,-2.797209044829011,0.2176687547935172,-0.1248437538743019,1.1542681455612185,2.1619620323181152,0.2962817254140915,-0.6925686523786687,-0.0961802695978049,-0.6506267965164304,0.0649672523140907,-0.4731625318527221,-2.731480121612549,-0.1888905867397785,-7.314037065452337,2.421762451776862,-0.1454836726188659,-0.2788240313529968,-0.2140117118570022,0.1727800369262695,0.853738716616109,-0.1131197174326051,2677
1726744864477326600,-3.063280486404896,-4.233466129289568,-3.1562410941749808,9.082752372848988,-3.669943188489973,0.4533371305275708,-0.8022465705871582,0.4216263592243194,2.4783501625061035,0.3212270524465557,-0.6885651151176052,-0.0525768155325975,-0.6480177193369118,1.1614463329315186,-0.411602646112442,-3.386591672897339,-1.412727448052168,-6.588566489896178,1.8926362860977648,-0.0105557739734649,-0.6843914985656738,0.6072702395241707,0.0926594287157058,1.314580231424421,-0.2206529399697668,2678
1726744864517093600,-1.232728023776412,-4.153967352899909,-2.5689181755930184,8.644576644161344,-4.617788394975662,0.3430587100686505,-0.7051457166671753,-0.3065252006053924,2.753381967544556,0.3439944611300448,-0.6946065073129465,-0.0055383996764251,-0.6317901640944024,2.3140885829925537,-0.685878336429596,-3.5957629680633545,-4.140927838584781,-5.089551920488477,0.7356967129509896,-0.0240477379411458,-0.3386183381080627,-0.1774741253155283,-0.2303308993577957,0.3171766653152182,-0.8848934410754591,2679
1726744864556860700,0.2475689856797456,-3.99454485270679,-2.856846059668064,8.082308671858906,-5.553980865329503,-0.001382243572059,-0.8244662880897522,-0.7779416441917419,2.7659409046173096,0.3687842235016033,-0.7061497005388504,0.0377236694349765,-0.6032643625320964,3.0166211128234863,-0.9879507422447203,-3.6246089935302734,-5.938036296772957,-2.9889953530102966,-0.4184574672609567,-0.049594223499298,-0.0249895546585321,-0.3169837365590036,-0.5221296548843384,0.2617535601104609,-0.8130369961325079,2680
1726744864596626700,0.7178630231618881,-2.9960791737914083,-1.7480875299096106,7.429305366620421,-6.386048944342136,-0.4406619925454259,-1.2819980382919312,-0.2090388536453247,2.673875093460083,0.3862348039755929,-0.7178821983719377,0.0843365752213695,-0.5730228216125679,3.176363706588745,-1.2990821599960327,-3.58556866645813,-6.5179112374365324,-1.5266821824036538,-1.197713262888044,-0.2307656407356262,0.2571372985839844,-1.0696673862766477,-0.7235774397850037,-0.0232591717368224,-0.8387583704315126,2681
1726744864636393700,1.3130962764769791,-1.5337451065272092,-0.8817149571698158,6.745486651879548,-7.079844278696179,-0.7379622467301785,-1.5978147983551023,0.8532873392105103,2.4373559951782227,0.3934954053351158,-0.7196914977737336,0.1402488928262482,-0.5545590141500517,2.7928407192230225,-1.5065711736679075,-3.553652763366699,-5.730344563451409,0.2552729841858148,-2.6031746654599903,-0.5747217535972595,0.4455518424510956,-1.475157454610616,-0.6745653748512268,-0.1402154305584263,-0.4743222335522994,2682
1726744864676160800,1.1046797360122202,-0.8712094183117151,-0.3495790882807225,6.110246382346749,-7.61054865347743,-0.9564575520083308,-1.871462345123291,1.3084673881530762,2.222190618515014,0.3897011219315647,-0.7128690752075266,0.2014533345942891,-0.5471445968877116,2.22090220451355,-1.663965940475464,-3.4238831996917725,-5.235835537645221,1.6637147177428009,-3.741271225644648,-1.048845648765564,0.511159360408783,-1.5715185184739529,-0.5155040621757507,0.0606035263502271,-0.2933621658171527,2683
1726744864715927800,1.4711609323203565,-0.5325333437740802,0.393570278763771,5.467983666831255,-8.04244953967929,-1.2611685208410024,-1.8624179363250728,1.071858525276184,2.2278542518615723,0.3815473814824637,-0.7037384056544698,0.262781200545743,-0.5386278013671528,1.6885093450546265,-1.7497397661209106,-3.212366342544556,-4.579115257710218,2.627058814394474,-4.770101355424523,-1.4035675525665283,0.409555435180664,-1.5295125835239889,-0.2906076908111572,0.5111129546046257,0.3922220059599727,2684
1726744864755694800,2.349987547637522,0.166250300386548,1.3841184625528753,4.79535854627788,-8.390932137960196,-1.6634924532942472,-1.5858569145202637,0.5702015161514282,2.1449365615844727,0.3756957179964905,-0.6953987959678932,0.3181745169327651,-0.5234867302777957,0.927924394607544,-1.7150758504867554,-2.9237656593322754,-3.892977160111069,3.673123279830813,-5.606012081339955,-1.327188491821289,0.2869140803813934,-1.4919742955073714,-0.0721907541155815,0.7696694174405186,1.0142526653077453,2685
1726744864795462000,3.3275878409177064,0.5955050559937953,2.0346666297242044,4.122719397199154,-8.654688288331032,-2.066389947851748,-1.1688756942749023,0.1626105010509491,1.954823851585388,0.3753974384945521,-0.6880372236990958,0.3632648451786351,-0.5037065930700104,0.2888626754283905,-1.461817979812622,-2.453533172607422,-3.2932080169320104,4.435827315238118,-6.1053913435310125,-1.0073550939559937,0.2113569378852844,-0.0053919181756587,0.0804385989904403,1.2783137169092893,1.2971437973245978,2686
1726744864835223800,4.9002206042438745,-0.3368313234537839,2.2415865018904206,3.472900859476625,-8.844482545912266,-2.425789953727275,-0.8548147082328796,-0.2665171027183532,1.727230191230774,0.3802738345115978,-0.6821771416138287,0.3978884442922103,-0.4813635866871154,-0.2295533269643783,-1.0343446731567385,-1.5666728019714355,-3.5211741842582818,5.320986348447203,-6.531893585559725,-0.6008430123329163,-0.1321701854467392,1.1798105264507233,0.1956284940242767,1.853685939326137,1.512245806902647,2687
1726744864874990800,6.358784505319595,0.060476388272643,3.3543224108472462,2.89585178988874,-8.967953442758322,-2.712974764350057,-0.5407658815383911,-0.1777856945991516,1.2938586473464966,0.3876828473478551,-0.677803426727422,0.4229724973038268,-0.459759451696154,-0.94622141122818,-0.6370367407798767,-0.527630627155304,-3.390499055121839,5.898552427646518,-6.836779618698358,-0.2289064526557922,-0.3138757348060608,0.3461011830370873,0.2873765230178833,1.369403708501905,1.0593659916885196,2688
1726744864914758000,7.162149636939168,0.3057593088418245,3.939588689160346,2.573123226067424,-9.02903305762112,-2.8330180248349905,-0.2769870162010193,0.621902585029602,0.6095620393753052,0.3892193009095454,-0.6706181011763859,0.4412653272469924,-0.4517351349214827,-1.2653744220733645,0.3116030991077423,0.5380709767341614,-1.812838526761532,6.157194596004485,-5.727566330909728,-0.0489897057414054,-0.5934086441993713,1.580575831285119,0.2503284513950348,1.2001231735739857,0.4996598326981067,2689
1726744864959495400,7.169282557559013,0.934369931101799,4.324035458008945,2.608039056625962,-9.04083864622712,-2.7625670627757906,0.2003896534442901,1.237191677093506,-0.1811701953411102,0.3814326476490977,-0.6606944200922279,0.4520338563113152,-0.4622310270457252,-0.5389628410339355,1.05526602268219,1.954318881034851,-3.376121862462163,5.151657371267676,-2.829701155371964,0.0368868298828601,-0.5815342664718628,0.4723979509588331,0.1140179187059402,0.2672864616551436,0.3370793799307197,2690
1726744864999261700,6.180681270053983,1.2947592402756214,3.6421100096687673,2.9271614126488563,-9.034765463793278,-2.444410921436548,0.8354654312133789,0.9859613180160522,-0.8749414086341858,0.3722242308339741,-0.6502685707586339,0.4492004691980078,-0.4866404619058781,-0.9734418392181396,1.2796045541763306,2.65087628364563,-3.400135190734267,4.9728059479832645,-2.9732120929449795,0.0372784473001956,-0.0237872805446386,-0.0951999111294746,0.3191215991973877,-0.6159542620435356,0.8857624059297143,2691
1726744865039028700,4.956445180290937,0.6790700589090586,2.3896222234115,3.3981220973461865,-8.976775631639361,-2.0101418447986243,1.245712161064148,-0.3268805146217346,-1.4564536809921265,0.3705464920094325,-0.6489711870429354,0.4258228640371486,-0.5101045791173441,-1.9269206523895264,1.5511530637741089,3.137462615966797,-3.8799680409342048,5.017782569307089,-3.1849498867869377,0.1000736728310585,0.1826869398355484,-0.2129515352795831,0.3096166253089905,-0.550349096047692,0.0031936963161511,2692
1726744865078795800,4.311753776323795,-0.0310036255508661,2.345555556539446,3.942255862542986,-8.82679315996468,-1.6482447614103557,1.5009690523147583,-1.4679173231124878,-1.9691437482833865,0.3785319324493537,-0.6618705230083493,0.3820530173159598,-0.5221842800886577,-2.3997812271118164,1.3203117847442627,3.757256984710693,-5.253998386323452,3.216189659181237,-1.8060995738953352,0.2234940379858017,0.1407737731933593,0.6517941486444324,-0.0672067403793335,-0.0011624907410005,-0.4189640285436063,2693
1726744865118562800,3.3720363467141983,-0.314324308091402,2.568630298562348,4.580153660847246,-8.558585290881991,-1.3939740861348806,1.5999518632888794,-1.7360541820526123,-2.2296154499053955,0.3889836412022878,-0.6825905467354826,0.3242576808298791,-0.5268953529141824,-1.944965958595276,1.0284361839294434,4.266680717468262,-5.611431768301129,0.7045435228615999,0.2064208366028964,0.4061459898948669,-0.1113080829381942,-0.3456428813429549,-0.402913749217987,0.0193579333644476,-0.2693970423346385,2694
1726744865158329600,2.955789248979092,-0.3240495832920074,1.9536136096298693,5.263205190607905,-8.196314990267156,-1.135544902940467,1.5162920951843262,-0.919594943523407,-2.292750835418701,0.3953525356562303,-0.6981989398945101,0.2653580902090359,-0.5346023452939415,-1.9421942234039309,0.6631743311882019,4.2146315574646,-4.516778336262703,-0.5080380772039294,0.2605598385475576,0.4619178175926208,-0.2416503131389618,-0.915221578517556,-0.5320714712142944,-0.2697414353255182,0.2397491970405914,2695
1726744865198096600,2.6724627212196586,-1.4492583125919103,-0.0120890086572617,5.981378010371327,-7.724124179252982,-0.8552110541909933,0.7978469729423523,0.0144094945862889,-2.447915554046631,0.3888526118630162,-0.7046799530828451,0.2168635373164952,-0.552439962345592,-2.214982271194458,0.4587432146072387,3.801618099212648,-3.735446172752976,-2.0126212405242025,0.0919563991636037,0.4283393621444702,-0.4072424173355102,-1.2655597415372728,-0.3392628729343414,-0.2774301997298374,0.5964280160576104,2696
1726744865237863700,2.0802491079866883,-2.596358555704355,-0.3561514524083584,6.804931943538785,-7.0328206617146725,-0.6345994874112307,0.3800317049026489,0.3296988904476166,-3.141202449798584,0.3642239682627385,-0.7086828422925843,0.1735632402068154,-0.5787791777298408,-2.053188800811768,0.232862040400505,3.2065253257751465,-3.6018507722556588,-3.7847581929326055,0.2959013471722602,0.3747908174991607,-0.4519615471363067,-1.1471687052387745,-0.1514164954423904,-0.3025580285824835,0.3984659053182229,2697
1726744865277607200,-0.5247755692541599,-3.944621422630548,-0.1751695564338937,7.7000494761824605,-6.055660221156478,-0.456749898113124,0.48366180062294,0.1233210414648056,-3.553732395172119,0.3290077433335032,-0.7129912688222451,0.122193345632536,-0.6070142088729515,-1.5530413389205933,0.2064158916473388,2.668391227722168,-2.9717753381401297,-4.9641059241771694,0.5505500619798899,0.3050938844680786,-0.4656881690025329,-1.227351006913185,-0.1230322942137718,-0.4009292632244527,0.0979936974333133,2698
1726744865317373200,-3.1369355052024126,-4.638062536719441,-0.2516448202839121,8.461040862452982,-4.946225399571657,-0.3406207788646221,0.753552258014679,-0.2561467885971069,-3.30198335647583,0.2950877894828318,-0.7163506629608754,0.0648733719371297,-0.6289327232989255,-0.7238096594810486,0.1933634728193283,2.261096715927124,-1.532525793865323,-6.427179996153712,1.2160182965159416,0.2799390256404876,-0.3557938933372497,-1.061927731935307,-0.1723762899637222,-0.3017658187588676,0.1880441442445851,2699
1726744865357138400,-4.783522562533617,-5.337345362573862,-0.5313128255357965,8.990133125862478,-3.900382175670564,-0.3672610581068322,0.9980173110961914,-0.7799287438392639,-2.743853807449341,0.26955703163453,-0.7201876779337585,0.0074034304206822,-0.6392290507797105,0.492167055606842,0.4694142341613769,1.9314606189727783,0.1012315925091505,-8.002547152879833,1.7381833910107611,0.3358790576457977,-0.3103366494178772,0.8545318397551774,-0.1381551921367645,0.3710641036516055,0.5668034968402237,2700
1726744865396904400,-5.954093113082647,-7.084693472293019,-0.7285563396770507,9.302385888376833,-3.047717883352936,-0.5894522952934727,1.1595278978347778,-1.213903546333313,-1.983697533607483,0.2543718326727913,-0.7265784821800663,-0.0462321657218385,-0.636585753168818,1.8424559831619265,0.5242730975151062,1.4376612901687622,-0.615215134114027,-9.479400159361958,2.825468924629688,0.2959961593151092,-0.1380628049373626,0.8163704514041542,-0.0017152104992419,0.1734007383967749,0.6325427010118961,2701
1726744865436670500,-8.141518985718488,-6.186211431652307,-0.3015536007802933,9.426905417492986,-2.542897891412675,-0.9151497553903608,0.9461744427680968,-0.973781168460846,-0.8483956456184387,0.2505619825686682,-0.7342374312438575,-0.0869197783828186,-0.6249472018900417,1.855713963508606,0.1758506894111633,0.5562025308609009,-0.5171124872803687,-9.57111573550701,3.353029156166315,0.3027555346488952,0.0951975211501121,2.625056826922297,0.1233865022659301,1.21712881504111,0.3618817762212827,2702
1726744865476436700,-8.862841209423541,-7.009487132400274,-0.5052303263068199,9.419792370617388,-2.518537649399042,-1.0463622793391347,0.2563080787658691,-0.0197136532515287,0.6822422742843628,0.2572046726820922,-0.7372267819298131,-0.0992285301624923,-0.6168437143613784,0.910207211971283,-0.1853631138801574,-0.8345966339111328,-0.4835808045566082,-8.581362939879298,3.832185130017995,0.1229020059108734,-0.02316190674901,1.9485076647929849,0.0082185734063386,1.0816539574727415,-0.3503025437170639,2703
1726744865516202800,-7.653496399322152,-6.288844707652926,-0.1737631602346897,9.26314810296595,-3.07951675093472,-0.938642859180644,-0.3549905717372894,0.5725563168525696,2.2555248737335205,0.2748660534039032,-0.7364645662396628,-0.0740095248786444,-0.6136702607174841,0.3445419073104858,-0.8968491554260254,-2.099789619445801,-1.2857114259451627,-7.214653731158375,2.881309469795227,-0.0632653683423996,0.2696228921413421,-1.8751000448852777,0.0349830500781536,0.2729428251827135,-0.1701509062879719,2704
1726744865555968800,-5.055165082240104,-5.600214793238044,0.1979495800513774,8.890226059955358,-4.078345125682652,-0.7080640982031822,-0.1327709257602691,0.864517331123352,3.198786735534668,0.3054668282988234,-0.731741618019771,-0.0256013299851294,-0.6087600083593423,0.510028600692749,-0.7698348760604858,-3.178150177001953,0.5590782363504171,-5.667815334302187,1.9244173257619144,-0.1009367555379867,0.0063100554980337,0.1316878681092523,0.0702250674366951,1.2280246683910487,-0.210086738699302,2705
1726744865595734800,-2.7745833715230224,-5.543795571401715,-1.3451590556919577,8.276906530329585,-5.239089571005105,-0.4638103745512664,-0.2372707426548004,0.6024571061134338,3.492774724960327,0.3440923847051033,-0.7229851405545767,0.0306632477136162,-0.59829137325171,1.9857031106948853,-0.9764227271080016,-3.407747268676758,-2.983993014678359,-5.250822678896784,1.7460440413832663,-0.1599379777908325,0.3073009550571441,-0.9314199952550232,-0.1203359365463256,0.3134194682061672,-0.8595069978192448,2706
1726744865635500800,-1.0960282275229691,-4.769405774375796,-1.7675111923038958,7.476126154506206,-6.331459276020526,-0.4365012926694005,-0.3648545145988464,-0.015981413424015,3.429874897003174,0.380473165369154,-0.717495234975643,0.0863479024185357,-0.5770483241414025,2.807691812515259,-1.2728973627090454,-3.2939040660858154,-4.695106612455844,-3.481865379437804,-0.0263970085382461,-0.2416566461324691,0.3950937390327453,-0.3687305096048861,-0.3789308965206146,0.4461831671196967,-0.7112631134402007,2707
1726744865675267000,0.1818792466729879,-3.7489404450982806,-1.547151116067171,6.578598053589463,-7.247477557873726,-0.6053853025604039,-0.6532561182975769,-0.1391753405332565,3.152328968048096,0.4105070867526511,-0.7153469292860594,0.1383648503512239,-0.5482862772855756,3.008718729019165,-1.6548092365264893,-3.106985330581665,-5.881831009948253,-1.6634179267533122,-1.1582451758526264,-0.2993816435337066,0.399604469537735,-0.5259498006653041,-0.5487309694290161,0.4794050167093053,-0.4152392723994329,2708
1726744865715032000,0.8979431114584207,-3.1615158197075126,-0.9292834216177464,5.638077783164381,-7.980949069055915,-0.8288084196295589,-0.7606750726699829,0.2210108041763305,3.112351417541504,0.4331531841572605,-0.7114471571873441,0.1900010823648036,-0.5197315533575986,2.2088418006896973,-1.9866206645965576,-2.9945831298828125,-6.116769646635651,0.0574304447054862,-2.83205853215307,-0.3554511070251465,0.3376278877258301,-0.931990707815066,-0.4943598806858063,0.6057191741572693,0.250635570176132,2709
1726744865754798000,2.037569365428388,-2.073627059498429,-0.8050960470654069,4.578957144539058,-8.614688286376,-0.9953438936330378,-0.9312036633491516,0.7756801247596741,3.315554618835449,0.4519298972163127,-0.699073746201528,0.2490869547727792,-0.4949859602210206,1.0944925546646118,-2.092674970626831,-2.9491777420043945,-5.378590396153927,1.4226608130455016,-4.346235307118296,-0.3735960721969604,0.2000032365322113,-1.3263834819428622,-0.247441753745079,0.7733188798587769,0.8241868242435156,2710
1726744865794564600,4.344634886184335,-0.5452753364473581,-0.316997765084356,3.5132843077912925,-9.069389033406972,-1.254346419735998,-0.9797924757003784,0.327859491109848,2.756272792816162,0.4645914787446277,-0.68545159775283,0.3067734938525409,-0.4692555985172649,0.0606702454388141,-2.192277908325196,-2.9911954402923584,-4.346616415390372,2.4046242699712512,-5.1907227227211,-0.3140559792518616,0.1162358522415161,-1.443443781094253,0.0431753359735012,0.8499683312319218,1.0006530328918248,2711
1726744865834330600,4.83863625472933,0.2349000582426786,0.3187782187603414,2.623641699427366,-9.322990869510171,-1.5390734619431197,-0.6921789050102234,0.0073634516447782,2.1955251693725586,0.4747053532695627,-0.6758635170761266,0.348825766899815,-0.4429266366991878,-0.4142142534255981,-1.6840684413909912,-2.7871627807617188,-2.3508242907226085,3.832964297696948,-5.312799534860253,-0.2303261905908584,0.0360747203230857,-1.441637462324649,0.2235801070928573,0.9388782753717154,1.107198513900116,2712
1726744865874094600,5.52614417937696,0.0060895490467548,0.4096631893001496,1.8423111433528363,-9.465431839764118,-1.7837854507565498,-0.5742579698562622,-0.2128114849328994,1.990172863006592,0.4848326735100262,-0.6677933519764143,0.3807883733087177,-0.4171206141245603,-0.4658564031124115,-0.954613447189331,-2.2548422813415527,-1.607321799391508,5.070454421308637,-5.730788215565681,-0.1216494739055633,0.1990254074335098,-0.1919574086981825,0.3860563933849334,1.2462316484719511,0.9612355069998652,2713
1726744865913860600,7.55666917925179,-0.4327139561504125,0.3145277217090129,1.0958260560143738,-9.535993568721413,-2.008575180003792,-0.4983191788196563,-0.5495420098304749,1.7447757720947266,0.4958188915440097,-0.6610622469075593,0.4067007970643039,-0.389557138216406,-0.0918109118938446,-0.3393230140209198,-1.454895257949829,-1.9462673385202884,5.370262128269672,-5.622102215397358,-0.0979243069887161,0.1310222297906875,0.4969428653569891,0.2884553074836731,1.269575553049892,0.3473089513916522,2714
1726744865954868500,8.846596177065372,0.1258633449405431,0.756545220516622,0.4658011099770665,-9.549741523566842,-2.180796225363016,-0.3226881623268127,-0.6300035715103149,1.2470232248306274,0.5070815584498334,-0.6571755321337192,0.4234500922038368,-0.362875621255554,0.0689542740583419,0.0401732772588729,0.0627968683838844,-3.605526830419898,5.459345017823576,-6.43469811669886,-0.0701334029436111,0.200923278927803,1.2717156338185072,0.1872943788766861,1.3482501535750924,0.319309037701413,2715
1726744865994634800,9.846680397093296,0.4550087900668382,0.9806886146843432,0.0805776394012384,-9.537262565743925,-2.281339104955644,-0.1648313999176025,-0.1966205239295959,0.5315403938293457,0.5140323068046913,-0.655163736303716,0.4325232991649593,-0.345622403980114,-0.4602318108081817,0.6129336953163147,0.7108854651451111,-2.314193472939729,6.277883168655634,-6.229814426535367,-0.0919494479894638,-0.1092205941677093,1.15548981272988,0.1495830863714218,1.1236282551754266,0.1833363866787403,2716
1726744866034399700,9.396389867720009,2.246447970446944,1.3113601003341375,0.0545714979106793,-9.535443533623218,-2.2896906075850127,0.1521452814340591,0.523476779460907,-0.3362534344196319,0.5130524353252434,-0.6533348402829651,0.4357698012979105,-0.3464611343286377,-1.1162986755371094,1.0422182083129885,1.5154443979263306,-3.3879221903711554,6.050521689224243,-5.308231496292352,-0.0666202902793884,-0.0364926941692829,-1.0901070938456805,0.1433310955762863,-0.3445358699491247,0.0709887724300613,2717
1726744866074165800,8.588394738212227,2.9875258649796246,0.3716971773907542,0.442085412944667,-9.555420738247037,-2.160765390855819,0.4500902891159057,0.5946413278579712,-1.440410614013672,0.5054111416191785,-0.6528323235769388,0.4289269520104448,-0.3665942001054631,-0.8724331855773926,1.7387269735336304,2.2926025390625,-2.0533686998456715,4.500899799129367,-3.8502328278839584,-0.0586768016219139,0.3098685443401336,0.3019428375598974,0.2673054337501526,-0.3708647451546042,0.1623264962726272,2718
1726744866113931800,7.756607814228534,0.8076812412530183,-0.9007201749563216,1.2364625341296196,-9.523622747448089,-1.9854902186229824,0.4060109853744507,-0.3937018811702728,-2.6169967651367188,0.4944433909095804,-0.6641696906551476,0.4001380432135338,-0.3928027121801856,-0.8336778283119202,2.063448667526245,2.8498778343200684,-3.7704420828104017,3.810566587927937,-2.266701653924584,-0.020891435444355,0.2660187184810638,0.4509994813602417,0.1848642528057098,0.094336736695189,-0.1939691503793932,2719
1726744866153698300,5.848156119361519,-1.303206750625372,-0.7852516750410199,2.2831514150746166,-9.33722514656782,-1.9426415492385625,0.1228097081184387,-1.1715747117996216,-3.1644978523254395,0.4807570070792998,-0.6904646115697698,0.3497224296802071,-0.4120990889203211,-1.8334615230560305,1.7070523500442505,3.2321338653564453,-4.947568630874157,2.847274805985391,-2.67660055167675,0.0145612880587577,-0.017698997631669,0.2463284475667402,-0.0346259698271751,0.0468859483767533,-0.3075695731341838,2720
1726744866193464300,4.77327706285119,-2.225382970586419,-0.060672203105688,3.369253145736456,-8.969156388807296,-2.0911161005683243,-0.2143356800079345,-0.950965940952301,-3.2849245071411133,0.4603614068006754,-0.7211752825352727,0.2941487040093227,-0.425969695617603,-1.87410569190979,1.479099988937378,3.463085412979126,-4.680678274130821,0.3720949445366859,-0.9746317988634108,0.0314114242792129,-0.1773851662874221,-0.6687048783697187,-0.2283892035484314,-0.0029650032684556,-0.1850353543500416,2721
1726744866233230300,4.774910801532864,-2.463485039740801,0.4219000089302658,4.539879810386896,-8.391674480760097,-2.267081447022408,-0.236078456044197,-0.1894530355930328,-3.8813982009887695,0.4292544196759372,-0.7471554349028569,0.2394738828860165,-0.4473830474494081,-1.331601619720459,1.1655054092407229,3.4279325008392334,-3.975844243890047,-1.787616114960611,0.8842038513761014,0.0593378096818923,-0.3183954656124115,-0.967867127034068,-0.2186015099287033,0.0713179358857683,0.5078127440154552,2722
1726744866273066800,2.8807442371279,-4.518979061177372,-0.1821134938202798,5.917647004216909,-7.469386617118119,-2.315188767587393,-0.2247674763202667,0.2638797163963318,-4.660619258880615,0.3855490608356104,-0.7659611264886701,0.1770461188047015,-0.4830218926914836,-0.8838624358177185,1.0158662796020508,2.9782540798187256,-2.999492197105288,-2.9538053816854952,1.615507443934679,0.0730911791324615,-0.2151304185390472,-1.851581076001376,-0.0056034103035926,-0.2583677901296876,0.7893027039974927,2723
1726744866312835600,-0.4970815066426992,-5.884549621257186,-0.0825008808150887,7.230774260354042,-6.205121299305558,-2.3200810696735976,-0.2372953593730926,0.1409173458814621,-4.649929523468018,0.3339391134487702,-0.7788211654408076,0.1082996269986967,-0.5198014360923571,-0.0905959755182266,1.0609169006347656,2.4875519275665283,-1.8295880015105008,-4.22398576876074,2.1715876675128936,0.059213925153017,-0.1422739326953888,-1.7001314543835817,0.1798101961612701,-0.1560255329648964,0.7538419529072939,2724
1726744866352603600,-3.508378707832098,-5.985902794319391,0.7363035197377205,8.185601288551092,-4.86372101162523,-2.347451745549589,-0.070167951285839,-0.0405448786914348,-3.846177101135254,0.2854376096709234,-0.7860148968093554,0.0432123903894777,-0.5466613379300019,0.6145771145820618,1.1040773391723633,1.965697169303894,-1.0194874241560696,-5.082335413238406,3.1313129891455174,0.0071645807474851,-0.1476203352212906,-1.5221695272848008,0.2282982170581817,-0.2358407000936567,0.4455598841222002,2725
1726744866392372700,-5.171271003276109,-5.227074139040708,1.165293194667995,8.744468512499331,-3.744149411429464,-2.3845411207549274,0.0919644311070442,-0.2025395780801773,-2.820469379425049,0.2490616088879052,-0.7883425502891162,-0.0096844639755605,-0.5624861689047583,0.9690592885017396,0.9835277199745178,1.5500298738479614,-0.1950017630964517,-5.586181007188558,3.921819223713874,-0.0384371057152748,-0.0420355536043643,-0.0695169508784078,0.1954735815525055,0.0039319017970527,0.4360487265963107,2726
1726744866432141600,-4.9640422112911935,-6.855101457330584,1.2697802818417547,9.034933221575615,-2.905310523107648,-2.469724226391316,0.3365657925605774,-0.3867458701133728,-2.0469677448272705,0.2245578881273956,-0.7894898994420512,-0.0512503384485752,-0.5689049799011402,1.4621829986572266,0.9109914898872375,1.244534611701965,-0.006389408776164,-6.290439283367991,5.142378086268901,-0.0594098344445228,-0.157733678817749,1.2668307843863964,0.0776753425598144,0.4242426265336573,0.4637886011108755,2727
1726744866471910400,-6.572794335746765,-6.618596301978826,1.3388406663253902,9.172596894425151,-2.337512973728776,-2.5631758325487373,0.5880512595176697,-0.3475884795188904,-1.3222838640213013,0.2125006206859085,-0.7895560756878797,-0.0853627497726451,-0.569348613898417,1.801333785057068,0.1997860521078109,0.8806288242340088,-1.5520312893241643,-7.283606855875253,6.093614981019496,-0.0477057509124279,-0.093089759349823,0.7998193487714975,0.027741253376007,0.1950471000755205,0.5596681650675833,2728
1726744866511679700,-8.370143032431603,-6.292376973432302,1.1055378141462802,9.225321937918665,-2.1166579535819587,-2.565850604715944,0.5400103330612183,0.0913825407624244,-0.0965239256620407,0.2126007078129429,-0.7873409018297197,-0.1044810210824066,-0.5691915298429466,0.7013309597969055,-0.3110950589179992,0.1457693874835968,-0.4644686923295259,-5.390951865077018,4.385926389254629,-0.0326204746961593,-0.0129279159009456,2.698257672211528,-0.018347043544054,0.948120881621912,0.4981805904584005,2729
1726744866551448600,-7.968588769176602,-6.12035335034132,0.3925746918551623,9.196811882749198,-2.387292173028737,-2.4268974765777585,0.1181481629610061,0.4758116900920868,1.3440252542495728,0.2261337933910761,-0.7837465704644657,-0.0973583451542075,-0.5701982347005753,0.3041388392448425,-1.1589027643203735,-1.0031936168670654,-1.1248492483377457,-5.8471700309336185,4.725689966768026,-0.1435528397560119,0.1458670645952224,-0.0401067182990955,-0.1380128264427185,0.1620807778832502,-0.1302690142872743,2730
1726744866591217400,-5.647929315093159,-5.793279450792074,0.388189754769206,9.052334438231586,-3.0646681413710115,-2.19850183179304,-0.1964262872934341,0.7869850993156433,2.2690553665161133,0.2475825821446547,-0.7797106609854066,-0.0643714752878448,-0.5714983452692931,0.1812605708837509,-1.402114987373352,-1.7830381393432615,-0.4108464077353477,-5.328912465271354,4.836003275877237,-0.1516783088445663,0.1299283057451248,0.5421319603877142,0.0207330770790576,0.8881821804225444,0.7586357630550861,2731
1726744866630986500,-3.820284264343977,-6.2886874712646,-0.22264438778162,8.77837662732005,-3.904775734454393,-1.9655065842583768,-0.5485084652900696,0.7622928023338318,2.579916477203369,0.270494918386468,-0.7745197290375232,-0.0182246388231491,-0.5715064042085297,1.1561588048934937,-1.5760352611541748,-2.1536645889282227,-2.435054479548335,-4.590336908948421,4.636977079570293,-0.0593078695237636,-0.0461360625922679,0.2457345550605096,0.1242338865995407,0.7994543879166245,0.3100269762236625,2732
1726744866670754600,-3.141748458442092,-5.775076270103455,0.2730371889352798,8.347939968451858,-4.807145137922466,-1.836749709833413,-0.4645270109176636,0.5605499148368835,2.992195606231689,0.2929646246156602,-0.7697075715209609,0.0346183248053,-0.5661480465427599,1.8532907962799072,-2.1485183238983154,-2.370119333267212,-4.545062181460857,-3.5783296114146705,1.5121832630604504,0.0474286377429962,0.0968180671334266,-0.1235886871399823,-0.0465091466903686,0.5454626026477665,-0.0528061322059715,2733
1726744866710523600,-1.438034907788038,-4.996169872435927,-0.2449732700981199,7.691990088367461,-5.822479826313256,-1.7613678672432898,0.0276440307497978,0.115074872970581,3.360211133956909,0.3253000716175662,-0.7628991467468973,0.0882590643785385,-0.5517020578211891,1.7453243732452393,-2.402855634689331,-2.507157564163208,-5.182026206046342,-1.690367016216367,-0.4625550407279282,0.090949423611164,0.1515583395957946,-0.1692863984131254,-0.2005086839199066,0.3481916525103151,-0.106058135882765,2734
1726744866750292500,0.2702051803797483,-3.5411347300082445,-0.7238612406633794,6.845960119497776,-6.794484199282526,-1.771495731895417,0.222147986292839,-0.3833169341087341,3.2122397422790527,0.363492152140738,-0.7562287846722812,0.1357909192200179,-0.526832295305378,0.9862084984779358,-2.7037742137908936,-2.6665303707122803,-5.982675064444542,-0.2193810020714998,-2.116100173568725,0.1115990057587623,0.280706524848938,-0.9855570244383066,-0.3003638982772827,0.1109336420977953,-0.0767237404520623,2735
1726744866790061600,1.0463719239503144,-2.4093927995473146,-0.7415361596941947,5.920605269500613,-7.605253469678759,-1.8102338972210883,0.2441371828317642,-0.4202825427055359,3.040780782699585,0.400425352308055,-0.7490838666981882,0.176549162319055,-0.4973563562011528,0.1601893752813339,-2.656219005584717,-2.8382768630981445,-4.915583008548617,0.8443898004472256,-3.554239126253128,0.1320801526308059,0.288949966430664,-1.3030005605287849,-0.2673206925392151,0.1758292076527141,0.306629735000804,2736
1726744866829830400,1.8659616296619173,-1.8112796068817376,-0.9137935915410518,4.934019997993111,-8.273397060903907,-1.8375927365288136,-0.0172860063612461,-0.187144473195076,3.0675952434539795,0.4327992377727637,-0.7390686931599822,0.2178729476596966,-0.467967665830646,-0.359086811542511,-2.402064561843872,-2.9898297786712646,-3.7380198226332655,1.9750649784594767,-4.6778570792302485,0.1682923287153244,0.2432986199855804,-1.6292270494684575,-0.1159449964761734,0.3111063324255869,0.6021326209073886,2737
1726744866869599200,3.325434170015156,-1.4048317263662815,-0.7040389343403279,3.8610610958904026,-8.812273636224866,-1.899056236142665,-0.2183285355567932,-0.0441083461046218,3.1639177799224854,0.4595402805538051,-0.7260638128768383,0.2639247250589803,-0.4381754917940699,-0.4514066278934479,-2.1066195964813232,-2.9699864387512207,-2.8516677802473307,2.901472552379966,-5.119805604454875,0.1699087470769882,0.1484546810388565,-1.803784574951232,0.0887722447514534,0.346083428184688,0.7050255342248827,2738
1726744866909368600,4.979153855705261,-0.4391857825130223,-0.4096992835268378,2.72643396538198,-9.209296101269125,-1.9813598408199848,-0.1511533856391906,-0.1242003291845321,3.077909469604492,0.4835124612087214,-0.7106376107968077,0.3098635526887804,-0.4064411039482626,-0.3397687673568725,-1.6215624809265137,-2.5268850326538086,-1.7354133417755364,4.434000099810958,-5.666990573915839,0.1655288189649582,0.197602242231369,-1.3753541413389143,0.2742139101028442,0.4212342750305309,0.5532735686596483,2739
1726744866950378500,6.915972982400655,-0.0572767154484987,-0.56096594979316,1.6184584026947617,-9.457581710785629,-2.026119020000845,-0.0074403691105544,-0.2613936960697174,2.741727352142334,0.5065385485417512,-0.69358368390567,0.3496355139647927,-0.3743200554747369,0.2097707837820053,-0.5964323282241821,-1.3652898073196411,-0.9280097484201192,5.682795461291074,-5.484318131038546,0.1014247983694076,0.0990497022867202,0.2353373354150913,0.2848515808582306,0.8763152900833636,0.2546725523409433,2740
1726744866990147300,8.773950627571343,-0.1452986977726221,-0.8056430134236812,0.6571092792525887,-9.573962941631674,-2.019365307956934,0.1027123034000396,-0.3147818148136139,2.1642184257507324,0.5271694138148542,-0.6772458050292364,0.379864580521598,-0.3451571574373601,0.3483438491821289,-0.2025429010391235,-0.411746621131897,-2.31176829161942,5.074747150066495,-5.849275478780269,0.0298036914318799,0.0088646095246076,1.585522786168009,0.2574241459369659,1.2790651197984817,0.2753118924016133,2741
1726744867029916200,9.741032157185671,0.6212257727056741,-0.8172536639794706,-0.0629212195749161,-9.603969957360624,-1.9824660484962164,0.0850731134414672,-0.109569638967514,1.484347581863403,0.5426830327973765,-0.6635299313788129,0.4010058212214028,-0.3231368409491282,-0.6095944046974182,0.2060265243053436,0.5595903396606445,-2.9309938304185867,6.122881407514214,-6.809810363230109,0.0149309458211064,-0.110732577741146,1.7549176681905985,0.2184378653764724,1.217388781151548,0.1379730858585797,2742
1726744867069685200,10.523080944532156,1.2924170610636472,-0.7577703783974051,-0.456809154019691,-9.591616671743989,-1.99062290533632,-0.1244313418865203,0.3871765434741974,0.5711271166801453,0.548141218779456,-0.6543634951370527,0.4162954982015481,-0.3131255603092081,-1.0298657417297363,1.2227178812026978,1.2683247327804563,-2.773872008383274,5.882976672852039,-5.244593429118394,0.0085970219224691,-0.3767688572406769,1.270291884625703,0.1250310391187667,0.7730483923543244,-0.1079645814254414,2743
1726744867109454300,10.09729181920886,2.0622534325689075,-0.3303717720508575,-0.4103513907600194,-9.581991934308409,-2.046321996204555,-0.0506251864135265,0.9455538988113404,-0.5162167549133301,0.5408776911274835,-0.6508633988856828,0.4251002522749201,-0.3211198316324101,-0.7024526596069336,1.541800856590271,2.135464191436768,-4.541448667138814,4.774942365714908,-4.307272831517458,2.79329251497e-05,-0.2621028423309326,0.3509054049810394,0.1251716315746307,-0.0824144629069603,0.2935205164503306,2744
1726744867149223400,8.64913240776956,2.438900633582473,-0.7524690571188927,0.0481045714854728,-9.592176643714309,-2.039170078623295,0.1073107421398162,0.6288378834724426,-1.49674391746521,0.5272494355462598,-0.6532359456492506,0.4210125187740772,-0.3435684533683498,-1.0517399311065674,1.8597320318222048,2.7945449352264404,-4.305537970548868,4.439655933615565,-4.269543989364802,0.0342417657375335,0.216687723994255,0.0573920032580848,0.2035193592309951,-0.7078794623512774,0.2738210327893495,2745
1726744867188992300,7.76138920328617,1.2270803732782605,-1.163414833575487,0.8089550605811178,-9.562643090716003,-2.017881060748547,0.0029875829350203,-0.7342447638511658,-2.48816442489624,0.513801286232939,-0.6687135467795706,0.3945953501330101,-0.3648629975836778,-1.9553688764572144,1.7623682022094729,3.232919931411743,-5.4703585792690514,3.415189552003145,-2.7231033596545458,0.1106985509395599,0.3938129544258117,-0.2694341412083245,0.1367617398500442,-0.7111382449515163,0.0324470110259018,2746
1726744867228760300,6.813380038410425,-1.1545809542566536,-0.6915864261329173,1.7821031967580316,-9.410282783994075,-2.107385536715388,-0.0998383089900016,-2.1545751094818115,-3.1683645248413086,0.5027235662344093,-0.7009954377246674,0.3406642867330524,-0.3739281734778642,-2.3565356731414795,1.510899305343628,3.4229159355163574,-5.151914560899138,1.4727385569006204,-1.2697025404304263,0.218601182103157,0.1843676120042801,0.5955633985849097,-0.0503441654145717,-0.1100563204071484,0.0120172232043289,2747
1726744867268529200,6.608178952860832,-2.8847055419743057,0.4597638756394386,2.766317939741909,-9.092587538164851,-2.4171733704209326,-0.3494863212108612,-2.6197760105133057,-3.3647258281707764,0.4905128981732888,-0.7417009933271377,0.270409276315784,-0.3689926269966201,-1.8420324325561523,1.0255372524261477,3.401130199432373,-5.207662167084217,-1.067350414571166,0.569356469258666,0.3285656571388244,0.0732835754752159,-0.5212519982378929,-0.2106234729290008,-0.243322927341517,-0.0394708635143935,2748
1726744867308298200,6.790876530179381,-3.982345880869031,1.2115557641491292,3.801521111685037,-8.55623902001679,-2.917125464063883,-0.860332190990448,-1.7816227674484253,-4.000314235687256,0.465958144526261,-0.7807820722856571,0.1977659168282661,-0.3662664464048524,-1.8015332221984863,0.6960595846176147,3.1408047676086426,-3.27674203529954,-2.129071006561816,0.8162690368562936,0.3623547255992889,-0.0483408458530902,-0.8532925802838057,-0.2157708704471588,-0.1402539907368365,0.2339416432729922,2749
1726744867347977000,4.897549339208006,-5.73856820191741,2.3434409024730325,5.142983650946617,-7.633646035948395,-3.3834219563424583,-0.9747952222824096,0.1084044799208641,-4.891205787658691,0.4198871334092626,-0.8103422560653598,0.125904473671594,-0.3888293486212277,-1.525479793548584,0.571355938911438,2.9605791568756104,-2.3561270733058453,-3.5727985730335114,1.0803554420948027,0.2981800436973572,-0.0523325912654399,-1.1576456755895166,-0.084719069302082,-0.1590722437170334,0.2169294989998452,2750
1726744867387742200,0.9278723857760428,-7.12712099365592,1.7607623025655743,6.6651891263276335,-6.341759136238694,-3.3952538484334944,-0.6305648684501648,1.5100200176239014,-4.952831268310547,0.3637458083500905,-0.8183674914676901,0.0581757773156076,-0.4411114285832185,-0.7939141392707825,0.5968015789985657,2.697961568832397,-1.665196480733156,-5.075354468309879,1.4074936390519142,0.2448551952838897,-0.1202086806297302,-0.8124497708290815,-0.0982285439968109,0.1373216179462149,-0.0112939412979234,2751
1726744867427507700,-2.5429700798660515,-7.172730067664385,0.7640887677639723,7.911666858515143,-4.950159816411137,-3.011943974660337,-0.2195077091455459,1.5264935493469238,-4.159706592559815,0.3132762140337285,-0.8084326374507811,-0.0017556368677253,-0.4982885728286183,-0.3237320184707641,0.6042559742927551,2.335622310638428,-1.5659779816120862,-6.203554196119308,1.93332134770751,0.1952552497386932,-0.2430167645215988,-0.7986318925525993,-0.2048211097717285,0.1428914722341112,0.1181099269353318,2752
1726744867467273200,-4.139051523318886,-6.5349839527904985,0.300320040397346,8.675167012736201,-3.69663771867007,-2.691978153550625,-0.1599210798740387,0.5014336705207825,-3.329254150390625,0.2725441195348834,-0.796502334070958,-0.0532608904179933,-0.5370913080466677,-0.214149072766304,0.4901868402957916,1.7651612758636477,-0.7451502585381269,-6.8744777734518046,2.599043849265575,0.1217021122574806,-0.2318585216999054,-1.3141139290869237,-0.1405414789915084,-0.2100971504954621,0.490275479889661,2753
1726744867507037400,-4.747934531801938,-7.375441089963912,0.771985658493638,9.046721859046816,-2.607481715004146,-2.74375919419229,-0.177041083574295,-0.5982528924942017,-2.736311912536621,0.2366835072573378,-0.7937104287764294,-0.0995818666553915,-0.5514417285963494,0.047578677535057,0.3771249949932098,1.044464111328125,0.773714674243331,-7.537030997323989,3.160525055104494,0.0522669628262519,-0.0246333219110965,-0.2363625137443654,-0.0308690536767244,0.0066370428447029,0.5175359368568286,2754
1726744867546802700,-5.546091573384404,-8.060430602049827,1.8056293260350824,9.164028972566127,-1.681127332575619,-3.060191288217902,-0.0730837732553482,-0.9083086252212524,-2.334585905075073,0.2051934447692739,-0.7974428433466758,-0.1418140964094977,-0.5494263689677835,0.81405109167099,0.3539782166481018,0.3017809391021728,1.1017986276179552,-8.45561708383858,4.088626573461294,-0.0922167599201202,0.0044147702865302,0.907457301191613,0.1396400481462478,0.1224035324760247,0.7036828143790363,2755
1726744867586568400,-8.467674016857147,-8.110603622972965,2.7848107510268685,9.194314220714569,-0.8917440376225858,-3.2923812107190487,-0.2836986184120178,-0.1543515026569366,-1.7365368604660034,0.1777106388920112,-0.7981025897446081,-0.1757753768100476,-0.5482282627843535,1.0321389436721802,-0.04745814204216,-0.4299370646476745,-0.0332481896072626,-8.21772076638937,4.308322632831334,-0.2199020236730575,0.1969515532255172,-0.1293485567077994,0.3488829135894775,-0.3695471597500145,0.377715341701731,2756
1726744867626333700,-11.501468881058692,-9.34179318513572,3.2000843275547024,9.263937207517028,-0.517379759914428,-3.1752447775915265,0.0932283475995063,0.6921330094337463,-0.0004762629978358,0.1657403476824351,-0.7915358428262925,-0.188051701454073,-0.5573488518038963,-0.1001431420445442,-0.4525063633918762,-1.376492261886597,-0.5509463678210973,-6.385627504059672,3.6586335667073726,-0.2680308520793915,-0.0567867420613765,1.388450938799232,0.3219522833824157,0.6987929965108632,-0.1719595083462074,2757
1726744867666099000,-10.898118372261523,-8.830250022420287,2.076437148483097,9.323031786042453,-0.9400378206703812,-2.8927102769926187,0.7005753517150879,0.6705262064933777,1.9226465225219729,0.1861443022559733,-0.7855503869790407,-0.1743495632384784,-0.5637934308944998,-0.0716917961835861,-0.8564896583557129,-2.207676887512207,-1.5811691210031509,-6.459416962891817,3.5116485232830046,-0.216855451464653,-0.0495728328824043,0.3409731359662488,0.107990838587284,0.7438735896658152,-0.103156450491352,2758
1726744867705864400,-7.231500236541033,-8.990484423518181,0.3591960077360272,9.232154414287209,-2.006831843467802,-2.6287489594385027,0.984596312046051,0.4905422925949096,3.1890430450439453,0.2313148235829659,-0.7836342215042319,-0.1412313876485777,-0.5589852397919058,0.9435177445411682,-0.9363309144973756,-2.885138273239136,-2.2864164082199334,-5.436168724897503,3.0442414394140243,-0.1527561694383621,-0.1885622888803482,1.0094874236673117,0.185940071940422,1.3285194710582493,0.5416486338501796,2759
1726744867745629700,-3.848386907756328,-9.0896263502717,-1.692481962543726,8.888630315196513,-3.355882207509876,-2.429136487676203,0.3185741901397705,0.1482556313276291,3.8070883750915527,0.2821219422491523,-0.7844435273931704,-0.0921945945929846,-0.5445693657066181,2.0909035205841064,-1.2951511144638062,-3.1833176612854004,-5.377752191764116,-4.321298141999542,2.027390208980441,-0.0969875007867813,-0.1777418106794357,-0.0881405124035663,0.105150505900383,0.747211355786398,-0.1985204204755835,2760
1726744867785394200,-1.588233652561903,-8.609850783216952,-1.167668983888626,8.224511741703749,-4.7496451351121065,-2.4430868332259355,-0.0283554047346115,-0.2519874274730682,4.298369884490967,0.3244863231985246,-0.7898255598444517,-0.0271725363365375,-0.5197556200003567,2.429466485977173,-1.7705323696136477,-3.347236156463623,-6.676242435261607,-2.077214124204964,-0.3025730800211429,-0.0294448472559452,-0.1120094656944274,0.3275635096970945,-0.1153143048286438,1.09408703032732,-0.2075187879074364,2761
1726744867825159400,0.8816630077868699,-7.438674667990207,-0.6730161656975746,7.22615127672851,-6.1315107041716574,-2.5214476916268467,0.3389123082160949,-0.3635883629322052,4.517149925231934,0.3695629766538861,-0.7917392983320664,0.0413151713762258,-0.4846288836315091,2.10721755027771,-1.9910780191421509,-3.357405185699463,-7.049954751867055,-0.2188221991449594,-1.904848117417097,0.0789989382028579,-0.2216269820928573,-0.331616146088764,-0.2891012728214264,0.5602225840799511,-0.0943069169456604,2762
1726744867864919000,2.7218647577703,-5.761318962907791,-1.2795011731281876,5.972380464923382,-7.379856568318605,-2.45739870556444,0.635770320892334,-0.2442771941423416,4.501882553100586,0.4193157509907054,-0.7834732429252622,0.1070613815651558,-0.4459618420752202,1.97437596321106,-2.017270803451538,-3.2819299697875977,-6.102012807008624,0.6000085048928856,-2.526062199684977,0.1114610433578491,-0.0004103709943592,-1.344878192923963,-0.4147445857524872,0.0146027518937247,-0.0866562834614887,2763
1726744867904684300,4.515333105890453,-4.716970653739572,-2.0881810700297354,4.544924526555836,-8.369136485737561,-2.3391470046713945,0.3699335157871246,-0.24641914665699,4.419638633728027,0.4653068430361429,-0.7681335126667553,0.1709801620471818,-0.4052484304128388,1.719112753868103,-1.901143908500672,-3.082261562347412,-4.582559845206141,1.7173808414787053,-3.804403096862137,0.1353780776262283,0.1622703075408935,-1.5649968616202472,-0.3413163125514984,0.2052262565234676,0.3950020651325583,2764
1726744867944449500,6.712636521679163,-4.009473541769385,-1.8304104238092893,2.9983953417792915,-9.0485023127228,-2.303178450189531,0.1634456068277359,-0.3998424112796783,4.263503074645996,0.5030212390092009,-0.7504208427058675,0.233019264146244,-0.3599170433847026,1.5195392370224,-1.7336540222167969,-2.7906270027160645,-3.595058043375611,2.5485908423572776,-4.746279165810346,0.1658279001712799,0.1803358942270279,-1.6837150109812615,-0.1414247900247573,0.4591177962882444,0.6207165080092847,2765
1726744867984215000,8.691049641522765,-2.56818927679658,-1.462538357664645,1.4519858378596604,-9.423768873032929,-2.2923186180010435,0.1481279134750366,-0.5669757127761841,3.819186210632324,0.5345022425842563,-0.7306369039694682,0.28817605329494,-0.3121405684953626,1.2033289670944214,-1.6966043710708618,-2.313806772232056,-2.707878902515769,3.4439421837568283,-5.669706262615323,0.1606640219688415,0.137317880988121,-1.6480593218408524,0.0614925846457481,0.5449894687106832,0.59407670369111,2766
1726744868023980300,9.845191035318374,0.006350245809555,-0.8828488565705717,0.0838621866303961,-9.553078559035065,-2.214050698580593,0.4043242335319519,-0.433551162481308,3.1272835731506348,0.5611073580079405,-0.7089599859872446,0.3320555810273108,-0.2688369093244573,0.8333086967468262,-1.3974279165267944,-1.5512478351593018,-1.1790016942858694,5.560591223379969,-6.745042415243387,0.1014841720461845,0.2013299018144607,-1.4510729607984425,0.2222403585910797,0.3266805163174867,0.4328921257289126,2767
1726744868063744800,11.21209781243801,1.4780962845414876,-1.5445463403962552,-0.9833208628840744,-9.55269043650031,-1.9873498750150205,0.723731279373169,-0.386589914560318,2.2586119174957275,0.5851277455889747,-0.6850010168209044,0.363455977995649,-0.2372737609194979,0.5418057441711426,-0.5739018321037292,-0.6664283275604248,-0.2012964793264866,5.044187761151791,-6.158085407364368,0.0668965652585029,0.2335495948791504,0.6861410932738333,0.2714289426803589,1.0256623133987188,0.3376047189790755,2768
1726744868103510000,12.603998745560643,1.9533499902576208,-2.625913151490688,-1.6747667115025222,-9.520822303074596,-1.649083988713473,0.8948673605918884,-0.4217144250869751,1.2002559900283811,0.6070666991460569,-0.6638242097739665,0.3787047686619144,-0.217692750551236,-0.4529440701007843,-0.3075428307056427,0.3187475502490997,-2.731594709146022,4.816618191927671,-7.1998372702986,0.0719214603304863,-0.139006957411766,1.6342578832425176,0.2705174386501312,1.706523347377777,0.423935825606808,2769
1726744868143275500,12.700109341794253,3.20738091430366,-3.2832337354063985,-1.9300921565279363,-9.522686343380808,-1.327999100445956,0.6437955498695374,0.1843065023422241,0.0420196875929832,0.621584756944651,-0.6493418539922499,0.3821835470259938,-0.2142972205175498,-2.14224624633789,0.1768034547567367,0.8540462851524353,-2.517556237146258,6.138371822112799,-7.909803987252712,0.1289975345134735,-0.1424794346094131,1.4614173908106982,0.3137013018131256,1.1822289127040653,0.4408612049119547,2770
1726744868183040800,12.172940739923716,2.528938047382236,-4.042003938496112,-1.6493771264411508,-9.585099837195871,-1.2553174567252396,-0.0505730882287025,0.9772284626960754,-1.3292595148086548,0.61762437034055,-0.6472451993733805,0.3808897855301504,-0.2335312528681474,-2.7529401779174805,1.0646018981933594,1.5235782861709597,-3.38802565074563,5.362282819953561,-6.06626753988862,0.1136553362011909,-0.2820799350738525,0.7854703592929989,0.2536746859550476,0.3837184180414303,-0.0770008860261645,2771
1726744868222806300,10.280085842639208,1.4634393981575966,-3.694283556759357,-0.8695262875303625,-9.662532620966434,-1.4317024898961186,-0.5053544044494629,1.1622145175933838,-2.3531086444854736,0.5952535880377318,-0.6587796524150681,0.3728349254167706,-0.2695860833515281,-2.358145236968994,1.5035516023635864,2.507861852645874,-4.925688222977519,4.241477294048667,-4.600343923699856,0.067849762737751,-0.1255092769861221,-0.1325411604703404,0.1382965892553329,-0.2783490681404247,-0.0865578371888492,2772
1726744868262571500,8.617457166567444,0.2183329543232917,-3.261964152884483,0.2526108157718554,-9.65552771064043,-1.6962775554344056,-0.7825266122817993,0.6112988591194153,-3.1674954891204834,0.5632884307795057,-0.6802653337948285,0.3517458751175165,-0.3101935952954724,-1.2929279804229736,1.87904691696167,3.248185396194458,-4.680031208398938,3.0881618296831843,-2.6937267507836222,0.0336184166371822,0.4232287108898163,0.1057948087714612,0.235615387558937,-0.5783282592108473,0.2673288394921459,2773
1726744868302336000,7.541343599826097,-2.762687766546011,-2.693673267030716,1.6154301409147678,-9.453276707068085,-2.048491595328599,-1.0584136247634888,-0.3648505508899688,-3.878907442092896,0.5256539572717093,-0.7124098560178985,0.3113136692102768,-0.3453170605796188,-1.0313057899475098,2.023404121398926,3.612971544265747,-5.14150364152193,2.0778432158887385,-1.540352103576809,0.0160767473280429,0.5746357440948486,-0.1702350957063958,0.1935925781726837,-0.5022583612913265,-0.0324963894258486,2774
1726744868342101200,6.228528478378057,-5.527763889533281,-1.2333183908849954,3.044812225039303,-8.968526858732103,-2.5426357333451506,-1.1654127836227417,-1.108059048652649,-4.231409072875977,0.4836436351369488,-0.7519673965913106,0.2533443997379723,-0.3693918389177429,-1.0957638025283811,1.940481424331665,3.606033802032471,-5.309594601339102,0.4381304282411932,-0.4711123681277036,0.0561559349298477,0.4742831289768219,0.1129321407049428,-0.0090524526312947,-0.2455961695031262,-0.2445898785374127,2775
1726744868381867000,4.35748413862437,-6.179575354638695,0.4506199074581265,4.383595608219504,-8.20807907781899,-3.095464261651039,-0.9304987788200378,-1.262863278388977,-4.363200664520264,0.4394563530468975,-0.7896498077796783,0.1851430211703967,-0.3860742523389086,-1.0753941535949707,1.3833460807800293,3.2100391387939453,-5.197338341468572,-1.6697839546538888,0.924244842928648,0.1056426838040351,0.2921970784664154,-0.4525060499982908,-0.2670983076095581,-0.1398772481126245,-0.3163373649468645,2776
1726744868421682000,2.44215057528913,-6.163780404135585,1.3468474471703171,5.583512080240249,-7.219058103597164,-3.588867079780996,-0.6728178858757019,-1.2170360088348389,-4.509835720062256,0.3953594341336959,-0.8190178413855966,0.1104132055951516,-0.4008859900309749,-1.2540959119796753,1.087733030319214,2.771489143371582,-3.263306215143204,-2.7066578362882137,1.570011767172813,0.1317807585000991,0.0070745954290032,-0.5168558456381782,-0.4241270422935486,0.0788894488522782,0.0376199224350624,2777
1726744868461449200,0.5697562822312117,-7.034619820091128,1.8445435785800213,6.619283699721097,-6.00944032177329,-4.030150711356103,-0.5156077146530151,-1.1381632089614868,-4.614131927490234,0.3494959556861159,-0.8393405164595275,0.0314324990908235,-0.4151772367775528,-1.1469663381576538,0.892828106880188,2.3532614707946777,-2.482798227497935,-3.9307881275892256,1.9615818120300768,0.1611007153987884,-0.2693172693252563,-0.9014628830824046,-0.398976594209671,0.1178576600741595,0.4058723456498235,2778
1726744868501216500,-1.828584377425909,-7.603843018358946,2.247998122498393,7.397795545113087,-4.687090479260683,-4.412954973694682,-0.5023699998855591,-0.8511149883270264,-4.154510974884033,0.3034457777771614,-0.8503029228142307,-0.0445311652820866,-0.4276944136498383,-0.5738973617553711,0.8107634782791138,2.016995429992676,-1.728621781939268,-5.162071797776222,2.7286229998588563,0.197534441947937,-0.4338492453098297,-1.2829895997658372,-0.3037412762641907,-0.1222848653992638,0.5533387793829664,2779
1726744868540982800,-3.670708619904518,-7.093589310932159,2.730042803528905,7.86984022565484,-3.450923713207245,-4.725161851240694,-0.6570591330528259,-0.5913943648338318,-3.218966007232666,0.2604176052084649,-0.854174592752674,-0.1063107149044303,-0.4373403405731023,-0.3475699722766876,0.7000889182090759,1.6501649618148804,-0.590035684671998,-5.641459826818108,3.14686127141118,0.2314728647470474,-0.4101359844207763,-1.1817411291871218,-0.1832689344882965,-0.174769378135167,0.5575439394552261,2780
1726744868580750000,-3.8475527950197455,-7.153209959158301,2.949925909903645,8.105791254255175,-2.4177612533114847,-4.961954299101233,-0.9208363890647888,-0.3294817805290222,-2.385127782821656,0.2216789554429588,-0.8548779822932854,-0.1489056256145349,-0.4448249900705498,0.0031134744640439,0.5330338478088379,1.34708571434021,0.3994342023611068,-6.5577960885792965,3.885322845965624,0.2208545207977295,-0.2941634654998779,-0.5087884206471964,-0.0169811807572841,-0.1157441567852161,0.6638762891694903,2781
1726744868620517400,-3.8944524933606384,-8.144913304331899,3.3830642289459703,8.245016185072064,-1.5112011201553046,-5.089830152907967,-1.274635672569275,0.1471159011125564,-1.8481378555297847,0.1837432280893725,-0.853641911467937,-0.1755124211421521,-0.4546749601401431,0.3705287873744964,0.3564871251583099,0.9918448328971864,0.3812503108948469,-7.420498959830403,4.4664474944293495,0.1379598081111908,-0.1221029162406921,0.5420938568670303,0.0867174267768859,-0.2056628213098272,0.3896841215128079,2782
1726744868660284400,-5.778303999978304,-8.008246825826168,4.146257509174943,8.448436816945671,-0.6895881649877875,-4.931406016102433,-1.5843558311462402,1.2929836511611938,-1.3372315168380735,0.1469675000100638,-0.8463755997917294,-0.1872967324831874,-0.4764124524594907,0.418495774269104,-0.0659341961145401,0.3365546464920044,-0.0141939450472593,-7.760013238757848,4.998653505945206,-0.0027330061420798,0.0682725682854652,0.505791101994738,0.1534434407949447,-0.1089079084238503,0.3121420321488752,2783
1726744868700052000,-9.25871041277945,-8.229273841539024,4.282013302576542,8.822367160215974,-0.0977597151475027,-4.280965839350223,-1.429681420326233,2.462860107421875,-0.2073975205421447,0.1192475045402232,-0.8279010149380202,-0.1812413385345796,-0.517215180437245,-0.2689710259437561,-0.4088769555091858,-0.4497920572757721,-0.1906400607556104,-7.097721880692244,4.254117579913139,-0.0435656197369098,0.1904285699129104,2.1603945117168126,0.1368487328290939,0.769938443640247,0.1231487887522205,2784
1726744868739819300,-10.28211413359642,-8.493845984467864,3.150290076816082,9.193650203847884,-0.2479827541124075,-3.4037764698460697,-0.4695698618888855,2.196710586547852,1.8840597867965696,0.1207055939974163,-0.8065576665037834,-0.1516872970777488,-0.5584674640829944,-0.4737699627876282,-0.7021620869636536,-1.5472060441970823,-0.9946259546220302,-6.766444684234261,3.776130649840832,-0.1867476999759674,0.1646003872156143,0.7101391509115695,-0.0060084741562604,0.329543650663644,-0.3352420449683442,2785
1726744868779586600,-6.821250041133165,-8.608576525497437,1.4391320553749798,9.334415934365987,-1.206752309390157,-2.753699281187356,0.2491278201341629,1.3225959539413452,3.175084352493286,0.1538457637788467,-0.7934048646635751,-0.1044428888776811,-0.5795964920837726,-0.3165606558322906,-1.0009355545043943,-2.513516902923584,-1.798050122952461,-5.6988873489141465,2.9063901350378987,-0.2065361887216568,0.0859744101762771,0.6588648907482624,-0.0611738972365856,1.014398138193041,-0.0622776290083304,2786
1726744868819352800,-3.828599672746658,-8.484765436911582,-0.7051612163685261,9.179490161070229,-2.525718500813842,-2.3511865481637417,0.5057687163352966,0.7019060850143433,3.625056982040405,0.2024053208907231,-0.7856090896936665,-0.0519182821660246,-0.5823700720072882,-0.0877306833863258,-1.1709047555923462,-3.179893970489502,-2.6109984909534454,-4.417950590024888,1.977199067878723,-0.1356681734323501,-0.1672140210866928,0.4862894059281796,-0.0669876113533973,1.1064056830219924,0.0067638641159894,2787
1726744868859115000,-2.566225867769122,-7.8773828961193555,-1.7062999138854442,8.725458691602945,-3.919596579228341,-2.161831412652135,0.3573529720306396,0.1048390939831733,4.0125813484191895,0.2527293097735836,-0.7811560145650781,0.0042439476809841,-0.5708810522307907,0.4639796316623688,-1.3863073587417605,-3.433506727218628,-4.43274630035758,-3.4520021560937164,0.7864239336907863,-0.076570525765419,0.0751427635550499,-0.1083802769537083,-0.1823204159736633,0.5331614490771666,-0.3544114038079977,2788
1726744868898882300,-0.3308358824312686,-7.5083520153284065,-2.1032954909227786,7.923746587887406,-5.378288198336959,-2.111546748048067,0.5284000039100647,-0.263536661863327,4.478849411010742,0.3072181071247374,-0.7767962930703332,0.0651647201488759,-0.5458553504373027,0.9815226197242736,-1.3796875476837158,-3.536605834960937,-4.973003516381978,-1.4591406780503688,-0.5735726256489754,-0.110856220126152,0.2169474214315414,-0.7319795921240001,-0.3593398034572601,0.3399291433386504,-0.5105585721248761,2789
1726744868938649600,2.100062061959505,-5.880863041698932,-2.92338890837282,6.790805218508839,-6.750496004474162,-2.118050869245082,0.5016284584999084,-0.6803367733955383,4.4325056076049805,0.3639773362241276,-0.7695213876908098,0.1258068946910701,-0.5094407721080585,1.3169267177581787,-1.333189845085144,-3.4557595252990723,-5.39613423615098,-0.0745581051170826,-1.4046141380928456,-0.1792037934064865,0.3042080998420715,-1.2700699124380943,-0.4271767437458038,0.3266530437886715,-0.1959610183163546,2790
1726744868978417000,3.5607261501848697,-4.169632539543509,-2.846482778824865,5.478882077464461,-7.830705900618433,-2.1982504873804745,0.213420957326889,-0.7537132501602173,4.118401050567627,0.4137397448204277,-0.7610779061465491,0.1812181180040527,-0.4655533582792787,1.5033115148544312,-1.184691309928894,-3.299858331680298,-4.658005254551768,1.458656547795236,-2.6561279647514224,-0.2121133059263229,0.2264683544635772,-1.1719696767572312,-0.32261922955513,0.5590373928833753,0.2988239383543841,2791
1726744869018184400,4.937297996750473,-3.399413306200504,-2.4599779084026814,4.108145512923598,-8.601971428143978,-2.3020887552566824,-0.3092867732048034,-0.1902872174978256,3.957398176193237,0.4512888590573407,-0.7488634746293767,0.2378599533894082,-0.4230419723148231,1.7207393646240234,-1.1059783697128296,-2.991105794906616,-4.010464306372404,2.718738150182366,-3.65539297735095,-0.1990413516759872,0.0661843717098236,-1.4066374606139955,-0.1505836695432663,0.805206960093975,0.5372519332611932,2792
1726744869057950700,6.250214825007319,-2.3585785581111907,-1.2117805128157138,2.75587428713888,-9.073884591260551,-2.4980346673354505,-0.7032594084739685,0.2679774761199951,3.725731372833252,0.4735494187885635,-0.7331788246695176,0.2996884036814843,-0.3852099070490941,1.7895365953445437,-1.0254197120666504,-2.553373098373413,-2.981098462280631,3.8340129299670456,-4.586716380363702,-0.1481186598539352,-0.0499806217849254,-1.430708656553179,0.0174620244652032,0.9545146012470126,0.6248246739804745,2793
1726744869097718000,7.363792737746238,-1.0991513279795646,-0.2023389741167426,1.4880198587931692,-9.301559958946704,-2.7271158101663,-0.6605599522590637,0.3575354516506195,3.339516878128052,0.4871570183472875,-0.7139639337310817,0.3595826889710282,-0.3516159793478943,1.576443791389465,-0.9123528599739076,-2.023731708526612,-1.979067784360051,4.902057756543159,-5.195760716888309,-0.1482634544372558,-0.1160009503364563,-1.3548220793113113,0.1580109298229217,0.953554450977966,0.4650898929677903,2794
1726744869137485300,8.468473642802238,-0.4490665405362844,0.5199696302771568,0.3596961392778903,-9.365364030337334,-2.886338403873145,-0.1730414479970932,0.027170205488801,2.8601348400115967,0.4999004777768935,-0.6931992399580076,0.4082121052304556,-0.3208382413744839,0.9773473143577576,-0.6917067766189575,-1.2846838235855105,-1.2851841872006653,5.697350056344271,-5.823559438243508,-0.1223449632525444,0.0054660672321915,-0.2725193573399447,0.2134661078453064,1.1452171327795833,0.266142899376899,2795
1726744869177252600,9.975677363884447,-0.1085024602949619,0.1313993517577648,-0.6421812477771193,-9.368046985810995,-2.828018901373446,0.4409592747688293,-0.5528787970542908,2.328797101974488,0.5199947472456619,-0.6711416871818142,0.4401791408282149,-0.2922612508870793,0.1186195611953735,-0.126090258359909,-0.4123468697071075,-1.375848208466172,5.757097545820474,-6.035197863364219,-0.1018558293581008,-0.1030305325984954,1.085426169487834,0.1680325865745544,1.5330677917875348,0.1320870326278265,2796
1726744869217020000,11.062121185982226,1.0767255611598492,-0.203505679808557,-1.4796280241534112,-9.353779391005634,-2.54713246024251,0.8507911562919617,-0.9434951543807985,1.6770128011703491,0.5469925058606584,-0.6505086663483934,0.4546494056009039,-0.2663297106947054,-0.7100309729576111,0.2068801820278167,0.6364554762840271,-3.22278598870635,5.072409647029638,-6.189477739971876,-0.0730451866984367,-0.0687724500894546,0.6844470027070492,0.1939252912998199,1.0987665664456785,0.2439188291417434,2797
1726744869256787000,12.427395977985858,1.8024118252933023,-0.816766464984417,-2.011422239997983,-9.359260452765223,-2.128101723138242,1.0072003602981567,-0.777645468711853,0.6425307989120483,0.5734688424794393,-0.633435272591535,0.4552611880566642,-0.2502609526212862,-1.292247295379639,0.944572389125824,1.4047844409942627,-2.554233816680312,5.147245984566212,-5.47828703418076,-0.0917317047715187,-0.2152290940284729,1.2774167680695652,0.2309622168540954,0.8799090037263929,0.0291342195163713,2798
1726744869296553500,12.56478667911291,2.492625209507346,-1.3200306057848037,-2.024613437743485,-9.443891039085388,-1.698309938044846,1.0218240022659302,-0.3021246790885925,-0.8279249668121338,0.5908067693199852,-0.624775670724736,0.4429955673885224,-0.2536882164939908,-1.2293492555618286,1.4552323818206787,2.148695945739746,-3.801224174565077,3.925937180426717,-3.718695528960228,-0.1202358603477478,-0.197675421833992,0.5153817910302431,0.2397483438253402,0.1301076223136391,0.0109506568436743,2799
1726744869336320500,11.038492473113536,2.5750550709128377,-2.188120284640789,-1.4359472878590225,-9.607722587892413,-1.3416808581873774,0.7160968780517578,-0.102545790374279,-2.319293260574341,0.5951221732091272,-0.6282617785459708,0.4167659060167067,-0.2782497685963883,-1.546110987663269,1.5616185665130615,2.599328994750977,-3.840415198224784,3.4577217027842995,-2.6615903218105434,-0.1141555309295654,0.203002393245697,0.3898969970785081,0.2582776546478271,-0.3741579414810985,0.0318798238635063,2800
1726744869376088000,9.44403716955781,0.2867915735214948,-2.982124298197031,-0.2751426915808581,-9.728774733158945,-1.202342018667236,-0.075154073536396,-0.6362696290016174,-3.717243671417236,0.5839134822307936,-0.6502257346543957,0.3721678047362545,-0.3126382345023529,-1.204791784286499,1.6838006973266602,2.916982650756836,-4.423143190231919,1.964867409572005,-1.2924879343427718,-0.0835000202059745,0.3568015396595001,0.3633120647527277,0.198944866657257,-0.400276425338909,0.0188327381632756,2801
1726744869415848700,7.314027713102102,-3.116846072375774,-2.8803590372025965,1.2822034178242088,-9.616265959832072,-1.4330945287764072,-1.016532063484192,-1.3814862966537476,-4.451016426086426,0.5562222654487485,-0.6912703867539471,0.3085656194887134,-0.3428546230859889,-0.473143607378006,1.4516353607177734,2.965134382247925,-5.01884289201498,-0.0535430818781256,0.1637654978334903,0.0181211065500974,0.1376349329948425,0.3658501683956012,0.0417085736989975,-0.0598456023887032,-0.133589062088076,2802
1726744869455615700,5.5464715126127,-4.674400509035587,-1.6110171467781067,2.4723083976656195,-9.298310017240048,-1.8972364733695983,-1.5949398279190063,-1.6263723373413086,-4.42861795425415,0.5250914322898825,-0.7289308739547443,0.2557184428427644,-0.3571370388756917,-0.452668696641922,1.2053347826004028,2.5575618743896484,-3.20574016135931,-0.3626598844543099,0.8706057533301412,0.1292476952075958,-0.023828350007534,-0.3820777381623164,-0.11965262144804,-0.0227705297033535,-0.2232943213240243,2803
1726744869495382800,4.4508919056400655,-5.741561538514494,0.2172542191758751,3.8810789247855535,-8.584142925986647,-2.7239824805766344,-1.851157784461975,-1.3959215879440308,-4.29721212387085,0.4740938415480638,-0.7769395946100892,0.187748041695745,-0.3692566883472512,-0.8603123426437378,1.0273723602294922,2.0686159133911133,-1.344606097984314,-0.7317002637259662,1.2429413747549056,0.1889427304267883,-0.1996823698282241,-0.7576220559678971,-0.1985584497451782,0.0123164653041632,-0.034448071482894,2804
1726744869535148800,3.4442321066141126,-6.789922590455412,1.6769380641922351,5.171752649313211,-7.56616064569652,-3.4894983585342763,-1.6471295356750488,-0.6048304438591003,-4.528895378112793,0.41583676664422,-0.8142458313521065,0.1221418228472408,-0.3862188009680029,-0.9087837338447572,0.8458706736564636,1.9061459302902224,-1.1104647491544484,-1.835778818974644,1.3851555505156516,0.1907878518104553,-0.2321988940238952,-1.2829298324026166,-0.1562636494636535,-0.1916773861804045,0.1438256295453757,2805
1726744869574915600,1.0145020369589328,-7.613261419567466,2.178753905880451,6.428024045762419,-6.298396964374184,-3.8962946140959858,-0.996541142463684,0.2016936838626861,-4.647738933563232,0.3574602935671153,-0.8340318231810374,0.0551965602836988,-0.4166130979904706,-0.6212827563285828,0.8030743598937988,2.0715866088867188,-0.761302936437726,-2.9803400451287625,1.3635329167723655,0.1715195327997207,-0.2000918984413147,-1.5258537687554954,-0.0853719115257263,-0.2834014196265488,0.246006083744578,2806
1726744869614682600,-1.9689584782779213,-7.323713825336098,2.002246415373683,7.497916546031832,-4.934897949871421,-3.9494793840557336,-0.5059931874275208,0.5237858891487122,-4.247923851013184,0.3062578291802251,-0.8374081654505976,-0.0107228124012313,-0.4525910281488621,-0.2749583423137665,0.8716603517532349,2.339993953704834,0.1509557006210088,-3.929084830802679,0.9987339744627476,0.1798922419548034,-0.1735597997903823,-1.3463329217769204,-0.0777857601642608,-0.1121677778694778,0.1982037557418458,2807
1726744869654450000,-3.838381646570563,-7.126815288707614,1.6477543475449083,8.246855090937018,-3.651581017847359,-3.8504201671496032,-0.2689312100410461,0.4468850493431091,-3.521308660507202,0.2641843863546859,-0.8315742331886216,-0.0692899233635701,-0.4836216319689905,0.2920185327529907,0.8318766951560974,2.312948226928711,0.4355249219179153,-5.726182767596841,3.359849357575178,0.1415290087461471,-0.0400472097098827,-0.9324719885259866,-0.0352490693330764,-0.2709767858067527,0.3125195602243766,2808
1726744869694216700,-4.7949745153963566,-7.731613073703646,1.3512269774287935,8.676575125968455,-2.5618086358487604,-3.784783911895752,-0.2641596496105194,0.1066276356577873,-2.6858367919921875,0.2298614459058835,-0.8242264430975141,-0.1167092207992354,-0.5041760928455857,-0.8978208303451538,0.5198271870613098,1.6077642440795898,0.1202373217523097,-5.752415525484085,2.466502341735363,0.0150667177513241,0.0347330383956432,0.7127838932666927,0.0489547327160835,0.0185796653012163,0.3873207533823326,2809
1726744869733983700,-5.5444782929688685,-8.096030907741188,1.6146481967568396,8.86957548611462,-1.7104694546550512,-3.8177626369118687,-0.4444380104541778,-0.0317864008247852,-1.907020211219788,0.2010036308171487,-0.8197244026455172,-0.1506772059373565,-0.5147289036357738,-1.8382960557937624,0.0401872880756855,0.2980017960071563,-0.979523662558198,-7.534226461297274,3.1083319265305995,-0.163334846496582,0.0229956600815057,0.8494843471072614,0.2134885340929031,0.0433427547779865,0.5020681724814697,2810
1726744869773749800,-7.455624633747338,-7.141929271209239,2.2083786442935467,8.985519494587182,-1.0902340081609785,-3.7738872548282143,-0.7434536814689636,0.554607629776001,-1.0922871828079224,0.1768603152227454,-0.8148900563181062,-0.1684306891309645,-0.5256479660522003,-2.7396419048309326,-0.1841571480035781,-1.013027310371399,-0.3945066828310489,-6.588951105299592,3.3079823922157288,-0.1822690814733505,0.0728979557752609,2.7289263667196035,0.2529503107070923,0.9754138891518116,0.2966979774426668,2811
1726744869813516800,-9.287223390558362,-8.711455885213613,2.287695049853623,9.135343560829758,-0.7854442750036716,-3.478362924274802,-0.9756577014923096,1.204195261001587,0.3428017497062683,0.1599354051209418,-0.8066618489258256,-0.1632293267829967,-0.545044672005278,-2.4398977756500244,-0.263845145702362,-1.8546113967895508,-0.8379179740846157,-7.372730661961436,3.925449104648828,-0.2417559623718261,-0.0220582839101552,1.3374191090896723,0.1081331893801689,0.694837829144299,-0.2357977377347648,2812
1726744869853277000,-8.580386203801632,-8.698079101768135,2.146867360015213,9.256896641355752,-1.1730643401261418,-3.01730930108577,-0.4300865530967712,1.351878643035889,2.166265726089477,0.1668204051045206,-0.7980906398547021,-0.1299664944766327,-0.5642082430129974,-1.5263423919677734,-0.4988060593605041,-2.313239336013794,-1.1729688438624144,-6.571524754202366,2.796953608763218,-0.2258387058973312,0.0381186641752719,0.125884963117307,0.0239154361188411,0.7964145087640732,-0.1356069321159739,2813
1726744869893044000,-6.060794076913595,-8.928066838049888,0.9182420953825116,9.212161427572369,-2.158583662902564,-2.5781717416286467,0.129454880952835,1.0026897192001345,3.1935651302337646,0.1980958242133722,-0.7904897717729783,-0.0810931534013393,-0.5738534745645035,-1.1844161748886108,-0.5064839720726013,-2.751165866851806,-1.0984440564930438,-3.930768546105921,1.808919892013073,-0.1816143542528152,-0.1805316507816314,0.2353815216166898,0.0172259919345378,1.0181892010390758,-0.1348735032748896,2814
1726744869932811000,-3.896079802301526,-8.200082233846187,-0.066235682451725,8.89188084142506,-3.471950426883996,-2.2473110170170663,0.657386064529419,0.6218554377555847,3.785156011581421,0.2453988570957168,-0.7834959780069041,-0.0267400131270969,-0.5702617300237164,-0.2729087769985199,-0.5650796294212341,-2.774475336074829,-3.087987642160058,-3.372768460381031,1.2385679819762705,-0.1495189815759658,0.0474505424499511,-0.2657517263685353,-0.1135720983147621,0.4247323462793603,-0.4704379029322415,2815
1726744869972578000,-1.6653338433772324,-7.194604630342125,-1.7311713202916084,8.271534189641475,-4.889379769016802,-1.961136552480608,0.942058265209198,0.1613404005765915,3.986485004425049,0.3027590448903403,-0.7741244141142742,0.026861332736879,-0.5552897865981334,2.932117462158203,-0.5298433303833008,-2.642934560775757,-4.567805343666673,0.5986901157706975,2.4984318499594926,-0.1537879556417465,0.0888227596879005,-0.4297001612871885,-0.2817170023918152,0.4551070262769237,-0.3096532840730622,2816
1726744870012344000,-0.330717809009552,-5.362888384631276,-2.3921885667681693,7.382539523792266,-6.200357445904612,-1.7955691197916863,0.6855157017707825,-0.2097533643245697,3.97996187210083,0.3589450228077672,-0.765107479793223,0.0784798950013713,-0.5287815606044717,2.286872386932373,-0.4869095981121063,-2.6239728927612305,-4.120312336057424,0.1851917322218418,-0.67271930164285,-0.1021193414926529,0.0948955938220024,-1.3742118394359946,-0.4032274186611175,0.2269668723569251,-0.0232069620589725,2817
1726744870052111000,0.9179092101663352,-3.876256326934695,-2.2285373429641124,6.285194952973723,-7.328007723137736,-1.7224942389696836,0.1493784338235855,-0.0226341411471366,4.0592851638793945,0.4070141437303946,-0.7549621136165872,0.1336224945916468,-0.4965043824595304,2.869431972503662,-0.442363828420639,-2.949401378631592,-3.0327187594026324,1.189745206618309,-2.030573953583092,-0.0640590041875839,0.088684357702732,-1.5013175856530665,-0.3164034485816955,0.3426165923243388,0.4893102515866979,2818
1726744870091878100,2.632036602807045,-3.473717144295573,-2.198745723551512,5.031952548956871,-8.22749455690682,-1.7771254083454608,-0.8307231664657593,0.3975378274917602,4.069540977478027,0.440780366340143,-0.7422986483970788,0.1989997438141641,-0.4637935997714671,2.835902452468872,-0.5226699709892273,-2.765570640563965,-2.408106851390004,2.564246676650644,-3.1841905928522345,-0.0217061787843704,0.0349235646426677,-1.3706464020393787,-0.122825987637043,0.7259493720490485,0.6225791600760072,2819
1726744870131645200,4.405789027588069,-4.544892085590958,-1.0473853387765586,3.674642744483053,-8.83690129700303,-2.139297801543772,-1.6866856813430786,0.6171691417694092,4.170197486877441,0.4553745863443899,-0.7301685890589097,0.2755497522236754,-0.4284394040548526,2.162943124771118,-0.6544016003608704,-2.201971530914306,-2.333094572764635,3.7268297355771054,-3.95177947769165,-0.0123919006437063,0.030161265283823,-1.3764885521963235,0.0419477671384811,0.6532375523857772,0.5972738922972232,2820
1726744870171412200,6.248002409654855,-4.385245128992199,0.7774526917278766,2.176894395618885,-9.179403651830553,-2.6777006218731403,-1.59050452709198,0.6087183356285095,4.484945297241211,0.4619707895491973,-0.7131327062554425,0.3577240382901823,-0.387373592533576,1.0169737339019775,-0.7681381106376648,-1.594623327255249,-1.8520511777311564,4.5003117701083415,-4.869544895473123,-0.0113852433860301,0.1018027290701866,-1.1951058568686246,0.1447845846414566,0.6558532147768884,0.3630411753894761,2821
1726744870211179300,8.895824026092887,-2.275156178537011,1.6792893034934997,0.5841673406278715,-9.27327494470477,-3.136160429176688,-0.971511721611023,0.1101927682757377,4.264887809753418,0.472909264622747,-0.6873213034390876,0.4330001237060046,-0.3412581770349041,0.2233624905347824,-0.6368101239204407,-1.0138849020004272,-0.893168152141571,5.31315843130052,-4.929090140375495,-0.0113599356263875,0.1851819604635238,-1.0185661445926877,0.1654129177331924,0.6779065680876374,0.2262967545430176,2822
1726744870250945300,11.725719534993171,-0.3579290565401316,1.8388932977333663,-0.847515019795671,-9.182814337056875,-3.3358678857460617,-0.1441131383180618,-0.4020734131336212,3.247631072998047,0.491421223975744,-0.6584386319840037,0.4863542972328645,-0.2973604150310129,-0.0625861808657646,-0.1555277854204177,-0.3669089674949646,-0.7871598467499017,5.336607111427187,-4.669494032293557,0.035136517137289,0.0057627693749964,1.051684643405676,0.1819308251142501,1.5099848762333392,0.3946692164489999,2823
1726744870290712300,13.215125733578205,1.3695669362396,1.6145944207429883,-1.8073533733487128,-9.0815897588104,-3.2293338029146192,0.5630263090133667,-0.5136207342147827,1.634037733078003,0.5130987462241995,-0.6346844590619177,0.5116892042878391,-0.2684762607776283,-0.4281564056873321,0.021492376923561,0.4311423301696777,-3.007562106314301,5.273216881534457,-5.08258851121664,0.0950795635581016,-0.2443266659975052,0.4001216731686144,0.2386840432882309,1.2217397429026662,0.3802604230746627,2824
1726744870330479400,12.322862421321869,3.290519800761342,0.9264148804441094,-2.1850644042015075,-9.106034464237093,-2.9113576943174,0.9598302245140076,-0.1390458941459655,0.2543797791004181,0.5315563431042803,-0.6187352363105415,0.5153684515249596,-0.2626973221308817,-0.5595884919166565,0.452606588602066,1.058690905570984,-1.7401748570889233,5.089559519273043,-4.195713906261324,0.2113982886075973,-0.2285701781511306,2.3236967759527265,0.1482246667146682,1.26072545324862,0.1575880147749558,2825
1726744870370246400,11.637131735479832,2.998838117110729,-0.0837114256486296,-2.0271055468201635,-9.24800314080417,-2.5564941628277302,1.0105788707733154,0.188204139471054,-1.049478530883789,0.5408696646172264,-0.6122689504224489,0.5054420476254852,-0.2776960184640912,-0.596462607383728,0.7495737075805664,1.4939464330673218,-2.6499393392443658,4.962615977880359,-3.774728674088418,0.2224065512418747,0.0476189740002155,1.0259411303400994,0.168780967593193,0.595057494889386,0.2822908280361443,2826
1726744870410008600,10.73359650310278,1.0963801097005603,-1.5901330564424394,-1.419552910158038,-9.453340419954062,-2.1885155675686896,0.9130975604057312,-0.1433238685131073,-2.080331325531006,0.5426892002476382,-0.6163213986372162,0.4813846410021502,-0.3064394514905301,-1.4185203313827517,1.2731525897979736,2.047396659851074,-4.07117859505415,4.557186919018626,-3.778479843315482,0.0842680931091308,-0.3414380848407745,0.2292221770030446,0.4228086769580841,0.1495656893010251,0.709731373828277,2827
1726744870449774600,8.948285450214147,0.5996376257538795,-1.9378668821826577,-0.5474808471349999,-9.603632688230276,-1.9081195403032003,0.4233878850936889,-0.8203574419021606,-2.686642646789551,0.5405568908093521,-0.6342075449173762,0.4416648188576693,-0.3324325107696159,-1.7353824377059937,1.115815281867981,2.5760498046875,-6.1177756088078015,3.4054444030582904,-2.9659081996724006,0.1044837683439254,0.1441783756017685,0.4597736298484727,0.5384922027587891,-0.3523159293660894,0.1269559350833762,2828
1726744870489541400,8.932321572884916,-1.7247937480837106,-2.385993803781271,0.543629432403855,-9.601126842889188,-1.9217730948634444,-0.5549842715263367,-1.380091428756714,-3.507671356201172,0.5283882977119645,-0.6675619723804912,0.3903129148914009,-0.3504605925555868,-1.4421145915985107,1.3314110040664673,3.0045716762542725,-4.320562521201372,1.471661283057928,-0.9513112751610576,0.1141045242547988,0.2883907556533813,1.2464743711866435,0.3141473233699798,-0.1658554193174466,-0.2606242090206593,2829
1726744870529308400,8.523196582114696,-5.657374604308605,-1.2694044342666864,1.9271940969988703,-9.31162133423388,-2.39791337415576,-1.4663687944412231,-1.458124041557312,-4.426754951477051,0.4958478664253229,-0.7176665624312678,0.3274358894814581,-0.3631462736672588,-0.2912728786468506,1.2419259548187256,3.205925703048706,-4.769589898771048,-0.6300166896656155,1.002792894464731,0.1777783334255218,0.142249584197998,0.4603738607639446,-0.0686776340007782,0.0729582321723923,-0.3811604771869257,2830
1726744870569075200,5.810884081065654,-6.367752824673056,1.3512500660434363,3.487745961908996,-8.64987650413513,-3.030781653860211,-1.2111555337905884,-0.662734866142273,-4.852505683898926,0.4463900821149787,-0.7666676658549453,0.2583554742348314,-0.3823728124820632,-0.2283186912536621,0.9389042854309082,2.890841007232666,-2.1852783392131325,-1.2221158827386795,0.7984159847795963,0.2212191224098205,-0.025308683514595,-0.7326159903313965,-0.2798447906970978,-0.1894829631423577,-0.1453763661187142,2831
1726744870608842000,4.399769913429021,-7.604055784326792,1.1785565808668732,5.113439576554298,-7.658529717314243,-3.371943992255628,-0.6438202857971191,0.0405239649116992,-5.405392169952393,0.3930234175669321,-0.7988840245558598,0.1835909003104062,-0.4166667281896126,-0.9748791456222534,0.8366124629974365,2.577209234237671,-0.6291220789134502,-1.906782738741487,0.8343740178674459,0.2329410910606384,-0.180617094039917,-1.355355747796595,-0.3409524261951446,-0.1545482269539497,0.1046011785401031,2832
1726744870648608800,1.9010072240799665,-9.457364853164552,0.7221876083627343,6.737570471927524,-6.256228970730304,-3.4110254180610178,-0.0184853691607713,0.3072422444820404,-5.966204643249512,0.3371164130801221,-0.8153224932199419,0.0957242371802534,-0.4609105208684284,-1.0010119676589966,0.5278449654579163,2.488604784011841,-1.4147738591879606,-4.094605940131843,1.801999152839184,0.2452525347471237,-0.2261246293783188,-1.8086209090664984,-0.2713108956813812,-0.24791463904595,0.3434218808252364,2833
1726744870688374500,-2.53096341573,-9.658757194080948,0.4118731204345822,8.031790783020854,-4.534219884929061,-3.3319013202026486,0.2294982522726059,-0.0360071249306201,-5.602301597595215,0.2828136435418692,-0.8184615737913605,-0.0005822972610655,-0.5001367002783288,-0.8597754836082458,0.3147442936897278,2.28368878364563,-0.690412121656537,-5.476080464047193,2.243259403538704,0.2767420411109924,-0.1548113673925399,-1.6688196396663784,-0.1592330485582351,-0.1868579666673205,0.4002845721127465,2834
1726744870728141300,-5.769236896425485,-8.639167478594183,0.8358885140836239,8.739543331056833,-2.884723662152886,-3.386610523250699,0.043024968355894,-0.3873842060565948,-4.2727885246276855,0.2343995095923352,-0.8157915736216478,-0.0845765677783441,-0.521907805350678,-1.0062382221221924,0.1664801836013794,1.8279703855514529,0.3402034302353858,-6.205351016408205,2.3379998804628848,0.2727701663970947,-0.1254397183656692,-1.314505412622541,-0.0996798947453498,-0.1259749520888552,0.37187870797012,2835
1726744870767908400,-7.060481991100311,-7.585531116598844,1.4839166612580417,8.991704320701956,-1.6240651366606351,-3.561185876651108,-0.3083044290542602,-0.5149397253990173,-2.7610671520233154,0.1943940728061471,-0.8132485298938102,-0.1421153909050578,-0.5297555667189751,-0.6787686944007874,0.0891165286302566,1.2334245443344116,1.0328519326418637,-7.243218731385469,3.008859160387516,0.2156282812356948,0.1341067552566528,-0.3370799644526094,-0.047276347875595,-0.1610180440225638,0.3483964909000322,2836
1726744870807675100,-6.612265345391631,-8.271393904387951,1.999229113379121,9.023077948608996,-0.786768655475229,-3.759716398395598,-0.7178775072097778,-0.395269513130188,-1.5453497171401978,0.1620569536646682,-0.8135481611678136,-0.1727181995361806,-0.5310795136525833,0.1266862750053405,0.0729121565818786,0.5589547157287598,0.7741507275730372,-8.41415869976878,3.490085510772466,0.0611547715961933,0.1031761094927787,1.2748700061962008,8.06908356025e-05,0.1632070784994401,0.4146305659165605,2837
1726744870847446000,-7.171662146171927,-7.472764569118619,2.967992896991968,9.024325318321583,-0.2721786541434936,-3.8285584639534354,-0.9101574420928956,0.1491794884204864,-0.6314094066619873,0.1366456108795105,-0.8136993796497816,-0.1819216044161839,-0.5349073309463427,0.517043948173523,-0.2579880654811859,-0.3001247644424438,-0.5388070172160864,-8.775975411397217,3.3343571889221666,-0.0505350865423679,0.2144507318735122,0.1850228419283404,0.089690051972866,-0.091697602096945,0.3548671116862446,2838
1726744870887212800,-7.787073679640889,-7.831255935716628,3.2409745563477275,9.092510381275416,-0.1011833968527149,-3.672379475726187,-0.7426975965499878,0.6811286211013794,0.4913068115711212,0.1228961002811841,-0.8107118460384958,-0.1731633520111446,-0.5455796843245566,-0.2774007320404053,-0.3347932398319244,-1.507315993309021,-0.1019651674807071,-6.601983020830154,1.9794740270733835,-0.1383353322744369,-0.0808343514800071,1.7789402026824652,0.001432052347809,0.7121732870876789,-0.1157158805388025,2839
1726744870926978600,-7.479619257318973,-7.438829566290974,2.94686798363775,9.18623729724288,-0.4520099370444193,-3.4028143468156453,-0.2246971726417541,0.749051570892334,1.8157821893692017,0.1299143698474783,-0.8073792832695502,-0.1470847840115136,-0.5564415006236235,0.1008906289935112,-0.5188277959823608,-2.358980894088745,-1.3676958816707134,-6.477482196414471,2.3368682460844514,-0.0941503196954727,0.2354879528284073,1.212610606964305,-0.1363862603902816,0.6996212640285492,-0.1808600414267741,2840
1726744870966745300,-5.549450820684433,-8.08616184015572,1.8931857366740703,9.22140797934532,-1.361058781743795,-3.046891661661863,0.2088067531585693,1.3794987201690674,3.0549373626708984,0.1606430929463938,-0.8026385273308663,-0.105449679907798,-0.564664140196827,1.225782871246338,-0.3557533919811249,-2.7821261882781982,-2.1520126139491795,-5.724219358569384,1.990209356099367,-0.1656449735164642,-0.123253732919693,0.8643070185121148,-0.0870810598134994,0.980369684928283,0.5643401024013758,2841
1726744871008999200,-3.6591421007514,-7.576523634278773,-0.4890200730010867,9.140216135302186,-2.6142458023116,-2.4067663965664803,-0.4200930595397949,1.9337183237075808,3.671056270599365,0.2017713127741289,-0.7878777553713192,-0.0442671136255379,-0.5801528309796183,2.414954662322998,-0.6865496039390564,-2.840487241744995,-4.501121917447447,-4.7200832328021525,1.14047001131773,-0.142507717013359,-0.1566065549850464,0.335594767396152,0.0628657042980194,0.79531546148099,0.2758034205119125,2842
1726744871048766000,-2.451112464901805,-7.126984215533733,-0.5778406583569944,8.792453667989372,-3.9411104919001456,-1.82503925216496,-0.6429848074913025,1.7442991733551023,4.04952335357666,0.2372540093906706,-0.7694723360675102,0.0310391954393498,-0.592164950889582,2.611408233642578,-1.1012505292892456,-2.9934346675872803,-5.367068300664425,-2.607839734661579,-0.4764519755899906,-0.1054934337735176,-0.1107582747936248,-0.0401179383794311,-0.1001214236021041,0.5614827402088791,-0.2268392091229558,2843
1726744871088532700,-0.5587246006071567,-6.734454385733604,-1.7243407436192035,8.097915990835428,-5.345340452980995,-1.4217901676908136,-0.305839478969574,0.965947449207306,4.3865966796875,0.2786216709956526,-0.7488842802635589,0.1079974918761041,-0.5915056034121738,2.0567843914031982,-1.3558868169784546,-3.212263345718384,-5.550531017136573,-0.3065083736434579,-1.747676611021161,-0.0631210207939148,0.015367385931313,-0.944582697558403,-0.3179735541343689,0.2147558812878094,-0.0728102568027563,2844
1726744871128299500,1.2922276759713889,-5.484736648711562,-2.353149518799781,7.060842641106247,-6.662095836487412,-1.3897358640432358,-0.3386158049106598,-0.2389118820428848,4.350987911224365,0.3244816466905746,-0.7342274640945741,0.178232555069453,-0.5690824748495169,1.6056703329086304,-1.504394292831421,-3.316558122634888,-5.301951977631449,0.8691177067294716,-2.467974752375484,-0.0226657781749963,0.2251085340976715,-1.2374794560872018,-0.3378820717334747,0.1677323373715393,0.3510119340954348,2845
1726744871168065300,2.972929184350371,-4.734406941708922,-1.8996515716873108,5.794038160204887,-7.735642183089256,-1.6611242628581822,-0.6235182881355286,-0.6981064081192017,4.21742057800293,0.3671009331275079,-0.7253860638214259,0.2418859766235761,-0.5296631760450918,1.1657307147979736,-1.460919737815857,-3.32858681678772,-4.405272602498531,2.178743092225492,-3.316851635108888,-0.0172396190464496,0.3220537602901459,-1.6913117497205734,-0.1991888135671615,0.1903675639571622,0.6118327616667375,2846
1726744871207832300,4.337729344579577,-3.901003230178356,-0.7822429947443306,4.3876384538695214,-8.528343881875276,-2.0460570616580545,-0.9294940233230592,-0.4159472584724426,4.182464599609375,0.4013660456497812,-0.7149064530148578,0.3053336571718747,-0.4843401100589107,1.0185786485671997,-1.3496575355529783,-3.150810718536377,-3.516438680168986,3.26771467923522,-4.014608566570281,0.0171446148306131,0.31088587641716,-1.9034269985727963,-0.0653266534209251,0.3284542845243587,0.5286050644144416,2847
1726744871247599000,5.93726589692235,-2.683380421075225,0.2308928684279322,2.91484612095505,-9.044767217847705,-2.4220370309345425,-1.0772593021392822,0.1722558438777923,4.112358093261719,0.4261955517660696,-0.6962536290988287,0.3724518841784298,-0.4414384650336346,1.0219073295593262,-1.1626571416854858,-2.719313144683838,-2.5415315714955327,4.593983156496286,-4.697352053295075,0.047247901558876,0.2725500762462616,-1.704621751540154,0.0420630313456058,0.4508252938371151,0.4971480325402692,2848
1726744871287366000,7.789039426755905,-1.199514320960641,1.0566890275642276,1.507346344423294,-9.284546280303596,-2.7740795136541125,-0.9450681805610656,0.4093766510486603,3.7046186923980713,0.4424447842665969,-0.6706078093046135,0.4378628383441952,-0.4034897864528777,0.9409427046775818,-0.9203351736068726,-2.003897428512573,-1.7485820354282855,5.801832759603857,-5.2597518352836365,0.070967748761177,0.2499859780073166,-1.1951619709700343,0.1380455940961837,0.5748460796508937,0.3566113980703055,2849
1726744871327132700,9.694794722145796,-0.4348416158288717,1.3268869014203548,0.3030923181222751,-9.314347544327378,-3.053106006132066,-0.6378840208053589,0.2542086541652679,2.953676462173462,0.45480609985758,-0.6438998138497727,0.4909766893096362,-0.3707915361850285,0.565245509147644,-0.5123571157455444,-1.0356775522232056,-1.401139593850076,6.120509417685866,-5.547642309957743,0.1512841582298278,0.1090060397982597,0.8820055376142263,0.1145447269082069,1.291126728992164,0.2436024566689506,2850
1726744871366898400,11.139649831342696,-0.2901841385692358,1.404621590746939,-0.5942391277112067,-9.228561358231303,-3.2635686654716727,-0.4995312392711639,0.1362220197916031,1.98803460597992,0.4636099034466736,-0.6226038637886496,0.5279773878757638,-0.3444851457206907,-0.2385422885417938,-0.1584953814744949,0.1193423643708229,-2.538985686405003,5.857951537188887,-6.17635931520164,0.249710813164711,-0.1786313354969024,1.5779147953823207,0.0112347872927784,1.4097167219288649,0.1698579694896936,2851
1726744871406665200,11.280426083254811,0.7772299888879061,2.1205425399303435,-1.111503298421949,-9.127158500808475,-3.4102684622138737,-0.2202230095863342,0.416804552078247,1.03566575050354,0.466463584668069,-0.6083601074890149,0.5511563124500215,-0.3294487102520034,-1.1902596950531006,0.2739057838916778,1.1038942337036133,-3.26136414116472,5.809458432176709,-5.939360823374987,0.3796695172786712,-0.0354281701147556,2.5943562759712337,0.0759759321808815,1.273833502755314,0.303892857382819,2852
1726744871446432300,11.305285799223183,1.028619994160533,2.0723764749154445,-1.2396131071150305,-9.089149964931607,-3.4671491640821097,0.0708866566419601,0.7857205867767334,0.1411700397729873,0.4626317071448063,-0.5986746954554337,0.5642375509868716,-0.3304490737727031,-1.7888216972351074,0.8180596232414246,1.8928707838058472,-3.9054520262807606,5.270239327028394,-5.18229157898426,0.3506854474544525,-0.2760754227638244,1.7009800340369343,0.1440481841564178,0.8094930399153382,0.2279120625188574,2853
1726744871486243800,10.869881288814543,1.543425373542309,1.69759331420809,-0.9940982774861156,-9.1339412928164,-3.42830183929354,0.3467192351818084,0.9553583264350892,-0.8321866989135742,0.4527057472853288,-0.5942362698786106,0.567166642586452,-0.3467891501255618,-1.7749119997024536,1.176715612411499,2.68383526802063,-4.7834003974586725,4.387112676429748,-4.087400246536731,0.1982291936874389,-0.2526240348815918,-1.3205844402752815,0.323319524526596,-0.7744850740939379,0.2976721927696839,2854
1726744871526012700,10.062425088489055,1.4315350243747234,1.0109589575245976,-0.3614193828739225,-9.230346488082407,-3.2924837943106886,0.4975922107696533,0.4840821623802185,-2.098422050476074,0.4386326235002605,-0.600787665096575,0.5540073466526523,-0.3738066684235793,-1.5823862552642822,1.508522629737854,3.0562524795532227,-3.760241591313481,3.6252123586207614,-2.3062612186357376,0.1535742133855819,0.2423935979604721,0.6626620180089027,0.5662215352058411,-0.5414071897771209,0.253763036280591,2855
1726744871565781200,8.88949423854947,-0.8987696254104375,0.3320443814381957,0.6591806056339293,-9.277486424919962,-3.108720049065352,0.5118797421455383,-0.6760730147361755,-3.425426959991455,0.423950305266368,-0.6268078265804644,0.5153761306807547,-0.4022009871250335,-1.696203351020813,1.5330466032028198,3.548518180847168,-5.320028901591897,2.9259529136419293,-1.3090823646605014,0.1634999364614486,0.4709846675395965,0.3726502768645063,0.4326196014881134,-0.5257928930705413,-0.3112927583757788,2856
1726744871605548800,6.88802699085474,-3.0891333050638434,0.3748690854251384,1.9404422856286168,-9.131470518788694,-3.003552870672941,0.3781705200672149,-1.5654884576797483,-4.20027494430542,0.4092245373840039,-0.670091900836605,0.451791346623245,-0.4235525414809158,-1.53302800655365,1.278090000152588,3.82397198677063,-5.62795269499123,0.5825649103999138,-0.8039186738491058,0.1507005840539932,0.3351036608219147,0.1168040411016903,0.0716615989804267,-0.3166801505025476,-0.4616567767139524,2857
1726744871645317600,4.81074608502388,-3.80338106033802,1.315287941302359,3.2907831278726456,-8.717694487342238,-3.056620151732862,0.3187260031700134,-1.490973711013794,-4.438660621643066,0.3899702355001174,-0.7173134231185648,0.3759065207320868,-0.4382681187622042,-1.1927117109298706,0.8951359987258911,3.764769792556762,-4.942375153884291,-1.3202274435311554,0.6459243067629635,0.1910981684923172,0.0809218659996986,-0.4730368333842605,-0.2485406547784805,-0.0210255218000849,-0.3015419468751177,2858
1726744871685086200,3.3115076437324285,-4.868026307603716,1.3512307768210767,4.698444232445955,-8.037320360097288,-3.081640318959951,0.3975677788257599,-0.3144259750843048,-4.652199745178223,0.3609903998710905,-0.753546400915588,0.2988105514422485,-0.4610488831052525,-1.520069599151611,0.6116125583648682,3.4298057556152344,-3.633009296107292,-2.316759670165926,1.231409342393279,0.2400521785020828,-0.1345467716455459,-0.975547452403605,-0.3912563025951385,-0.0063062034551403,0.1164904451078735,2859
1726744871724855000,1.1699392669081687,-6.119633219373226,0.298891468898952,6.151979491704702,-7.0716703245908015,-2.8835820909023284,0.4365230798721313,0.7723231315612793,-4.696537494659424,0.3213583653268266,-0.7723058679030645,0.2248675388128067,-0.4997070836189825,-1.4497191905975342,0.3814647197723388,2.9483001232147217,-2.381871755415201,-3.833599672991037,1.1695429610669612,0.2271778434514999,-0.2302237004041671,-1.410103675419837,-0.3360873758792877,-0.0961679798434954,0.2539372603363357,2860
1726744871764623600,-1.5280840120255943,-6.651659198147058,-0.6354977514252066,7.431586171033978,-5.870463228237629,-2.545497844778001,0.1693452149629593,0.9633777737617492,-4.321931838989258,0.2754295573079673,-0.7779569807883475,0.1567392767470447,-0.5425442442031931,-0.8479315638542175,0.4208799302577972,2.4856348037719727,-1.3819453562974928,-5.137406143075228,1.6704869883567093,0.1719780266284942,-0.2512616515159607,-1.6424746535763144,-0.2443275153636932,-0.2735015002450905,0.4075795514265075,2861
1726744871804391400,-3.4126877983152863,-6.699097825670242,-0.7031453465014695,8.341153669312595,-4.625177628444135,-2.2810781159318982,-0.1374809890985489,0.6232596039772034,-3.56437349319458,0.2294419125028561,-0.7787422150595507,0.0993135409749046,-0.5753729020335795,-0.3858363926410675,0.4067986011505127,2.035300970077514,-0.7559072148740291,-6.009031740972399,2.108812354648113,0.1001266166567802,-0.1580878496170044,-1.679149456631392,-0.1117466613650322,-0.4283919647654518,0.4479301569174975,2862
1726744871844155100,-3.76785323536098,-7.21266811029911,-0.2060746535137295,8.892643642491102,-3.498241929221153,-2.2030907670184967,-0.406057596206665,0.1688843816518783,-2.8992719650268555,0.1869128941008894,-0.7806023432306656,0.0546474800720459,-0.5939169324415703,-0.0908332616090774,0.304545909166336,1.652578592300415,0.3802238904565572,-6.901060659950971,2.5132138240277766,0.0225794799625873,0.0691717714071273,-0.4070326581334695,-0.0410649329423904,-0.2407362901154905,0.383394958240725,2863
1726744871883923700,-3.893791983625293,-8.746260656613112,0.2320692187309265,9.236752263471484,-2.453216159182787,-2.1987556604236365,-0.4295490086078644,0.2064087688922882,-2.7418041229248047,0.1469788296043732,-0.7821931392808925,0.0167102534194834,-0.6052205427899533,0.5732123851776123,0.4740743339061737,1.2748310565948486,0.8758774101227521,-8.169106080824136,3.464097667557001,-0.1746327877044677,0.0621386393904686,1.4504223879352212,-0.0029639850836247,0.0322440974485012,0.5510684598308057,2864
1726744871923692500,-7.958191878324746,-8.887658839815854,0.9826397487521172,9.476115730863809,-1.4545441440403462,-2.063471868447959,-0.1582481861114502,0.7028069496154785,-2.2563931941986084,0.1102104530108319,-0.777726816883251,-0.0186757406243127,-0.6185837664649242,1.080588459968567,0.0054224357008934,0.7589890956878662,-1.3723171117305757,-9.433523374328017,4.068357692414522,-0.2898837029933929,0.1727698147296905,1.1862165941007434,0.2044589221477508,0.1436185626659542,0.6907222105190157,2865
1726744871963461000,-12.443362777924538,-9.7956832003057,0.111050829603523,9.59980114724338,-0.94201218948327,-1.7682878757648168,0.2071964740753173,0.6542298197746277,-0.1561874598264694,0.0942488375370497,-0.7672593002489162,-0.0383504640303018,-0.6332137591007823,0.0012801545672118,-0.3000152707099914,-0.4598693549633026,-0.9906745866477488,-8.411168285781145,3.239282365477085,-0.3765427768230438,-0.0248988196253776,2.596992761954665,0.2331390678882599,0.8733365665335208,0.2145368682422675,2866
1726744872004470800,-10.630136128628251,-8.579054662936926,-0.5552841047644614,9.57833282727897,-1.3549367917321622,-1.6093736173547804,0.1647930145263672,0.1295113116502761,2.0116896629333496,0.1111076189057244,-0.7625300730371652,-0.0245582611407971,-0.6368672735134139,-0.2810750901699066,-0.7380727529525757,-1.8522852659225464,-1.6426000335216522,-7.738821982169151,3.0568706193625923,-0.3648998737335205,-0.0150011256337165,-0.0679175939569482,0.1690782457590103,0.5213557508733123,0.0507258735995041,2867
1726744872044239600,-7.2426084905326364,-7.542566419619321,0.0475545089878141,9.38526816972494,-2.3909759761080145,-1.539591348337382,0.2587794959545135,0.3457755744457245,3.309123992919922,0.1481596702292989,-0.7604496856358542,0.0146145587563252,-0.6321007111055584,0.2649994194507599,-0.6761369109153748,-3.0853636264801025,-0.3723749305218458,-6.218343184450268,2.43879483512044,-0.2340060025453567,-0.071966253221035,0.5990664017371833,0.042818583548069,1.2080932756703346,0.0654722329317126,2868
1726744872084008200,-3.4446915408194063,-7.254439213579893,-1.003435722412914,8.97828895881176,-3.7246211196169257,-1.2991871397204695,0.2919026017189026,0.6130270957946777,3.70393180847168,0.1974562022001297,-0.7495279320467846,0.0666932443415496,-0.6283079247293003,1.61572265625,-0.62180495262146,-3.520960807800293,-2.86886441424191,-5.450123600491881,1.9511177011609075,-0.1670515239238739,-0.0937070474028587,-0.134833618789073,-0.0681823119521141,0.3332895957263186,-0.1183094132964964,2869
1726744872123777000,-1.745202914384007,-6.550022531968355,-1.6310628865934906,8.355594867119192,-5.006789466127753,-1.1342398847565054,0.1769642680883407,0.0369503572583198,3.629130363464356,0.2456546642250267,-0.7371675753170851,0.1200587549431092,-0.6179188749201541,2.777907133102417,-1.0922621488571167,-3.5061376094818115,-5.97801525593996,-4.173388092684745,0.6633364832043648,-0.0634972676634788,0.1714399605989456,-0.3205239664491265,-0.188587486743927,0.3181078817507252,-0.0680601213999092,2870
1726744872163545600,-0.7317617846548556,-5.777922891706228,-1.6079717877328394,7.527104646593332,-6.174979259020089,-1.175886411809549,0.344465047121048,-0.6293776035308838,3.6736223697662354,0.2944617450611984,-0.7290872498834013,0.1684793839090198,-0.594423062756838,2.7175371646881104,-1.4538079500198364,-3.4816315174102783,-6.215390179863571,-1.527520971315354,-1.155589254516363,0.0053577497601509,0.1712732017040252,-0.8598490892551839,-0.2514272630214691,0.2880556751731783,0.0014545262110914,2871
1726744872203313200,0.2874485761255025,-4.789100070405006,-1.47155519233495,6.466745698344707,-7.260469725915789,-1.2795327373102308,0.5056685209274292,-0.8556791543960571,3.968488931655884,0.3475698276913674,-0.7208717739417181,0.2134991756468098,-0.5603189873687567,2.074091911315918,-1.7138596773147583,-3.508115291595459,-5.617160667341947,0.6640978229656815,-2.200641474170238,0.0019586444832384,0.2386170476675033,-1.2829970524199306,-0.249381348490715,0.1267174775518477,0.0408256391242146,2872
1726744872243081700,2.4143910462260245,-3.9319332059711214,-1.7600234668970107,5.149490548622608,-8.24228296071589,-1.310689945987612,0.3741703033447265,-0.6231324076652527,4.2334303855896,0.4024000174126146,-0.7060559841162531,0.2613647515899739,-0.5208144153775602,1.4167702198028564,-1.757811427116394,-3.440547466278076,-4.675240466991067,1.9248685766607525,-3.273549961259961,-0.0574960485100746,0.1889616847038269,-1.7215568119890987,-0.1941386312246322,0.2816930813387036,0.1461902763174846,2873
1726744872282850600,4.8687300719589,-3.1003543717801567,-1.808787643935532,3.667197104652226,-8.998892186379432,-1.3198353754736485,0.0201338268816471,-0.2360821217298507,4.188694477081299,0.4498118099777689,-0.6843526058630315,0.3145701606426474,-0.4799753726755835,1.191093921661377,-1.714429497718811,-3.1663522720336914,-4.038305668500065,2.733181686076522,-4.240774114215374,-0.108119897544384,0.1085015833377838,-1.7022998844638466,-0.0630301088094711,0.530862086093612,0.4587263127526268,2874
1726744872322619100,6.978644250369071,-1.939021020653844,-1.3806746057093142,2.170048913638293,-9.463364970362186,-1.380587804208696,-0.2296531200408935,0.0170650780200958,3.862483978271485,0.4859607903386883,-0.6590598119422332,0.3688232043220568,-0.4398315826045411,1.028446912765503,-1.579108953475952,-2.7978832721710205,-3.2834646215528247,3.718649351730943,-4.976553902339935,-0.0817261487245559,0.0375082194805145,-1.6664521798826752,0.0802041590213775,0.7121230182051658,0.571128118573688,2875
1726744872362388000,8.812833608195184,-0.8352835339277982,-0.8835993826769292,0.7986887373063712,-9.66179378529787,-1.4772335302323103,-0.2319371402263641,0.0164582654833793,3.30873441696167,0.5124153834317379,-0.6329890715471076,0.4179028425087749,-0.4026319734117536,0.7359927892684937,-1.3492186069488523,-2.2288248538970947,-2.7829642463773485,4.679098895984888,-5.579440300756692,0.0377344153821468,0.0574057176709175,-0.4394210160410031,0.1141010075807571,1.0669153110895304,0.3412003323182463,2876
1726744872402155500,10.96097785627842,-0.6339274333685636,-0.8209471116699278,-0.3600514555215835,-9.682688689288495,-1.51205349920094,0.06183423101902,-0.1795296370983123,2.6396398544311523,0.5349714747098742,-0.6084483482725902,0.454844894617914,-0.3697463058928221,0.1706545352935791,-1.0300681591033936,-1.3386565446853638,-2.93793532011956,5.689180193892121,-6.279322846069932,0.1149401366710662,-0.0797091126441955,1.2915076911337673,0.0588928237557411,1.5654152331627904,0.3503734535288065,2877
1726744872441924400,12.678563864940404,-0.0045388124734163,-1.339292794007063,-1.215425591319799,-9.622994975826144,-1.446061416246742,0.1862765997648239,-0.6987058520317078,1.6260751485824585,0.5557878453953665,-0.5899040393479293,0.4751229721739625,-0.3425948970948151,-1.0638059377670288,-0.7663626074790955,-0.3211447596549988,-3.626836452691257,6.447587993410229,-7.058491694065928,0.1560605317354202,-0.256543904542923,1.1720615197591482,0.1361674517393112,1.4173860875129698,0.4191122048426419,2878
1726744872481693000,12.846721460253,1.5122808782160282,-1.437909820103645,-1.6870481009267269,-9.570265840679406,-1.3169186112441122,0.1396598219871521,-0.8939395546913147,0.5579279065132141,0.573519928151167,-0.5824521213134467,0.4773821232503424,-0.3223829747043994,-2.006592035293579,-0.2320530861616134,0.6536985039710999,-2.9214284219548103,6.598139789405464,-6.423814319112896,0.1834084540605545,-0.1620009392499923,3.259772780320048,0.2057655900716781,1.33325102962479,0.2912340494809672,2879
1726744872521428200,12.65751523169279,1.2702180887371302,-0.9966212200924752,-1.7368134178318082,-9.566274725216626,-1.2807133253969252,-0.1687147617340088,-0.4133816361427307,-0.4087800979614258,0.5803463843945585,-0.5874221303965411,0.4692903656660439,-0.3128893451792817,-2.433363199234009,0.2139142900705337,1.4136847257614136,-3.839384686133265,6.747259506770968,-5.772340707659721,0.1502615958452224,-0.0793652012944221,1.4888680000551044,0.2218578606843948,0.4845434025110676,0.1015353429623879,2880
1726744872561195300,12.2731219465971,1.9641145453780888,-0.8762437592171132,-1.4175121981106698,-9.601168343943357,-1.4066279621332882,-0.5477424263954163,0.2984047830104828,-1.389235496520996,0.5712453064390156,-0.5990451832487939,0.4613707147374291,-0.3193128829888879,-2.431546926498413,0.8064249157905579,2.454697608947754,-4.747589663887024,5.947564588096737,-4.601752913714945,0.065309852361679,0.0187566857784986,-0.3304275208260864,0.2686212956905365,-0.5545822766380384,0.3143046535428613,2881
1726744872600962600,11.787093164366484,0.5257914682984351,-0.5352396801233291,-0.5223744629291818,-9.645006316626072,-1.6945105457618832,-0.8369290232658386,0.3594188690185547,-3.2275047302246094,0.5440700293140792,-0.6247954414648791,0.4427489689614745,-0.3429166498337608,-1.6529189348220823,1.3918691873550415,3.377535104751587,-5.154986223429441,4.715096676561236,-2.3270246052011845,0.0579861290752887,0.0881504938006401,0.2877653139244764,0.3402396142482757,-0.376310004948452,0.1739972977841272,2882
1726744872640728800,9.613812721461056,-3.902549290576577,-0.449899191968143,1.061034874748811,-9.531315055516362,-2.049048352428525,-0.983625829219818,-0.0935675650835037,-4.837911605834961,0.501113590213413,-0.6676656080302653,0.3983654475009128,-0.3800166709484247,-0.9452706575393676,1.6023386716842651,4.253817081451416,-6.644955901116132,2.695236278563738,-1.1060809811122714,0.1297259479761123,0.1087148934602737,0.2613324668878689,0.2318809628486633,-0.2866759843178093,-0.0991989267709199,2883
1726744872680496000,6.359138725584745,-6.671310824078321,0.4023500898078084,2.966725653535128,-9.018340983214976,-2.4573230099797247,-0.9740484356880188,-0.7110387086868286,-5.534781455993652,0.4487607563726458,-0.7187318569543204,0.3297167297311137,-0.4163233340282491,-0.2431322485208511,1.5379464626312256,4.683902740478516,-6.281243000477552,0.3168982502326369,-0.0147948335498571,0.1630051136016845,0.0534934103488922,-0.6673511256732046,-0.0486920215189456,-0.4376106786834076,-0.386184844687581,2884
1726744872720263400,3.548808625636995,-8.021462865751982,1.3467048238292336,4.8184769715368745,-8.04123548771441,-2.8794430914014577,-0.7412762641906738,-0.7534081935882568,-5.731234550476074,0.3914823613950746,-0.7654625722660937,0.2467342382619747,-0.447136236303535,-0.5028828382492065,1.2717775106430054,4.49505090713501,-4.714496372580528,-0.9228490046560764,0.2441395226877182,0.170838713645935,0.0148595599457621,-1.196286444955319,-0.2686822712421417,-0.2696229417786933,-0.1016293961877003,2885
1726744872760030700,0.9243927269667388,-9.19617650745511,1.5749813722789288,6.413685723808407,-6.70087360317111,-3.1832866297498343,-0.4422014653682709,-0.4330847263336181,-5.509052276611328,0.3328355324046996,-0.7980094920002941,0.1596348949530157,-0.4763591748752866,-1.4302449226379397,1.053458333015442,4.169675827026367,-3.8123938033550977,-2.524479898929596,0.708413057771325,0.1279279440641403,-0.1241702511906623,-1.379850722105801,-0.3037976920604706,-0.1497575586113147,0.1870995203382335,2886
1726744872799798000,-1.4879191748976706,-9.794975344297288,1.578583780685067,7.609293100458383,-5.180156320521236,-3.381566683864593,-0.3667437732219696,-0.3928508162498474,-4.904601573944092,0.2764680726038626,-0.8164193722517885,0.0766246101862726,-0.5011520449161891,-1.1967517137527466,0.6694896817207336,3.648041248321533,-4.033524279442429,-5.174077877390384,1.816643764263392,0.0524335838854312,-0.1303756684064865,-1.4444891984939574,-0.2510690093040466,-0.3996607776585966,0.3691885190380737,2887
1726744872839559400,-3.5302947715640065,-9.173786396470666,2.601303318630159,8.357605622419715,-3.6911575336933136,-3.5631744201198217,-0.2769144177436828,-0.2634031474590301,-4.083352565765381,0.2249601625484835,-0.8256201577894358,0.0047640613592158,-0.5174183384241553,-1.207037329673767,0.4280010759830475,2.88417387008667,-2.458700728073716,-6.354055723232031,2.3585610224545,0.0196397379040718,-0.0755116567015647,-1.3377020176842809,-0.164887472987175,-0.2983018689753487,0.5462034476103261,2888
1726744872879326500,-5.210805725806951,-7.934563165456056,2.995420125360787,8.803154510223864,-2.4190121301554144,-3.5809520688727496,0.1939388662576675,0.1941132992506027,-3.388852119445801,0.1858861055860799,-0.8242696179273502,-0.0561901982718566,-0.5318538893353599,-1.0774545669555664,0.3036559522151947,2.035637855529785,-0.8433020052105188,-7.57638159545958,2.9828935290038583,-0.0119178984314203,-0.0475363098084926,-1.1596719937853517,-0.1052043661475181,-0.357976695074141,0.640326998212561,2889
1726744872919093800,-7.511966698694229,-8.294134143984317,2.2272341514110563,9.097975660943984,-1.3495602132603526,-3.402337961475551,0.3302426338195801,0.6444980502128601,-2.739966869354248,0.1579383884236166,-0.8134295269756598,-0.1086433124093427,-0.5491670576416059,-0.3635278940200805,0.2861112654209137,1.3292741775512695,0.1538426542341709,-9.039488985183835,3.446468487364053,-0.0275197513401508,0.0777725577354431,0.837312628602609,-0.0158518850803375,-0.0527040235383668,0.5996397081131115,2890
1726744872958861300,-9.868052855467797,-9.518789335942268,1.1843056459128856,9.268754836931825,-0.6155673816177993,-3.143510207417607,0.0678299218416214,0.6798416376113892,-1.33103609085083,0.1401578481807029,-0.7999445413368108,-0.1426995191212883,-0.5657573671497593,0.5959270000457764,0.0635610520839691,0.7801318168640137,-0.7876403237432241,-10.729170503354071,4.090188415950537,-0.1073242723941803,0.0499208867549896,1.6044418600410222,0.0635353252291679,0.3910195713676512,0.6226573398787528,2891
1726744872998628600,-11.731136883866789,-8.138647229674458,1.347828859423101,9.357287106865645,-0.4310982280494645,-2.9027132000908256,-0.1929316371679306,0.583273708820343,0.440807968378067,0.1351895079151334,-0.7914176507107931,-0.1471573792425476,-0.5776908369234809,0.2492870241403579,-0.3296997845172882,-0.1926930248737335,-0.6132090549886227,-10.248343965941666,3.7599838171601294,-0.0795370265841484,0.1937558203935623,1.8911450246267016,0.1689358353614807,0.4290902857605367,0.4543238034773618,2892
1726744873038395000,-10.068639725220203,-8.069553819704055,1.5029779200807214,9.372374785882236,-0.936834056193009,-2.72970699570328,0.1446534097194671,0.3806693255901336,2.247409105300904,0.1514298294513645,-0.7898734606883636,-0.1235970725971076,-0.5812853006185593,-0.6218912601470947,-0.5865556001663208,-1.6008620262145996,-0.7533417483001947,-8.834784158718586,2.910824318093061,-0.1901084333658218,0.070948489010334,0.1659305303802713,0.0356008075177669,0.0266558558372547,-0.1946360715892165,2893
1726744873078162200,-6.134929572704434,-8.159146996867657,1.089987486054003,9.238861802971362,-2.082050750581175,-2.5453628202214835,0.7567729353904724,0.5116932988166809,3.5141427516937256,0.1934423685763321,-0.7894700613798836,-0.0807118762203419,-0.5768904685334628,-0.0253485273569822,-0.4185055494308471,-2.853727102279663,-0.4788648819506168,-7.761756283032894,2.946191399550438,-0.2200216650962829,0.1133210361003875,1.0553196389071642,0.0119388960301876,0.863102391962707,0.1287011347828898,2894
1726744873117929500,-2.505682259479165,-8.230911671873926,-1.1133024567984044,8.873659540557862,-3.5123479037240144,-2.2565357953496274,0.8041596412658691,0.416733980178833,3.794189929962158,0.2501361442961559,-0.7836838353807174,-0.0298488422943393,-0.5677856703120409,1.0331847667694092,-0.4636162221431732,-3.45725154876709,-3.399940544945001,-6.67196548859477,2.353465745142102,-0.0893832072615623,-0.1328125596046447,0.7694242835730314,0.1472976505756378,1.1603271697584538,0.5801922629844397,2895
1726744873157696800,-1.3483306714653969,-7.695067596116662,-1.482175516679138,8.24692289547622,-4.872096625782549,-2.1026924104630944,0.5959738492965698,-0.1478136330842971,3.883984327316284,0.302736028106854,-0.7788964206546181,0.0229748152194688,-0.5487653225212362,1.7445770502090454,-0.9719054102897644,-3.694300413131714,-6.462481026637554,-4.8376998506620525,0.6753624365627765,0.055829145014286,-0.1998144388198852,0.4008078288018703,0.0172066744416952,0.6543162875331938,-0.087972124433564,2896
1726744873197464000,0.807086782491207,-7.148235677877068,-1.1800237308099866,7.344122991636395,-6.184475401639938,-1.9966331055365505,1.043046951293945,-0.2838991582393646,4.094851493835449,0.3582352323293986,-0.7721721927843873,0.0744987415482465,-0.5194879445369913,2.237566947937012,-1.365777850151062,-3.9171433448791504,-7.952114019715785,-2.918272296011448,-0.5237590856879949,0.0921889096498489,-0.0925218090415,-0.2385678235026076,-0.2116151750087738,0.2508515692806802,-0.2199195111286826,2897
1726744873237230300,2.285935931226611,-5.147188116899132,-1.9763151246510444,6.20480039678812,-7.381518948572873,-1.7843772791698571,0.7623822093009949,-0.0608195587992668,4.14162540435791,0.4153710529700192,-0.7583228018735967,0.1261921179517441,-0.4863012659010051,2.035652637481689,-1.6675606966018677,-4.212120056152344,-7.521863823330402,0.0344052506878972,-2.078669145318865,0.119644857943058,-0.0166490599513053,-1.1830750081393866,-0.3197151124477386,0.2108470007483847,-0.0500104918717639,2898
1726744873276997600,3.779586927774549,-3.7407325887233016,-1.8072563427150248,4.932314363119006,-8.317813710257411,-1.629919269516319,-0.0290240198373794,0.4844933748245239,4.033841133117676,0.4586071869332155,-0.740684881362287,0.185711227453995,-0.4545071227191549,1.6970300674438477,-1.5718382596969604,-4.377536773681641,-6.630866000965237,1.7733309844985603,-2.96324219533354,0.1188064143061637,0.087508924305439,-1.801515314844996,-0.2591731250286102,0.194713502473291,0.2442311282276175,2899
1726744873316765000,4.821335283577442,-2.363380405434966,-1.249556847371906,3.6071518012732255,-8.969870674556493,-1.6432374546423554,-0.7149850130081177,0.8835188150405884,3.90228271484375,0.4846634729259725,-0.7206978708192182,0.2537250002525471,-0.4258161676546029,1.7700401544570925,-1.5167665481567385,-4.243812084197998,-6.102414373546838,2.81569279602468,-3.815623286795616,0.0924866572022438,0.1608587652444839,-2.0481790222480893,-0.0677866116166114,0.3129568556630984,0.4398336884951219,2900
1726744873356532200,5.996320143437385,-1.0051175380200148,-0.2095405760586261,2.282231085359305,-9.348906816533209,-1.8867321766205127,-1.102626085281372,0.8429753184318542,3.642103910446167,0.497150279146232,-0.700901434724829,0.3239347864815358,-0.3957841401666616,1.690065622329712,-1.4119338989257812,-3.778629064559937,-5.040712778517603,4.339373020133376,-5.025777659714222,0.0668375641107559,0.1374364644289016,-1.7686562706857918,0.1068049445748329,0.5016951013853773,0.4273771982323378,2901
1726744873396298500,7.606600208112597,-0.0284773219436407,0.8645017373666167,1.0657969015188515,-9.487128707787392,-2.2425144303902984,-0.9460312724113464,0.5127224326133728,3.0814132690429688,0.5031880003031485,-0.6823930506128438,0.3855854541734161,-0.3639581198478681,1.5723813772201538,-1.3077157735824585,-3.139052391052246,-3.976007910019159,6.067289868673682,-5.890034774670005,0.0421987883746624,0.1117217391729354,-1.1741312387052922,0.1776718646287918,0.6583874824948609,0.216815772959683,2902
1726744873436065800,8.950027325445413,0.3137479695081711,1.204422551268339,0.0689303740289527,-9.483689965510369,-2.4950468836963173,-0.418990284204483,0.1346886456012725,2.336909294128418,0.5101720041711569,-0.6648930813382541,0.4302664100010589,-0.3354288891692666,1.3353261947631836,-0.8965072631835938,-1.904401183128357,-2.472207859900593,7.197768062809109,-5.835130049049854,0.0509585738182067,0.1293830871582031,0.304035298060812,0.1721077263355255,0.9623882572315632,0.1110954998623114,2903
1726744873475832800,9.868386032944915,0.2601817990154028,0.8446855685234069,-0.6950021528605371,-9.440748649406432,-2.561178813512623,0.0461350455880165,-0.392903983592987,1.6863826513290403,0.5218373352543619,-0.6500561707621427,0.4560819617089016,-0.3116120670219194,0.6534518003463745,-0.3822748959064483,-0.4239145219326019,-2.365651565237344,6.290183847302198,-6.434136391162872,0.0850132927298545,0.0027190460823476,1.4671480434171855,0.1692073494195938,1.4055632555112243,0.0805130771318916,2904
1726744873515624700,10.632340945196152,1.3524392758280035,0.5808890861421823,-1.2802894008964298,-9.404587202700972,-2.466770637282729,0.2912937104701996,-0.4556649625301361,1.152142882347107,0.5374595900528012,-0.6376831287569849,0.4681137929766046,-0.2921759243935817,-0.6538252234458923,-0.0981108769774437,0.6883596777915955,-2.904359505993128,6.504497629112005,-7.369695239788293,0.0728494152426719,-0.1701734066009521,0.908326119915396,0.13260218501091,1.0135800998084246,-0.1682603980999439,2905
1726744873555393300,12.18826339673996,1.723780187126994,-0.0417988680705428,-1.5523223812252285,-9.388815633073447,-2.368712706373632,0.0941208973526954,0.0810533612966537,0.0550456084311008,0.5461374801663851,-0.6299982432379425,0.4731521409268068,-0.2845400019568161,-1.6492794752120972,0.8005723357200623,1.2741684913635254,-2.438847442090512,6.574243950033187,-6.38572570373714,0.0185904838144779,-0.3907239735126495,1.842983343525976,0.0416216626763343,1.0375746503148229,-0.2790196060794405,2906
1726744873595160600,11.612662480133771,1.660478220039606,0.3119125707745552,-1.2525028376959264,-9.430111520057917,-2.382148234269023,0.0389290489256382,0.7109083533287048,-1.410797119140625,0.538535387070061,-0.6338191601552231,0.4687526365977085,-0.2975296822030332,-1.3948384523391724,1.2507449388504028,2.2270619869232178,-5.0453211490958925,5.064674084341526,-4.992507258275151,0.0202181190252304,-0.1951084583997726,0.8654488820236176,0.1406212747097015,0.4734656167229637,0.3606534034701064,2907
1726744873634928600,9.667031101429462,0.894574511808157,-0.0539808887735009,-0.4230186376966536,-9.505022676396369,-2.3761340885460376,0.1438018381595611,0.7227288484573364,-2.54880690574646,0.5200242535906855,-0.6464623538479612,0.4508165338362571,-0.3292807095816004,-1.53049635887146,1.6218485832214355,2.935123920440674,-4.6917876971662045,4.51420936255753,-3.8439234986066815,0.047785609960556,0.1571636497974395,0.3396006785692647,0.3841819167137146,-0.2251949490472674,0.6375303532313555,2908
1726744873674697200,8.264650859868526,-1.283892393824458,-0.6370932039231062,0.7737596093636006,-9.499888820639253,-2.3073257791273294,0.2163649052381515,-0.0702870637178421,-3.531774044036865,0.4977315944346415,-0.668366393709446,0.4134334751549454,-0.3669090285750915,-2.1538689136505127,1.75521719455719,3.4499406814575195,-5.471939710980654,3.9610762983471153,-2.320079023846984,0.0431614741683006,0.2676745057106018,-0.1594221166006289,0.2964450120925903,-0.4982367045598104,-0.1117868157278746,2909
1726744873714465300,6.666234251466393,-3.797781925156712,-0.9009117520056664,2.1761510299056765,-9.28937267754674,-2.267664653737843,0.182121068239212,-1.329775333404541,-4.210777759552002,0.4760423698355864,-0.7012209419637987,0.3520055573654131,-0.3971963241897755,-2.2318267822265625,1.4907689094543457,3.8925724029541016,-6.97275343876481,1.9920792416244744,-1.9740917495131487,0.0277953688055276,0.0881566330790519,0.5180027141183614,0.0959657505154609,-0.0591228228057967,-0.0584382426416967,2910
1726744873754233900,5.061362183314562,-5.177549352893233,0.0675967416718602,3.6014576812848444,-8.785583782219886,-2.4522215951874853,0.0274509340524673,-2.187020063400269,-4.6153669357299805,0.4529767286712729,-0.7429046539278578,0.270409287887897,-0.4120479683067122,-1.492079257965088,1.0399680137634275,4.114729881286621,-6.931198024061322,-0.7865887688636779,0.1656025040023028,0.0385393090546131,0.001575591857545,-0.1327406011657323,-0.0213947333395481,-0.0988375826452393,-0.0659130537680815,2911
1726744873794001200,3.3159704683601854,-6.026563306009769,0.8043824919685721,4.989216400036216,-7.959017223232984,-2.8164100043833256,-0.1279372572898864,-1.7931963205337524,-4.945802688598633,0.4219305569984462,-0.7818524756064202,0.1797321643921076,-0.4223478798341036,-1.5362660884857178,0.8457937836647034,3.833096027374268,-4.712929853916168,-1.4673726459532976,0.955401613214612,0.0525933727622032,-0.1581120043992996,-0.6610127894971519,-0.2216211706399917,-0.0121060899395146,-0.0699367334933253,2912
1726744873833769500,0.6189788705617189,-6.652656392490863,1.3923320180162786,6.30819588933289,-6.812932879164815,-3.1561107457935806,-0.2128261625766754,-0.7295905351638794,-4.908327102661133,0.3796531758995749,-0.807722876000783,0.0921988410365627,-0.4415277328191084,-1.7942830324172974,0.5624824166297913,3.353456258773804,-3.644450143054128,-2.8279136874333024,1.2192219879280777,0.0913876593112945,-0.2477160990238189,-1.5403865903683005,-0.2879626750946045,-0.1005865726038813,0.2822142739349044,2913
1726744873873533000,-2.404278233012557,-6.369789883458614,1.6510191945597528,7.4141463759332895,-5.513830641248822,-3.2861095831036566,-0.0479392707347869,-0.0701022744178772,-4.331945419311523,0.3353972371848129,-0.8168922569343368,0.0152316947511104,-0.4690030161945494,-1.173786163330078,0.4479820132255554,3.030877590179444,-2.5143460429280995,-4.38733304118216,1.0652572416841983,0.1521792411804199,-0.2328424006700515,-1.9083945578522976,-0.1395608931779861,-0.0658920155466301,0.5900517590239643,2914
1726744873913301200,-4.02542923579216,-6.310276787260174,1.3882850807130336,8.178770565748215,-4.315040542909503,-3.2647406318604943,0.1125116199254989,0.0741240829229354,-3.3913891315460205,0.2990296367108941,-0.8149579323609639,-0.047948123929183,-0.4940909590708442,-0.4839328527450561,0.4593239724636078,2.777328968048096,-1.7221289127886297,-5.922545882174372,1.747714604943991,0.2042371183633804,-0.2370795756578445,-1.582435487677157,0.0043604061938822,-0.0158995365388807,0.5849874613717198,2915
1726744873953069600,-4.442738702061772,-6.330616395455598,0.9566127425700426,8.628400000864266,-3.335673532217741,-3.254896406455338,-0.0100379325449466,-0.1209445521235466,-2.5633840560913086,0.2707818687734079,-0.8103169802268724,-0.0966433131991316,-0.5106109282924658,-0.3357985317707062,0.3012173771858215,2.4636197090148926,-1.3886241034090518,-6.841553993493318,1.993371619522572,0.2087414115667343,-0.1021451577544212,-1.2710422646015882,0.0619940869510173,-0.350266522555612,0.4300480614094063,2916
1726744873992836900,-4.278551763945818,-7.143131048214436,0.8363552548125386,8.884097347941994,-2.4764719470858574,-3.333208311147988,-0.5233513116836548,-0.0949549227952957,-2.260981559753418,0.2423901033771933,-0.8075597530672735,-0.1333925736981709,-0.5208653114993907,-0.1124341636896133,0.2719473838806152,1.996004581451416,-0.1748474483400583,-8.22769621695876,2.352960133707523,0.1418829262256622,0.0455046221613884,1.0992615103557706,0.078490987420082,0.2131629678068682,0.271762931215763,2917
1726744874032605200,-6.458447825598716,-8.28625829604268,1.7824843050301074,9.08518632199764,-1.6345649033650755,-3.3102839471563694,-1.0827090740203855,0.74444979429245,-1.6678378582000732,0.2082404440471261,-0.8027266618302108,-0.1562287501766792,-0.536524409808516,0.4034318625926971,0.1161869242787361,1.2776168584823608,-0.7944120098352432,-9.700188690143824,3.0401357576608654,-0.0553692653775215,-0.0421468988060951,1.2362455303780733,0.1225291118025779,0.1799251717294566,0.3755102694055065,2918
1726744874072373500,-8.80618759430945,-7.739058129012585,2.221478656624257,9.306127997514604,-1.099436647726968,-2.890958172628283,-1.2892359495162964,1.8064839839935305,-0.4007185101509094,0.1816342159811658,-0.7896297416353636,-0.1545403422261115,-0.5653417620694121,-0.0571317560970783,-0.0954652950167656,0.1578667908906936,0.0016220482438802,-9.46110403969288,2.607484345352649,-0.0929853022098541,0.0988407135009765,2.6616350377351043,0.1104409024119377,0.998738650637865,0.2887044031391851,2919
1726744874112142000,-9.897994404745102,-8.037418559774755,1.8799148978210984,9.49083048491478,-1.1183076446745543,-2.2008874117553234,-0.9992799758911132,1.968039870262146,1.235120177268982,0.1729153007978407,-0.7719316318129961,-0.1278107243991043,-0.5982359369159858,-0.2377028614282608,-0.3197364807128906,-1.160503625869751,-0.7339666012227535,-9.078303576746585,2.694049699127674,-0.1036904975771904,0.0305930711328983,0.4956749643130227,0.0401295088231563,0.6856252527061849,-0.0838572273274883,2920
1726744874151910400,-8.152226842215656,-7.501057182145118,1.3653672925926743,9.49806628138721,-1.8581763826131816,-1.5824907249957323,-0.060720358043909,1.3290709257125854,2.7819483280181885,0.1932634836829613,-0.7574313175219062,-0.0835605933071105,-0.6180327806359943,-0.0118449684232473,-0.3209859728813171,-2.4410760402679443,-0.040744682842493,-7.72795104406476,2.323226674222946,-0.1045111790299415,-0.0091724824160337,0.4702139214506372,0.0257378462702035,1.1654404941841958,0.061930847697542,2921
1726744874191677700,-4.809668811181187,-8.326398583251237,-0.8797473834238946,9.221433698308468,-3.093045217810571,-1.2524381018966435,0.6074078679084778,0.2332706749439239,3.626803159713745,0.2395607886360239,-0.7500538527874694,-0.0357182371040941,-0.6154299371186797,0.9805362224578856,-0.395484447479248,-3.217901468276977,-1.956451463404297,-7.10414343817234,2.161736135584116,-0.0629580318927764,0.0234865695238113,0.6523476908739656,0.0974672511219978,1.0838093088757246,-0.194979679128807,2922
1726744874231446000,-2.5782190879017115,-7.585218981909751,-2.434703035762161,8.620584358677268,-4.510586495885253,-1.2290234701700509,0.3715557754039764,-0.4997000098228454,4.124327182769775,0.2946178206637984,-0.7499535530000639,0.0152454131740631,-0.5920620728896561,1.8980412483215328,-0.7451766133308411,-3.659255027770996,-4.390231685233116,-5.456629329124093,1.0850140815556049,-0.029533652588725,0.2174706906080246,0.1293853085216134,-0.1165287569165229,0.7863218615557998,-0.6075749946244061,2923
1726744874271214600,-0.0206739547163248,-6.368252590888738,-2.448408905031532,7.699625697812437,-5.912205689945817,-1.389945269010216,0.1877674758434295,-0.7539312243461609,4.320542335510254,0.3478744951841673,-0.7521505170028976,0.0716734443216838,-0.5550817280674122,2.3531033992767334,-0.923043429851532,-3.864386796951294,-5.579775231799483,-3.917104762412608,0.110238490307331,-0.0404168143868446,0.2747882008552551,-0.3527946162611245,-0.3431983888149261,0.5231657229047268,-0.4830989393237977,2924
1726744874310982700,2.186903310066461,-4.39069053491652,-1.9752925036050373,6.560163402232528,-7.121079959926009,-1.557202408351749,0.0761809051036834,-0.5789556503295898,4.001938819885254,0.3963976104465225,-0.7503641682059535,0.1278625843663081,-0.5132969847876083,2.668298959732056,-1.3155685663223269,-3.9949018955230713,-7.05181236243248,-1.7263436078742145,-0.7353694537580013,-0.0621603354811668,0.3709117174148559,-1.4409033028312026,-0.4034586250782013,0.3629291663823649,-0.1665230346470139,2925
1726744874350750200,2.867254056435823,-2.861922047758102,-1.6080946834601462,5.405162176737189,-8.01508690097928,-1.64712204099074,-0.3543444573879242,0.1368646174669265,3.572801351547241,0.4327924092156453,-0.741932356399215,0.1830743860362844,-0.4782373693035159,2.340394973754883,-1.3938273191452026,-3.995117664337158,-6.3455351476460695,0.3404299324676394,-2.054840672094375,-0.105226419866085,0.4149643778800964,-1.4215510982379316,-0.2656134068965912,0.3342068567017093,0.2522278443362564,2926
1726744874390518500,3.420927803394198,-2.5721891600877047,-1.3019253325127065,4.275083503313362,-8.639557354694604,-1.803354366840422,-1.0249580144882202,0.6024234890937805,3.450669288635254,0.4529620383793374,-0.7295723484481841,0.2442737701009923,-0.4504218623309201,2.135586977005005,-1.5037119388580322,-3.7989306449890137,-6.216543441551924,1.566340385183692,-3.1659532176330685,-0.1366151273250579,0.3968198597431183,-1.5491364446654914,-0.0785062834620475,0.5369693169275298,0.380446995155327,2927
1726744874430286800,4.742797461174428,-2.389584521749616,-0.3801939337097108,3.0878876889169216,-9.05469941379726,-2.155863882549852,-1.3881946802139282,0.49832683801651,3.518616437911988,0.4621267122322635,-0.7164981600400901,0.3107231173045328,-0.4201433107417281,1.8952869176864624,-1.526543140411377,-3.464588165283203,-5.090685308432579,2.9536130739837883,-4.380115072627365,-0.1378104239702224,0.2674405872821808,-1.0779732961986213,0.0389023274183273,0.7874796532887965,0.4724434340683743,2928
1726744874470055200,6.565743832713365,-1.6512959656745194,0.891448488742113,1.849875002735853,-9.26611396703422,-2.6244015778839587,-1.257751703262329,0.1332273930311203,3.356163501739502,0.4683854361784942,-0.7029695034634799,0.3736858600324422,-0.3831551593710934,1.5883249044418335,-1.4386920928955078,-2.867103576660156,-4.113275861549377,4.311794108334183,-5.245976992431283,-0.1527553647756576,0.1378805935382843,-0.9807325999565422,0.171112522482872,0.7916969787228852,0.5611036777634173,2929
1726744874509823500,8.055821062427759,-0.2846826185435056,1.9045792373478407,0.6855589094717055,-9.31412016531229,-2.991247808112204,-0.6701822876930237,-0.1742484122514724,2.8552162647247314,0.4776722945387657,-0.6875464517849533,0.424017774172032,-0.3454243987976131,1.331270694732666,-1.4632139205932615,-1.9530338048934937,-3.147946728560328,5.313763995978236,-5.697237243619561,-0.119920440018177,0.1249009519815445,-0.1102095199411734,0.2501648962497711,0.9563170475590972,0.3908960180532187,2930
1726744874549590800,9.631593292823434,0.0689414342790842,1.9244833767354488,-0.2756520293424837,-9.298289558973908,-3.104225952516496,0.0735236704349517,-0.3939602673053741,2.110435485839844,0.4925489799288718,-0.6703659084914093,0.4570350444175622,-0.3148397023338876,0.4110905826091766,-1.1260135173797607,-0.9224777221679688,-2.096850114175677,6.0060045021057125,-6.517666907286643,-0.1274985820055008,-0.1345971524715423,1.0883470253705978,0.2564514279365539,1.41310534145385,0.3311366189435124,2931
1726744874589337300,10.124286209118363,1.2694541186273098,1.4870713258966803,-0.9739467392086982,-9.305293884778022,-2.938257099419832,0.7041113972663879,-0.4259322881698608,1.3836344480514526,0.5127342351057229,-0.6527556778671783,0.4729899006859975,-0.2954561057973375,-0.9935221076011658,-0.7880614399909973,0.0026216101832687,-2.620404032680392,6.079464875113964,-7.231217912468313,-0.1154455840587616,-0.3440668880939483,0.402139260068722,0.2707603573799133,1.0443730052180589,0.1899375019768253,2932
1726744874629105000,11.016279472261669,1.948640497392416,0.3532765545591712,-1.367497874880582,-9.348370225438474,-2.628366974383592,0.7903152108192444,-0.045234877616167,0.4853049218654632,0.5310714839858404,-0.636422829264711,0.4785137416883488,-0.2897476495643624,-1.7488489151000977,-0.0759726092219352,0.6526468396186829,-2.177351345606148,6.354964654770493,-6.534528610238432,-0.0076089110225439,-0.3585000038146972,2.523544663906097,0.110199898481369,1.3044833464324477,0.2321722772466018,2933
1726744874668872400,10.522310544681549,2.850312858507037,0.3159212218940257,-1.3149594400003553,-9.427633731767534,-2.358175238007307,0.7921494245529175,0.2781299650669098,-0.7050517201423645,0.5387827508951512,-0.6291355909895592,0.4737318708360833,-0.2991315288724461,-1.40923810005188,0.3629344701766968,1.3581351041793823,-3.567769054433703,5.781636359271407,-5.19051814005971,0.1191053912043571,-0.0480544082820415,0.8573853294901549,0.1090230494737625,0.5694964987838641,0.6628530836015939,2934
1726744874708639700,9.773802792409064,1.199531272095442,-1.027366194707155,-0.8405875586200505,-9.553349777191876,-2.0487338796518744,0.8142781257629395,-0.0969631373882293,-1.6488559246063232,0.5401616789974585,-0.6302688480801824,0.4552115313917289,-0.3221320357656713,-1.533536672592163,1.2785824537277222,2.048943996429444,-3.413512558701634,5.6335734574824565,-4.527776115617156,0.1576517820358276,-0.3737052977085113,0.7249240475893021,0.3892983198165893,0.2504209775773808,1.3746768265992402,2935
1726744874748406300,9.118096657952666,-0.0472726233065128,-1.9194518123090265,-0.1114093241849914,-9.639966568893191,-1.7969471301466229,0.3573971092700958,-0.8861619234085083,-2.3638017177581787,0.5391495809169418,-0.6441140830763636,0.4203996318402594,-0.3430727511555143,-2.23669171333313,1.5774904489517212,3.054163217544556,-6.382042631310224,4.448038562035561,-4.211933804178238,0.2642870247364044,-0.0370399877429008,0.6777346455868333,0.5172065496444702,-0.5421920565444975,0.4917454793769866,2936
1726744874788173600,9.2387010594517,-2.3882705165416,-1.931643623753637,0.8919140604272484,-9.58857306626439,-1.8531401420116425,-0.5733161568641663,-1.6241517066955566,-3.400634527206421,0.5280179463495284,-0.676485252587554,0.3699345265867516,-0.3559678912306783,-1.92811381816864,1.6211168766021729,4.144720077514648,-6.6849085567981,2.1522382393985984,-1.90248284959048,0.3793957531452179,0.299470841884613,1.3643417489372194,0.0937272608280181,-0.245744437133707,-0.4533383726365864,2937
1726744874827941000,7.647782697850466,-4.45036963533163,-0.111588735872507,2.238773928687721,-9.262270735609532,-2.3170301576703785,-1.2184727191925049,-1.5553197860717771,-4.393255710601807,0.4976358938062813,-0.7249292928763506,0.3043241334056051,-0.3663644453415666,-0.5259149074554443,1.5815916061401367,4.706366539001465,-6.2380415721327065,-0.3594467676267027,0.1184839022137224,0.3375142216682434,0.2097444832324981,-0.2081921023254282,-0.3673910796642303,-0.3786609154561534,-0.4767331306189298,2938
1726744874867701500,4.605374611343443,-5.1676399532973765,1.6239105306208133,3.784656193862855,-8.575825764018298,-2.8813150227531787,-1.183802604675293,-0.4954223930835724,-4.806298732757568,0.4502067259592534,-0.7694467157202627,0.234217721421115,-0.3878243271636465,-0.4117822349071502,1.1619455814361572,4.248006820678711,-4.653572825062275,-1.6131804622918366,0.2150349356912076,0.2208235412836074,0.1302361786365509,-1.3944121852912008,-0.4538220167160034,-0.3459814291149378,-0.0793128710292745,2939
1726744874907468000,2.234523139375448,-6.424663629418611,1.941661306029558,5.363027500841021,-7.569445658716559,-3.1799124771416185,-0.6686220765113831,0.5156890153884888,-4.889238834381104,0.3956146674030388,-0.7965448040014929,0.1662732274882765,-0.4258623261929972,-2.232520341873169,0.9642289280891418,3.321974754333496,-2.8129724311500786,-1.5898748438976704,0.1599520039599389,0.1356656998395919,-0.0905607864260673,-1.39179805727005,-0.354960173368454,0.0782240985450334,0.3103902200454846,2940
1726744874947235300,0.7516074718534946,-7.29618284433186,1.3856626232549547,6.469006044492125,-6.6685980579882855,-3.138817665687203,-0.1114236116409301,0.7927497029304504,-4.8603925704956055,0.3572654565200983,-0.8043548916386456,0.1142294383735485,-0.4607888244684845,-2.1856508255004883,0.7197050452232361,2.8991520404815674,-3.610280162426829,-3.9159424406349657,0.971953519564867,0.1044652536511421,-0.1942250728607177,-1.92560945815593,-0.1661450266838073,-0.3015245573488995,0.5063506355736405,2941
1726744874987003000,-1.791941284683347,-7.602348395887017,0.5321007975757122,7.689159248855709,-5.338760490068793,-2.923160360313952,0.3087248504161834,0.40301114320755,-4.57779598236084,0.3126768069404568,-0.8045865498611608,0.0409899673047066,-0.5031834417503103,-1.0816093683242798,0.6775177121162415,3.005030393600464,-2.8769162032723425,-6.725432874888181,1.8909914415001867,0.1370566338300705,-0.1147137358784675,-1.5650136666245755,-0.0256250128149986,-0.2346792550988495,0.4883574078412726,2942
1726744875026770400,-3.847718214714527,-7.789879969233274,0.3717299106165767,8.490076402801275,-3.99258553533256,-2.8545173244595525,0.3129989504814148,-0.3399371802806854,-3.904787302017212,0.2737648439152428,-0.8028681472992849,-0.0307020585382647,-0.528689892373708,-0.2310489565134048,0.4865311086177826,2.808255434036255,-1.5803496213138102,-9.130040193724632,2.46732885568738,0.1845587342977523,-0.1226956695318222,-1.046978584606573,-0.0083994157612323,-0.0651629569199867,0.3165968196006491,2943
1726744875066538000,-5.275379028004408,-8.250650391566753,0.6960583108499646,8.881943384778499,-2.8434815511822698,-3.032499271433055,0.1532541811466217,-0.8041685819625854,-2.8374271392822266,0.2408046544706698,-0.8039822204997458,-0.0907029350243057,-0.5360956974027286,-0.6775217652320862,0.2838680148124695,1.7869346141815186,0.1361135207980871,-10.106549476897715,2.4756010094702243,0.1727159917354583,0.0276439040899276,0.4131179693965241,-0.0263276118785142,-0.0109278467902448,0.2767129000396467,2944
1726744875106304300,-5.660512902334332,-8.417622576487064,1.383797413904965,9.01912833420038,-1.9964064571738245,-3.292424173077941,-0.164311945438385,-0.5003666281700134,-2.0357003211975098,0.21408220531931,-0.8064315483870033,-0.1324200734093401,-0.5350717922808117,-0.7895433902740479,0.2139654159545898,0.7301615476608276,0.5210924968272447,-11.131821914196014,3.253847481924295,0.0057513020001351,-0.0189335234463214,1.241368426349759,0.1368073970079422,0.2528860890492796,0.6829648743905127,2945
1726744875146071600,-9.043291300076246,-7.117697331750392,2.3539073514297604,9.15507292817235,-1.302859544622898,-3.2646023924335834,-0.6528722047805786,0.9331138730049132,-1.421850323677063,0.1891209141166653,-0.801322451587416,-0.1559830967108739,-0.5456968503369312,-0.6325258016586304,-0.0483765080571174,-0.712263822555542,0.307300693064928,-10.638948380637167,3.197120801573992,-0.0462073311209678,0.4212492108345032,0.9364075013440102,0.2949386835098266,0.0318975239169783,-0.0106435225566849,2946
1726744875185839000,-12.229362299847605,-8.371749298584461,2.213424237245321,9.357667630615827,-1.0093310640618205,-2.7542139527112246,-0.515686571598053,1.733972668647766,0.5407455563545227,0.1766057342548138,-0.7856364735898184,-0.1523192900988901,-0.5730485172709456,-0.9311473965644836,0.1281497478485107,-2.1878788471221924,1.015283542725444,-9.60575216460228,3.1767572279810903,-0.2509574294090271,0.241503432393074,-0.9855502293713392,0.1061537563800811,-0.5025023626476526,-0.5358157264456153,2947
1726744875225606700,-9.114647978803514,-7.77437084993422,0.8070973038852214,9.427540208265183,-1.5640633801624175,-2.201270858114958,0.0332939028739929,1.0804344415664673,2.2858693599700928,0.1952218186164257,-0.7731364890425432,-0.1203891669975957,-0.5913162813017299,-0.5709100961685181,0.0027532028034329,-3.1357691287994385,-0.6615384938716888,-8.259510574370623,2.964712560147047,-0.2519340813159942,0.2166021019220352,1.1715490401923656,-0.0752052366733551,0.9373246892541648,-0.1512691230848897,2948
1726744875265373000,-5.482995942524076,-7.76743315962553,-0.2777417133644223,9.25236835027635,-2.5681863541871306,-1.9921112441979347,0.3548176288604736,-0.0440923310816288,2.883485078811645,0.2309055329804089,-0.7714384042884651,-0.0803255640506529,-0.5874634677895428,0.3828741312026977,0.0197556745260953,-3.8024728298187256,-3.4092356120347973,-6.888116422703861,2.337708788561821,-0.2009633481502533,0.125377207994461,0.7642689466364682,0.0774685367941856,0.8587271725531667,0.3860600492641329,2949
1726744875305140500,-3.537914598917961,-7.73753720305562,-0.6562015167579054,8.847205248874426,-3.690735216628015,-2.067800983693451,0.3224737346172333,-0.5053689479827881,3.172449111938477,0.2709280889362659,-0.777091803580119,-0.039456780207328,-0.5667180835993737,1.8407657146453853,-0.3614636957645416,-4.059252262115479,-6.846890093824267,-5.2541678976714605,1.13356914588809,-0.1934334188699722,0.161782905459404,0.5697913170119747,0.0122301392257213,0.6998930667072534,-0.2072033835490234,2950
1726744875344908000,-2.1484838553011416,-7.217351299679279,-0.5144773164711892,8.233197152462601,-4.863042089450359,-2.1761567289941013,0.3281858265399933,-0.3454785346984863,3.547783136367798,0.3126925705989506,-0.7816073258565054,0.0065654438230042,-0.5396945149680339,3.0312516689300537,-0.6854619383811951,-3.9033899307250977,-8.226425466370582,-2.2409642783388493,-0.2692115296998992,-0.1934698075056076,0.0832594335079193,0.2525551765944808,-0.2521542906761169,0.623013021448627,-0.3769749351305886,2951
1726744875384675300,-0.9376526060342788,-6.051933309587836,-0.5640776520729065,7.408730196103453,-6.062278177991509,-2.1283518985070287,0.3445407450199127,0.2214335948228836,3.9252138137817374,0.3573234384623809,-0.7777057883334616,0.0607408848426894,-0.5136187443456691,3.26990270614624,-1.0138241052627563,-3.737051010131836,-7.940120799583196,0.1213043664619326,-1.6842770287781952,-0.1631682068109512,0.1515067368745803,-1.304083241198957,-0.4252271652221679,0.2748056416462175,-0.198602399670612,2952
1726744875424441900,0.5662672710716724,-4.567033190250396,-1.3206523909449577,6.363300521439314,-7.205555647945404,-1.93875345575884,0.0130092548206448,0.6713699102401733,4.202088356018066,0.4008577664318688,-0.7637090093012908,0.1248898240924444,-0.4903714430954228,3.4254982471466064,-1.1804083585739136,-3.456714868545532,-6.189546713554859,1.770507451510429,-2.97436769272089,-0.1335727274417877,0.2541634142398834,-1.5281941944018005,-0.3784411549568176,0.3108645595589652,0.3475440022565424,2953
1726744875464209400,2.554114574214816,-4.379692171040177,-1.717236464571953,5.108378201511502,-8.153654244670271,-1.8954637646086512,-0.8838874697685242,0.7846497297286987,4.329948902130127,0.4329898221607899,-0.7462772757680599,0.1992786596644468,-0.4646268300228393,3.156724452972412,-1.3151215314865112,-3.0503041744232178,-5.00274691273868,3.1193881580740213,-4.452630858261883,-0.0820338875055313,0.2375497967004776,-1.7729956150643529,-0.1841241270303726,0.599025046813488,0.6561219487156719,2954
1726744875503976700,4.544414531207084,-4.6579655070632695,-0.5786489059999584,3.6584202162176367,-8.830369264885782,-2.1933879959106446,-1.520663857460022,0.6956749558448792,4.589022636413574,0.4506106282524219,-0.7293991050400783,0.2825041722327742,-0.4302540280806745,2.566793918609619,-1.3956964015960691,-2.620401859283448,-3.7225767543077466,4.259347297260165,-5.893153198951483,-0.0137048885226249,0.1048603281378746,-1.417677910066396,-0.0212441273033618,0.9401933034930378,0.6339722223583608,2955
1726744875543744000,7.1950728323757644,-3.512825750368833,0.7300994044005871,2.0392133332431315,-9.213852449399232,-2.6677573200076816,-1.4654134511947632,0.6728301644325256,4.672173976898193,0.4623889594394234,-0.7074818916865845,0.3680857733788553,-0.3875289945163548,2.211179494857788,-1.104116916656494,-2.026811122894287,-3.2900890081286427,4.9937932064324615,-7.548063263469934,0.0153391398489475,0.0676438361406326,-1.1478897860549389,0.1668731421232223,0.8118993704047054,0.6503760985400527,2956
1726744875583549200,9.614954877233505,-1.7749813820540905,1.3903686089888214,0.4270752561436965,-9.271864493384957,-3.1655186256080863,-1.3339018821716309,0.3612675964832306,4.332076549530029,0.4713880162009337,-0.680057555459961,0.4460025291409268,-0.3411696897714017,3.1017160415649414,-1.016563057899475,-1.0040977001190186,-2.6648054844647646,4.819346155586839,-8.861832324641943,0.0540040470659732,0.0986109152436256,-0.5578363830631599,0.194405660033226,0.9011399347383529,0.1200045998418238,2957
1726744875623317200,12.955855204188824,-0.2026174987971782,2.1214412423357367,-0.9758685010515152,-9.084791185200212,-3.561553540919721,-0.7903781533241272,0.0644132941961288,3.337095022201538,0.4798291741897905,-0.6516102307694672,0.5069445781614353,-0.2969433921462246,2.087776899337769,-0.0866169929504394,-0.0880917832255363,-0.8864385516256094,5.433179479953647,-9.3508626267761,0.1171935498714447,-0.0098780039697885,1.212708002924174,0.1133830472826957,1.4114369698502125,0.1513722911984194,2958
1726744875663086300,15.246735606080293,1.7068103476256131,2.652745044314861,-1.8333702965281904,-8.879090333434938,-3.7377678936988112,-0.1459911316633224,0.2325202077627182,1.3540045022964478,0.4866561248730598,-0.6306099207016712,0.5412063014490629,-0.2694304071256262,-0.7403944730758667,0.7763424515724182,0.636532723903656,-1.634187009963393,4.858859250807762,-9.20247999151349,0.1635654270648956,-0.1813939213752746,0.7669909189462661,0.1883846521377563,1.2309129371784626,0.2329605415474623,2959
1726744875702855700,13.751986877423525,1.8860826266705988,2.010775758787989,-1.852056292297691,-8.886579812407494,-3.710660106542706,0.4441208839416504,0.6805769801139832,-0.7108462452888489,0.4847998752892467,-0.6230949451437464,0.5485833648034708,-0.2752783651182053,-2.603830575942993,1.8678114414215088,1.2695415019989014,-1.47283266492486,4.660211824685335,-7.552791461035609,0.163208469748497,-0.2018118351697921,2.728758608937264,0.1867728978395462,1.0450292041044682,-0.0953852502342779,2960
1726744875742624500,11.255708990627529,0.6136889474600553,1.3577742071151733,-1.263657853438705,-9.05714037720859,-3.541436051042378,0.7572306394577026,0.4660874903202057,-1.956857800483704,0.4775559093128476,-0.6293964234519498,0.5333133505611981,-0.3022869504464255,-2.909930944442749,2.352165460586548,2.2372732162475586,-4.294032241672277,3.608168869361281,-5.437879035946726,0.0900415629148483,0.0984237566590309,1.2051808953549712,0.2100968956947326,0.022720400101447,-0.0970661251264624,2961
1726744875782392800,9.31809316059649,-0.3631313013583421,0.4249687488511204,-0.3920604952553287,-9.256022781130673,-3.2160093341782687,1.0211271047592163,-0.0599590428173542,-2.577796936035156,0.4720736037784256,-0.6429767367038978,0.5005514509377337,-0.336415913191911,-3.0112438201904297,2.219036102294922,2.9873533248901367,-6.189964646705985,3.761473763456941,-4.854378890523314,-0.1510890871286392,0.1575333327054977,-0.1892281481310725,0.4424776136875152,-0.7603989733353257,0.452671433160454,2962
1726744875822161700,8.470742756778002,-1.3418518308401106,-0.350977337706089,0.6403915878813713,-9.369506536969542,-2.823585010579228,1.0571686029434204,-0.6989825367927551,-3.26952600479126,0.4689973046616692,-0.6631051286679988,0.4519450826469656,-0.3688885788327634,-1.6167361736297607,2.4676787853240967,3.672319173812866,-6.636569765564799,-0.1384343649610876,-3.240042828455567,-0.3215001821517944,0.2056214362382888,0.0629100542935077,0.597639262676239,-0.8694402897473424,0.2837295373360626,2963
1726744875861924900,7.34689245634973,-3.465409334677457,-0.9830851544320582,1.9104379002481693,-9.27967487487495,-2.531452952812612,0.7586455941200256,-1.3986674547195437,-4.1209235191345215,0.461817963896328,-0.6933251534526619,0.3851862136779992,-0.3970592096372319,-1.7824183702468872,2.3029720783233643,3.3147661685943604,-6.728593384745716,0.3433674472242594,0.8593344177313148,-0.2031492292881012,0.2791661918163299,1.2712566380046306,0.3852934539318084,-0.3531481058739125,-0.097866052465653,2964
1726744875901694000,5.235658427512646,-5.392381605619192,-0.3750526252985,3.327951998054981,-8.872721382924913,-2.523876964600384,0.4200801253318786,-2.2081549167633057,-4.587350368499756,0.4463610639970329,-0.7333682661660679,0.3014181375075609,-0.4148252163189787,-2.898451328277588,1.514765381813049,2.7655632495880127,-6.589304741042852,-1.352756086692214,1.397778885245323,-0.0834906548261642,0.1464327573776245,0.0598901265170192,-0.004637966863811,-0.3470853717688471,-0.277791525589209,2965
1726744875941463000,3.2947686903774738,-5.635666045847535,0.8252814876124263,4.661463578312099,-8.180075803127885,-2.743636152334511,0.4120793044567108,-2.134243488311768,-4.617546081542969,0.425626477049671,-0.7721351092777627,0.2090308423587815,-0.4230316083852806,-2.62324857711792,0.7395350933074951,2.4948458671569824,-4.100515748697519,-3.556083292815089,2.040425631642341,0.0160364806652069,0.0577850900590419,-0.6755743257477879,-0.3781971037387848,-0.2083299946924671,-0.3363491294274106,2966
1726744875981231000,1.494118029537797,-5.897394489783048,1.0322478292688726,5.896783079886436,-7.231959086224436,-3.0161431799158454,0.2009253352880478,-1.3627537488937378,-4.709239959716797,0.3966674010467299,-0.7998527295850095,0.1183896477437012,-0.434596987056485,-2.383094787597656,0.4947899281978607,2.263223886489868,-1.56378894713521,-3.94864644036293,2.024208656334877,0.091696061193943,-0.0852136686444282,-1.3048150626048445,-0.5313014388084412,0.0232848176347324,0.0603649044219171,2967
1726744876021000200,-0.9081973789691924,-6.412820046889782,1.0826704410389063,7.022389284071326,-6.032239598080516,-3.2355066463306543,-0.0701862201094627,-0.5512356758117676,-4.5821452140808105,0.3578126841670936,-0.814690228634851,0.0352811282010883,-0.4549781281984941,-1.5706344842910769,0.5193583965301514,2.158111572265625,-0.2886918541848659,-5.118068405398726,2.7567501931905745,0.1378495693206787,-0.1419211030006408,-1.6227822572432458,-0.4432458579540252,0.0334192147756344,0.4489663315648213,2968
1726744876060769300,-3.328882556903362,-6.547351266932487,1.1130495049506426,7.907192927971482,-4.724699202165008,-3.3650945647522805,-0.4015487730503082,-0.0680461153388023,-3.913388252258301,0.3142996879924616,-0.8187758804729484,-0.0343238661016271,-0.4792113265386041,-0.5316300988197327,0.4100128412246704,2.14285945892334,-0.0292652574509382,-6.953584627914428,2.684240252774954,0.1347457468509674,-0.1761343777179718,-1.3931206841759385,-0.29552161693573,0.0903369538687635,0.4716055219395086,2969
1726744876100538400,-4.781380874329805,-6.464622130319476,1.331317869605124,8.477279465070366,-3.519198500271141,-3.452729593585431,-0.7736229300498962,0.0621461123228073,-2.951094627380371,0.2711268939335846,-0.8178576751943345,-0.0845519836376046,-0.500449717185141,0.0920313596725463,0.4339505136013031,1.669310212135315,0.8074789966791868,-7.957439014130831,2.970553102868795,0.0977493971586227,-0.1677538901567459,-0.9748000681024044,-0.1331443786621093,0.0598466435683192,0.509755548646301,2970
1726744876140306400,-4.904147422298789,-7.439533330646157,1.778322216914594,8.786496220889687,-2.529024556621909,-3.5456925394430754,-1.0303210020065308,0.0592774674296379,-2.1016604900360107,0.2309144928256271,-0.8169317108553473,-0.115769575457443,-0.5156535899616986,0.3627467453479767,0.3351576328277588,0.8511476516723633,0.8671341316968202,-8.206237249344587,3.2899253419995307,0.0150168687105178,-0.0797636210918426,0.2263368856240064,-0.0176931042224168,0.0351309209142113,0.3542103282779455,2971
1726744876180075500,-6.011316637039184,-7.399679459163546,2.6889494533792138,8.976384586495161,-1.7274661821633577,-3.551161033982038,-1.046474575996399,0.5026546120643616,-1.6126854419708252,0.1951492381857044,-0.8143635157460505,-0.1336820153372011,-0.5299602745005046,-0.0969838351011276,0.014219868928194,-0.3234885931015014,0.6342097574412823,-7.750556843626499,3.561042084266245,-0.1375666409730911,0.0228920057415962,0.6841888632275164,0.1049549803137779,-0.1050728968382347,0.4049102226193994,2972
1726744876219844600,-9.014130672043562,-7.179660159188509,2.877935901708901,9.179479055154324,-1.0976933842562138,-3.2714822150751948,-0.9808241724967957,1.3326929807662964,-0.9565772414207458,0.1666536156792838,-0.804266874641884,-0.1412585152525203,-0.5526547990817966,-1.7764105796813965,-0.5107642412185669,-1.3279591798782349,-0.0078986442953348,-7.054529220175743,3.616989889198541,-0.199642077088356,0.1931521445512771,1.089686968737468,0.2055494487285614,0.0755177667623618,0.1801933576789684,2973
1726744876259613700,-11.012442670577764,-8.038181360840797,2.246281381708384,9.35490693373084,-0.9617726095512508,-2.780487919391692,-0.4690600931644439,1.2713874578475952,0.887563169002533,0.1570044274216371,-0.7904873035075399,-0.1299817710446463,-0.577567543173488,-2.900331497192383,-0.750633180141449,-2.0346362590789795,-0.5452864423632622,-6.288473536252975,2.112206088739633,-0.2849159836769104,0.0678377896547317,0.6668312665175646,0.1315068006515503,0.2324498520789668,-0.0245101490454515,2974
1726744876299381800,-8.241136713290214,-7.505532866254448,1.1913830369532108,9.35399157245159,-1.6042546669058502,-2.469737378133833,0.1250099539756775,0.3963370323181152,2.46373987197876,0.1771879756380815,-0.7850711880039206,-0.0979019588137373,-0.5853912307733169,-1.203139305114746,-0.6215460300445557,-2.5636277198791504,-1.101325164887309,-7.211357027700543,1.9080676639854908,-0.284886747598648,0.0623161233961582,0.2568148615992628,0.0783757865428924,0.6182064979497343,-0.0597020794318988,2975
1726744876339150800,-4.603092345625162,-8.068131093424558,0.2771007851123809,9.121549428755044,-2.705926014882326,-2.376067306920141,0.4732199311256408,0.0249931085854768,3.244190454483032,0.2162384902820114,-0.7861650332270118,-0.055590119236812,-0.5762770612328019,0.5595692992210388,-0.1459892988204956,-2.9864659309387207,-2.091564867249131,-5.097964944046735,1.4106944809198378,-0.3650369346141815,-0.1827944666147232,1.8677301006391644,0.0983483344316482,1.084679223578051,0.0402099549112841,2976
1726744876378920200,-2.1088222915202377,-7.822946372532844,-1.1647929900608955,8.652773394620418,-3.954280939118564,-2.379822129409015,0.4459528028964996,-0.4214047491550445,3.4684393405914307,0.2620025164934116,-0.7882003364049713,-0.0087972721494388,-0.5567921409115232,2.3965792655944824,-0.3051023483276367,-3.099181652069092,-6.6278878619372845,-4.574398750582337,0.5440490095227957,-0.3709510564804077,-0.2080812603235244,0.7128213026676327,0.0389395914971828,0.7479911079872399,-0.215332786126621,2977
1726744876418689000,-0.887269157230854,-6.724161539778113,-1.0176102321073413,7.954203100949526,-5.187888960599899,-2.446799277877808,0.6199782490730286,-0.3818056583404541,3.701646327972412,0.3087556162771406,-0.7894375055991331,0.0392488025764963,-0.5290726414810136,3.7424087524414062,-0.4007952809333801,-3.2470543384552,-6.5227984249562025,-1.351288059966266,-1.1988088761050253,-0.3636415898799896,-0.2685471773147583,-0.0118707228391489,-0.2333484590053558,0.5984946662638336,-0.3795777015075087,2978
1726744876458457300,0.1779150192171335,-4.696960131368041,-1.7644497589066623,7.067089426541328,-6.3916358045637605,-2.318113861253857,0.5663130879402161,0.2924663126468658,3.864025831222534,0.3581046574338842,-0.7808681433042166,0.0918469216542511,-0.5035576032594112,3.0695724487304688,-0.9303706288337708,-3.305732488632202,-7.017004668423533,1.1597604027211663,-3.3747932442069053,-0.3134138286113739,-0.0997710302472114,-1.3527291986852883,-0.3802409470081329,0.4955288338406011,-0.1547132630562409,2979
1726744876498226200,1.3675070811003445,-2.860572386714816,-2.410703005363047,6.045690615805984,-7.437787363761663,-2.0734870665058494,0.0069016073830425,0.8863905072212219,3.876445055007935,0.3997700608571667,-0.7630546846032432,0.1531860629292666,-0.4842164442302978,1.967645287513733,-0.955424666404724,-3.413545846939087,-3.283774418154359,3.311630977851152,-3.592387362861633,-0.2636477351188659,-0.0128435641527175,-1.5671896954894065,-0.3303731977939605,0.7271092096086591,0.3529281064476817,2980
1726744876537995300,2.744814840725064,-2.5083108544170853,-2.6274749939799307,4.933988433811068,-8.23342453147769,-2.009195649989694,-0.9729351997375488,0.9984446167945862,3.7193245887756334,0.4250682878744447,-0.7435152061677351,0.2227680499176888,-0.4656999910331363,1.347708821296692,-0.8021379113197327,-2.965775489807129,-2.4078350487113,4.273052582007646,-3.5230122133404014,-0.2125726193189621,0.0882857516407966,-1.831507717526704,-0.1435542851686477,0.6764694479566067,0.4797221928996965,2981
1726744876577764600,4.026270655052364,-2.670193022722006,-1.2854324628733098,3.74755249787122,-8.760174031153321,-2.320683857872337,-1.6753860712051392,0.7322344779968262,3.746312379837036,0.4340047978295555,-0.7279860960723338,0.2972510634960502,-0.4396792526103535,1.2323817014694214,-0.7890493273735046,-2.179490566253662,-2.666721547219157,4.528616658094525,-4.832781975743174,-0.2058483511209488,0.1282597780227661,-1.5639609427012502,-0.047905758023262,0.7141506515752524,0.287935994316265,2982
1726744876617532400,6.153271285080909,-2.353614798223972,0.6627572220116853,2.451938102070987,-9.051312693968416,-2.8691633971884847,-1.6930066347122192,0.4337875545024872,3.823877096176148,0.4372668516869832,-0.7129788934924556,0.3714131347060542,-0.4031265235800888,1.180783987045288,-0.7932127118110657,-1.38774311542511,-1.8638643651217224,5.508093558901548,-5.300899253708124,-0.1833297610282898,0.1277183145284652,-1.1132849211417135,0.0297046899795532,0.912749781576544,0.3779756366057321,2983
1726744876657301800,8.481630061495304,-0.587101969307661,2.1108035284653304,1.1797215329930186,-9.128567783084511,-3.3834707639202475,-1.2379276752471924,0.3503035604953766,3.3347487449646,0.441076291241632,-0.6938211358988019,0.4371741484754985,-0.3646130051649066,0.8082438111305237,-0.5262904167175293,-0.6546335220336914,-1.0535393313616517,6.501214369657635,-5.8186874482929705,-0.1234128773212432,0.0921977236866951,-0.6125363433588296,0.0380242243409156,0.9768928025979547,0.1360511961515992,2984
1726744876697092900,10.176222148060798,0.4649339717537164,2.5096301203221083,0.1989005241006612,-9.077923637518284,-3.7043367487400767,-0.572676956653595,0.2840770781040191,2.2752509117126465,0.4453109614749918,-0.6734021079608978,0.4851785408276485,-0.3359009779269872,0.2342124730348587,0.0066825901158154,0.0671983435750007,-1.0354705907076596,6.428465359789133,-5.943332649615407,-0.0713757649064064,-0.0931195318698883,1.0195175270333885,-0.0068752868101,1.5007856707334517,0.2255645678109489,2985
1726744876736862700,10.44903020441532,1.0924795951306818,2.4821421016767617,-0.3938316331136971,-9.038687605673074,-3.7838407858267424,0.1393007636070251,0.0941895991563797,1.2074345350265503,0.4518458410508003,-0.6571268574140426,0.5109857976984782,-0.3208010438560486,-0.2069151252508163,0.4328324496746063,0.9090140461921692,-2.710615049481392,5.810937857079505,-5.646378578519821,-0.0010454616276547,-0.3280844092369079,0.335799240459688,0.0689896270632743,1.1424747752688824,0.4380269678667187,2986
1726744876776631600,10.664940900027752,1.6218179422557353,1.7254387679889798,-0.6627148441746831,-9.08903247603178,-3.622245033247769,0.7032950520515442,0.1344174593687057,0.3135269582271576,0.461735450764618,-0.6443552697573705,0.5191236700451222,-0.3195577914879111,-0.4836513698101043,1.0451133251190186,1.579357028007507,-2.1157570592194794,5.488294633454084,-4.6004818708658215,0.1268040835857391,-0.3930114209651947,2.851573964484036,0.0916031002998352,1.4085158217065037,0.4591578360376879,2987
1726744876816401700,10.231932929366826,1.935486416786909,0.9277318082615732,-0.5731249184140935,-9.20667802772522,-3.3285181075051424,0.9314443469047546,0.3027760088443756,-0.6508102416992188,0.4691314138884667,-0.6373559220977305,0.5133075268743557,-0.3319769057748916,-1.0190695524215698,1.3056045770645142,2.2141265869140625,-4.232567426884174,4.49505516475439,-4.155824963465332,0.1920760720968246,-0.1460301429033279,1.412721602833271,0.1624677628278732,0.3958723816936835,0.3920224282672628,2988
1726744876856170800,9.75838135139346,0.7139145777970552,-0.4038184087947011,-0.1154347346430178,-9.339924468654392,-2.987119622266293,0.8852184414863586,0.0605087392032146,-1.6392037868499756,0.4705694453949883,-0.6384697862256484,0.4946281845533882,-0.3553361207233967,-1.702724575996399,1.4775975942611694,2.609492778778076,-4.862072952157258,3.655814417633414,-3.370953519913554,0.0833927690982818,-0.2459418475627899,-0.0960743832759093,0.3824414014816284,-0.2943197770692408,0.7990104435414075,2989
1726744876895940600,8.583983936032652,0.0025526070922613,-0.9620070028290152,0.6413238272301852,-9.405779627355932,-2.7000734894618392,0.6329212784767151,-0.708672046661377,-2.5979771614074707,0.4678543082659344,-0.6533992984203965,0.4590585887654526,-0.3787438305998927,-2.332156181335449,1.3859131336212158,3.0327844619750977,-5.92064735507667,2.654689164119959,-2.854098222264647,0.1235128343105316,0.0246656686067581,0.555072179046832,0.6518710851669312,-0.4254924439316615,0.6486584079019725,2990
1726744876935710700,7.217635961839556,-1.665982078152895,-0.7932090637862682,1.6717355271130798,-9.308139921858906,-2.59503490588516,0.2458947002887725,-1.620848298072815,-3.5394136905670166,0.4597544028524776,-0.6850628539346058,0.4037311601342345,-0.3953680563192038,-1.643833041191101,1.126621961593628,3.3145101070404053,-5.730478418964148,-0.1076736082553863,-0.2920686371415853,0.3044430315494537,0.2260686159133911,1.15830392030254,0.420097291469574,-0.4229562765175476,-0.0161774401648086,2991
1726744876975479600,5.557117994311452,-3.780424547642469,0.0665337886154651,2.874661702343821,-8.966155453425646,-2.741305663560331,-0.0333721414208412,-2.1410129070281982,-4.086343765258789,0.4444666630441833,-0.7281482720702156,0.3310102598385618,-0.4033381639770727,-1.3213186264038086,0.8891617655754089,3.107898473739624,-4.414045107018947,-1.362455935190618,0.7931272307217121,0.4757149219512939,0.106379210948944,0.3263261864544823,-0.0281689018011093,-0.2250329086196608,-0.305825323282741,2992
1726744877015249400,3.2651270008295774,-3.877154737079144,1.454598212315142,4.080881950683891,-8.392529636284708,-3.01367240588814,0.0686191320419311,-1.6513731479644775,-4.1184844970703125,0.4224502315593922,-0.7680724925608535,0.2524265884319304,-0.4097331207628569,-1.6442886590957642,0.4378781914710998,2.7056233882904053,-3.017545740190148,-2.038345610497892,0.7185235328972339,0.6364546418190002,-0.0184262841939926,-0.4975443018488585,-0.4187580645084381,-0.2680048025249503,-0.2422255605588666,2993
1726744877056261600,1.7809598719418047,-4.30281234497726,1.393025260977447,5.243329108271002,-7.646200397095083,-3.195859403336048,0.1875386387109756,-0.8438678979873657,-4.1120429039001465,0.3959210054147375,-0.7947187079656214,0.1771035020943852,-0.4246211603070691,-1.6831858158111572,0.2951563000679016,2.331895112991333,-1.2668319534301755,-3.1318276606693862,1.1572837834745644,0.722192645072937,-0.1417783498764038,-1.0885644675135613,-0.5697343349456787,-0.2207558523549698,0.0520300013008993,2994
1726744877096031500,0.0819435391932725,-5.123101723390818,0.924723858617246,6.348733651426434,-6.718470050138235,-3.275081993132829,0.1665331274271011,-0.4079398214817047,-4.08591890335083,0.3649610875081547,-0.8099044283396307,0.1050596334100926,-0.4470132316602015,-1.5766979455947876,0.1460295617580413,2.115309000015259,-0.6878858180493116,-4.446035697780549,1.2774375185966491,0.6800985932350159,-0.1521416902542114,-1.466127029806375,-0.5166987776756287,-0.3468373518245294,0.1317935752397403,2995
1726744877135800600,-1.9663573558688163,-5.565701698261499,0.851539379940927,7.272205756416916,-5.660259804356098,-3.3536288756251333,-0.0318707041442394,-0.3684760928153991,-3.7007741928100586,0.3309289925936025,-0.8182558676407179,0.0380108859940372,-0.4685065244982825,-1.132461428642273,0.1368252635002136,1.944329142570496,-0.1096925468623638,-5.532053111159801,1.4505635499715803,0.509543240070343,-0.1028450652956962,-1.3843746292710304,-0.379181444644928,-0.4227177550539374,0.1171162214565556,2996
1726744877175570400,-3.2304116612792013,-6.335877092462778,1.0831854048237204,7.898058604401349,-4.609815224139392,-3.541282614046335,-0.4429159760475158,-0.5704709887504578,-2.9947779178619385,0.2953950144760923,-0.8247647555446634,-0.0178397647403424,-0.4818575750279679,-0.5742587447166443,0.1686026751995086,1.722264528274536,0.3111661363214254,-6.5770543312788,1.9502175374507904,0.2728970050811767,-0.1136481612920761,-1.3398039583995938,-0.2396189123392105,-0.2683442453460767,0.0546821689106524,2997
1726744877215340300,-4.080972259315848,-6.252045547565817,2.1981451273098584,8.258853571766615,-3.660397946031392,-3.816175952242314,-0.7599303126335144,-0.4097484946250915,-2.384772777557373,0.2590544573742006,-0.831328522829692,-0.0588532797750661,-0.4881802088316185,-0.0610119812190532,0.1467671394348144,1.332632541656494,1.009389808511734,-7.41617817402184,2.3214988275170323,0.066417284309864,0.0637115761637687,-0.0932933468557894,-0.1875155717134475,-0.330061756253615,-0.0630078612453304,2998
1726744877255110400,-5.290519898512959,-7.919960639607906,2.9774031148940323,8.521795483145118,-2.8105525105267763,-3.956033335743845,-0.8747841119766235,0.3255648612976074,-1.8543299436569207,0.2237935138663412,-0.8331841503340889,-0.0866356713667001,-0.4982117575991693,0.8597589135169983,0.2510282099246979,0.7365798950195312,1.0527835445582867,-8.612590437313914,3.315996187323332,-0.1583709120750427,0.165189191699028,0.5974931610710918,-0.1404598206281662,-0.2585340683409944,0.2279925256102346,2999
1726744877294879500,-8.19649677657485,-6.678076080429554,3.2504362121760844,8.799685957330464,-2.177178034865856,-3.741097622643411,-0.844372034072876,1.379345178604126,-1.0146405696868896,0.1968051811320361,-0.8252129783464159,-0.0988252698940977,-0.5201200313557811,1.5081634521484375,-0.0404422581195831,-0.0905268415808677,0.1730149722158908,-9.315009807628392,3.853412626963854,-0.2265549451112747,0.4648884236812591,0.1885587975021451,0.0542325600981712,-0.3102890246933326,0.3986270506966859,3000
1726744877334649300,-9.997129317235943,-7.610607105666398,2.804087113904953,9.05561009890139,-1.9632064906224609,-3.21125132599622,-0.567138135433197,1.76301908493042,0.5508473515510559,0.1843042311754327,-0.8097761233186812,-0.089391718457512,-0.5498215499309499,0.5788993239402771,-0.2582555115222931,-1.308197855949402,-0.3936240547776222,-7.220505964317917,2.78195477707386,-0.3776978552341461,0.2827172577381134,0.4637465520674362,0.0641787275671958,0.1380162217474076,-0.1738215393584221,3001
1726744877374419500,-7.995203804379702,-6.928297041922807,1.669638847094774,9.11973039663434,-2.411333996742964,-2.6807401356995104,0.1159670203924179,1.131080150604248,1.9017746448516848,0.1976990297998876,-0.7956380912385277,-0.060330267973943,-0.5694166836764015,0.3209939897060394,-0.642690896987915,-2.400393486022949,-1.89409992890954,-6.419205948534607,2.285176637291908,-0.4367951154708862,0.1836180686950683,0.9938742594718932,-0.0424418896436691,0.8087393720038235,-0.2699300532327964,3002
1726744877414189300,-5.388947539517283,-6.484661878785491,0.6212751648053526,8.941794334629177,-3.252855840538442,-2.373532089354098,0.6379614472389221,0.3768858909606933,2.456015110015869,0.2301298800964329,-0.7875844632431306,-0.0269660729075904,-0.5709850243919187,0.9688041806221008,-0.619332492351532,-3.064425230026245,-2.692958396759629,-5.7221109881132834,1.8808897342026232,-0.4776690900325775,0.044603306800127,0.9507708116088062,0.0614430680871009,1.0588047776091842,0.2030254037446342,3003
1726744877453958400,-3.476681254798174,-6.794968767929077,-0.5800549734055995,8.57408622687459,-4.217909663717449,-2.205598804316669,0.547213077545166,0.177092358469963,2.7261133193969727,0.2694120972326691,-0.7825583861767381,0.0075244660389334,-0.5612155303081485,1.7206318378448486,-0.7797700762748718,-3.537544250488281,-5.135173853978515,-4.190096066379547,1.3092442772239443,-0.54905766248703,0.0438011772930622,0.0439923549602506,0.1631530374288559,0.6697771107111126,-0.1370040946959518,3004
1726744877493728500,-2.263214980852604,-5.972096387284994,-1.4331614565327764,8.040125480645894,-5.2233407977312805,-2.059978911765665,0.2901108264923095,0.2230428606271743,3.1041524410247803,0.3080634149933087,-0.7762522125694564,0.0496205454934857,-0.5477840531862438,1.928932785987854,-1.0654339790344238,-3.891327381134033,-6.014765316188335,-1.737718988369405,-0.2601771228402852,-0.6191191673278809,0.1325637549161911,0.1388114546451717,0.0411670096218586,0.6578148702386766,-0.6717992641884833,3005
1726744877533498400,-0.6592986059904098,-4.480501738744974,-1.7865863335214551,7.318021751174331,-6.232502642706036,-1.942382752171904,0.1429432034492492,0.2377454191446304,3.305693387985229,0.34586751653529,-0.7676773719309019,0.0985160335538519,-0.5304165441960808,1.8477532863616943,-1.3080445528030396,-3.8135738372802734,-5.805871221339702,0.288279473991692,-1.9158986498720945,-0.638559103012085,0.1450010240077972,-0.790894941624999,-0.1357540339231491,0.5882610031496733,-0.5291313533108681,3006
1726744877573268200,0.4423749339431524,-3.030962855646014,-1.8763257872879504,6.462353016343712,-7.139755434301495,-1.8526432984054089,-0.1678198873996734,0.4381897449493408,3.266237258911133,0.3794599271048466,-0.7561264436864916,0.1507691116740038,-0.5114212772717778,1.7942959070205688,-1.3787294626235962,-3.3021318912506104,-4.514714389470219,1.6172504882097245,-2.5988006881594656,-0.6235585808753967,0.2526227533817291,-1.2247879514921456,-0.1983377635478973,0.4430414350278675,-0.0080641713046818,3007
1726744877613037000,1.214178806129098,-2.8331775993108748,-1.8067866793766616,5.51577300748825,-7.892547147503495,-1.8585868631102145,-0.754585325717926,0.6547269225120544,3.3574087619781494,0.4035903912215114,-0.742411918652516,0.2087728481103123,-0.492293914918568,1.5139433145523071,-1.4376596212387085,-2.58328914642334,-3.762918117046356,2.47191618347764,-3.554078674994409,-0.5718520879745483,0.3046521246433258,-1.613199020861834,-0.1115279421210289,0.5473355203801765,0.3074612904541194,3008
1726744877652807200,2.4571841860309243,-2.744935836756229,-1.0751637186706064,4.411032188938558,-8.5176874633044,-2.040141700134426,-1.0841753482818604,0.5220387578010559,3.699284076690674,0.4205088134557135,-0.7270627117212973,0.2745871300461277,-0.4681389305929591,1.075882911682129,-1.4689728021621704,-1.936989545822144,-2.907370378246904,3.3144536340564485,-4.66344890691042,-0.5186241269111633,0.2703862190246582,-1.3822503305934368,-0.041883435100317,0.8265376251533627,0.3253566838352009,3009
1726744877692493000,4.557648399050533,-2.052960119044781,-0.0470142646312713,3.099906628012657,-8.99777633409202,-2.3666404301442205,-0.9577783346176147,0.0084600932896137,3.875474691390991,0.4379728004004944,-0.71009757835754,0.3412132875483268,-0.433029762752333,0.3459147810935974,-1.3188804388046265,-1.572542667388916,-1.8980366838365792,4.30448875375688,-5.348768089342117,-0.489410787820816,0.1932169198989868,-1.3419554373450575,0.0464226230978965,0.8843473515000194,0.3384107381323352,3010
1726744877732259300,7.076933944207429,-0.8526566935330628,0.8537745916470885,1.7027531811892986,-9.286788506272435,-2.6507734519809483,-0.3867657482624054,-0.561225950717926,3.5049822330474854,0.4611236721863891,-0.6912748539320613,0.3965991782019504,-0.3901451341368386,-0.7426110506057739,-1.0519839525222778,-1.3561484813690186,-1.7146990550488233,4.983411513149738,-5.703315686750412,-0.4530651271343231,0.1362458020448684,-0.6127918890224769,0.1044886931777,1.0753972351655363,0.1502661839868873,3011
1726744877772024600,9.12844094183445,-0.212539757874608,0.9209142372012138,0.4742527485126629,-9.418885192644597,-2.688881941100955,0.3068598508834839,-0.7177562713623047,2.643872022628784,0.489280828959296,-0.670877471652986,0.4324560631783415,-0.3514391691475681,-1.172684669494629,-0.6812836527824402,-0.97650808095932,-2.374666938602924,5.066455707061291,-5.573264826992154,-0.4027467668056488,0.065098337829113,0.920202435670048,0.0408304594457149,1.254392889226228,0.0213918046790757,3012
1726744877811791000,10.149253477114438,0.3152747406840324,0.3492515368267893,-0.4027573554344475,-9.479232986101508,-2.480390581834316,0.7514757513999939,-0.5845473408699036,1.635274887084961,0.5169069190084769,-0.6508832956799345,0.4503505902831756,-0.3261021249823337,-1.4150466918945312,-0.3852167427539825,-0.367739737033844,-3.5214807659894225,5.413941110998392,-5.744933060774207,-0.3630951941013336,-0.0982019677758216,1.0765746814470738,-0.048294011503458,1.2706722622454163,0.0146247251218708,3013
1726744877851550500,10.060276386022569,1.5379320368230345,-0.0024190438404679,-0.8780647640991955,-9.5330697902292,-2.126026524299383,1.0351184606552124,-0.1385317891836166,0.6820996999740601,0.5395793551626208,-0.6334829581024831,0.4550785960450138,-0.3169496005807638,-1.4428733587265017,-0.0861076936125755,0.2197287678718567,-3.3902006566971536,5.865424065026641,-5.375222381025552,-0.304804265499115,-0.0266621597111225,2.2696074583686885,-0.1154326424002647,1.0497138547893612,0.1348822619700804,3014
1726744877891316000,9.939785381770134,1.5681185007721186,-0.9730382460616528,-0.9387843134779482,-9.599916298055648,-1.7693701180435717,0.8313947916030884,0.6304455995559692,-0.2389098703861236,0.5506730526922848,-0.6196104788880183,0.4541977784309158,-0.3264144247992314,-0.9638209342956544,0.6145251393318176,1.191606521606445,-3.0286703607946635,5.587955031123757,-4.141279720762372,-0.2624004781246185,-0.1816785186529159,0.674735975227505,-0.1183973848819732,0.6341023515440524,0.3925313276374712,3015
1726744877931082500,9.05521905375719,1.8070219494372608,-1.4556525436736645,-0.633465222684294,-9.667187168774008,-1.5213872908659278,0.614094078540802,1.0875717401504517,-1.0242631435394287,0.5468725177061903,-0.6112331071263476,0.451622913503018,-0.3512283898353521,-0.3708923459053039,1.2191476821899414,2.225529670715332,-3.19647081323266,4.729613277691603,-3.3474797053456307,-0.3186782598495483,-0.1709971576929092,-0.7511565132156014,0.0853729322552681,0.0759321288500679,0.6474864415131509,3016
1726744877970848800,8.065133080652355,1.8371821099013088,-2.1132966604553163,-0.0333345869657932,-9.711860423237084,-1.359792561200261,0.2458979934453964,0.8705590963363647,-1.7966827154159546,0.5329466286371981,-0.6112496483729233,0.4423844395172344,-0.3829330704454615,-0.315117746591568,1.3733452558517456,2.780381679534912,-3.502178684148192,4.246047670704126,-0.9181012256070972,-0.3593358993530273,0.1649087071418762,0.0404264928719494,0.3478284180164337,-0.1159436614126898,0.2622031122425571,3017
1726744878010615300,7.287868020451069,0.3052630497574806,-2.2192774933181703,0.8625923966139555,-9.67182768805623,-1.371874774790555,-0.2995739281177521,0.1025374978780746,-2.6767518520355225,0.5101157331827454,-0.6270750548725209,0.4203843742855401,-0.4121112046527967,-1.9013944864273071,1.2726223468780518,3.219693660736084,-4.311193804353476,4.187568593728543,-2.338650453326106,-0.3635681271553039,0.4280620217323303,-0.0610102987865218,0.2221145182847976,-0.3092480642730369,-0.2969865485930815,3018
1726744878050380800,6.331868441343307,-1.5969658250719307,-1.7872693473495542,2.00788412899971,-9.468736142006517,-1.5753868843398988,-0.6509051322937012,-0.7242863178253174,-3.409137725830078,0.4807612040012384,-0.6589586083051885,0.3822249701320778,-0.4342192915610234,-1.7460289001464844,1.1751625537872314,3.5940449237823486,-4.702965509262681,0.8385983575642109,0.2117664354145526,-0.3511368334293365,0.3713626563549042,0.2645854408018291,-0.0966564565896987,-0.1346298489784356,-0.417232784304209,3019
1726744878090147300,4.805713059292733,-3.137521780657768,-0.5489864659249782,3.3152696266144512,-9.0205329403013,-1.95175687584728,-0.8094913959503174,-0.8446104526519775,-3.9486584663391113,0.4438819233123965,-0.7001296619048902,0.3306514236162008,-0.4510620090211396,-0.4368375241756439,0.8017796874046326,3.619271278381348,-5.136416547515988,-0.9542892680585384,1.2860960413485765,-0.369122177362442,0.2421027868986129,-0.2930048037468455,-0.3131299614906311,-0.0468006492800544,-0.377774232282117,3020
1726744878129913600,3.226760737556219,-4.738834695023298,-0.0128511521361768,4.686972990360856,-8.304027176967264,-2.290370844934136,-0.6855387687683105,-0.1187952980399131,-4.230112552642822,0.3986854811440428,-0.7357801886206065,0.2745977566313552,-0.4735752173742774,-0.337974339723587,0.6606141924858093,3.2954423427581787,-3.460197737509012,-2.162511503870785,1.9258564186543223,-0.4516602456569671,0.0382766462862491,-0.4398424563234672,-0.3564671576023102,0.1208267755454406,-0.0064288394583651,3021
1726744878169680100,1.3573241252601147,-5.905565521278977,-0.1230064942046999,6.104054541969299,-7.292470545810461,-2.393898001034558,-0.4127681255340576,0.6850071549415588,-4.678048133850098,0.3453813946509044,-0.7585717503438392,0.2159252847365036,-0.5085830805197749,-0.0221189111471176,0.6184452176094055,2.9337592124938965,-2.4773387930482627,-3.636144963784516,2.5467326472699643,-0.5189122557640076,-0.0712396055459976,-0.7087679356236011,-0.2512108981609344,0.0142513640481221,0.3401429322198033,3022
1726744878209445400,-1.6131903991639611,-7.535114350047707,-0.9453007826998828,7.434842542481422,-5.985092062458396,-2.252156265091151,-0.1848007589578628,0.7835259437561035,-4.606093883514404,0.2881861105788944,-0.7692664347880307,0.1518458546872904,-0.5496552764541973,0.8321877717971802,0.5950533151626587,2.686906337738037,-2.233664476719498,-5.615156926304102,2.824935840666294,-0.5578972101211548,-0.1139628440141677,-0.8063202550981193,-0.1794458180665969,0.0275313691633054,0.2592678442419506,3023
1726744878249212000,-4.858323828756809,-6.977627182281017,-0.9273669204719364,8.376152501979469,-4.655049911877513,-2.08349145090878,-0.2113330662250518,0.551011860370636,-3.613992929458618,0.2368260443640496,-0.7729837148954877,0.0934059697467089,-0.5811065486791459,1.898519515991211,0.5332211256027222,2.245814800262451,-1.2341577643185853,-7.178819616711139,3.550370760387182,-0.5911566019058228,-0.168003037571907,-1.077127493024245,-0.1880639642477035,0.0868064233887475,0.2565748422983102,3024
1726744878288978400,-6.329053383922576,-6.041152972376346,-1.014786991380155,8.913741960099339,-3.58892407066524,-1.9583628499835728,-0.4269430041313171,0.4491216540336609,-2.4979794025421143,0.1958947364229077,-0.772713506967838,0.0525599777561284,-0.601478533982264,2.2042689323425293,0.5680384635925293,1.5097628831863403,0.991780502063036,-7.126344164064526,4.050778781104087,-0.6202922463417053,-0.0253206044435501,-0.9433086590345948,-0.1430288702249527,-0.1273664247135631,0.2720578042428009,3025
1726744878328745000,-6.293416837874054,-6.6841352343380445,-1.1688579014122484,9.219729817000031,-2.7557527065858243,-1.8901830477267505,-0.792765736579895,0.3454945385456085,-1.8906230926513672,0.1599536694172033,-0.7717529945259395,0.0277458297550452,-0.6148514614349104,2.0581531524658203,0.55389004945755,0.763120710849762,1.387493638074398,-6.901644012796878,4.709090714144707,-0.7583234906196594,0.0019907727837562,0.3287041676321998,-0.0892227888107299,-0.0380905424713622,0.3343822498012334,3026
1726744878368510200,-7.201902386134862,-7.433907307457924,-0.7679369676247239,9.396039739108083,-2.111924495319277,-1.8505711683064696,-1.2167843580245972,0.4674522876739502,-1.1391037702560425,0.1253849673007588,-0.7707401356099227,0.0176781628438154,-0.624440388709185,2.368293046951294,-0.0680089592933654,0.3211160898208618,-0.3455652495294809,-8.202782724976538,5.395930822533368,-0.7779567241668701,0.1304198652505874,0.7853863342713564,0.0585339292883873,0.2881062180503271,0.5855539361480623,3027
1726744878408276700,-8.499996323791146,-7.688143934333324,-0.2442366263866424,9.492542549529672,-1.772543779643625,-1.7088335240162909,-1.414821982383728,0.8014134764671326,-0.0650446191430091,0.0963952438791369,-0.7657983750633699,0.0260597563977063,-0.6352808262956388,0.7038292288780212,-0.904390811920166,-0.5018636584281921,-1.2333183908849954,-6.999713926404715,4.100407027626037,-0.7776322960853577,0.0993698611855506,1.577593892864883,0.0873210728168487,0.7124078264959156,0.1113120560892857,3028
1726744878448043000,-8.423006607612967,-7.541675023737549,0.0719150432623922,9.491717204621434,-1.9513344126515089,-1.5066399497196077,-1.106830358505249,0.6540638208389282,1.4881209135055542,0.0849146492308771,-0.7575252159751282,0.0545234354903095,-0.6449590214757402,-1.2245126962661743,-1.6103745698928833,-1.4000457525253296,-1.6916688925951715,-6.046839785841107,2.0307026945292947,-0.8521693348884583,0.1175380647182464,1.3622183270424604,0.0180454384535551,0.9474507272753864,-0.1663948599563911,3029
1726744878487809500,-6.14133417904973,-6.600379092764854,-0.1156174068666994,9.310510158121586,-2.723689927370846,-1.4374714286863803,-0.7671006917953491,0.1863120943307876,2.8098530769348145,0.0989202113424706,-0.7505147774671568,0.1000910332674704,-0.645696723135951,-0.5209372043609619,-1.78496253490448,-2.260869264602661,-1.3374340143978596,-7.028187156695127,1.23146370292902,-0.9416383504867554,0.1119812130928039,-0.3142928535072132,0.0467185191810131,1.0823705813094973,-0.2540027815869078,3030
1726744878527575000,-3.5477293059676884,-5.949468375891446,-0.2417019933424889,8.893083202952146,-3.844761410735547,-1.516988325254619,-0.5303332805633545,-0.1336754709482193,3.460449457168579,0.1300202142594483,-0.7436561047095421,0.1559502367671863,-0.6369849471623963,0.4854766726493835,-1.5377155542373655,-2.906294107437134,-1.4311562541902063,-5.113064898023009,0.1676263379801064,-1.085186243057251,0.0691516026854515,-0.2358091176453046,-0.0629245042800903,1.0398119809128343,-0.6028786900343374,3031
1726744878567341600,-1.40252169585824,-5.30370378973484,-0.4480268222250044,8.248143961703777,-5.035207751360535,-1.6688963581644,-0.3861601948738098,-0.2414073199033737,3.576472282409668,0.169021867671889,-0.7345770556394746,0.2132758412299626,-0.6215639186148408,1.2440277338027954,-1.2494192123413086,-3.152443647384644,-4.1498727770626544,-3.706429921627045,-2.1176848124116656,-1.2090013027191162,0.2029149383306503,-0.226730816845037,-0.2507887184619903,0.8246643055621534,-0.8022519096806645,3032
1726744878607107800,0.1739291644513607,-4.417483849295974,-0.7375847917199134,7.46132956739068,-6.088422088551521,-1.852043140555173,-0.7354633212089539,-0.1607092022895813,3.307230234146118,0.2048686628066119,-0.7224063462679416,0.2693640563153504,-0.6029933210226108,1.9622873067855835,-1.1402522325515747,-3.2661116123199463,-5.739934814095497,-1.1904840422868728,-4.9073874271333215,-1.3967093229293823,0.2923191487789154,-0.1348567348031792,-0.3879837393760681,0.7935583886805921,-0.6108554410671815,3033
1726744878646874400,1.0468681830346585,-3.750158004194498,0.2567804661393165,6.652585080820321,-6.894911489671468,-2.09133792662546,-0.983896017074585,0.1917811781167984,2.948868751525879,0.2288846872942316,-0.7080510476480475,0.3244877035861531,-0.5839377132922204,2.376662254333496,-0.589839518070221,-3.1303250789642334,-3.990190749150514,0.2442071080312132,-5.168157839691639,-1.532141923904419,0.2864447236061096,-0.1627997398075647,-0.4326804876327514,1.013949956034124,-0.3062157656387426,3034
1726744878686792200,1.4270610938310622,-2.7852047187805176,1.0604805288016796,5.856249993968009,-7.538742477416991,-2.245460566844791,-0.8475455641746521,0.7429729700088501,2.903313159942627,0.2460958082095247,-0.6868725069163598,0.3777469836649949,-0.5700440948526432,2.1641335487365723,-0.7028598189353943,-2.8843796253204346,-4.275609280753136,1.669314437445998,-7.215487259373068,-1.577367901802063,0.1687281280755996,-0.5148955053506419,-0.4366979300975799,1.2732590638682246,0.1100337158496957,3035
1726744878726565000,2.261705745333433,-1.378362821635604,1.1424214376464483,5.045546774545311,-8.090853212842346,-2.2914881585262714,-0.8035935163497925,1.148767352104187,2.819058656692505,0.2597718895621114,-0.656893515439179,0.4304930805814141,-0.5618586234340087,0.9125393033027648,-0.3419100940227508,-2.596649646759033,-2.2743512918949125,3.7502275622993695,-8.336543545168638,-1.5175453424453735,0.0357933454215526,-0.7315219114843755,-0.320896565914154,1.416053962126374,0.6522042638152837,3036
1726744878766338300,3.0646365771889683,-0.2639344295471906,1.1583259860038757,4.271646514602005,-8.516949796679615,-2.320560816014558,-0.7435413002967834,1.2513703107833862,2.501694202423096,0.2685419206330434,-0.6230032423711199,0.4797735227527264,-0.5563898131497476,-0.2529164254665375,-0.05251170322299,-2.082610845565796,-1.5911363882660865,3.924526144585013,-6.9260922253549095,-1.395298957824707,0.0156469196081161,-0.9221830150280148,-0.1258862763643264,1.4695624110825358,0.807049300025031,3037
1726744878806110500,3.378352105732262,0.1942933225661516,0.9988798126742244,3.574260462279617,-8.814467931398749,-2.387516775564849,-0.7463905215263367,1.0966109037399292,2.197524309158325,0.2736818491579962,-0.5905033102265477,0.5225278156177054,-0.5507893625029966,-0.130410760641098,0.0574251264333725,-1.4132596254348757,-0.7274737320721149,3.765103644391894,-5.731537572628259,-1.2805999517440796,-0.0279051139950752,-0.7843675856828689,-0.0232209954410791,1.5980895684048533,0.6415068556468934,3038
1726744878845874400,3.846028361931443,-0.2961415856689214,1.1747361457958816,2.9160946597114203,-9.013411125597358,-2.534792326368392,-0.78435879945755,0.8769681453704834,2.083811521530152,0.277258978459887,-0.5610546390979915,0.5607638897529239,-0.5421152328304619,0.2423939704895019,0.2661723792552948,-0.8141610622406006,-1.0831330901145937,3.7738223728984592,-5.225789359927177,-1.1525801420211792,0.0416003912687301,-0.332437508941628,0.0122740119695663,1.451798936985433,0.5407195363065228,3039
1726744878885647600,4.760623332983255,-0.8791717754930257,1.8109049283504488,2.232839716333151,-9.154927382221818,-2.715164967870712,-0.6028131246566772,0.6652703881263733,2.1369996070861816,0.2831157073750148,-0.5325236749280998,0.5956957510219584,-0.5304815209839104,1.0218631029129028,0.401801586151123,-0.1440399289131164,-2.637699450874329,3.864853473910689,-4.983568165016174,-1.0335605144500732,0.1208017319440841,0.5829872639978304,0.0026724904309958,1.417527834071219,0.5365821077082306,3040
1726744878925420800,6.1110226274162525,-0.6121563310652971,2.478126436294615,1.526031755670905,-9.266168912091851,-2.8248364719450474,-0.1911346912384033,0.5077878832817078,2.002934694290161,0.2937715012999904,-0.5033941811333206,0.6249967062493536,-0.5192991850268013,1.48037850856781,1.0265107154846191,0.4295792579650879,-2.703290990203618,4.163805440825223,-4.577187504518032,-0.9570578336715698,0.0900528579950332,0.9614324178114532,0.0604766234755516,1.2856091346144676,0.6832897954959422,3041
1726744878965192700,7.64046273022592,-0.5224368971735238,2.3874793661639093,0.9256919729970396,-9.365467490711808,-2.7570845397114754,0.4014907777309418,0.6366565823554993,1.5007479190826416,0.3062315473234559,-0.4745135282556294,0.644522377669854,-0.5154125775533343,1.7577400207519531,1.611320734024048,0.8141897320747375,-2.7011078009456395,4.032397905761004,-3.326592692400515,-0.9068663120269777,0.0071138134226202,2.3958590719744564,0.1367574036121368,1.2843646875113248,0.7435076789628714,3042
1726744879004966100,7.6762670340567825,0.5750900444746017,1.999345725496113,0.5748998556647449,-9.465658049735426,-2.498237204170227,0.8467050194740295,1.145745873451233,0.8728610277175903,0.3131339578105546,-0.4467816313198232,0.6540342644439071,-0.5239966387585919,1.474719524383545,1.9337730407714844,1.1873167753219604,-3.479635428428649,4.245384822881221,-2.861957703593373,-0.8627404570579529,-0.0679921954870224,0.1260003331252839,0.1837888062000274,0.5212907593457028,0.5063030701048672,3043
1726744879044739000,6.659007222822308,2.9603678089410064,1.4866493010923263,0.4784071647783741,-9.568814472827317,-2.092681596319377,1.0709398984909058,2.047350645065308,0.3855899572372436,0.3076142366141061,-0.4154747125170923,0.6588458331579125,-0.5465130075370733,0.8725708723068237,1.7574752569198608,1.5312970876693726,-2.01974583170712,3.750100721049309,-1.912509738086164,-0.8306082487106323,0.1686517298221588,-1.3989797854676842,0.1539000570774078,-0.4222803134847432,0.5396554872715845,3044
1726744879084512300,6.868540784618258,2.4041221656680105,0.7436359084524213,0.6235146142952144,-9.653314710766075,-1.6109354598440229,1.1716166734695437,3.007490634918213,-0.1768085956573486,0.2847452015745585,-0.3795375097880238,0.6618807526520051,-0.5803320066055959,-0.2272171974182129,1.8342608213424685,1.6851403713226318,-0.2695633753448724,3.702890349324048,-1.4455574122473596,-0.772078275680542,0.245401456952095,-0.0092982362944167,0.193486213684082,0.1051531955328304,0.7293162181336432,3045
1726744879124284200,6.820571995741129,1.0714455749303102,-2.1508665126539768,0.9526527528978884,-9.707332132157685,-1.0151659807603806,1.3588792085647583,3.297546863555908,-0.6421236991882324,0.2450046131450946,-0.3380439414801249,0.6614267555678258,-0.6230680538379516,-0.5375220775604248,1.5133424997329712,1.9879430532455444,-2.322254029798508,1.915105599798262,-0.4188328764446079,-0.7048922181129456,0.0626294985413551,0.2828357485678047,0.1626901179552078,0.3231887652115896,0.6043955608706921,3046
1726744879164057300,6.733181881579756,1.816504063531756,-6.218737736725807,1.471597862432897,-9.684899351075291,-0.4555481941731646,0.7271643280982971,1.7633880376815796,-1.7699215412139893,0.2037335308217844,-0.3148314285224596,0.6512354917096225,-0.6597470846522211,-0.7797173857688904,1.0304993391036987,2.17478084564209,-3.657656830629706,0.0848451058536767,0.3532201481968164,-0.6324948668479919,-0.0433843843638896,0.2727339134060778,0.0080378493294119,0.2552835421124473,0.2618174008606002,3047
1726744879203830500,3.9356607020616527,0.9119213679283856,-6.599578297775984,2.354355241327733,-9.5147350921154,-0.3117330860218033,-0.2615819573402405,0.5469704270362854,-2.5239648818969727,0.1611839885925466,-0.3293518819013566,0.6382956221620294,-0.6768497603269865,-0.7092938423156738,0.7735641598701477,2.183288097381592,-2.360793311551213,-1.0902312316820024,1.6259078419178723,-0.5360545516014099,-0.2253400981426239,0.2098307181116193,-0.2620577812194824,0.537186357211694,0.1911953748171217,3048
1726744879243602400,2.183910850252211,-0.3211480166316032,-5.734058031016588,3.25182445166409,-9.241891379925608,-0.4283172920940443,-0.5847923159599304,0.4812348484992981,-2.2359158992767334,0.1197172648506529,-0.354121653467712,0.6296316063190227,-0.6810503696219734,0.1101826652884483,0.7222660779953003,2.0690925121307373,-1.020105848315358,-2.7973230265975,3.1539673040241003,-0.4672974050045013,-0.3649436235427856,-0.3617493820132687,-0.3761734366416931,0.5268240627491846,0.4979035636153072,3049
1726744879283375600,2.846738507151604,-0.3238981921225786,-5.616701233136654,4.087467758814991,-8.891383413296937,-0.6374020506765693,-0.6921682357788086,-0.4800990521907806,-2.5414059162139893,0.0814000168126188,-0.3815636525105568,0.6220190036619736,-0.6788781245972015,0.8465107679367065,0.6437875032424927,1.8352315425872805,-0.3689285894602537,-4.04999084559679,3.380638463103771,-0.4384271502494812,-0.3804629147052765,-0.8369882189538329,-0.2853716909885406,0.3387736166279763,0.7601561044901609,3050
1726744879323148800,2.2940520176649093,-1.456589386132359,-3.5010885508239267,5.017241302037239,-8.354849017187952,-1.092786322992295,-0.7352460026741028,-1.552709698677063,-3.023617744445801,0.0516628293541059,-0.4321614718031254,0.6074150626302326,-0.6645407409840993,1.3279465436935425,0.3951391577720642,1.4843090772628784,-0.0575935263127088,-4.8954848078936335,3.418340124988556,-0.4406125545501709,-0.2965356111526489,-0.8763762995555996,-0.1410218626260757,0.1879684669261798,0.7205316578492522,3051
1726744879362922000,0.388463895535469,-2.116585911259055,-1.227083442018181,5.921006251516938,-7.6421812245815985,-1.6459586962997912,-0.6444341540336609,-1.3210618495941162,-3.0491151809692383,0.022939473348146,-0.4891974979013241,0.5870318117024983,-0.6446343312547598,1.6338961124420166,0.2018317878246307,1.0125877857208252,1.0011860437899829,-5.1195414005607365,3.261422885614633,-0.4448109567165375,-0.2337677478790283,-1.0167012275036424,-0.0642617419362068,0.0721506284168223,0.6689169136852026,3052
1726744879402694000,-1.6648241402894255,-2.306692888051271,-0.2136442119851708,6.685166330951452,-6.880607654508948,-2.0337626666218043,-0.6731034517288208,-0.2187868654727935,-2.581584930419922,-0.0104132396846505,-0.5321422063246383,0.5661428373298106,-0.6294430855406169,1.853758454322815,0.0434685163199901,0.461254745721817,1.90501002998054,-5.273487515169382,2.904664626419544,-0.4279245436191559,-0.1018111184239387,-0.5224505238400772,-0.0521188601851463,-0.1300626506607513,0.5305798716187476,3053
1726744879442467300,-2.644045020508766,-3.364704396390915,-0.542836126601696,7.310942606568336,-6.172448279237747,-2.1497426231905816,-0.8131574392318726,0.5926623940467834,-2.036686658859253,-0.0500545039254421,-0.5543158382124929,0.5498548198721585,-0.6228067291331101,1.5753380060195925,-0.0464308559894561,-0.0348303578794002,1.3064695518136025,-4.992840435752273,2.5255788000822066,-0.4784630835056305,-0.0054117385298013,0.1189819787958171,-0.0574263855814933,-0.2628630739886313,0.5719894115781411,3054
1726744879482240300,-4.232475072425603,-4.376857239875197,-0.5164578227639198,7.752250788062811,-5.605168031731248,-2.1575657180316745,-1.024341344833374,0.6900389194488525,-1.1582155227661133,-0.0877730760543685,-0.5623166015417235,0.5420380735967415,-0.6182965985782366,1.4191137552261353,-0.3176309764385223,-0.3009379208087921,-0.5125386034935713,-5.450395987692475,2.404723054170608,-0.5232554078102112,0.0625984892249107,0.3659175710760057,-0.0286200568079948,-0.3523420136554166,0.6416104621518403,3055
1726744879522013400,-4.8510932929813855,-4.818248423478007,-0.060552960640192,7.961161249524355,-5.27765106458962,-2.221868971116096,-1.4520823955535889,0.6037956476211548,-0.3069112002849579,-0.1170164821208553,-0.5596414275836035,0.5478003829229716,-0.6107563964601145,1.1779701709747314,-0.8036308288574219,-0.5018877387046814,-1.515477628430724,-5.660006706377864,1.8147171801149844,-0.4928907454013824,0.1991197913885116,2.2611625783674416,-0.041786253452301,0.1792931026373058,0.4886436043715104,3056
1726744879561785300,-5.006345814013481,-5.459332742863893,1.1350269434809683,8.0206457041502,-5.133064314478635,-2.3433501554496585,-1.731201171875,0.7757816910743713,0.3301056027412414,-0.1424301820818898,-0.5470584592408688,0.5658662820872264,-0.6001966961979878,0.7695049047470093,-1.105254054069519,-1.0070112943649292,-1.516407602757215,-5.325404749411344,0.921930136245489,-0.4568604826927185,0.093753382563591,2.0995047203376886,0.0164268966764211,0.7122373652998357,0.6509406005550176,3057
1726744879601558800,-5.605140559202432,-4.930418758630752,2.145622036129236,7.983629686442017,-5.162338339757919,-2.4046441437155006,-1.5890705585479736,0.870032787322998,0.9413490295410156,-0.1576321911163665,-0.5304776521674044,0.5841200173456799,-0.5937587131164267,0.5932297706604004,-1.3403639793395996,-1.5042495727539062,-2.247826273062825,-4.634898227469622,0.1493768339317291,-0.4930728375911712,-0.2930009961128235,-0.450490107065998,0.2092431336641311,0.8487611473992467,0.8074996010757982,3058
1726744879641331700,-4.905784668111801,-3.325870515605807,3.001132073266804,7.788252660292387,-5.466235946381092,-2.3735518169678747,-0.5965895056724548,0.8377840518951416,1.6322625875473022,-0.1644490173859426,-0.5006554754001715,0.6085733780325323,-0.5932444536447232,0.3508149981498718,-1.302950143814087,-2.256427764892578,-1.5224024592578411,-3.0700743843287226,-0.8975717939279974,-0.5071826577186584,-0.5837085843086243,0.6772304223917425,0.2549557089805603,1.145296043234691,0.256861714681983,3059
1726744879681103600,-2.99861249166131,-3.139672236689925,1.545095644842088,7.460507729613781,-5.985678337913751,-2.163997212383896,0.379508912563324,0.6400652527809143,1.732107162475586,-0.1535960929803529,-0.4703260898864264,0.6238000627059792,-0.6050414819437632,0.7585047483444214,-1.107600450515747,-2.678234577178955,-3.3170313755899667,-2.263819814877957,-1.599297336759418,-0.4788359701633453,-0.4167405366897583,-0.3856853707328438,0.1405482143163681,0.3260802123367786,-0.2535169890976511,3060
1726744879720877000,-2.054008166792989,-3.266451527431608,-0.5190940164864063,7.093802076900005,-6.519099570438265,-1.830216070280969,0.793401837348938,0.5231356620788574,1.6116818189620972,-0.1347133114443538,-0.4442528132388608,0.6292491473095398,-0.6233275670143834,1.411595344543457,-0.9815811514854432,-2.711278200149536,-3.518509056702256,-1.4730138667106627,-2.352753212958574,-0.5030214190483093,-0.1528707444667816,-0.4701353763217106,-0.1034305617213249,0.1947795717131346,-0.33878183646705,3061
1726744879760592600,-2.073858530166745,-2.603253575915098,-1.870110127643496,6.671624127811193,-7.020988769623637,-1.538036666241288,0.4050288498401642,0.343528687953949,1.805625319480896,-0.1134618372629557,-0.4194868950896487,0.6343885146095418,-0.6393031257887485,1.578657865524292,-0.768704891204834,-2.62699818611145,-3.0021470955282448,0.0282329917937517,-3.212918382425606,-0.5309317708015442,0.0288405362516641,-0.5599874601498246,-0.2596080601215362,0.2625528937946073,-0.1648390088165179,3062
1726744879800363300,-1.3023545177102087,-1.3866706312537191,-1.6616200835511088,6.101230716720223,-7.544898077437281,-1.4212138291075824,-0.1448425948619842,0.3493742346763611,2.23707127571106,-0.090714477885793,-0.3895283596888735,0.6486365644844287,-0.6475407281368168,1.7039319276809692,-0.6094703078269958,-2.453977108001709,-2.0798387736201285,1.050915704859793,-3.687692780192197,-0.5766907334327698,0.1668894439935684,-1.0627380254048853,-0.2705337703227997,0.164510178720951,0.247441231114231,3063
1726744879840126000,0.2377911035090684,-0.4788052607178688,-1.217100831055641,5.390079173895717,-8.063257349908351,-1.4495904671557247,-0.518021285533905,0.3365740180015564,2.400774955749512,-0.0675327519609532,-0.3535928659663613,0.6699855446992107,-0.649254028078756,1.6200071573257446,-0.4706484973430633,-2.1812944412231445,-1.406160344621539,1.8034359076440327,-4.327822575332224,-0.5770555138587952,0.1871827840805053,-0.983822236534953,-0.1299086511135101,0.3560014129457995,0.7155585456117988,3064
1726744879879896600,1.664758381576836,-0.3950941273301839,-0.6614059535332024,4.618074518440664,-8.505498428338766,-1.5812120833620429,-0.5734222531318665,0.2438407242298126,2.372814178466797,-0.0445659230357081,-0.3166398821284082,0.6930790482026227,-0.6460606396089416,1.1986045837402344,-0.4156417548656463,-1.836349844932556,-1.4682628727912903,2.5998294466853142,-5.006659117746353,-0.5221859812736511,0.0803904086351394,-0.8376470481887459,0.0960394814610481,0.6081653982656077,0.9321979208249598,3065
1726744879919667500,2.849199636568129,-0.2325800908625125,-0.338861221846193,3.814012636728585,-8.866282874310016,-1.7357134937658905,-0.4114859700202942,0.0278127938508987,2.318847417831421,-0.0194243093290879,-0.2816636631482327,0.7135561234551856,-0.6411909545877799,0.4121438562870025,-0.360579252243042,-1.4061675071716309,-1.4316823238909244,3.5868063478589054,-5.549925452458858,-0.4342535734176636,-0.0293159764260053,-0.7505281521841883,0.2640087008476257,0.5676082738844678,0.8147843512564897,3066
1726744879959438000,3.784251412454248,0.3029939357817173,-0.2118340938232839,2.978470159603656,-9.160641668215394,-1.8389486811824145,-0.1039619743824005,-0.1679204255342483,2.307335138320923,0.0096436551407247,-0.2493204136480445,0.7291087870182666,-0.6372963605127113,-0.2307871729135513,-0.0974511131644249,-0.8647966384887695,-0.8061591462522745,4.499630217584968,-5.437925213176012,-0.3256887197494507,-0.0118411611765623,-0.660967781311646,0.307341456413269,0.4942014576943591,0.5121223873754963,3067
1726744879999207700,5.242105703955889,0.5221124875247478,-0.5933293193899095,2.1070460756279528,-9.39636999397576,-1.854442310651392,0.1165065690875053,-0.3136657774448395,2.280871152877808,0.0425864227791078,-0.2186580453267996,0.7394179476306588,-0.6353235895777127,-0.1887798011302948,0.4355237782001495,-0.2460007220506668,-0.342625688946247,4.389606246811152,-4.644086911575496,-0.2265725582838058,-0.0916078090667724,0.5976552928302437,0.2355592995882034,0.9105599433820696,0.3335801031054928,3068
1726744880038978600,7.075269225865602,0.6115028355926275,-0.8592461549259722,1.25640306000486,-9.5545953933388,-1.8170235573612152,0.2047752887010574,-0.3439675569534302,2.0405306816101074,0.0760098380086824,-0.190550824549166,0.7458772031569437,-0.6337035670174183,0.096723586320877,0.95501708984375,0.4430796802043915,-1.516177885654569,4.116944320929051,-4.240938364866376,-0.1216776445508003,-0.2853862345218658,0.8560913441568613,0.1654337346553802,0.9347495780691504,0.4544894058352336,3069
1726744880078749200,8.561620128533244,1.3450707928866148,-1.0114685144819318,0.554153420234099,-9.635144847825169,-1.7399185442402958,0.2065224796533584,-0.0721710696816444,1.4803152084350586,0.1029353634836436,-0.1664339125206148,0.7490066172047369,-0.6330033805826946,-0.113380379974842,1.3200993537902832,0.9797817468643188,-2.426475451773405,4.757310847434401,-4.009654451294243,-0.0156743563711643,-0.2809585332870483,1.703213199916482,0.1119014248251915,0.579883598894067,0.2963829384104348,3070
1726744880118518800,9.48228360584378,2.0382599780410526,-1.1592166512332855,0.1747289182606153,-9.653166826727986,-1.7193614939019084,-0.1423729211091995,0.3678410351276397,0.4728947281837463,0.1137811046557699,-0.1494657118484106,0.7518796701527783,-0.6319736734045153,-0.1530324518680572,1.6120702028274536,1.698082685470581,-3.0633979753047225,3.693585053101182,-2.778424264860153,0.0418659411370754,-0.1978545784950256,0.9745446320366112,0.0096719218418002,0.0645561866658739,0.1766589364751242,3071
1726744880158289700,9.174763132548332,2.1389479651927945,-0.6242061036907136,0.2741031376663595,-9.632049804419278,-1.821769728974998,-0.3464435935020447,0.8732262849807739,-0.7499436736106873,0.1016519390363003,-0.1442446437987956,0.7563583063132157,-0.6299066398280913,-0.5450851917266846,1.523914456367493,2.3002259731292725,-3.9398932250648735,2.293232225714624,-2.1817855286613104,0.0285655204206705,-0.2519555985927582,-0.4584402623528614,0.1275790780782699,-0.345937151581794,0.8533923143312334,3072
1726744880198060300,7.418435597559809,1.9078063827008007,-0.554644491686672,0.8200123881030827,-9.58137175658345,-1.9223064710877835,-0.2799556255340576,0.8440648317337036,-1.6910663843154907,0.0711003347943965,-0.1519300978892964,0.7582398052155038,-0.6300272438515706,-2.2705018520355225,1.3629753589630127,2.4642701148986816,-3.052253480955958,2.583981012429297,-1.808953209760785,0.1258030831813812,-0.0738596841692924,0.1203600987486075,0.3729094862937927,-0.50660556018278,0.7899977735895664,3073
1726744880237831200,6.072443598175049,0.6712421417623758,-0.6808801770709455,1.6413742911189793,-9.457662374806404,-2.0072091523475946,-0.2576989829540252,0.0004894933663308,-2.405634641647339,0.0372538214248117,-0.1776515653142849,0.7554992419066401,-0.6295021136372166,-2.730311632156372,0.933841586112976,2.5037310123443604,-3.547696572741866,0.1654080043435096,-0.0939016880124807,0.2454582899808883,0.1265548169612884,-0.2211553365339525,0.3329052627086639,-0.656835942203924,0.2893188817757182,3074
1726744880277600800,5.054066181087493,-1.069590302452445,-0.2303914947770536,2.5955574684545395,-9.21275705537796,-2.1350794531963766,-0.212743267416954,-0.885858952999115,-2.890305519104004,0.0099689145862397,-0.22354352551481,0.7475874852171995,-0.625333387467576,-1.4819538593292236,0.8247570395469666,2.29744815826416,-2.46104290728569,-2.3824475094765423,2.753673269963264,0.3423174917697906,0.0720250234007835,-0.0032337092369532,0.0531569607555866,-0.5137121407849714,-0.1178761912446934,3075
1726744880317371400,3.5375735303953286,-2.0339415303200483,0.7814674803271889,3.5824826394408937,-8.82720349433124,-2.3273737108998,-0.0985986217856407,-1.0589994192123413,-3.052503824234009,-0.0124782208070611,-0.2809994783929451,0.7346443570523431,-0.6173987572947065,-0.2469323128461837,0.6286880373954773,1.875910997390747,-1.3875947603613137,-2.707231836783886,3.131422294738889,0.385581374168396,0.0673266500234603,-0.1301558271032292,-0.2069575041532516,-0.3922059681406244,-0.2782361275515519,3076
1726744880357142300,1.9665639843568208,-2.2058646156460044,1.1776809670761228,4.538481634026765,-8.333560145443677,-2.4747388396829364,0.0030102175660431,-0.5535222887992859,-2.9750351905822754,-0.0376594351251449,-0.334942935194301,0.7169308218216084,-0.6102500862746615,-0.2601367831230163,0.5113312602043152,1.4832844734191897,-0.246415723991394,-2.5849209236279127,2.092154065313935,0.3756451904773712,-0.0281181056052446,-0.3589459419650956,-0.4062630832195282,-0.3077218410864472,-0.1709742967011407,3077
1726744880396911900,0.745621967703104,-2.3439485597342253,1.0154536385953423,5.450123015969991,-7.755093318012356,-2.5149708968281743,0.1027365922927856,-0.0910721942782402,-2.89504623413086,-0.0687460440348888,-0.3797189327086036,0.6957308140828972,-0.6058433745244707,0.0420446284115314,0.4009051024913788,1.2884258031845093,0.1768587881624698,-3.664479662387073,1.7725579542994498,0.3311159908771515,-0.106965847313404,-0.9623497518520802,-0.4318382740020752,-0.4287781510714441,0.2183155830633826,3078
1726744880436682500,-0.4007376861751079,-2.645356687629223,0.6184253283321857,6.294364347857236,-7.093357840263844,-2.4971251512750983,0.1770429760217666,-0.2117456644773483,-2.87235689163208,-0.1008297409604229,-0.4206249031062845,0.6711129850916666,-0.6020925263247389,0.4170360863208771,0.3667625486850738,1.143390655517578,0.5668722512274981,-4.083496224835515,2.0796716003596782,0.3081087470054626,-0.1630565077066421,-1.1298385079924016,-0.3410129249095917,-0.3679476155988871,0.4518775063037872,3079
1726744880476453400,-1.258974225667119,-3.28780002040863,0.5487047263741492,7.01717885594666,-6.3543982530593865,-2.5595351379588247,0.1252612173557281,-0.5528109073638916,-2.7908010482788086,-0.1281570807666242,-0.4629785986175381,0.6450975006290781,-0.5942018677262573,0.4671269655227661,0.3733962178230285,1.014068841934204,0.9386492158561944,-4.3089127076789735,2.376298923718929,0.2997655570507049,-0.2100773155689239,-1.302554278066009,-0.2689279317855835,-0.4784577624544501,0.5048445418596268,3080
1726744880516224000,-1.9743758271515368,-4.136805205696821,1.439678291080892,7.60314509922266,-5.57901535334289,-2.690200622484088,0.0393553003668785,-0.3401609063148498,-2.576524019241333,-0.1526175130089239,-0.5029108606874368,0.6198731547299167,-0.5827057072412218,0.4110522270202636,0.2411073893308639,0.7428897619247437,1.3346265557616948,-4.747841008299589,2.6733248910069465,0.2351613342761993,-0.1534539461135864,-1.028622478378564,-0.1648536324501037,-0.6490712995517999,0.5694050941733643,3081
1726744880555993600,-2.5904455322682858,-5.5120607089668505,1.803980682045221,8.12314629368186,-4.789740121874213,-2.6913316723406315,0.147051602602005,0.1692006587982177,-2.5322279930114746,-0.1803015174817029,-0.5347216781333115,0.5926992967153922,-0.574692631743555,0.5332894921302795,0.2601004838943481,0.3625451624393463,1.986775874519348,-5.182304438465834,2.7735961140513417,0.0971497893333435,-0.1194478049874305,0.863777149419114,-0.0349195003509521,-0.2522341279465705,0.4601079033041372,3082
1726744880595764500,-5.13451100615561,-7.026271093940735,1.5486214808806775,8.576177061673999,-4.005163569615781,-2.564809863491356,0.2034967094659805,0.4172902107238769,-2.1831376552581787,-0.2093914446455942,-0.5597239016060441,0.5634519242457298,-0.5704264914590111,0.6678392887115479,0.0247634295374155,0.0420517735183239,-0.1540776320338249,-5.621840349590778,2.90525031735301,-0.0327807664871215,-0.0524204112589359,1.191246551091969,0.1103983968496322,-0.3071007865786552,0.5494071755550801,3083
1726744880635535000,-8.949961274471878,-6.500735646229982,1.361616854017973,8.883821453610063,-3.434303710056841,-2.3353093262046576,0.3188530206680298,0.6373820304870605,-1.0393624305725098,-0.232001751676086,-0.5734161571335038,0.5387592673550924,-0.5719332028383594,0.2304467558860778,-0.4101269245147705,-0.4892882704734802,-1.4760732542812824,-5.4656455792725085,2.344596794509888,-0.0805884450674057,0.0170733109116554,2.7419112282380462,0.1021447405219078,0.1421482800508383,0.0965802321725059,3084
1726744880675304700,-9.330240694507957,-6.651552815163135,0.5672796629846095,8.949861905750632,-3.433123560361564,-2.069790550075471,0.3363622426986694,0.5396854281425476,0.8267881274223328,-0.2354429629662195,-0.569083375422963,0.5307297444887583,-0.5822685839827761,-0.5296952724456787,-0.8110998868942261,-1.3932079076766968,-2.169436042436957,-4.683448323366045,1.76248664214015,-0.1128798127174377,0.073546826839447,1.3808935091570018,0.0187161341309547,0.0711443557174177,-0.0810581437940243,3085
1726744880715075600,-7.000736839711665,-5.241057656207681,0.5962998596332967,8.769006156906485,-3.9867943847104894,-1.8385918305687603,0.2806279063224792,0.5445913672447205,2.051631212234497,-0.2199797594038358,-0.548286354387556,0.5414094251960683,-0.5982198156142587,-0.7933919429779053,-0.9999818801879884,-2.2192318439483643,-1.5223685569882393,-3.752723178507388,1.683134288483858,-0.0865726396441459,-0.0595431923866272,-0.3111295671707019,0.0634352043271064,0.2994969605114311,0.2804437023321166,3086
1726744880754829000,-4.439262550383806,-4.528181189286709,0.49839945737347,8.390295009100436,-4.825067163582146,-1.5786330266542732,0.3095926642417907,0.6785940527915955,2.6244490146636963,-0.1946280321383868,-0.5158140053247875,0.560735051934601,-0.6177638214501567,-0.3411815762519836,-0.8143084645271301,-2.8002302646636963,-0.5386392594337464,-2.9327114479914305,1.2570657616972922,-0.0266517084091901,-0.2599934637546539,0.0848345844596624,0.0617555454373359,0.6347159533977508,-0.0094458292132068,3087
1726744880794599200,-2.26133866558671,-4.52208053432405,-0.034435353565216,7.863171999937295,-5.714328663673997,-1.2989850412771105,0.4912063479423523,0.5206260085105896,2.69159197807312,-0.1644886492282736,-0.4789475828303611,0.5803783383043728,-0.6377411083472339,0.6993362307548523,-0.8236119747161865,-2.822589159011841,-2.854651179972291,-1.8745884421013288,0.2347755550801754,0.0412326492369174,-0.1622823923826217,-0.3583856046685948,-0.0360988937318325,0.1638140131503343,-0.4060819332798943,3088
1726744880834368000,-0.7336994747191667,-4.399358994540572,-1.1951567102730274,7.228420390704274,-6.5484273717314005,-1.019030693364516,0.6677758097648621,0.3046011626720428,2.6279609203338623,-0.1289029589289315,-0.4442322817571982,0.5954945728493359,-0.6568317456537511,0.4719219803810119,-0.8187506794929504,-2.7540669441223145,-3.3317782783448693,-0.0983867244720459,-1.0613296929769218,-0.0252350866794586,0.0396533161401748,-0.1976222112605348,-0.234031930565834,-0.0243649090555962,-0.5186265451051294,3089
1726744880874132000,-0.1732546261906623,-3.5166865174502133,-1.7228467056691643,6.511603661724925,-7.284005499804019,-0.8441868252210318,0.0200533121824264,0.3363357484340668,2.7095818519592285,-0.0943702205478256,-0.4096264652684821,0.6125746560748467,-0.6693673533995005,0.5763956308364868,-0.7405228018760681,-2.548678159713745,-3.6576901483774185,0.7530491950944066,-1.4477198509782552,-0.0688084885478019,0.1548366993665695,-0.2408615421966649,-0.3202655017375946,0.2113183263208717,-0.1782828844151459,3090
1726744880913902000,0.8146779682725668,-2.1539432897508144,-1.107304166231677,5.672410845398902,-7.96320356900692,-0.7625668188937008,-0.3976452350616455,0.9115514159202576,2.9032528400421143,-0.0656277520720324,-0.3661242817363865,0.6362649587861232,-0.6758793021652045,0.7726058959960938,-0.6571943163871765,-2.2773659229278564,-3.1382109319657085,1.809972031414509,-2.1888475760020314,-0.0923324227333068,0.2431549876928329,-1.0751298164010048,-0.2552178800106048,-0.0674294451138237,0.2027563044796697,3091
1726744880953671000,1.814583909124136,-0.6989005485385656,-1.2825579303503036,4.753608485785127,-8.546607852840424,-0.7273741441551596,-0.8601940274238586,1.229255199432373,2.82271695137024,-0.0454687006050843,-0.3126259794986079,0.6628353925131695,-0.6788569666868436,0.8908547759056091,-0.5128896832466125,-2.018574476242065,-1.8513561812043189,3.076987524718046,-2.584246677628159,-0.1095152422785759,0.2914171516895294,-1.0195303865149616,-0.1551308184862136,0.0387229951560031,0.3198256454540416,3092
1726744880993440800,2.625631996461749,-0.7350298465400934,-0.9389888230741024,3.834372995451092,-8.978695201525092,-0.9225032599583268,-1.2215430736541748,0.8235616683959961,2.671135902404785,-0.0291263438467957,-0.2607681326599152,0.6921232243326435,-0.6723965701513855,0.9494110345840454,-0.4092634916305542,-1.6834332942962646,-1.41160399698019,3.86791052339375,-2.961966768570244,-0.0853854417800903,0.2626049220561981,-1.1619725988779217,-0.0392568372189998,0.1900276096793823,0.4688561136335134,3093
1726744881033211000,3.710772919267416,-1.02045656144917,-0.1191850362204015,2.8562226670727133,-9.2910695445925,-1.2993794474221765,-1.2008261680603027,0.2911617457866668,2.881258726119995,-0.0061059827173623,-0.2144386874623088,0.7212946417577887,-0.65856870452027,0.5889058709144592,-0.3060638606548309,-1.3236570358276367,-1.0680804824113843,4.824888007622957,-3.411389282937348,-0.0428575873374938,0.1695469915866851,-1.234866058718413,0.0627698376774787,0.2534026785355992,0.4413093870708718,3094
1726744881072979700,5.506334148013592,-0.3443020977258682,0.7192837036147713,1.7178695017784833,-9.505292140987516,-1.6937236331678929,-1.0092297792434692,0.2175525277853012,3.2533504962921143,0.0264078376306996,-0.1670092079405814,0.7473043532080016,-0.6426092384957776,0.1945060640573501,-0.1917169392108917,-0.8623568415641785,-0.9179191470384596,5.3769782847821705,-3.545426581983268,0.0263912435621023,0.1984599232673645,-0.8683165464144199,0.1024511232972145,0.2164387746071442,0.1620753893220797,3095
1726744881112749800,8.778846582919359,0.3132254069387912,1.051893025459349,0.5120021585293114,-9.576091185832023,-2.0510227212414143,-0.9440975189208984,0.3717058598995209,3.011370658874512,0.0597753940547271,-0.1151317652752444,0.7689718650438591,-0.625982247194005,-0.2528059184551239,0.0373967215418815,-0.2932766079902649,-1.1271849978089332,5.593620217278599,-3.5422400609016416,0.0890983417630195,0.1012233421206474,0.769826873024553,0.0399314761161804,0.6509045793935656,0.1229597781192976,3096
1726744881152519700,11.40516422355771,1.1244085188329218,1.878139266450703,-0.3768733744522556,-9.513689966976642,-2.349048951613158,-0.5434810519218445,0.501556932926178,1.729645609855652,0.0817293114449334,-0.0733756834823353,0.7838266223862711,-0.6111890583928316,-1.1746515035629272,0.0239905267953872,0.3719756305217743,-2.43107330095768,5.543849347415566,-3.29665961869061,0.1357089430093765,-0.050115667283535,1.1294634641349317,0.0888557881116867,0.605237016663514,0.3813637081414461,3097
1726744881192289500,11.680822408646344,1.4061252733081575,1.4998074733510611,-0.6588160831704736,-9.459171025803684,-2.5020798510730264,-0.3024395704269409,0.9343352913856506,0.1529620885848999,0.0812361642176681,-0.0506462854275761,0.79057290734616,-0.6048388335076392,-2.324117660522461,0.1468590348958969,1.0632548332214355,-2.364242575222254,5.294423920214176,-2.748685252417624,0.1259346306324005,-0.0987072139978408,1.743423483621329,0.133819967508316,0.1776474725884385,0.0003866172767215,3098
1726744881232058600,10.261873309600352,1.096170266342163,1.6169500439584257,-0.3724738608516753,-9.430236607742309,-2.6650124052137136,-0.3788789808750152,1.3248679637908936,-0.9709649085998536,0.0576405712360221,-0.0447840961330121,0.7961609172583178,-0.60066611264919,-2.363030910491944,0.0609245747327804,1.9598388671875,-3.618240181520581,3.501265076434612,-1.5826672506064177,0.1034697070717811,0.0034587960690259,1.4127683645844458,-0.0146621195599436,-0.2638253066169098,-0.340078379083611,3099
1726744881271828700,8.842527320191264,1.363155315631628,1.994915049572289,0.3226260167622938,-9.403481871807577,-2.764201678240299,-0.0540568679571151,1.3012999296188354,-1.9516301155090328,0.0183129859434295,-0.0518909911179754,0.7989007351515358,-0.5989403372838775,-1.688659429550171,-0.1386550962924957,2.7430787086486816,-3.491138819217681,1.858318421432376,-0.7518348508685827,0.0913035944104194,0.222143143415451,-0.9905066096697002,0.0460334792733192,-1.2703520903803407,0.294400623753108,3100
1726744881311598600,8.010002729582785,0.0238180979609489,1.228300270462036,1.3477341668769716,-9.345342986571788,-2.64925954028666,0.480926901102066,0.3989377617835998,-2.995063543319702,-0.025762527654713,-0.0800086414896165,0.792889185017219,-0.6035409697960396,-1.1318517923355105,0.0781771168112754,3.0143465995788574,-2.1448270863592622,0.6778145058900118,0.4461193811684846,0.0880479961633682,0.2360166907310485,0.3497971149455756,0.0911149457097053,-0.7996147661101073,0.1147183117356616,3101
1726744881351367400,7.071849772810936,-2.770662398687005,1.0753796995088458,2.5814225601181384,-9.14572876124382,-2.421221330637485,0.8839097619056702,-0.6669486165046692,-3.663432121276856,-0.0622443732814016,-0.1362980252081845,0.7777343913065595,-0.6104734459275395,-0.5513350963592529,-0.1367544084787368,2.9282264709472656,-3.502762621515989,-0.8937877453446388,1.1140326707690953,0.2392885237932205,0.298410564661026,0.3542486875269562,-0.0109210386872291,-0.7349304047536105,-0.1011667653783224,3102
1726744881391137300,7.111352931159734,-4.904376554879546,0.6176876617074012,3.882073196519911,-8.749755512991547,-2.131121509350836,1.0746294260025024,-0.4479945003986358,-3.994883060455322,-0.0952063735294411,-0.2041817494563524,0.7529719577800784,-0.6182870030972424,-0.7157195210456848,-0.1706866025924682,2.37753701210022,-2.0757260776042936,-0.9729565591275692,0.9595137247085572,0.2820481061935425,0.2025461494922638,-0.0689230629387544,-0.1834451258182525,-0.7486365662839263,-0.1815478044952266,3103
1726744881430907400,7.492096461576223,-6.770309542968869,0.4930198101617395,5.314038721266389,-8.045907571178674,-1.7873840597704052,0.8474185466766357,0.7877461314201355,-4.526512145996094,-0.1445176177357859,-0.2677614160491135,0.7207184248344286,-0.6228831531575258,-0.9395259618759156,-0.2913856506347656,1.647412657737732,-1.0032324549257754,-1.2743483204096555,0.8330388968061655,0.305694967508316,0.0778297781944274,-0.3643966816516593,-0.3199542164802551,-0.4645557860910892,-0.0778827834272291,3104
1726744881470677200,6.569755406442284,-8.775001013407111,0.1852829176366329,6.878176043447851,-6.895048852315544,-1.1486501029029488,0.7245218753814697,2.421909809112549,-5.287714958190918,-0.223943939380196,-0.3185934074577047,0.6760644181427746,-0.6255272641041912,-1.0400023460388184,-0.333335280418396,1.1408199071884155,0.140697925978899,-1.5780669172041115,0.2157915262121707,0.3154130578041076,-0.1170215830206871,-0.6007068624205887,-0.3506753444671631,-0.2524104708941653,0.1898263880188576,3105
1726744881510446300,3.699002401974797,-10.763912146389483,0.3165332163125276,8.241479827639461,-5.314798015201092,0.0364621010193135,1.1428426504135132,3.931594848632813,-5.112290382385254,-0.3245705929870505,-0.3519794501116821,0.6117609148377827,-0.6296928293903891,-0.697472870349884,-0.3248685002326965,1.077964186668396,0.4090782290190458,-2.1335119116187093,-0.122786421713233,0.2833484709262848,-0.2460018545389175,-0.9597643384687602,-0.3237906396389007,-0.3836113774703815,0.3053981656455434,3106
1726744881550216200,2.7247745077371595,-10.32267761465311,0.1116635546743869,8.940973081374167,-3.5648888228222724,1.876421648877859,1.8109643459320068,5.184067726135254,-4.769526958465576,-0.4282066320076758,-0.3607451906628487,0.523633487330092,-0.6421136994199165,-0.4337088465690613,-0.3513596355915069,1.3043174743652344,0.5422475130587816,-2.6180451945945618,0.0273275673866271,0.2541083991527557,-0.2956736385822296,-0.9271097308404744,-0.3129006624221802,-0.4237890375472605,0.3263206700291484,3107
1726744881589986300,1.4134791432023048,-10.592641387492415,-2.1097925978571177,8.778637324082851,-1.667616547486931,4.040416961565613,2.463916063308716,5.477849960327148,-4.339938163757324,-0.5227553058599044,-0.3540845428403277,0.4106339055413479,-0.657822822791508,-0.8604220747947693,-0.3787748217582702,1.5971720218658447,0.9127531425774096,-3.0656323102280494,-0.1157568884026259,0.1517975181341171,-0.2694107294082641,-1.212446721639484,-0.3199942409992218,-0.6447354623045772,0.3166867263738065,3108
1726744881629755100,0.8185264603942632,-10.10210243436098,-3.2016964389264584,7.820201457738876,0.2189872169809416,5.913279456657171,2.490222692489624,5.421243667602539,-3.958623170852661,-0.5981176567051063,-0.3397194103269552,0.288266145681495,-0.6661446016897685,-1.1253437995910645,-0.5515267252922058,1.547563552856445,1.0655956798583268,-3.916846988259256,0.0181757081598043,0.032232865691185,-0.0853578224778175,-0.7134644959419966,-0.2393887042999267,-0.6898657398201525,0.3674075539054349,3109
1726744881669525200,-0.7185030746310949,-9.638169748604296,-4.63968692305088,6.297741130813956,1.882153616658598,7.277797877335548,2.6266090869903564,4.838512897491455,-2.872185468673706,-0.6510042723895204,-0.3182456774677071,0.1662987149620664,-0.6687734639864001,-1.386507272720337,-0.4175669550895691,1.147486448287964,1.768493773600459,-4.3345092134892935,-0.3168004158813506,-0.1606455743312835,-0.0158602818846702,0.8137437561623752,-0.2202957570552826,-0.5025747702967375,0.2196576087894849,3110
1726744881709295000,0.4808411504596471,-7.7034864648938175,-5.64132597130537,4.7488434633404015,3.180390616047382,7.968939482310414,2.0926294326782227,3.684016466140747,-2.419968605041504,-0.680268005693727,-0.2996347396022226,0.0625795244700189,-0.6659868091344046,-0.8967281579971313,-0.3151737749576568,0.602418065071106,-0.0786281310349702,-5.8258542711824175,0.2329693824410438,-0.2940284013748169,0.0841152444481849,0.6651957012049854,-0.1602535843849182,-0.3891119111154228,0.2178785068203695,3111
1726744881749064000,-0.8408069735243916,-5.9464475667655465,-5.167206822577119,3.308929609937965,4.12161728117615,8.260365729895234,1.5712488889694214,3.2339744567871094,-1.824570775032044,-0.7000151586143801,-0.2799510375553034,-0.0215865954095027,-0.6566127020637884,-0.9056982398033142,-0.2044802457094192,-0.1838109791278839,-0.4469260213762521,-5.487560473960638,-0.2641524562120437,-0.3744795620441437,0.0769966542720794,2.1157633428297937,-0.2889379560947418,0.3205238203186542,-0.3765091807823628,3112
1726744881788834000,-1.052642382521927,-4.762914366529881,-5.090716872614622,2.0746673623315988,4.69378179359287,8.356707212275266,0.9070675373077391,3.075353145599365,-0.8041685223579407,-0.7068518754566734,-0.2572545283166791,-0.0880149233153612,-0.653019051257651,-0.6228710412979126,-0.006757637951523,-0.9957033395767212,-0.8176607834756374,-5.285457354426383,-0.0457663103967905,-0.4904554486274719,0.1516477316617965,1.3908600457675755,-0.3284946382045746,0.4373040604196488,-0.2438856392581947,3113
1726744881828662000,0.6372950831707567,-1.7052055427774786,-4.4309570788532495,1.068124613814056,4.885004914933443,8.436007543483376,0.4854113161563873,2.0013110637664795,0.0993129312992096,-0.7009818004698101,-0.2264910592426563,-0.1363272458305968,-0.6623754451185428,0.1207471638917923,0.1495774835348129,-1.612918734550476,-0.6291209098696708,-4.921726918131113,0.0681375705502927,-0.5830314755439758,0.1159497499465942,-0.2327012695567682,-0.1090109795331955,0.5144665028162301,0.224543608999066,3114
1726744881868431000,2.2679195052817462,-2.253032609534264,-3.431590067183971,0.4626674881264567,5.096147080969811,8.365740413558482,0.5248088240623474,1.1107429265975952,-0.4231299161911011,-0.6954664138189737,-0.2119750852043666,-0.1689157201279137,-0.6654776792444425,0.8429498672485352,0.4614291787147522,-2.0403201580047607,-0.4123784396082162,-3.591500935415924,-0.4015566013425588,-0.5823736786842346,-0.1626860946416854,0.5328733893834054,-0.0277842786163091,0.8952768879238515,-0.1294558347408659,3115
1726744881908202800,1.2629215019881723,-0.5188327352017164,-2.391502338069677,0.0552360536334803,5.282545850893855,8.262084808772801,0.4930267930030823,0.4059877097606659,-0.8164740800857544,-0.6992358018642301,-0.2064374262415921,-0.1900907675231308,-0.6575092888339504,1.767079472541809,0.3186631798744201,-2.091891527175904,-1.7769868766576051,-2.9577210938245058,-0.4778530745595693,-0.503951370716095,-0.0592032708227634,-0.2436420945595949,-0.1750553548336029,0.533798614469543,-0.3612579817671328,3116
1726744881947975000,0.7890575701300054,-0.2443272272795438,-1.4135411025226114,-0.225073532890994,5.425379619857669,8.166087609785794,0.5503615736961365,0.5224417448043823,-0.637281596660614,-0.7060638444475293,-0.2050426457047115,-0.2039679656153999,-0.646396503535247,1.953131079673767,0.3713018596172333,-2.0800938606262207,-1.0842559566646814,-1.477065334058553,-1.05416199330464,-0.5286867618560791,0.0322264209389686,-0.5233967551816254,-0.3337669968605041,0.2959327286912128,-0.2148343168188817,3117
1726744881987747300,0.8461473116390407,0.4209358400732279,-2.7657132518470284,-0.2887471828349865,5.458624886855483,8.141893079727888,-0.2452201843261718,-0.4865882396697998,-0.6377518177032471,-0.7134494607687201,-0.2067267278607373,-0.2052877045892517,-0.6372683140311249,2.1359808444976807,0.2088573575019836,-2.024951219558716,-1.3351064482331274,-0.7710384407714009,-1.0990700794368982,-0.5667755603790283,0.2333116680383682,-1.3347563196212051,-0.3875693678855896,0.0593771172272739,0.1194174750030972,3118
1726744882027518700,0.9642579966261984,-0.1332610539764165,-2.599915371403098,-0.2549758644027635,5.351422987765074,8.213869351658225,-0.318144291639328,-0.716349184513092,-0.6593239307403564,-0.7243708193571435,-0.206228879106114,-0.1966694485949125,-0.6277562046115059,1.924681663513184,0.1788023263216018,-2.064505100250244,-0.628294395917654,0.6010431086376309,-1.800684709239751,-0.5981905460357666,0.3686742782592773,-1.315560036242008,-0.3179378807544708,0.0394034562674118,0.5420609775107353,3119
1726744882067318000,1.2986609238892792,-0.4064496340811252,-2.4587878218352794,-0.1214619773095939,5.246477343168855,8.284328789284825,-0.3069106042385101,-0.981246829032898,-0.7931810021400452,-0.7396328932657833,-0.2103841236333896,-0.182634312813102,-0.6126389472846847,1.8322951793670648,0.1037313714623451,-2.0312063694000244,-0.9297270737320183,1.208111761175096,-2.0172541610218584,-0.5930081009864807,0.3599582314491272,-1.0690993040651082,-0.1921007633209228,0.2510712399133481,0.7830462008859962,3120
1726744882107063300,0.4350597886241972,0.4366507110774517,-2.5534622477859257,0.0479703369468217,5.074651872998476,8.39142372086942,-0.7026516795158386,-0.8469089269638062,-0.6373335123062134,-0.752304934367683,-0.2113708588916537,-0.1657673552565347,-0.6015654494455631,1.4980953931808472,-0.0116900783032178,-1.9367228746414185,-1.0667302368462086,2.0833064497306943,-2.50424579693526,-0.5321457386016846,0.2042423337697982,-0.919519714102894,-0.1003529503941536,0.458397153863497,0.7942963475663214,3121
1726744882146835000,0.5073912306677549,0.8284057571128011,-0.5995072773724794,0.0553957970727235,4.884159111759066,8.503664198648929,-0.3971262872219085,-0.2215935438871383,-0.6389890909194946,-0.764682474271737,-0.2057610112498159,-0.1552294989729518,-0.5906156668946445,0.8859002590179443,-0.0600978247821331,-1.778223752975464,-0.9047656509548424,3.116885819864273,-2.826340154506266,-0.4193505644798279,0.0821266397833824,-0.8947648467484861,-0.0718043819069862,0.5432376931399107,0.5810457380086184,3122
1726744882186607000,-0.3102873076602816,0.4807645780920982,-0.7083458377540112,-0.0178678649116947,4.826582244320213,8.53663707844615,-0.0577748417854309,-0.1909668296575546,-0.1803257912397384,-0.7701012812335213,-0.2020633037920877,-0.1546708506395324,-0.584971196813515,0.5253844261169434,0.0107911555096507,-1.375327467918396,-1.2466916671991348,3.748697283992171,-2.726372006061673,-0.276934802532196,0.0849850624799728,0.3749504070330411,-0.0448834747076034,0.7174814764983951,0.4287502766838297,3123
1726744882226379500,-0.1276281809222884,0.9693167413204908,0.5080231718957424,0.1155074254198931,4.851286769726872,8.521858026987314,0.3342827558517456,-0.4480028450489044,-0.0889317020773887,-0.7723552216530468,-0.2080947281160262,-0.1490058785805405,-0.5813444162031004,0.3985710740089416,0.0303033385425806,-0.8810659646987915,-2.3855717789769173,4.022802978941798,-2.7589833590701223,-0.1823657304048538,-0.0841387286782264,1.2840145588994023,0.0128081180155277,1.0824080637756734,0.587423894738406,3124
1726744882266152000,-0.6239861773297191,1.1352344487518071,0.994822353976965,0.2207127438656054,5.0231011339813465,8.41962748656869,0.5704226493835449,-0.1665719747543335,-0.1085962131619453,-0.7727132882533454,-0.219936719043744,-0.1494868121775016,-0.5763642608639047,0.0044122980907559,-0.0832726508378982,-0.1734053343534469,-2.8603794944912195,4.341272716274857,-2.848731726795435,-0.0214237291365861,-0.1114066988229751,1.2684057786181568,0.1261557638645172,0.7766618336111306,0.3315074250172823,3125
1726744882305923300,-1.0159835807535798,1.082975269204378,0.2248667400062084,0.2080902128535322,5.183548301047086,8.322133911544084,0.3427406251430511,0.0740037485957145,0.073816068470478,-0.7707646545487111,-0.2269803090972174,-0.1554644968557532,-0.5746586029959485,-0.7031136751174927,0.3243463635444641,0.4296807944774627,-2.1635323713511228,5.410864772292971,-2.180325392980873,0.0202374476939439,-0.0974178612232208,1.6351821584805846,0.0201870650053024,0.2621547978551127,-0.2645620781925507,3126
1726744882345695700,-0.652417175913602,1.1022919640928506,-0.0932248116642236,0.2783231299815699,5.212863827380538,8.301745203509926,-0.2298983931541443,-0.3367149531841278,0.0263091437518596,-0.7700003814457335,-0.230494281923598,-0.1536267800014043,-0.574778727527491,-0.8764431476593018,0.15032459795475,1.1885491609573364,-4.5173499986708165,4.500216493040323,-1.7419146864935755,0.0324915423989295,-0.2105437219142913,0.4315986883848905,-0.0618176348507404,-0.2069504317012615,-0.1066367120888549,3127
1726744882385468000,-0.3555789862826466,-0.0378805255830287,0.9721879128426312,0.3816159293368458,5.092937471273541,8.371782031810284,-0.2399842590093612,-0.1788408905267715,-0.0442887581884861,-0.7730085008192039,-0.2286155991427424,-0.1445434215596918,-0.5738466332245702,-1.2840296030044556,0.0668571442365646,1.6509884595870972,-2.3056027547270057,4.449040432554483,-1.23849433221817,0.0796548202633857,0.2876185774803161,0.5504241705778986,0.0380737222731113,-0.7996000799976288,0.1698396301154047,3128
1726744882425239300,-1.3108571192480625,-0.1623492012947797,0.7132721882402896,0.3663445643164217,5.108469971448183,8.362996667808293,0.1538651585578918,0.2635615468025207,-0.0118822939693927,-0.772828622452373,-0.2288510716210388,-0.1457155853358744,-0.5736986484487238,-1.2918915748596191,0.3682795166969299,1.9201350212097168,-2.0900760899961,3.5239877803742883,-0.1079683534182608,0.0464751422405242,0.1966628730297088,-0.2888305685358122,-0.0567425154149532,-0.824289846226573,0.003242145988447,3129
1726744882465011700,-0.3991491018094122,-0.7894359749883413,-1.072309498283267,0.3126586399015039,5.085082666119932,8.379412965080142,-0.250284194946289,-0.0347263365983963,-0.1120551228523254,-0.7733357836825162,-0.2260996629112592,-0.1471318498512336,-0.5737446802305981,-0.8732774257659912,0.1502657383680343,2.2165720462799072,-2.2868542151153086,2.2327263190865514,0.3889648307949304,0.1190460249781608,0.0839188247919082,-0.1125981595102231,-0.2468814253807068,-0.5966034456897527,-0.2422544030608609,3130
1726744882504784100,-0.1856718438889831,-1.1095154856055975,-0.0143640409171581,0.3644888169145211,5.063090614542364,8.390628186577558,0.0952313840389251,-0.2341071814298629,0.0585918352007865,-0.7746655817901552,-0.2270039094573419,-0.1437575859473508,-0.5724474650600223,-1.0693020820617676,-0.0291797500103712,2.34614372253418,-1.766710397315025,1.6207336541503667,0.2541109546691179,0.199675902724266,-0.0221935994923114,-0.6394118561290204,-0.4163092970848083,-0.507602644928731,-0.2748815746929496,3131
1726744882544555500,-0.1568947352811694,-1.0309908149451017,-0.7667045032203197,0.4603597957059741,5.070457928439975,8.381462298825383,-0.1050393730401992,-0.1432331800460815,0.1549414247274398,-0.7736791481770786,-0.2301978958650637,-0.1402614534859765,-0.573372658358434,-1.4052255153656006,-0.2596698403358459,2.432615041732788,-1.0397627349436285,0.4869657708197832,-0.0348497795850038,0.2100053131580352,-0.1419162005186081,-0.7936218093056231,-0.3906505405902862,-0.2846970489276573,0.1132992935169022,3132
1726744882584328000,0.2104001885626465,-0.7970254072040319,-0.942189664942026,0.500378356231004,4.987926360225678,8.42855839652121,-0.2992911338806152,0.1380989700555801,0.1377722918987274,-0.7731601701069185,-0.2272945372987493,-0.1363829048050509,-0.5761600260545344,-1.526547908782959,-0.3952859342098236,2.41711688041687,-0.7224930210500955,-1.1428994304217397,-0.1599396559350192,0.2064621746540069,-0.2254214286804199,-0.8550552791073918,-0.2787286937236786,-0.3999268447162583,0.1106439475693739,3133
1726744882624100000,0.618990707129985,-0.3345411666899919,-0.380697937709093,0.4248811071002855,4.908663438418508,8.479085053187609,-0.1787937879562378,0.5645771622657776,0.0085905799642205,-0.7721971163870582,-0.2207594400582007,-0.1376671066827753,-0.5796764551881647,-1.5128628015518188,-0.4348918795585632,2.321859359741211,-0.725423813804984,-2.421619682305306,-0.3444054119698703,0.1499625891447067,-0.2179829627275467,-1.1449236297257244,-0.156901940703392,-0.6189326933324336,0.1907131259918212,3134
1726744882663871500,0.3866632758542895,-0.5127393867626786,-1.3991320534199476,0.2466031180559657,4.814371582044661,8.539988142439723,-0.3992373645305633,0.5131127238273621,0.1662332266569137,-0.7708581753575223,-0.2101335316207451,-0.1429184627085775,-0.5841196503843886,-1.463842272758484,-0.4315540790557861,2.163234233856201,-0.3740396488636732,-3.652330082648992,-0.1294806586548686,0.0769328027963638,-0.1001639142632484,-1.2308800578221677,-0.0096514951437711,-0.769875388341397,0.2673412057833746,3135
1726744882703644200,0.5731162236509845,-0.3963277607783675,-0.6390297249436379,0.1313775600510649,4.665787578991055,8.62459008718729,-0.3565061390399933,0.3817902505397796,0.1474388986825943,-0.7695611660786108,-0.1990129417996709,-0.1437433037781007,-0.5894976217972954,-1.4402365684509275,-0.3949129283428192,1.8582733869552608,0.5759095441639424,-4.555022726722061,-0.1965690124131739,-0.015438774600625,0.01747159473598,-1.3633850327342747,0.1394741237163543,-0.9440865115392952,0.3237175748586654,3136
1726744882743416300,0.6667337974924594,-0.4520315278217196,0.3049000616639852,0.0266868902963353,4.614949664418399,8.652855812206864,0.0834017321467399,0.2820376455783844,0.0680062770843505,-0.7677587868921519,-0.1928001228224788,-0.1471572269150449,-0.5930593046213277,-0.9379677176475524,-0.2340116053819656,1.5087193250656128,1.638096292361617,-5.694293591383099,-0.0439322268374264,-0.1015273034572601,0.2493519484996795,0.1280595946094952,0.2079478055238723,-0.8165459541015326,0.0732105538324918,3137
1726744882783188700,0.6079623499741778,-0.0503048306092619,0.1968149499982595,0.0239572027542511,4.703285827258229,8.605168178358674,0.3227271437644958,-0.2788082361221313,-0.0971433967351913,-0.7665809490211708,-0.1965935403745914,-0.150364618669603,-0.5925328432070186,0.2749071717262268,0.0688192993402481,1.136370301246643,0.7807961569368839,-7.409677706086635,0.4558090005338192,-0.2694165408611297,0.1749741286039352,1.286213237987459,0.1696344912052154,-0.3914460166187957,-0.1289998072022106,3138
1726744882822960000,0.8364657294496893,0.4621759052172303,0.1371253281891346,0.1182221003392245,4.762720305262506,8.571633573025464,-0.0083422400057315,-0.4757812917232513,-0.359505295753479,-0.7699888279474553,-0.2033157915601237,-0.1470747980452418,-0.5866420900747102,0.451706975698471,0.0452298782765865,0.4993476271629333,-0.990679847344756,-7.787159604358672,0.0448420351587235,-0.257864236831665,0.2877048552036285,2.511010761025548,0.0170576572418212,-0.1455796244726981,-0.7268040891822427,3139
1726744882862730500,0.4861924483597278,0.5717039091676474,0.5467541768282651,0.2048340240691788,4.704518291662633,8.602088917043805,-0.3613091707229614,-0.5349169373512268,-0.4208188354969024,-0.7768480996238183,-0.2049715974345853,-0.1392916517909568,-0.5788708539244252,0.1820664405822754,0.1098766699433326,-0.5394566655158997,-1.9951263542354103,-7.60959763636291,0.1454683552511036,-0.3756065964698791,0.0464810729026794,2.051776023826748,-0.2689664959907532,0.0502311169190797,-0.8789750838771462,3140
1726744882902457600,0.6866258811160921,0.3485246838569641,0.9569237082153558,0.3226797197109088,4.539986485631764,8.68647166608274,-0.5094424486160278,-0.5784727931022644,-0.4035300016403198,-0.7849953164044191,-0.202685932485436,-0.1266160551854046,-0.5715497657599221,0.8693519234657288,0.1912689507007599,-1.637262225151062,-0.612331687632203,-6.857175340995192,0.9061195497818292,-0.4089258313179016,-0.0399775803089141,-0.0754301067452179,-0.0514983050525188,0.4000146325975656,0.7236863224878907,3141
1726744882942227200,1.3333565358258783,-0.3694251408055424,1.1698077494829893,0.3823881923509761,4.437622674222291,8.736799585306644,-0.1736664921045303,-0.3700130581855774,-0.6190524101257324,-0.7931613322337862,-0.2014093452291922,-0.1182432143557176,-0.5624481687064293,1.4669824838638306,0.3578013479709625,-2.5848402976989746,0.2563847448199987,-5.594264360401034,0.2333944759853184,-0.2488859891891479,-0.1596521288156509,0.1987864875332452,0.051636017858982,0.7966737442221492,0.0316590983514906,3142
1726744882981997800,0.2474656349031254,-0.7156281037166714,0.1832540421575307,0.4814190964780747,4.393570766527951,8.75415111760199,-0.0730318874120712,-0.7071574926376343,-0.460655003786087,-0.8014138541000563,-0.2040071696793075,-0.1097433188290056,-0.5514284573764138,1.8500926494598389,0.2334772795438766,-3.0950796604156494,-1.6584610349982976,-4.020904451844096,-0.3591262304354459,-0.2105410248041153,0.0177834145724773,-1.0611001220047471,-0.1762894093990326,-0.0154995854273729,-0.3375021353874355,3143
1726744883021768200,-0.1339681062672287,-0.5563806678295136,0.2517220137059688,0.7025910005543381,4.435735545301437,8.717855230861902,0.2978606522083282,-0.8570427298545837,-0.0955225005745887,-0.8056285042463635,-0.2135252978926134,-0.0995993645222837,-0.5435527304770038,2.2229442596435547,0.1937146782875061,-3.324172258377075,-2.609969147905707,-2.5491429232820866,-0.5925111348748207,-0.2491338551044464,0.2098984718322754,-0.4514545316513627,-0.4334967732429504,0.1577806878028437,-0.4433705939169973,3144
1726744883061537800,0.2464781947683542,-0.5671823400899767,-0.572153991022706,1.0017987688608467,4.554874550423026,8.62669670407772,0.289873331785202,-0.8264661431312561,0.0674174502491951,-0.8056604348323765,-0.2283831207571104,-0.0894540022263635,-0.5392126640117632,2.3990790843963623,-0.0568304434418678,-3.2887604236602783,-3.650316989260912,-1.1359691927671431,-1.1801835975468158,-0.3108674585819244,0.2961808741092682,-0.9196046889726072,-0.5756111145019531,-0.027547126138152,-0.1869534629310481,3145
1726744883102550300,0.4986788588367402,-0.2908142531663179,-0.8473463121652602,1.2475919770397246,4.626264546898007,8.556376382660865,0.1982011944055557,-0.5945553779602051,-0.0482716038823127,-0.8055855912615875,-0.2393695400635135,-0.0803021845074944,-0.5359903780472811,2.0944387912750244,-0.2158131748437881,-3.16947078704834,-3.741550334846973,0.4206432868674397,-1.904306850147247,-0.3766174018383026,0.3528886437416076,-1.017784492695704,-0.4202824532985687,-0.1415096716200467,0.5364786108011379,3146
1726744883142321000,-0.0017708090648055,-0.2090177212283015,-0.7998743668943643,1.4144994261607526,4.744982403998077,8.464910981884598,0.464516133069992,-0.5746089816093445,-0.176619753241539,-0.8061354383005574,-0.2504382511255163,-0.07543428958098,-0.5307881396384289,1.78495192527771,-0.3195225596427917,-3.056051254272461,-3.2790158254504203,1.7757567503407596,-2.528176999881864,-0.3163056969642639,0.2466519474983215,-0.8595616506159305,-0.2073127180337906,0.1314521322577726,0.9189104961633682,3147
1726744883182090500,-0.8145882441624999,0.0752975253075361,-1.0507342108130455,1.5728019824132322,4.926489017966389,8.332249647367,0.5297282934188843,-0.5809755325317383,-0.2039297670125961,-0.8063755274230853,-0.2644461358014278,-0.0723998636591827,-0.5240086526906914,1.5770528316497805,-0.3941394388675689,-2.918348789215088,-3.040617988219857,2.618587338647246,-2.9581188609704374,-0.1427377611398697,0.1089481860399246,-0.829831552132219,-0.0681214332580566,0.3616365692885592,1.156726368787512,3148
1726744883221860900,-1.2118049166046083,0.5818459484755992,-0.9228940128415822,1.7114448755584657,5.115605814677477,8.18974496422708,0.5230967998504639,-0.4662110805511474,-0.1895218044519424,-0.8064249182119578,-0.27839391923418,-0.0702569803305507,-0.516952318090789,1.180924892425537,-0.4133781790733337,-2.5401835441589355,-2.6054513782203195,3.916527547046542,-3.5951708561003204,0.0257342793047428,0.042057130485773,-1.1424440148044377,0.0437479689717292,0.4679610279573127,1.04661574264355,3149
1726744883261631500,-1.2935427040927112,0.8692518545031547,-0.5108452435791492,1.7809122334077954,5.287886627399921,8.064551481372117,0.4836300015449524,-0.1123746037483215,-0.044374868273735,-0.8051781018438049,-0.2893354568205046,-0.0714653672430028,-0.5127045521510534,0.9374196529388428,-0.3129335343837738,-1.830803751945496,-1.966104257890582,5.383519669249654,-3.7529777377903457,0.1865407824516296,0.0886099487543106,0.3918411534162238,0.0408651605248451,0.718841366674751,0.4970545455705374,3150
1726744883301401000,-1.165432164747268,1.453708862259984,-0.0718459235489368,1.7798441657848656,5.43844952931106,7.964032421046495,0.4443702697753906,0.1079495772719383,0.083561860024929,-0.8020458046229137,-0.2967956779204886,-0.0765485568494397,-0.5126161048027873,0.5501254200935364,-0.0553831793367862,-0.870089590549469,-2.9892449438571926,5.404501667001843,-3.93720471663326,0.2334985435009002,-0.0151276607066392,1.244278614708036,0.0878581628203392,0.8449622665729373,0.4126503884173929,3151
1726744883341171700,-0.4420103384144604,1.5007079293221235,0.1530932971715927,1.732185611900687,5.554105953013897,7.894417617550491,0.288640558719635,0.3423499763011932,0.1029781177639961,-0.798460285082243,-0.3009067157794864,-0.0833779280162612,-0.5147470838588775,-0.1852194219827652,-0.0748090744018554,0.0642682015895843,-2.921490673536062,6.214173205289244,-4.330250679261982,0.3291672170162201,0.0784329175949096,1.7745403602883218,0.2660109102725982,0.540360566801019,0.2231362812181003,3152
1726744883380942300,-0.4159431463524699,1.7710919734001158,-0.362079746478796,1.6553914182946086,5.561599523639679,7.905610627216101,-0.2579000294208526,0.2623268067836761,0.1527657359838485,-0.7961212404687533,-0.2984769746955317,-0.0885298280028683,-0.5189075309754287,-0.7418408393859863,0.7923462986946106,0.787441074848175,-2.0962340281039475,7.257202248552441,-3.3448987489417195,0.2235417962074279,-0.1906630843877792,0.8531411160491407,0.1978531032800674,0.3371381974458694,-0.3465863362055271,3153
1726744883420712700,0.6167293380692601,0.9233405875653028,0.5849421609252691,1.5763593826338649,5.391216653493046,8.038672943750024,-0.6406925320625305,0.4531974196434021,0.0759377032518386,-0.7972755329865372,-0.2871198318049857,-0.0877720973571955,-0.5236507161677165,-0.4730567932128906,0.7457910776138306,1.819321870803833,-4.628145538339019,5.455971741998195,-2.5439076529771087,0.1735623180866241,-0.214388221502304,-0.1356501776026561,0.1946910172700882,-0.3782770672377198,-0.168392445248086,3154
1726744883460482300,0.6599490327231585,-0.2360498127996921,1.3162567863345145,1.4309372046120463,5.216288541132212,8.180044823467732,-0.3651790618896484,0.3617666363716125,-0.0205620471388101,-0.7994179889422641,-0.2737836660055565,-0.0893100927497048,-0.5272542071024818,-0.9177016019821168,0.8211568593978882,2.386078119277954,-3.191898098489642,5.11123534450829,-1.789558773460984,0.1401277184486389,0.1971074044704437,0.2925197236436419,0.1606670022010803,-0.731292632773146,-0.4887978450851514,3155
1726744883500253000,0.2595131059736013,-0.5956669685572386,1.04910339474082,1.3981721223466097,5.167245401021838,8.216755720749497,0.0317865088582038,-0.1657788604497909,-0.0146752437576651,-0.8001086820732061,-0.2703465702579946,-0.089301566284725,-0.5279811611559437,-1.743181228637695,0.7418244481086731,2.6511764526367188,-3.579574643039704,4.529046281683445,-1.4610074948355554,0.1097246780991554,0.2215818464756012,-0.2141264425441622,0.1342698335647583,-0.6106192942237482,0.0207971016053808,3156
1726744883540023600,-0.0725143243297934,-0.682754300379753,0.2339987254887819,1.491078661841899,5.1955239855229856,8.182517351061104,0.0331901758909225,-0.419077068567276,-0.0377106517553329,-0.8006739048454395,-0.2748004288266618,-0.0853957497970715,-0.5254649850436109,-1.6982883214950562,0.5413305759429932,2.9548726081848145,-4.00554847728014,2.335618246023357,-0.4070768260687589,0.1490476280450821,0.056108932942152,-0.0624251933860126,-0.0479663498699665,-0.4822802433520555,-0.2851352576818317,3157
1726744883579793000,-0.3900399126805365,-0.7639052278906107,-0.1422299578517675,1.631882386282831,5.17641888755858,8.167743560299277,-0.0678262561559677,-0.3345120251178741,0.0725712776184082,-0.8015649458128149,-0.2783593189673371,-0.0779555824420425,-0.5233857676749604,-1.4201120138168335,0.2690285444259643,3.1894564628601074,-3.3783711026936767,0.7265455113112926,0.5233738126974553,0.1360938400030136,-0.0575471669435501,-0.6129029481815174,-0.2028765231370926,-0.5393604133151472,-0.1317599195653107,3158
1726744883619563500,-0.6962333751559258,-0.6930833866924047,-0.0270844062805175,1.7233458873629568,5.1780216465801,8.147917162322997,0.1480607986450195,-0.0362080037593841,0.2824296355247497,-0.7999195619995901,-0.2810786798634329,-0.0746097962370251,-0.5249349538049862,-1.6356076002120972,0.0655993819236755,3.2178449630737305,-2.3123452147245405,-0.6970597429774701,0.7101244647990912,0.1241159364581108,-0.1985637098550796,-0.5739860652880743,-0.1510365456342697,-0.2119097711416892,0.33548527913969,3159
1726744883659334100,-0.505754350180924,-0.6913900267779827,-0.4439513894796371,1.7945830313637852,5.216431164473295,8.107940541243552,0.2649123668670654,0.1080779880285263,0.4748355150222778,-0.7944155145628672,-0.2845446141579233,-0.0751295302851018,-0.5313132963247712,-1.8535526990890503,-0.262698084115982,3.074124336242676,-2.080195331972837,-2.4632541535943746,0.419120899605751,0.1528876572847366,-0.344719797372818,-0.9940730699796227,-0.0170775260776281,-0.2906926908795721,0.5899804473534226,3160
1726744883699103500,0.108233580225706,-0.7128449027389288,-0.5005044668287039,1.828376141502708,5.29564615548551,8.04882375088632,0.4364323616027832,0.267984002828598,0.4055790603160858,-0.787385101879259,-0.2887071379920086,-0.0791984226570309,-0.5388883002428715,-2.099808931350708,-0.4938682317733764,2.8178164958953857,-1.7112649889469145,-3.9998201627612113,-0.0671171414613723,0.2172014117240905,-0.3725262582302093,-1.3416019477322696,0.1268588453531265,-0.2677214190063066,0.7600554205946624,3161
1726744883738874000,0.1889526921905577,-0.9549047696083784,-0.7665653870105743,1.814994097360224,5.447474547287822,7.949918555498122,0.6648421287536621,0.2293620854616165,0.3238265514373779,-0.7797068283511364,-0.2949451050042254,-0.0876033708051108,-0.5453350066968871,-2.0125601291656494,-0.6349461078643799,2.450040817260742,-1.2025275313019752,-5.711062939876317,-0.0999349768273532,0.2767386138439178,-0.370025634765625,-1.127097246460244,0.1695668846368789,-0.3315294541859999,0.5350675018941983,3162
1726744883778644700,0.1374853936731815,-0.7131862635225057,-1.2218261060118674,1.8558371260106563,5.641351105746627,7.803935382592678,0.6442312598228455,-0.1308923512697219,0.1677402257919311,-0.7727882112954976,-0.3053401813455414,-0.0942199768406172,-0.5483505185316107,-1.724313497543335,-0.5933355689048767,1.964102983474732,-0.2809615521937608,-6.658397566491365,-0.4439250859946012,0.2657786011695862,-0.1489412784576416,-0.4325629668397828,0.2185260653495788,-0.4322331868961453,0.2001655573341064,3163
1726744883818414300,0.4174776624433696,-0.1181692833065986,-1.063471527311206,1.9541285734146832,5.7964674331784245,7.665033107858896,0.3225933313369751,-0.4268679916858673,-0.0663153305649757,-0.7696300313313481,-0.3164398191258741,-0.0951730561166582,-0.5463309711266806,-0.7522005438804626,-0.2842326462268829,1.4241175651550293,0.2384066050589084,-8.017917155969142,-0.2394314180620014,0.0837942436337471,0.0315746814012527,0.577660990941152,0.2204871028661728,-0.4553358300641179,-0.2022625661459751,3164
1726744883858177000,0.895470437734574,0.0388438176572322,-0.6993956385791301,2.0640620894260704,5.817523080688715,7.62013481246829,-0.2549754381179809,-0.4261582791805267,-0.233669176697731,-0.7719945985902572,-0.3217742585889914,-0.0891210617841496,-0.5408725304981506,0.7916070222854614,-0.0958280712366104,0.832425057888031,-0.2169721873641014,-9.724069916468858,0.2607702664278447,-0.0510807894170284,0.212323784828186,0.5943485063698143,0.2445635795593261,-0.1499632555175572,-0.3695701022341847,3165
1726744883897947600,0.946855172535032,0.3350000163733959,0.1590852310627699,2.0596634160757064,5.7191883786648505,7.695392590287327,-0.5083549618721008,0.0098066860809922,-0.2904055416584015,-0.7779606073223303,-0.3172754844306081,-0.0835490700047965,-0.5358481908213301,1.4082262516021729,0.2800078988075256,-0.2209377735853195,0.5854466033160686,-9.495728778350353,0.2185913129985332,-0.1388102024793625,0.1577207595109939,2.275005225759,0.1154970228672027,0.6366059318628162,-0.6799875390801579,3166
1726744883937717000,0.4936113463141023,1.1282120027691125,-0.0677513477116823,1.9852851975701749,5.543829473671317,7.841873775842785,-0.7533456683158875,0.0317045450210571,-0.2765907049179077,-0.7847273392346755,-0.3064526409249146,-0.0791359257904114,-0.5329420611964569,1.4264651536941528,0.1986498981714248,-1.399004340171814,-1.3475585180491207,-8.404179157546162,0.3641242579184472,-0.1588707417249679,-0.0448118299245834,0.934982656172663,0.1389754563570022,0.9094391957238316,-0.1687506293023005,3167
1726744883977406200,0.3398110699169338,0.8650292683720588,0.6128939976900816,1.8956250926502047,5.331015575030445,8.009823281362653,-0.7251551151275635,0.0607387199997901,-0.3330602347850799,-0.7926583799678308,-0.2934861116227653,-0.0740173658281939,-0.5292259531636536,1.3650963306427002,0.0553385429084301,-2.568612813949585,-0.96260409193933,-6.663884473469853,0.003651508244872,-0.035396322607994,-0.0361686199903488,0.7775919540680944,0.3169220089912414,1.1626759979069232,0.1511329203514382,3168
1726744884017173800,-0.7469339270845056,0.1161257947802543,0.8488514560312033,1.9051288340546189,5.125529827320576,8.140627589836717,-0.5553536415100098,-0.2486797273159027,0.2110595852136612,-0.7976116614766544,-0.2838452112578453,-0.0661468000421799,-0.5280835863865606,2.1573739051818848,0.0909069776535034,-3.253872394561768,-2.13420047840476,-5.761621745246648,0.1161754060756415,-0.0293172150850296,-0.1451189815998077,-0.2640644674013369,0.1431529968976974,0.9391656409457324,-0.5898594878548756,3169
1726744884056940000,1.0024388203300536,-0.5020961199343205,1.838781946313381,2.0628874926887453,4.958303375378251,8.205492568457126,-0.2367675900459289,-0.0897998213768005,0.5178363919258118,-0.7958413304315828,-0.2802167539139285,-0.0558112278812071,-0.5338541306064363,2.812091112136841,-0.1784939765930175,-3.4813873767852783,-3.5782144606024024,-4.628039739876986,-0.3573901273578405,-0.0794382840394973,0.1324073672294616,-0.5233843706240877,-0.1757804006338119,0.5218042252931744,-0.8638518220905214,3170
1726744884096707600,2.0972944969423115,-0.6414402932167053,1.6296400141835212,2.118744988989085,4.908057289218903,8.22145235413313,0.1852751523256302,0.2809281051158905,0.4344902038574219,-0.7905881372624415,-0.2789734291459351,-0.054739507946203,-0.5423539367712195,3.099571704864502,-0.3835670053958893,-3.615490198135376,-3.86830273758173,-2.652967747154832,-0.9841495687931776,-0.1948300451040268,0.3223707377910614,-1.1412735827855764,-0.3200836181640625,0.2882987449477426,-0.1988494332342408,3171
1726744884136475000,2.0463190735951065,-0.5556009156286716,0.0246148012965917,2.088317555890977,4.9950487594515085,8.176722985568642,0.4897096753120422,0.2295168787240982,0.1564550101757049,-0.784931676095559,-0.2817088438362937,-0.0611823251058923,-0.5484332969235735,2.787972450256348,-0.6434603929519653,-3.6050655841827393,-3.982306717902422,-0.6713236825659871,-1.8906420435406264,-0.2516303956508636,0.4157436192035675,-1.2049726594317705,-0.2193934768438339,0.1999376851286739,0.5155462608769535,3172
1726744884176242400,1.5200598416544495,-0.3397691304713487,-0.9930424848228692,2.055979612996429,5.134307592537999,8.09828482414782,0.6408636569976807,0.080649510025978,-0.0946394056081771,-0.7821350678921195,-0.2872955626689816,-0.0675548215473497,-0.5487825210445925,2.2629635334014893,-0.7772434949874878,-3.429848909378052,-4.000443263095617,0.7976552295401692,-2.749171574629843,-0.2501133680343628,0.3511204719543457,-0.8964595949023961,-0.004606160800904,0.3037051162583753,0.8601536982249468,3173
1726744884216008700,0.1477342543564736,-0.1417488963365554,-2.403254150661826,2.008244340614229,5.343301640629768,7.97411250103414,0.5316815972328186,0.0666079595685005,-0.126626044511795,-0.7800436528779183,-0.2960771424728753,-0.0759719448819459,-0.5459840591666807,1.932201862335205,-0.9080676436424256,-3.0302653312683105,-3.8694349564820527,1.7749866427510976,-3.494423247715831,-0.2006838023662567,0.2024054825305938,-0.8746335475414991,0.083823062479496,0.470772176387906,0.9803337368320671,3174
1726744884255776300,-0.1430203775770962,0.459992423698306,-3.046867696264386,1.9507922685988248,5.471492551735043,7.901111562231183,0.1733724027872085,0.066647283732891,-0.1901319772005081,-0.779153538635566,-0.3006622709406344,-0.0822047346581615,-0.543842213785129,1.4282201528549194,-0.9746906161308287,-2.5139477252960205,-3.1168080784529444,2.893046084818244,-4.3335292625412345,-0.1108301654458046,0.1183350160717964,-0.791050570578128,0.0544130653142929,0.648806584201008,0.8191602282531559,3175
1726744884295543600,-0.4087814380295574,1.0352636699587106,-2.70369840196073,1.9021645774215457,5.485643242162466,7.903155635279417,-0.159826710820198,-0.1142353415489196,-0.3051185607910156,-0.7821801747609083,-0.3002362236906711,-0.0831228596202868,-0.5395766476235405,0.8940985202789307,-0.9214648008346558,-1.9426400661468504,-2.107378522452712,3.8951778850257393,-4.735207152175903,-0.0732451379299163,0.0304030682891607,-0.926596009164676,0.042894322425127,0.7074445050001144,0.8233136946707963,3176
1726744884335310000,-1.063479272226244,1.130329725575447,-1.1095914734512566,1.8888802945651115,5.456717591929436,7.926332512727379,-0.0386263132095336,-0.0700559839606285,-0.0783583000302314,-0.785614270859549,-0.2988041698741491,-0.0811516097732344,-0.5356684198687932,0.2949330806732178,-0.6999491453170776,-1.2784336805343628,-1.8461352316856383,5.188040351769327,-5.241293803051113,0.0015045700129121,0.0338612832129001,0.9031995706818996,0.0961373224854469,1.1169171401642262,0.6124274030916392,3177
1726744884375077400,-1.0511597427487374,1.7992846331834793,0.2450041036278009,1.935667618572712,5.496445791205764,7.887499800986051,0.3150724470615387,-0.1078833863139152,0.2377241551876068,-0.7837598972878249,-0.3021591667844258,-0.0809274850642608,-0.5365360885688668,-0.1704298257827758,-0.3973591029644012,-0.4714352488517761,-2.8941660287588835,5.36084898775816,-5.448552990174293,0.016020456328988,-0.2171693295240402,1.70261567241475,0.186708390712738,1.456953251008689,0.6577229541715234,3178
1726744884414844700,0.0491848866686224,1.8546634060561653,0.9120546389192342,2.025390851856768,5.595943107268214,7.794459698238969,0.3637283444404602,-0.0895746126770973,0.2002400755882263,-0.7791014734840614,-0.3097123028054691,-0.0816789558910277,-0.5388949352741089,-0.7572466731071472,-0.1453950852155685,0.2991386353969574,-2.6875661823272705,5.913589837780594,-5.650668969190121,0.16719451546669,-0.1640826165676117,2.716910934755206,0.2641293406486511,1.183255260077119,0.0175830417795688,3179
1726744884454611200,0.2448157414488494,1.874830580294132,1.383372174230218,2.065888281939924,5.66331334670782,7.73494484847486,0.1201632469892501,0.1322590559720993,0.1686781048774719,-0.7753668397579301,-0.3140957855724112,-0.0834949850321497,-0.541459760201107,-0.9336220026016236,0.7194240093231201,1.087618112564087,-3.077461571970582,5.957250700330734,-4.513635946583747,0.014008424244821,-0.3381245136260986,0.8020413356699049,0.2212478220462799,0.3389412282798439,-0.140630705961585,3180
1726744884494378500,0.9668138185888528,1.3037000871002673,2.094071297112107,1.9624919126123188,5.674798617318272,7.753429184192418,0.0726258680224418,0.6271180510520935,-0.0071578524075448,-0.7735572771978649,-0.3108846217799365,-0.08964306059138,-0.5449072372706671,-0.3925164043903351,1.1598825454711914,1.9838037490844729,-3.575848900514841,4.548263023328781,-3.3081445970401164,-0.1118888109922409,-0.1235990673303604,0.0210737128899432,0.459223210811615,-0.399858126861602,0.2162460650466382,3181
1726744884534146000,0.1885094784677028,0.2565261991173029,1.3856149847209454,1.773987694841623,5.714313466104865,7.769811579194664,0.1597136408090591,0.4880725145339966,-0.0260106585919857,-0.7719038550535925,-0.3062654330983204,-0.100256312583401,-0.548009719966254,-0.2343443483114242,1.6501456499099731,2.401405334472656,-3.313625366538763,3.992446419122815,-2.7041756640836594,-0.1117161661386489,0.0305282957851886,0.6891789265997708,0.3906494081020355,-0.5354289921503513,-0.1355955248059704,3182
1726744884573912300,0.1479740544617176,-0.225227390012145,0.969829367017746,1.6226878569580614,5.763015245431661,7.76691176609993,0.0951871201395988,0.5331302285194397,-0.0615163967013359,-0.7705117235907396,-0.303448745782139,-0.1091630403935628,-0.5498307746059833,-0.3628732860088348,1.7716189622879028,2.653385639190674,-4.122262885603308,3.0364059234827754,-2.192961294931173,-0.0711675137281417,0.087269514799118,0.6597331249501556,0.2143265306949615,-0.4850790802903473,-0.0850058128407224,3183
1726744884613679900,-0.0691806498624384,-0.4667956739723682,-0.3060100687325001,1.4097839419461786,5.741222515818476,7.824401247516274,-0.3187832236289978,0.7400465607643127,-0.0410110540688037,-0.7700993955216681,-0.2949916748669645,-0.1185177490231481,-0.5530645037585901,-0.4981522560119629,1.705625057220459,2.818988561630249,-3.912164091140032,1.3243582597255703,-1.288200612412393,-0.0767722725868225,-0.0124011673033237,-0.3034668505230918,0.0084263551980257,-0.4272180256152525,-0.2064838736354373,3184
1726744884653447400,-0.0107181586954742,-0.3412444637209176,-1.4597358674645422,1.135394461619109,5.570929077520966,7.990369808351993,-0.817894458770752,0.8725053668022156,-0.133273184299469,-0.7721741171492528,-0.2772965709584192,-0.1253440599664681,-0.5578015050976605,-0.6404916048049927,1.595249056816101,2.772095203399658,-2.341945987740159,0.1932949591785669,-0.4211141192495822,-0.1069724336266517,-0.0762073621153831,-1.1328715190127492,-0.0428283028304576,-0.4099993259193375,0.2399683562166057,3185
1726744884693213700,-0.227490147312358,-0.4758937571853399,-2.061161545678973,0.832624543851614,5.261005050215124,8.234011391454935,-1.0062907934188845,0.9768194556236268,0.0474535152316093,-0.7758548725722898,-0.2522749865409158,-0.1286062816624761,-0.5637968723961694,-1.1193392276763916,1.4453610181808472,2.585402727127075,-1.8477374061852687,-1.0458940773054957,0.3715104226469993,-0.0883427634835243,-0.1643936485052108,-1.045756276270002,0.0288109797984361,-0.300156812659651,0.538497768603824,3186
1726744884732981200,0.3020512846367433,-0.2328969017267227,-1.5881149946182966,0.5139225321326405,4.942889533147215,8.454235858613252,-0.9137576818466188,0.9273435473442078,-0.1260663419961929,-0.7769533354527616,-0.2264102020725885,-0.1330125566715415,-0.5721796358870763,-1.3125072717666626,1.207862138748169,2.48401141166687,-2.490145667651296,-2.865151823459565,0.9533896888703108,-0.0271227937191724,-0.1714010089635849,-1.4590905552983282,0.0330192111432552,-0.5496230102628469,0.3757849581610411,3187
1726744884772748500,0.0272014567889273,-0.7675576129183173,-1.8439099568516013,0.3233995218854397,4.655591471408307,8.6250372464329,-0.7701135277748108,-0.0061929556541144,-0.0654338896274566,-0.781360872563893,-0.2074286043640317,-0.1312206897627203,-0.5737853742369897,-2.038801670074463,0.98113751411438,2.1713194847106934,-1.892180943545699,-4.179186257569492,0.9173229347109794,0.0268130935728549,-0.1505196988582611,-1.1569071321818978,-0.035175334662199,-0.4950889811186119,0.1710696468343958,3188
1726744884812515000,0.0247218418676406,-1.0198650252968071,-0.4299842389255762,0.368076831469126,4.43968282162249,8.736367623630166,-0.5135689377784729,0.0110721765086054,0.0993075519800186,-0.7831795962074936,-0.1989520662547512,-0.1224225405265885,-0.5762469992169033,-2.1638975143432617,0.8007197976112366,1.6806801557540894,-0.7088567098855972,-5.44854013069272,1.8472645279765127,0.0126575576141476,-0.1722914427518844,-1.0767129939392208,-0.0449825339019298,-0.4834829336727038,0.1953182086344808,3189
1726744884852277200,0.4089147455530241,-0.9704039520353078,0.369936889719963,0.3201198060950264,4.316300479842722,8.799855468678475,-0.1374426931142807,0.3661514520645141,0.0547413937747478,-0.782920558018449,-0.1915887898053973,-0.1209378957530429,-0.5793988907226214,-1.3403277397155762,0.8554570078849792,1.214677810668945,0.595994300815463,-6.53253889772594,2.443946811056137,-0.0327027142047882,0.0192598011344671,0.0677898256917018,0.0165042914450168,-0.4721035711221397,-0.0436183933815918,3190
1726744884892044800,0.4970357678048312,-0.6591963146597146,0.7560732190907001,0.2047644842306152,4.350456431944668,8.786465825751423,0.2929548621177673,0.1437557935714721,-0.0757504478096962,-0.7819229526828201,-0.1893451876439512,-0.1271349961535304,-0.5801565734769822,0.0833161622285842,0.9259508848190308,0.7845389246940613,0.0713508335083723,-8.053125247472524,3.4324610047996043,-0.1927016377449035,-0.0173335745930671,1.076400128597766,0.004280106164515,-0.1501916757122613,-0.1141448135634884,3191
1726744884931811000,0.2651654691794887,-0.0912058730572462,0.7881617172688246,0.1921270113777369,4.484865194651484,8.718913800004124,0.4237562417984009,-0.0698904246091842,-0.1348835527896881,-0.7816154937328714,-0.195211988374499,-0.1317247059525312,-0.577596814052595,0.8334828615188599,0.6407303214073181,0.397384375333786,-1.062225326642394,-8.764396032762527,3.986023984859884,-0.1474975347518921,0.1350551843643188,0.6626470396354794,0.0826667845249176,-0.0175040422762045,-0.0990637286844663,3192
1726744884971578600,0.0120741398816928,0.526332735568285,0.4031991078525781,0.1637500080034136,4.607883087033033,8.655113235744833,0.1951243877410888,-0.0231951065361499,-0.1354196220636367,-0.7819684526475594,-0.2002657967831606,-0.1364025259667078,-0.5742937683563364,-0.2062988728284835,0.2665646076202392,-0.624454140663147,-0.3497457500845193,-6.426783105790615,3.920812677019834,-0.2319004386663437,-0.0429492220282554,0.3749452559338882,-0.0790932849049568,0.1649122932484373,-0.4263175696441903,3193
1726744885011346200,0.1167095494849607,0.7560171049892902,0.4292980102270841,0.1904965058327652,4.597118531912565,8.66028859255612,-0.1641739606857299,-0.2107139378786087,-0.1541312038898468,-0.7842994975314098,-0.2011354364819249,-0.1341369172298544,-0.5713370928154285,-1.95164167881012,-0.6967580914497375,-2.024143695831299,-0.7009761857688427,-5.509627344340085,4.748302780592441,-0.2266971468925476,0.0134583497419953,0.3655715706499293,-0.1297545433044433,0.5248259842671453,0.0602793632966233,3194
1726744885051225900,-0.0406134759445674,0.0093541038006544,1.4088994141966105,0.2387337363877333,4.582574750514328,8.666798412841558,0.1164867356419563,-0.1583486348390579,0.0786308273673057,-0.7854305981241828,-0.2022031912994893,-0.1312635466197705,-0.5700723056322721,-4.48365592956543,-1.2629302740097046,-2.794628381729126,-1.1382862375378608,-1.0455427065845575,4.101522295391559,-0.15472212433815,0.1891952902078628,0.3224674651997163,0.011412932537496,0.4363562216429039,0.2338291958744637,3195
1726744885090997800,0.3885472995026037,-0.2926385459840298,0.7948118228077888,0.340786417755112,4.646045352166891,8.62951409958601,0.1803566068410873,-0.3109578192234039,0.1335172206163406,-0.7837847220468056,-0.2080680202185472,-0.1293249204409545,-0.5706699561380756,-2.665473222732544,-0.8410252928733826,-3.0605475902557373,-1.3594804265111684,-6.488629028850793,1.36910107229352,-0.0937406495213508,0.1071163192391395,0.0006887003584357,-0.2545787692070007,0.7349203948162496,-0.6150090170826763,3196
1726744885130769200,0.6106389853049069,-0.877621331180632,0.2256616897761821,0.4941354797860607,4.665397702890634,8.611635913068056,-0.0154763925820589,-0.3595061302185058,0.1862424165010452,-0.7829183854557105,-0.2136359130486316,-0.1236464794219533,-0.5710603520855153,2.0197293758392334,-0.55440354347229,-3.17616605758667,-2.658465760049224,-5.704019451105594,2.2098200752735138,-0.108955979347229,-0.0206925868988037,0.1958494659669697,-0.4545444250106811,0.7893675128620118,-0.4468290272751822,3197
1726744885170539800,0.8172009839441626,-0.9289993439793586,0.3056564329892396,0.6320392815344035,4.669341179819405,8.60047446758449,0.0730329379439354,-0.155272901058197,0.3765753805637359,-0.7799811415654118,-0.217586938452927,-0.1189695826644424,-0.5745706423961323,1.2695058584213257,-0.3130421638488769,-3.5337841510772705,-5.420000264906883,0.8204971759453416,-1.0974036075294018,-0.2081594914197921,0.0818061605095863,-1.0231425125975162,-0.4506044685840606,0.173539726742357,-0.2660592579477466,3198
1726744885210311700,1.6881173375934362,-0.4874228669375181,-0.2852595416486263,0.7080297575421631,4.7064551049441095,8.574284964317084,0.2223544418811798,0.1169521138072013,0.2877273857593536,-0.7754488197264833,-0.2208774453821798,-0.1185170663542332,-0.5795222248501519,0.2398921996355056,0.0454348847270011,-3.747044086456299,-2.152139455199241,0.8045908740222454,-1.9237322661072007,-0.3215458691120147,0.1815826445817947,-1.1515629216097294,-0.2575608193874359,0.3649366702798753,0.5473925477970392,3199
1726744885250083300,1.4200912548184397,0.144192782357335,-1.3608230732917783,0.6905470731478184,4.800581833884119,8.52337603033483,0.3351404666900635,0.1703409850597381,0.1249715462327003,-0.7714185007044395,-0.2239826092126869,-0.1235335665364468,-0.5826531805602697,1.0743135213851929,0.3649738430976867,-3.242638349533081,-1.5113228468388318,1.1004741010159254,-1.926748983579874,-0.2865990102291107,0.2294033616781234,-1.4622338217601178,0.0424863174557685,0.2619166599839925,1.049233012469858,3200
1726744885289854000,0.744960727315396,1.0481599764108658,-1.8202461726695296,0.669114628214389,4.913402157378196,8.46056447711289,0.3934964835643768,0.0607028119266033,0.0723374709486961,-0.7685004197950758,-0.2280891663471362,-0.1288665608423118,-0.5837601102860811,2.460764169692993,-0.0335246436297893,-2.397967338562012,-2.421219430941344,1.3947382023751735,-2.347622864332795,-0.1464453786611557,0.2269089370965957,-1.415609140968323,0.1187848970293998,0.3430613769497722,0.9394102633565664,3201
1726744885329625600,0.3410614353042095,1.4141905063420532,-1.65058635610044,0.6671968849595635,5.078136207982897,8.362880347952245,0.5088367462158203,-0.1315238624811172,-0.1706195622682571,-0.766621580584681,-0.2356303183357247,-0.1344995488919836,-0.581961735655965,1.940785527229309,-0.3774781823158264,-1.7563800811767578,-1.986211226373911,3.886797594693303,-3.3144355138778683,0.0251468885689973,0.1439363211393356,-1.233035336159915,0.1331025213003158,0.5332158461455255,0.9670127021618188,3202
1726744885369397500,-0.2571772834371775,1.274771514257789,-1.535815483060479,0.6909766236715018,5.222643463116884,8.27145294109881,0.3151292204856872,-0.289936363697052,-0.3352622985839844,-0.7684916722224057,-0.2440069681825221,-0.1368717174061791,-0.5754539726912176,0.9201306700706482,-0.4385030269622803,-1.319596290588379,-1.4203081124395132,4.679198264706135,-3.468997714558244,0.1766354292631149,0.1320947706699371,-0.621967384853214,0.1667255908250808,0.6046275429956615,0.6896065774273127,3203
1726744885409168100,-0.606129764252156,0.7769879968255757,-0.2514963882565498,0.6914231983952224,5.330470800629258,8.202341410949826,0.3151125013828277,-0.0326045975089073,-0.2246994227170944,-0.7709640259336318,-0.2500448462068536,-0.1388328610098099,-0.5690495782928395,0.6316959261894226,-0.3365040123462677,-0.770185649394989,-2.367784777873754,4.8209728800058365,-3.39169937082231,0.1865059435367584,0.0174471791833639,1.1730793184995651,0.1494958847761154,0.835233191980049,0.4787895882247016,3204
1726744885448939500,-0.5808271998871117,0.8995113836884499,0.2888099276065826,0.6176381965424865,5.431206718575954,8.141922305822371,0.2444714605808258,0.2436408996582031,-0.0878242030739784,-0.7706649010698695,-0.2527044085709988,-0.1449757859916902,-0.5667433130865712,0.7099132537841797,-0.2199314832687378,-0.0490114241838455,-3.873146085959673,5.243561747983097,-3.622127836608888,0.1680004149675369,-0.1826179772615432,1.531621246241033,0.2360445410013198,0.97530728697218,0.5081850844591855,3205
1726744885488711400,-0.0121702571999281,0.4108580981731414,0.5458475833773613,0.5242301737984643,5.491447544527054,8.107994317257404,0.1721512079238891,0.2434529811143875,-0.0810106098651886,-0.7699861309332641,-0.2525936923978997,-0.1510091870417269,-0.5661395516887028,0.8783048987388611,0.1269743293523788,0.5710634589195251,-3.003177607619762,5.728855786198377,-3.3835751010775565,0.2222387343645095,-0.0820857435464859,3.3689363348722456,0.2072462290525436,0.918583602296561,-0.1625543136791326,3206
1726744885528482000,-0.5073171790508553,0.6270546249896287,0.6553273642718792,0.469758103974536,5.5615077537029975,8.063457256394624,0.1976307183504104,-0.0124953538179397,0.0480804555118083,-0.7684333762381275,-0.2540357035270595,-0.1560254602215517,-0.566243902120881,0.7375656366348267,0.6066333651542664,1.2921305894851685,-3.7614907145917416,5.870835568681359,-3.191908327622712,0.17230986058712,-0.0761429741978645,1.3226570087656375,0.2400589734315872,0.0528520034745801,0.2640224000915885,3207
1726744885568253400,-0.1641501497695222,0.5740121861100197,0.8751385744541883,0.5134043900100514,5.627119751298428,8.015130740121007,0.2145820409059524,-0.1942815780639648,-0.0162200629711151,-0.7674279658969385,-0.2585995261707526,-0.1564235929725088,-0.5654309630327593,-0.1533491015434265,0.8517068028450012,1.9648011922836304,-3.340408744046092,5.3913779815346,-3.2540184545770288,0.081281378865242,-0.0624952130019664,-0.0050997320085181,0.4376144707202911,-0.5073312075762078,0.8572909292049705,3208
1726744885608025300,-0.5955214956719428,-0.108476156809926,0.605766922289133,0.5953718215355649,5.68606761482954,7.967719000604748,0.1707769185304641,-0.2312090098857879,0.096617579460144,-0.7671178818178415,-0.2642851969797268,-0.1546373825071976,-0.5637115431972197,-0.9322819113731384,1.1971843242645264,2.34728741645813,-2.686381940978765,4.303932288917899,-2.544392221623659,0.1046221852302551,0.0812524706125259,0.4124697346208616,0.4788342416286468,-0.47947318657469,0.2459192822439596,3209
1726744885647796000,-0.453208974103257,-0.477931985014677,1.0825807169288395,0.6588111147344112,5.748018167307973,7.918120564699173,0.254845917224884,0.0439707040786743,0.2159774601459503,-0.7642644801944387,-0.2688587976187224,-0.1549295099146453,-0.5653418910064404,-0.5194231867790222,1.1596755981445312,2.6828300952911377,-3.649152621656656,1.8881763840794563,-1.1210117160014808,0.2186188697814941,0.2934910655021667,0.6005372780073434,0.2453231215476989,-0.6417827499788255,-0.1357275628209579,3210
1726744885687567600,-1.024598556624725,-0.5894032319873571,0.483057072943449,0.7099105297874659,5.827916464409232,7.85504948375821,0.2462721914052963,-0.0540141761302948,0.3312467932701111,-0.7597192040103876,-0.2735436269262438,-0.1570917283353355,-0.5686148497879754,-0.656838595867157,1.0573115348815918,2.7215769290924072,-3.284526113304496,0.940912192352116,-0.2695277195096016,0.2684226632118225,0.1882950961589813,-0.0569426383556565,0.0001080257352441,-0.4094439570588991,-0.118755293900473,3211
1726744885727339300,-0.6949265303410589,-0.9075579120218752,0.5473766926407814,0.8233155213017016,5.883457149845361,7.80240159715414,0.2621087431907654,-0.0009010737994685,0.4272217154502868,-0.7542087066026222,-0.2788101554339784,-0.1563749689610046,-0.5735686798149592,-1.028818130493164,0.8755528926849365,2.5435690879821777,-1.7051456292837857,0.0819397398009896,0.0481360352028161,0.2632597684860229,0.0055536339059472,-0.7822616263795643,-0.1239247992634773,-0.3735461662583053,0.1485130749755538,3212
1726744885767110000,-0.5380081219233572,-0.9846528421401975,0.4272089289933443,0.910306480077654,5.9975119835704565,7.705294975620507,0.5742694735527039,0.0556883476674556,0.4620513916015625,-0.7466530784723743,-0.2858180516178005,-0.1595221847500371,-0.5791112367238174,-1.339219331741333,0.7341427803039551,2.351649045944214,-0.8552502171576023,-1.0128490090548992,0.3680483360270038,0.2395515888929367,-0.1226284950971603,-1.121390924577415,-0.0758662149310112,-0.2731998869500123,0.4277610099181532,3213
1726744885806881800,-0.3183932380307465,-0.959631213608384,-0.1824649376064538,1.0203430180720985,6.194553143540024,7.5337109129905695,0.8024758100509644,-0.0512283742427825,0.4216809570789337,-0.7372191584574899,-0.2977009785974314,-0.1651113811759356,-0.5836268675386529,-1.340476393699646,0.6078187823295593,2.293524265289306,-0.98207510060668,-2.362241902924329,0.6752490393161773,0.204964742064476,-0.1752375662326812,-1.169066356531158,-0.0573505833745002,-0.3393657738348469,0.291823156214226,3214
1726744885846651400,-0.0230212484948337,-1.1402508156090974,-0.5665910961985587,1.1366242956750094,6.427695544460415,7.318688106128573,0.8532590270042419,-0.0956949442625045,0.2954348921775818,-0.72819468033517,-0.3121793374242048,-0.1714491290579533,-0.5855610302645903,-1.2422720193862915,0.4998415410518646,2.2664995193481445,-1.1989683775156736,-3.7742598875328897,1.323469786453247,0.1209109425544738,-0.1550222486257553,-1.3423854993253943,-0.0699802264571189,-0.4380122452216222,0.2238561381915584,3215
1726744885886422000,0.3494304005250334,-1.1363900485277176,-0.6841285113424063,1.20216183979474,6.649786974534392,7.106723517793417,0.7246564626693726,0.0971856862306594,0.1514211297035217,-0.7205627466603822,-0.3249372000287637,-0.1790914424561302,-0.5857741655648578,-1.0973728895187378,0.4069516956806183,2.114081621170044,-0.610362433385849,-4.953775084298849,2.263841588318348,0.0251089483499526,-0.1762012839317321,-0.976762892607972,-0.0857813656330108,-0.3588498977120966,0.1076969708646647,3216
1726744885926193700,1.302015495014191,-0.7911369336873293,-0.9414683649301528,1.1295957122124731,6.813751209810376,6.961838076996803,0.4064378440380096,0.3736694753170013,-0.2253735363483429,-0.715964972386138,-0.3303422995075136,-0.189523118478369,-0.5851060181889628,-0.9571195840835572,0.26280677318573,1.7492386102676392,0.199714178571105,-5.936246490746736,2.7487749765276908,-0.0063510406762361,0.0061778519302606,-0.0108977895786985,-0.1076244860887527,-0.4640674911174923,-0.2297599188752472,3217
1726744885965965300,1.0615743884529918,-0.0982610522657632,-0.9789876559853552,0.9256129894766956,6.894052827015519,6.912717195475101,0.0980248525738716,0.3699864745140075,-0.4012089073657989,-0.7170108864040364,-0.327854308493556,-0.2001525618078367,-0.5816751155905114,-0.6025242209434509,0.1478418409824371,1.14918315410614,0.2158253554165363,-6.805729815918207,2.6270985618829727,-0.14871546626091,0.0852491334080696,0.8115023339111358,-0.1239617094397544,-0.3365997431876137,0.0114674586758366,3218
1726744886005736000,1.216550065305084,0.4862941551685333,-0.6881307327210903,0.6946213368494063,6.899967019495367,6.933854091528057,-0.1893427371978759,0.4645950198173523,-0.4584138691425323,-0.7203812909768242,-0.3209220100658611,-0.2085207195150768,-0.5784279342464482,-0.2759391963481903,-0.2838379144668579,0.4490540027618408,-0.8014800485253334,-8.857962789732218,3.628254795056581,-0.068566545844078,0.210869088768959,1.0565369057424363,0.039650198072195,0.1014378008720465,0.1677337073447182,3219
1726744886045507600,1.2366849447086452,1.0691162551999092,-0.6913841815590858,0.4429970844294875,6.807507931506633,7.044996837198734,-0.5513903498649597,0.3214606940746307,-0.5430107116699219,-0.726575981838861,-0.3086432770881778,-0.2134114596057998,-0.5755712787916069,-0.4376689791679382,-0.3245881199836731,-0.6091451644897461,-0.4780038812071084,-8.01036864028573,3.597822247391939,-0.0837628170847892,0.0985549241304397,0.9718195179216564,0.0102457404136657,0.1295083503793924,-0.2992919942575506,3220
1726744886085187300,1.9645934149362143,0.8551520174801349,-0.0224006323784589,0.1895894374578259,6.623136868017912,7.22969581746757,-0.732899010181427,0.2144466489553451,-0.8640190958976746,-0.7375556342174068,-0.2930764325878631,-0.2132939321598226,-0.5697575593841737,0.0221896972507238,-0.4795146882534027,-1.6789182424545288,-0.8642629601746797,-7.462094706544279,3.121170365315676,-0.0831482037901878,0.093582734465599,0.6071686423132195,0.0872994363307952,0.4405272967824712,0.2358514954823069,3221
1726744886126200600,1.102913164731115,-0.2573047822743654,0.615067834597826,-0.1108159431354142,6.451852665117382,7.3845584623992435,-0.453907310962677,0.0422694832086563,-0.9641141295433044,-0.7508217510906832,-0.2781779764073697,-0.214730768168869,-0.5592624287385328,0.8327440619468689,-0.3764967024326324,-2.545771837234497,-0.6116168173611164,-6.116199737793207,2.206688206988573,-0.0462781935930252,0.0434766300022602,1.0628995726421475,0.3304654359817505,0.691947076138854,0.2309401416357606,3222
1726744886165967600,-0.0828263681760989,-0.7452338451683521,-0.6213391699522733,-0.2463763600953854,6.315193785396218,7.498533216625452,-0.4758508801460266,-0.6325071454048157,-0.7753884792327881,-0.764239629680863,-0.2711192854710937,-0.210179753026668,-0.546128609955881,1.8486273288726809,-0.4563825726509094,-2.9075660705566406,-2.5795132193654773,-5.041895850822329,1.3826684098750353,-0.0749449506402015,-0.03808468952775,-0.1997993726365268,0.1203730180859565,0.2862516214258969,-0.5806676254112273,3223
1726744886205736000,-0.3689191640447825,-1.4447154084652662,-0.5414543168544769,-0.1655862287209369,6.142887253710628,7.642506218752264,-0.6113066673278809,-0.7931036353111267,-0.3917072415351867,-0.7767820214276255,-0.268384839033081,-0.1957299145691677,-0.5350411420598065,1.9928587675094604,-0.8339408040046692,-3.100576400756836,-4.035156849080324,-2.767566770759225,-0.4707955572634935,-0.1171489357948303,0.0538572818040847,-0.216066836022213,-0.2184707224369049,0.2498971546326763,-0.6645422787975519,3224
1726744886245504300,-0.3978451065387576,-1.35869424456954,-0.3094868049323558,0.0197108704213867,5.95541179446578,7.791217355316877,-0.6263786554336548,-0.6214808821678162,0.0520999431610107,-0.7843415212192538,-0.2660291212791589,-0.1788490546604215,-0.5310836406714063,1.6827040910720823,-1.0444859266281128,-3.1825571060180664,-3.997774920669198,-0.7147440143585204,-1.3334990130364894,-0.1145131662487983,0.1115290895104408,-0.913941987035796,-0.5070595741271973,0.2015453029884025,-0.2775077584780752,3225
1726744886285271300,0.0196949536163359,-1.0676946979641917,-0.3168745770961046,0.2315465100310742,5.771103274819255,7.925347593343258,-0.5185397863388062,-0.4234597384929657,0.3152125775814056,-0.7868458083928304,-0.2630594901713313,-0.1634607601083236,-0.5338108137298597,1.0455527305603027,-1.1721030473709106,-3.15866756439209,-4.042952617523074,0.667569590729475,-2.2087965774446725,-0.0491206794977188,0.2413556724786758,-1.4511533325582742,-0.4952430725097656,0.0806686969518661,0.6795039933469146,3226
1726744886325039400,0.6956963456697761,-0.4041887034118175,-0.7041735205054283,0.4372098793301731,5.636267518872022,8.01322169162929,-0.318028450012207,-0.5242893099784851,0.1804210692644119,-0.7875358606875547,-0.2622653676644387,-0.1505199656631773,-0.5369804311081225,0.3711160123348236,-1.1655652523040771,-3.091215372085572,-3.8455958157330734,2.1153256820648907,-3.095322807353735,-0.0286903530359268,0.2748259007930755,-1.533433117968589,-0.2018975168466568,0.2521874757932499,1.1153722488097846,3227
1726744886364807700,0.4953611125908791,0.1699678596049547,-1.003108536285162,0.6361983739752322,5.556663236281276,8.055379163879156,-0.1903685927391052,-0.59891277551651,-0.0651265084743499,-0.7899893482657476,-0.2648248673269177,-0.1384115618718277,-0.5353755160279635,0.1586383432149887,-1.0013974905014038,-2.892562866210937,-2.847827471432089,3.38045316966474,-3.490626485781372,-0.0347702503204345,0.1944239288568496,-1.120818093125522,-0.0080191222950816,0.4760044144855812,0.8880348809063434,3228
1726744886404575000,-0.1970928901568055,0.5963455984711646,-1.1570043820112943,0.7887599754229188,5.49779545224905,8.082232684013247,-0.2130772769451141,-0.4780187010765075,-0.1444188058376312,-0.7937086376065804,-0.2673496809059081,-0.128237917903072,-0.5311362587754974,0.4872553944587707,-0.7320812940597534,-2.3428215980529785,-1.9247294604510068,4.808606150385737,-3.536382859306037,-0.0146852293983101,0.0168023146688938,-1.0766948737606403,-0.0013234840007498,0.6334929144088178,0.7007742334559559,3229
1726744886444343000,-0.2723845702454447,0.7971183461844921,-0.6901543475031853,0.8656976691529155,5.433342561560869,8.11786572293043,-0.1929579824209213,-0.2288698554039001,-0.1985145509243011,-0.797581814908976,-0.2672196397584862,-0.1212340896534866,-0.5270286338188399,0.8479824066162109,-0.5060861706733704,-1.528364896774292,-1.1549322519123553,6.056712360557913,-3.711745563691854,0.0773622244596481,0.0523403286933898,-0.4663344131361693,-0.0411523208022117,0.6183885034531355,0.4292937359107658,3230
1726744886484111400,-0.7860284315671772,1.2351444372683762,0.0279378082394599,0.8930193182554096,5.405772417590022,8.133297100818156,-0.0341119728982448,-0.2190442681312561,-0.1179229021072387,-0.8003052246377153,-0.2672184401934835,-0.1179472397113664,-0.5236356671055696,0.5279253125190735,-0.0195757523179054,-0.6035845279693604,-1.4759709629505873,6.116098030984402,-4.323576316064596,0.0967919752001762,0.020991813391447,1.1862938240554184,-0.0696184039115905,0.8526667034704237,0.4872594200041145,3231
1726744886523878400,-0.5929918310638517,1.859255410021544,0.4394938255488872,0.9507753416534512,5.397120909100771,8.132496305829287,-0.0951826050877571,-0.2726700901985168,-0.1040239781141281,-0.8022053540726619,-0.2689453510804941,-0.114133642118654,-0.5206807646047972,-0.1271894127130508,0.0173860471695661,0.3441530466079712,-3.828964998927712,6.491499615851044,-5.000097275012731,0.0896836891770362,-0.1724082678556442,1.4539210437059402,0.1595525443553924,1.1622582108862698,0.7210607232246548,3232
1726744886563646500,-0.3165428609237075,1.0387176098048687,0.996122330659628,1.009065764189139,5.343775103360414,8.16065155621171,-0.157204732298851,-0.0502100177109241,0.0370960161089897,-0.8041614709445768,-0.2683209177078926,-0.1092082280918076,-0.5190392411324525,-0.6505396962165833,0.618927538394928,0.9955845475196838,-1.6340163295716046,6.875241159039735,-3.848632991471886,0.13379468023777,-0.0926958620548248,3.865129952764511,0.1056291535496711,1.132299272082746,-0.4345277641067281,3233
1726744886603414800,-0.5183980701114982,1.1056915434032677,1.26833475920856,1.054848952655494,5.313612020286917,8.174546226051449,0.003800640348345,-0.0511954091489315,0.2346203178167343,-0.8028633233688649,-0.2678600925987058,-0.1070752774290975,-0.5217243862555885,-0.528925895690918,0.8316143751144409,1.781355857849121,-4.374004188531637,5.643500392735004,-2.989875642976165,0.1712358593940735,0.0037659534718841,0.1839638891936279,0.2835919260978699,-0.1144547471623402,0.6415867159500718,3234
1726744886643182000,-0.3880880479604006,0.6673281831890344,1.7332909427940844,1.1163741923939436,5.376684270271658,8.124984030503034,0.4107790887355804,-0.136398583650589,0.2028318792581558,-0.7995588949810523,-0.2723884019734983,-0.1074507861727353,-0.524370624574267,-1.3575876951217651,1.042784571647644,2.231012344360352,-3.792681971669197,6.366801807558536,-3.407020274072885,0.1695919781923294,-0.1776558607816696,0.6734321260873228,0.627259373664856,-0.0021890150689228,1.1628299463596194,3235
1726744886682950100,-0.4675843401320278,0.1732300762712955,0.7198626725465059,1.2664995066054163,5.491301414054632,8.025707079192996,0.2872059047222137,-0.4133197963237762,0.1533907055854797,-0.7961345689997849,-0.2824312619090782,-0.1050494876785902,-0.5247543354028797,-2.053767681121826,1.0118083953857422,2.901008129119873,-5.779869349598885,4.693249001890421,-3.08651055534482,0.2717075049877167,-0.0254259090870618,0.629759353903681,0.7494906187057495,-0.6776259245153516,0.0873691353054251,3236
1726744886722718500,-0.231975841359049,-0.2787766093701124,0.9592927754342556,1.350516929463297,5.531355776545405,7.984397163683176,-0.057118285447359,0.0233284998685121,0.062859870493412,-0.7949419506208956,-0.2869716785058786,-0.102743805324951,-0.5245554500943692,-1.624110221862793,0.8819075226783752,3.576348304748535,-6.639732028988004,1.6467963161677122,-1.096136948594451,0.3148072957992553,0.1775087863206863,0.8509214672382921,0.3371253311634063,-0.6342258317932487,-0.6610417233306914,3237
1726744886762485500,-0.7904223556771874,-0.7194301263481379,0.7135036589086056,1.3114604919686912,5.452916446080804,8.044635651546717,-0.3147978484630584,0.4000285565853119,0.2791826426982879,-0.794048227760764,-0.2814028881097418,-0.1031995192269872,-0.5288192700065262,-0.581599771976471,0.9798104763031006,3.8474528789520255,-5.173237334913015,-1.0199021424368022,0.7335831548631191,0.2690817415714264,0.029149867594242,0.2042988394802436,-0.1022497415542602,-0.2300930232871323,-0.440706416209042,3238
1726744886802253800,-0.5294885692507029,-1.0026368271201849,0.630836481615901,1.2236573400270192,5.343623712190985,8.131343044140934,-0.1799817085266113,0.7137780785560608,0.5601279139518738,-0.789937009825317,-0.2720898951953567,-0.106695699190487,-0.5390572955582472,-0.0638493150472641,0.8713428378105164,3.695425987243652,-3.99114994957149,-2.290730325896293,1.250838265484571,0.1854278296232223,-0.0518229529261589,-1.1245754728976636,-0.2366149276494979,-0.1183673996945843,0.1032071486321277,3239
1726744886842012000,-0.1207284662701189,-1.152085045787692,-0.0605360095053911,1.1271909891583023,5.313806081554294,8.164758991530537,0.2249241918325424,0.6691778898239136,0.7993878126144409,-0.7808253583580731,-0.2656049541186074,-0.1147481955040937,-0.5537134871810722,-0.6418532729148865,0.7546467781066895,3.268685817718506,-2.2174954322069884,-2.897383237239718,1.1767641444921493,0.1483685374259948,-0.1877452284097671,-1.5768569568924604,-0.1703841835260391,0.0916822127315681,0.4847884633133187,3240
1726744886881780200,0.3807815243393183,-1.0432032307863237,-0.8342828324526548,1.1603360837172716,5.429679362878203,8.08347596207261,0.7076707482337952,0.1832103580236435,0.8274255990982056,-0.7677789673990377,-0.2698639127386126,-0.1226005272909106,-0.5680299374028926,-1.011358618736267,0.3935543596744537,2.917365074157715,-1.9818881024777888,-4.872129651269316,1.478546950918436,0.1458382606506347,-0.2688150703907013,-1.4620624107159674,-0.1108402162790298,0.0160031419021834,0.3531738613696769,3241
1726744886921548300,0.7866846304535865,-0.7456523628413677,-1.060569376128912,1.3697428773283955,5.684441474932432,7.872821287292242,1.0348557233810425,-0.5270698070526123,0.5197873711585999,-0.7553542247411471,-0.2874309602787157,-0.1264170357943726,-0.5751888894644158,-1.1430450677871704,0.1568921208381652,2.4765193462371826,-1.1248644459068775,-6.27266864887774,1.8553963965058329,0.1002683565020561,-0.1640241593122482,-1.4435299980729817,-0.1454490572214126,-0.2871478761458769,0.0927913338840939,3242
1726744886961315600,0.8952548952877522,-0.3877396729141473,-1.0904039579004048,1.6614530564211307,5.962637654066086,7.606373413619399,0.8656705617904663,-0.7515361309051514,0.1090966761112213,-0.7477010627003909,-0.3107391440052584,-0.1249963308665492,-0.573376177829798,-1.1271978616714478,-0.0413993969559669,1.96712327003479,-0.5041606512486935,-7.518270767274498,2.251055756503344,0.0047614271752536,0.0023878011852502,-0.8499442927692085,-0.1378104090690612,-0.2660991880993358,0.022122710486222,3243
1726744887001084000,0.8571879072219133,-0.2830979797005653,-0.4281739746332168,1.8081569448165595,6.184505212256312,7.392756381902098,0.5449580550193787,-0.2565714418888092,-0.2230729460716247,-0.7453069190146816,-0.327598881287177,-0.1255121022346829,-0.5669597578817982,-0.8490709066390991,-0.2332116514444351,1.3720933198928833,0.6333475876539946,-8.579453891387582,2.744423795580864,-0.1013934612274169,0.2441992461681366,0.0668592394438572,-0.1125970780849456,-0.2314761482086032,-0.1368001604885328,3244
1726744887040851700,0.6856674113474786,0.2583803025513887,-0.3644616731792688,1.7330749619558452,6.307867388030886,7.306000473991036,0.1418077945709228,0.1294043064117431,-0.4122051298618316,-0.7465803582929973,-0.3320468315742927,-0.1313108731015105,-0.5613555962177671,0.0084978537634015,-0.0431936755776405,0.5988365411758423,1.3608955540060996,-9.892822555065154,3.329130394184589,-0.2747720181941986,0.1205586493015289,1.0494762466412038,-0.084191083908081,0.1392187111386563,0.1767840424258261,3245
1726744887080619000,0.8961508212141692,0.5280944845438004,-0.2765092489600181,1.5818478970475494,6.346406669783592,7.306932786405086,-0.0856807604432106,0.0097202472388744,-0.6006194949150085,-0.7520407617023664,-0.3301002333774848,-0.1359556468475719,-0.554061958666386,0.5391516089439392,-0.4128639101982116,-0.273625761270523,-0.7428162626326084,-10.30386068598032,2.7287223685801028,-0.1833818554878235,0.2677079141139984,0.7211634529467672,0.0550758093595504,0.0931870917360298,-0.0392014034898253,3246
1726744887124113400,0.648176177342981,0.6216372761160135,0.1663560988485813,1.446301216351986,6.35416853595674,7.32824270093739,-0.1047140583395958,-0.1428079605102539,-0.5742226839065552,-0.7592191607312204,-0.3275598153165521,-0.1380875150107944,-0.5451814163611419,0.2053664475679397,-0.3442773520946502,-1.5663658380508425,-0.0598328296720981,-8.59978414723277,1.787940232348442,-0.2450739443302154,0.1889224201440811,0.0896401489773299,-0.0905615091323852,-0.1400317719540558,-0.176480036244262,3247
1726744887163864800,0.6389012762583792,0.7570797657847405,0.5431640433818101,1.3674395688220855,6.35489568118751,7.342737090235948,-0.0951146259903907,-0.2135237455368042,-0.5369486808776855,-0.7667108636513491,-0.3267952105566238,-0.1372205522762888,-0.5352847897372215,1.0051589012145996,-0.3715386986732483,-2.7118337154388428,-1.396948864161968,-7.457602071300148,2.090155584973097,-0.2644350528717041,0.2281388193368911,1.3912240567743777,0.0370296835899353,0.651213499212265,0.1707019095005467,3248
1726744887203631400,-0.1416473356582224,0.7131289803773164,0.2259744089871644,1.3210907823622229,6.335101431915164,7.3682836194247,-0.2771053314208984,-0.270077109336853,-0.3019571602344513,-0.7727702001493963,-0.3256351806828129,-0.1352176901378212,-0.5277350104987122,3.270195484161377,-0.1646550744771957,-3.0904011726379395,-3.0722657568931577,-7.092036820793151,1.1556634887963533,-0.2881977558135986,0.0220991224050521,1.218344985897839,0.1175909414887428,0.7984543440286069,-0.2849516264769248,3249
1726744887243399000,0.1772784748792648,-0.4829997897982597,0.5576940885156393,1.3635397849045694,6.207386321628094,7.468567701950668,-0.5318794846534729,-0.1957978904247284,-0.0323319919407367,-0.7782037558063891,-0.321032360658684,-0.1270718006126922,-0.5245855464777545,5.378635406494141,-0.7612043023109436,-3.454206705093384,-7.245652680534124,-5.531558605641126,-2.6989047379434106,-0.3543055355548858,0.0422282926738262,0.4366112193172797,-0.1961404830217361,0.6419064494237303,-0.9304233123678712,3250
1726744887283166500,0.778096396458894,-1.3863555739551785,2.243259403538704,1.395689073359221,6.121038994517922,7.533612713313103,0.0537783056497573,0.0102766305208206,0.1534150540828704,-0.779155734585639,-0.317402114369313,-0.1230794418600958,-0.526330424630399,3.98161554336548,-1.0706508159637451,-3.7498605251312256,-5.036142401862144,0.085613898269087,-4.646510047069191,-0.4369001686573028,-0.0398638509213924,0.1276551145949866,-0.4112332165241241,0.7811865444939583,-0.1719956025728956,3251
1726744887322933000,1.4477803489938377,-0.6588362491756677,1.175444294065237,1.4483056880421936,6.17971563989222,7.475554492098093,0.2596094608306885,-0.1837668269872665,-0.1421689838171005,-0.7777431465940914,-0.322150499491481,-0.1227674794534395,-0.5256071569947559,2.7862956523895264,-0.9175019264221193,-3.6281468868255615,-4.516809900444746,0.3286667216986417,-2.2990683845221995,-0.4033995270729065,0.0390810407698154,-1.16811395117715,-0.3773455917835235,0.3865830867575481,0.4745179753201082,3252
1726744887362700800,1.0402964034289122,-0.5588152015000581,0.6906301483213901,1.3688690171033142,6.29083325112164,7.397431972497701,0.4039864838123321,0.2374910712242126,-0.4009351432323456,-0.7787585300969404,-0.3261577947039078,-0.1282849317699752,-0.520287666105591,2.375758409500122,-1.2903876304626465,-3.05856990814209,-5.068165433588623,0.719151893928647,-3.332035467976332,-0.3504135608673095,0.201829731464386,-1.4452550682999192,-0.2970158159732818,0.2343875604095868,0.7112390749774873,3253
1726744887402468000,0.3061222969353199,-0.4888350718230009,-1.3884066612660884,1.1251613830268383,6.430046491500735,7.318394676139951,0.3075724244117737,0.6169619560241699,-0.4970588088035583,-0.77953085429234,-0.3265475040176398,-0.142240777800908,-0.5152338877232799,1.785690426826477,-1.6293258666992188,-2.4686782360076904,-3.4119413638621565,2.1602803838178515,-4.637294182695448,-0.249799907207489,0.2488974034786224,-1.4600396727167069,-0.1558149755001068,0.3912056319916621,1.0179188596650957,3254
1726744887442235000,-0.5338046788841486,-0.0165770407915115,-2.815951739221811,0.8077912774987518,6.507706654286384,7.291611883154511,0.1175849288702011,0.5630240440368652,-0.4995465576648712,-0.7816405160209452,-0.3216245420308913,-0.1574449190567988,-0.5106924309581564,0.96356600522995,-1.8669490814208984,-2.017090082168579,-2.496707510384917,3.510037580955028,-5.215751950037479,-0.1480153053998947,0.1050788238644599,-1.2458178069740533,-0.0558037459850311,0.7239336483124643,1.103336650840193,3255
1726744887482002200,-1.26345721630007,0.0533323617368936,-2.833179937398433,0.5719818493261933,6.543142124804854,7.282205756905674,0.0485758669674396,0.372636079788208,-0.2594749331474304,-0.7836809655924325,-0.3170357270650774,-0.1679261706003343,-0.5070832343895978,-0.4095326662063598,-1.8886399269104004,-1.4915564060211182,-1.7771470356553791,5.043612007090449,-5.91535100223422,-0.0451875440776348,-0.0045312801375985,-0.9204059954181312,0.0461095497012138,0.866796862566471,0.9837680951949208,3256
1726744887521770000,-1.479261236667633,0.2704173618257046,-2.5438024390369653,0.4766893645424395,6.5469222278654575,7.285668464580178,-0.0177135467529296,0.1444632112979889,0.1192466765642166,-0.7834395880060707,-0.3142405543127703,-0.1725895933797094,-0.5076299419576594,-1.326365351676941,-1.35839581489563,-0.9302053451538086,-1.1424521250456572,5.602186385571956,-5.705588307857513,0.0432634949684143,-0.0108654256910085,0.3187682088229805,-0.0328792296350002,0.938597120342776,0.3536482008831575,3257
1726744887561536500,-1.0755344516791403,0.8930559239387512,-1.4956512304544447,0.5296564366308972,6.537947478771209,7.290068160843849,-0.0131199350580573,0.0483134761452674,0.3984754085540771,-0.7804008749837117,-0.3143102009211727,-0.1718111401087241,-0.5125081088258334,-1.1721256971359253,-0.7503219842910767,-0.2011209279298782,-2.958315552586317,5.067950914055109,-5.385401245212555,0.0599777586758136,-0.1028978824615478,1.2363671109311285,-0.1156376525759697,1.056745653122291,0.454700966226682,3258
1726744887601304000,-0.2835621631462127,1.1675059022814034,-0.7273720252633095,0.6269804637748748,6.496483249482512,7.319357383692264,-0.2361727207899093,0.1158404350280761,0.5357272028923035,-0.7759094701626426,-0.3133925303283627,-0.1691205578323507,-0.5207186905311348,-1.7169504165649414,-0.4570309221744537,0.3482823371887207,-3.94993355756402,6.550586595591902,-5.12164158771038,0.165069505572319,0.0194919779896736,1.009290366725251,0.0241995565593242,0.7064595856159925,0.2197386564027517,3259
1726744887641071600,0.9464665385436266,1.859388681012392,0.7666969044357538,0.6637837155152112,6.385942561358213,7.412793792280555,-0.4355052709579468,0.3240278661251068,0.1931382417678833,-0.7731302135543672,-0.3071262272565852,-0.1665118144151007,-0.5293552005366434,-2.4890260696411133,0.3478195965290069,0.8690362572669983,-3.283466959640384,8.026178788357972,-5.0232665536761285,0.0480090081691741,-0.2622979581356048,1.444649503622204,0.0341785103082656,0.6049461804907769,0.18258109306572,3260
1726744887680838400,0.4117746650287881,1.377797588968277,1.513666195094585,0.5324386146953329,6.2224459435939785,7.560956647312641,-0.6162155866622925,0.5773413181304932,-0.0724920332431793,-0.7749082113478821,-0.2940001046175785,-0.1675184954548556,-0.5338714847922227,-1.7360002994537354,0.8610502481460571,2.0439693927764893,-4.845906830254197,5.951336507850885,-3.4118414106190205,0.0556218549609184,-0.0898617282509803,0.5960309430314228,0.274016797542572,-0.1104037912711035,0.6725389766398817,3261
1726744887720606000,-0.5500138727439567,0.1441004278987646,1.9964158095240592,0.3331889848960563,6.057180562591553,7.705188592636585,-0.4307742416858673,0.7128406167030334,0.1119379773736,-0.7754682683217016,-0.2784997967832001,-0.1719958353456063,-0.5399114273872152,-1.5169845819473269,1.0230135917663574,3.155229091644287,-5.35409542184472,4.306069300946593,-2.7613597328126427,0.1144257485866546,0.2614128887653351,0.1415739690279122,0.3860208392143249,-0.729844333660975,0.3501188577132299,3262
1726744887760373200,-0.4770778524033724,-0.0545142649978399,1.1311813739687204,0.1695725584107451,5.94709404797554,7.795749153527617,-0.3022283911705017,0.4280946552753448,0.0909758806228637,-0.7740454507042097,-0.2667784211851893,-0.1770781945010784,-0.5461924724891877,-1.952330470085144,1.1728006601333618,3.7869293689727774,-5.7449278000772,2.903378678262233,-2.3549388864345846,0.199263110756874,0.4243589341640472,0.0002741989901231,0.1846125274896621,-0.7728071309443563,-0.0773311500269919,3263
1726744887800140000,-1.162771274974942,-0.6859528041601181,0.7505991715937852,0.1334141439125873,5.865658458304405,7.857902535101771,-0.241455927491188,0.1476474553346634,0.295584499835968,-0.7728178881197647,-0.2607805763875616,-0.177064845366346,-0.5508121429363019,-1.5663208961486816,0.799004077911377,4.080183982849121,-6.129087860938906,0.5899529748246073,-0.754225618462637,0.1609978228807449,0.1700801998376846,0.1770663482322357,-0.1027394905686378,-0.3862217060992494,-0.1851414816056378,3264
1726744887839907600,-0.9711225486334412,-1.148608894109726,0.601313450011611,0.1527546398017555,5.781538744115829,7.919650258484483,-0.228463739156723,0.4765321612358093,0.6456663608551025,-0.7678405769782397,-0.2552662452162567,-0.1762082947289051,-0.560544923044034,-2.060424566268921,0.4294388890266418,3.988386392593384,-4.728329083099961,-1.06045159496814,-1.0573451533854008,0.1400341093540191,-0.0250631980597972,-0.924584157885611,-0.1916034966707229,-0.3351281727977097,0.1507168594969902,3265
1726744887879676200,-0.4554281845226883,-1.268724635308981,0.1990530843138694,0.160193283636216,5.759498761743306,7.935546331274509,0.1316447407007217,0.4891191720962524,0.8676167726516724,-0.7575581307455611,-0.2511119429572719,-0.1798402747442243,-0.5750704059912122,-2.0809032917022705,0.2688823640346527,3.7176239490509033,-2.7256495370060203,-2.669852538721264,-0.4859785133481025,0.1720914393663406,-0.1383527219295501,-0.9397083695203066,-0.1812481135129928,-0.2013163713370449,0.461966829043813,3266
1726744887919442700,-0.1281785996129736,-1.114115088355541,-0.3246504717946052,0.2600092189274728,5.852838724219799,7.8642907748341555,0.4960452616214752,0.2508665919303894,1.0035216808319092,-0.74385474816942,-0.2550496314546319,-0.1843433207334266,-0.5896163600832413,-1.7295812368392944,0.110553003847599,3.572674036026001,-2.6587550983846184,-4.759419510151446,-0.0383896441489458,0.2720659077167511,-0.2545208036899566,-1.1726702993072569,-0.168402299284935,-0.1150162169700022,0.5178570585699752,3267
1726744887959210500,0.3974749580521136,-0.9512064996123312,-0.8288666526228189,0.3991957174301147,6.000277941152453,7.746462852311134,0.4796934127807617,0.2500141263008117,0.8175964951515198,-0.7292586128823352,-0.2629912670207237,-0.1894093813997506,-0.6026121751312413,-1.0896345376968384,0.1736439913511276,3.4547722339630127,-2.734785029619932,-7.069952999278903,0.3382230700731277,0.3569605946540832,-0.2981375455856323,-1.3986438315115868,-0.2287280410528183,-0.274772871887777,0.2788286500846035,3268
1726744887998977800,0.7474351546049117,-0.9425462232947348,-0.826648976573348,0.4968017763858661,6.125394267117977,7.642192915019392,0.4417364299297333,0.1914486587047577,0.5592615008354187,-0.7177843254482248,-0.2693994470935565,-0.1943721761214628,-0.6119060135581077,-0.0521588325500488,0.2224901914596557,2.852179527282715,-1.3775012363702055,-9.386236722496152,0.5335854831755161,0.3589775562286377,-0.2287884652614593,-0.9927822264514864,-0.2296158522367477,-0.2188079514238983,0.1692937414693646,3269
1726744888038744600,0.8365675823889672,-0.8090916925728321,-0.628176907017827,0.5592519489495084,6.249167361781001,7.536945072606206,0.4176411032676697,0.1584184914827346,0.3495541214942932,-0.7090361951783689,-0.2753945245068055,-0.1997012996935666,-0.6176933415038451,0.3252379894256592,0.5747069716453552,1.8165514469146729,0.7155681902229786,-10.556818378961086,0.9672492873966694,0.2581313252449035,-0.1121921092271804,-0.5767155267845839,-0.1293531060218811,-0.3350931745495647,-0.0239283716687001,3270
1726744888078511900,0.8895970156565308,-0.2887245874106884,-0.6319587636440992,0.5767020097158849,6.349197177284956,7.451542917391658,0.275082528591156,0.0437619648873806,0.0815415605902671,-0.7040413026975726,-0.2797269706009365,-0.2045234990788091,-0.6198780558928408,-0.8693061470985413,0.5151407718658447,0.7695302963256836,0.22583353921175,-9.423362630319597,0.7152256603956222,0.0175365954637527,-0.0237720925360918,0.8325093199741095,-0.05538896843791,-0.1054262585868593,-0.248080296202749,3271
1726744888121129500,0.8531077252361923,0.083149407851696,-0.4248603200405836,0.584760191954486,6.404238681027293,7.403658884188532,0.084098182618618,-0.0991483777761459,-0.107081227004528,-0.703550652543637,-0.2828165501347502,-0.2062359405560373,-0.6184641715198931,-1.246701955795288,0.2787082493305206,-0.58892822265625,0.2471586513131856,-11.061106455981731,1.9556325482368468,-0.0890704840421676,-0.0131163066253066,0.8475707685709,0.0320436395704746,0.2931908461045474,-0.1066680936078075,3272
1726744888160533200,0.7537931453295051,0.3178980749249458,-0.0043745618224143,0.5782808398725464,6.415195543849467,7.394676536309719,-0.0367337167263031,-0.1179585084319114,-0.1488732099533081,-0.7054001409903842,-0.2837857223318756,-0.2060147872734151,-0.6159822824555807,-0.92082017660141,0.6033996939659119,-2.2147557735443115,0.5965180324286222,-9.022661184501647,2.334552370357513,-0.0642868280410766,-0.1345005929470062,1.9187296355143189,-0.1208938509225845,0.8340967352960258,-0.4548289765205234,3273
1726744888200300000,1.0177426263153553,0.6267921746611594,0.1847603550672531,0.5862227022551,6.370561452353,7.432541864323616,-0.249349296092987,-0.1855794042348861,-0.2513377368450165,-0.7096431233159253,-0.2830750070940782,-0.2022730373861238,-0.6126669771869648,-0.6241022348403931,0.5338608622550964,-2.976883172988892,-1.4937445200502872,-7.253339727905392,3.0777123318612576,-0.0047961282543838,0.0846740752458572,0.3392976405020803,-0.1083144098520279,0.1426750164718367,-0.2599585299198516,3274
1726744888240067600,0.6868026259224862,0.0652893415123224,1.023369818547368,0.5435178983207791,6.316006270822882,7.482181216761469,-0.1313174962997436,0.0317674800753593,-0.127694234251976,-0.713457785598881,-0.279828736876639,-0.2005263220461412,-0.610297458786931,-0.3501678705215454,0.0727801769971847,-3.6390230655670166,-2.843132007092237,-4.817516309811174,2.755458399814368,0.0767603367567062,0.0809515789151191,0.99269133329764,0.1385278850793838,0.7107332443471998,0.2801535785454325,3275
1726744888279834000,-0.1008931543350219,0.0410690924912691,-0.1674380488663911,0.649464682783559,6.286955532905459,7.498184257057309,-0.1146469861268997,-0.8666090369224548,0.0957439690828323,-0.7154879539446601,-0.2827820808307777,-0.1942506087288244,-0.6085868376544431,-0.5653241276741028,-0.0811731293797493,-3.3277761936187744,-5.841468604421615,-2.129815395188332,1.594246044719219,0.1313448548316955,-0.1584194302558899,0.325353249769099,0.0535838529467582,0.837529267027974,-0.4556431059150025,3276
1726744888319601400,1.791551846974343,-0.5457610741376876,1.339404437687993,0.9008774844098836,6.2544356575727456,7.499389541193842,-0.1693256497383117,-0.5292028188705444,-0.0955356433987617,-0.719421345156289,-0.2914409675082254,-0.1808306186808373,-0.6039829544983694,0.0424403771758079,-0.3726338744163513,-3.9065792560577393,-4.969741299715638,0.3611125088818371,1.4306675938904283,0.0837862119078636,-0.0287034716457128,0.1011736152442172,-0.1353973299264907,0.5149126756811514,-0.6113080071402713,3277
1726744888359369200,1.3221908525586128,-0.8125310193717479,0.2301391274511814,0.9545451425157488,6.148159056633711,7.580195600789785,-0.5474364757537842,0.1517914533615112,0.056751362979412,-0.7219345004084783,-0.2884646504694527,-0.174085382870515,-0.6043946867663239,2.513171911239624,0.0143940392881631,-3.4659695625305176,-3.6025060212939977,0.2023053641080856,3.088384532523155,-0.0052054575644433,0.082122229039669,-0.4561573025148361,-0.2226389497518539,0.3797363261353224,-0.3298078545577824,3278
1726744888399135500,2.2629984154924747,-0.1881973437786102,-0.6766057146221399,0.8014299257732928,5.929342702707648,7.769877045646309,-0.8476749658584595,0.5275519490242004,-0.3072342276573181,-0.7259688687342228,-0.2726039812976101,-0.1718534342488804,-0.6075545790328329,2.7058112621307373,-0.3123531937599182,-3.10134220123291,-4.970716866749525,1.9878563632324333,-0.9581605565339326,-0.1172906532883644,0.1968841403722763,-0.9852091608487068,-0.1794865131378173,0.1975742987318895,0.0584252735622692,3279
1726744888438903300,1.3260723701670765,-0.1974339586794376,-1.4989584553062916,0.580011463057436,5.683148512512445,7.970934455519914,-0.7476534843444824,0.2160193175077438,-0.5196393728256226,-0.7342612453963155,-0.2545011871836475,-0.1697780698863978,-0.6060239409082516,3.0733535289764404,-0.3547244966030121,-2.688070297241211,-2.3457044634908435,2.934264230391383,-1.4417039516896009,-0.1706271767616272,0.182591438293457,-1.5049819533795117,0.086760364472866,0.2978235108738765,0.8254516565475613,3280
1726744888478669800,0.6863593391343951,0.0520844075024127,-2.007386116349697,0.4184150528913363,5.478671065062284,8.122775122281908,-0.6252626776695251,0.1284349262714386,-0.6097320318222046,-0.7441743261551422,-0.24140527625072,-0.1660638890047787,-0.6002922386979312,3.267636775970459,-0.4705755114555359,-2.11731219291687,-1.737374412715435,2.696590031260252,-2.252382621192932,-0.1780663281679153,0.1044144481420517,-1.4591763338856398,0.3095567524433136,0.4689730545440688,1.0081006454840302,3281
1726744888518437400,-0.3660350599758327,0.5472685560911894,-2.333444116854668,0.264281471152883,5.293984359753131,8.250712935408949,-0.5721349120140076,-0.0681460872292518,-0.5817632079124451,-0.7538355769402634,-0.229694700962518,-0.1630062935796149,-0.5936338430586603,2.9397060871124268,-0.6705951690673828,-1.526139736175537,-1.566015975534916,3.265422184383869,-3.421584513737261,-0.1813609600067138,0.0139026138931512,-1.267431965149939,0.3989443182945251,0.6291250015228986,0.9856937294952572,3282
1726744888558205000,-0.9331574865721166,0.844062468189001,-1.9087082999765872,0.2029259619581513,5.086823956829309,8.381731763416528,-0.7187546491622925,-0.2218627333641052,-0.5304552912712097,-0.7637589410893313,-0.2201476894529536,-0.1555172189749271,-0.5865335732498448,2.091313123703003,-0.7980174422264099,-0.9256423711776732,-1.448807646214962,3.784315709862113,-4.494970993602276,-0.1268724948167801,-0.0011674807174131,-0.7419204097714275,0.3553077578544616,0.8417429392002522,0.6702380062211305,3283
1726744888597971500,-1.4696543271496891,0.4276093264877796,-0.6845476135373115,0.1989317594891413,4.862828154438734,8.513736679852009,-0.6377002596855164,0.0453873053193092,-0.139601394534111,-0.7704708729034918,-0.2108438730939259,-0.1465097145899603,-0.5834846578636057,0.9988704919815063,-0.5947563648223877,-0.3305235505104065,-1.4801900419503449,4.130402937439084,-4.969295894035697,-0.0479595884680748,-0.040644098073244,0.8340821222487836,0.2438591420650482,1.0744628038596362,0.6343927127927541,3284
1726744888637739000,-1.488043385799229,1.4487901105582712,-0.229902980607748,0.1628525842396542,4.621408923560381,8.647915433195234,-0.8380700349807739,0.0397561602294445,-0.0395370088517665,-0.7734431939094003,-0.1988522813084555,-0.1397740256549273,-0.5854116363332305,-0.3626200258731842,-0.6863070726394653,0.3184182047843933,-3.842911106693745,4.252885407769679,-5.946690727871656,0.0908620655536651,-0.1970535367727279,1.2125359342928974,0.1448829621076584,1.3188153847761452,0.5480258407318964,3285
1726744888677506600,-0.6046511430669576,0.4560065689325332,1.9628262591332195,0.1124930277684703,4.3382326179265975,8.79417216234505,-0.5849963426589966,0.2986928522586822,-0.0954193621873855,-0.7773153986323732,-0.1848396242739681,-0.1321223136088067,-0.5866504954904307,-1.602581262588501,-0.313584417104721,0.6452794075012207,-1.8322002298355105,5.018098211127519,-5.761114380246401,0.3008271157741546,-0.1515741050243377,2.852923625527322,-0.0020315325818955,1.0983712104525416,0.0017517487421311,3286
1726744888717273300,-1.1910045590296388,0.6427092902392149,2.810758262231946,-0.0402136995046399,4.266750559253991,8.829699987322092,0.1047394499182701,0.7014705538749695,0.0379853993654251,-0.7766640888212478,-0.1765444373862336,-0.1365380406517026,-0.589052061525992,-1.522628903388977,0.3753383755683899,1.168644666671753,-3.236212456512451,4.9515334428519004,-4.79809089385122,0.3109961450099945,-0.0976698845624923,0.3966828943589702,0.0938943326473236,0.0482315679991617,0.472954525395669,3287
1726744888757040600,0.7416875508636236,1.91814920527786,1.705581682613492,-0.3234504848876968,4.350618929030001,8.782817240116,0.151953786611557,-0.1604946255683899,-1.1046301126480105,-0.7809744008065058,-0.1726627660438233,-0.149627903126772,-0.5812728379180749,-0.2287575751543045,1.2038605213165283,1.9812737703323364,-2.9674305869340896,4.137696017056704,-2.721807766886055,0.2582302391529083,-0.0326234735548496,-0.059403909336077,0.453131228685379,-0.3275648614039644,0.8751970997083932,3288
1726744888796808200,-2.115421397524327,-0.4089209926307201,0.9725830496400594,-0.2335897245627828,4.299648327988386,8.810723484173417,-0.2904247343540191,-0.608616292476654,-0.4572721421718597,-0.7928815991728834,-0.1760107655651451,-0.140706589940378,-0.5661807349747072,0.2718394994735718,1.5399459600448608,2.5731453895568848,-3.647459261742234,3.4810686761021614,-1.758058888825774,0.2327502220869064,0.0560590103268623,0.0980945548587478,0.4003913104534149,-0.6328215910185128,0.0125109398467815,3289
1726744888836568800,-0.9562738660044968,-1.2527177956208586,1.0142769960314035,-0.25938200867353,4.157183684597909,8.878115350922942,-0.5168185830116272,0.6035079956054688,0.1814741939306259,-0.7948262587686122,-0.1689773285705331,-0.1370721076602696,-0.5664884699439624,-0.1168337017297744,1.5978087186813354,2.86545991897583,-3.0732682119339705,2.2641890865817667,-1.2409962320365011,0.2673888206481933,0.1967648416757583,0.7421567027453333,0.165224090218544,-0.5785812841238454,-0.2485429635447449,3290
1726744888876336400,-1.407396608418226,-0.7332549458220601,-1.5588889001339674,-0.3725426883041858,3.865768835189938,9.004856063219904,-1.1572034358978271,0.0513412728905677,0.4285922944545746,-0.7932978033430276,-0.1516498173346003,-0.1337253004190236,-0.5742809159921872,-0.6946927905082703,1.3575079441070557,2.937335729598999,-3.633096974390745,1.0257780487328767,-0.6839310890741646,0.2919613420963287,0.0211871732026338,0.1726191412987187,-0.0277449246495962,-0.262770445535425,-0.0857936935490928,3291
1726744888916104000,-1.1305311664316802,-1.0009294386804104,-0.7017343106597661,-0.3348698506550863,3.418474565023184,9.185438255819678,-1.2662856578826904,0.5925469398498535,1.0608471632003784,-0.7882561379201576,-0.1314957360839816,-0.1199243527021023,-0.5890494943541565,-1.2388302087783811,1.0030114650726318,2.829838991165161,-2.404279986578226,-0.2133370457321405,-0.7582868034869432,0.3299072384834289,-0.1352277547121048,-0.7773824029706418,-0.111411266028881,-0.2888461496974341,0.193959030844178,3292
1726744888955870500,-0.5673164878636598,-0.9775257667392492,-0.1433808814525604,-0.7348300131190568,2.991348638138174,9.31033012537956,-1.276955008506775,2.580993890762329,2.120093584060669,-0.7683953544482973,-0.0964077247368706,-0.1265339118996602,-0.6198898179819198,-1.74051034450531,0.8485674262046814,2.6037325859069824,-1.247354515022039,-1.5902771410882472,-0.0771469525665044,0.3688174486160278,-0.2442856580018997,-1.09276791055277,-0.0686084330081939,-0.1090437549642752,0.4133864110743627,3293
1726744888995638000,1.3004947151876984,-0.1430173088371753,-0.2583247729718685,-1.5487434998251497,2.6219138527214527,9.321874432700872,-1.1772832870483398,2.622125625610352,1.5883331298828125,-0.7350731193779034,-0.0473580663627179,-0.1499129269627173,-0.6595079508692201,-1.5361257791519165,0.7209235429763794,2.441478967666626,-1.1522428666979074,-3.688165950661897,1.1560679779440164,0.3963755965232849,-0.3459634482860565,-1.4497953420780598,-0.007911367341876,-0.1658414090584032,0.3618172230850905,3294
1726744889035405600,1.6123688536480068,0.0093660864993929,-0.0290291106075048,-2.059635651285946,2.391569265826046,9.284863091167807,-0.1394141316413879,0.6206707954406738,0.5792441368103027,-0.7173460376388088,-0.0167863451909643,-0.1622404160265911,-0.6773557514142552,-1.827623963356018,0.6474466323852539,2.187270402908325,-0.9436895481109618,-4.339749159969389,1.7515794636785984,0.354105532169342,-0.3543244004249573,-1.5038083795554935,0.0292640589177608,-0.3189767004745081,0.209036973918043,3295
1726744889075172000,0.913830416420102,-1.0566238533735277,0.8050427094429731,-2.0302765780717134,2.6110592812299727,9.232049200347063,0.873634934425354,-0.3313656747341156,0.2662229239940643,-0.7117767099837559,-0.0249702665087246,-0.169330979034445,-0.6812322190801323,-1.825705409049988,0.4747154712677002,1.9758490324020384,-0.7729056959480046,-5.305665445196628,2.2682062132686376,0.3172223269939422,-0.2180679589509964,-1.1856735732652246,0.1219185590744018,-0.3987264924831688,0.2125188246844336,3296
1726744889114939600,0.8509313310451805,-0.4377200938746333,0.080665189820528,-1.9235336747951803,2.908536207155884,9.165741621702908,0.6585054993629456,-0.0808230265974998,-0.0384103581309318,-0.7116000692765985,-0.0402567511678279,-0.1762289071319599,-0.6789316037043177,-1.6729261875152588,0.3556366860866546,1.6556159257888794,-0.0594745177537202,-6.537324378436804,2.7149229758083817,0.2707023322582245,-0.1695619821548462,0.9776174636106938,0.1615102887153625,0.0603462179877562,0.1155593656696844,3297
1726744889155948300,1.7660311828792097,0.4711781268402933,-0.4239093029260635,-1.8966646648310124,3.0327360027983783,9.131022190499303,0.0520893260836601,-0.0759966447949409,-0.3917441666126251,-0.7150082139705808,-0.0469974814716884,-0.1795513364911432,-0.6740296025835741,-0.626426100730896,0.1268244534730911,1.2726750373840332,-0.9172048612892628,-8.424621057072281,3.795367849752307,0.234930619597435,-0.2504432499408722,1.2502072741046548,0.2118262350559234,0.237613171392586,0.1050456891709007,3298
1726744889195715600,1.2190949274823069,0.286580561119318,0.1842389615416526,-1.9099717440411448,3.0094869368970394,9.13593918863535,-0.0695508569478988,0.1282360553741455,-0.3614682555198669,-0.7202288294877804,-0.0470075057553001,-0.1788492117727581,-0.668635742928021,0.4702524542808532,-0.1738812774419784,0.4357460737228393,-0.8291746956586837,-9.703106623417138,3.717295599034428,0.2322403192520141,-0.1517191529273986,2.3506753837712107,0.1144020855426788,0.3752518011324107,-0.7257223583601414,3299
1726744889235479600,0.6919244259156286,0.394549352928996,0.1131803889781236,-2.050783359527588,2.887602140198648,9.144748518034817,-0.5471935272216797,0.461967796087265,-0.1076597347855568,-0.722368124443401,-0.0379251588848387,-0.1797477851875297,-0.6666608056285115,0.6800389885902405,-0.3591556847095489,-0.9000736474990845,-0.7387877377688884,-8.590483234924077,3.278471635571122,0.0080794431269168,-0.0715023502707481,0.1843358095122501,0.0661661028861999,0.0853937527123838,-0.8207049734771251,3300
1726744889275245800,0.8404916239649057,-0.3436155767664313,1.3984545925498009,-2.1962083140283823,2.700707111190259,9.168055159342288,-0.2862350940704345,0.3230513632297516,0.0864864215254783,-0.7208654423970406,-0.0251493050912226,-0.1786806755993558,-0.6691740403275387,0.8913632035255432,-0.5275858044624329,-2.141514301300049,-0.0702291360020637,-6.710262193763255,2.656005507415533,-0.1424451321363449,-0.0184708405286073,0.3180844643425196,0.386247456073761,0.7044489764459431,0.4793260697215795,3301
1726744889315013400,1.412022368522733,0.0379506682097911,0.8559697636038065,-2.211685723014921,2.6601649651825428,9.17618410526216,0.0312825329601764,-0.4091054201126098,-0.3320620656013489,-0.7224137963805204,-0.0234289813330206,-0.1777523570005877,-0.66781251906179,1.596402287483215,-0.6512844562530518,-2.8405888080596924,-1.2754583274781703,-6.131462773376703,1.6644436165392398,-0.1638697832822799,-0.2432010918855667,0.5943629732865839,0.4687524437904358,1.0915138188384472,-0.1203706840747036,3302
1726744889354780700,1.875159081596136,-0.9728414083153007,-0.0167693484932184,-1.9817009093426168,2.580397893245518,9.251204567193984,-0.4716367125511169,-1.1651941537857056,-1.084957242012024,-0.7331189800049419,-0.0307429502318951,-0.1654529909841414,-0.658951129239547,2.6180076599121094,-0.8783267736434937,-3.1154322624206543,-3.0818285350084302,-4.85867746450007,0.4705231700628995,-0.1525321751832962,-0.0895957648754119,0.2693978825848549,0.1226681470870971,0.581101779044792,-0.8475807054430246,3303
1726744889394547200,0.0103165190920233,-0.8630265502475202,1.0093506455451249,-1.7929492926821111,2.2353530143283304,9.378641445061564,-0.3624523282051086,-0.7187032699584961,-0.6366544961929321,-0.7502889466433419,-0.0271976114164225,-0.1451986773352461,-0.6443944326390234,2.9593281745910645,-1.1300723552703855,-3.138761520385742,-4.946441672670841,-2.9603385828465223,-0.83932725636065,-0.1428832113742828,0.0118001541122794,-0.2321859039131552,-0.262218713760376,0.4796948665013537,-0.5926231073493138,3304
1726744889434314800,0.8088552534684539,-0.6379246863111854,2.415355507344007,-1.5339992274187504,2.2816937636122105,9.413347432261704,0.4932259023189544,-0.7725444436073303,-0.2951619029045105,-0.7565034372710542,-0.0388496232102658,-0.1361747790304459,-0.6384745610664709,2.6041574478149414,-1.402629256248474,-3.135572671890259,-4.975761875179409,-1.2511036384224892,-1.861303574723005,-0.1339917033910751,0.2027662545442581,-1.2775028389178216,-0.4325486123561859,0.1127885766489431,-0.0690180340460967,3305
1726744889474082000,2.104578078079224,0.3774164318203926,2.5221026484042404,-1.2332383113861085,2.5650574085116387,9.38456148276031,1.380106806755066,-1.1064659357070925,-0.9150527119636536,-0.7655268609829631,-0.062062236002791,-0.1329241034090572,-0.6264568784564898,1.9104124307632449,-1.4323811531066897,-3.1489956378936768,-4.371868345546722,0.1386924313753843,-2.939488102519512,-0.1369097977876663,0.3524864614009857,-1.4117735083281993,-0.323899507522583,0.1678393962088972,0.5794091863153502,3306
1726744889513848600,1.869959174865484,0.390034213592112,2.9863872163385152,-0.8709786782957613,3.2683059231266376,9.204887637177109,2.653339385986328,-1.6920274496078491,-1.6235463619232178,-0.7811563055421854,-0.1068358643685245,-0.1388071858846609,-0.5992608918627058,1.5495644807815552,-1.421459436416626,-3.1158668994903564,-3.5763042430669065,1.1556737179294228,-3.98333547642827,-0.1226120069622993,0.3383878469467163,-1.696506395754218,-0.0821905061602592,0.273564391147159,0.9901149800036102,3307
1726744889553616000,1.6213380497843026,-0.1425394621923565,2.396407645767927,-0.4734680644083768,4.324611504331231,8.788853597670792,3.424166440963745,-2.1805334091186523,-2.367398500442505,-0.8013461817573289,-0.1722794107053179,-0.1490401960531491,-0.5531284267314078,1.2688223123550415,-1.3125088214874268,-3.0335001945495605,-2.866926139655709,2.2846160807996987,-4.807857085584104,-0.0936559587717056,0.1956128627061844,-1.0964346163667738,0.127235859632492,0.647734644120559,1.0920825586371123,3308
1726744889593383400,0.6550514699399471,-1.4529431385844944,2.6814883237183094,-0.1857880541471764,5.5422395741313695,8.088229294079541,4.125238418579102,-2.557235717773437,-2.854891538619995,-0.8203576115865515,-0.248993839763351,-0.160053574451886,-0.489283643529581,0.3080808520317077,-1.23872709274292,-2.84678316116333,-2.824241428661346,3.50524157885015,-5.6274277943342925,-0.0294905677437782,0.059763491153717,-0.8779295934122056,0.2529634237289428,0.802125579887256,0.9423259316075592,3309
1726744889633149700,0.1469673159714322,-2.576042912906408,3.62049935862422,-0.1204814053070265,6.904759514468908,6.962769804888963,4.979160785675049,-3.0732007026672363,-3.4319605827331543,-0.8307245711455047,-0.3391308869724556,-0.1731697679180486,-0.4060778431295511,-1.160038709640503,-0.8512759208679199,-2.39951229095459,-2.337114914321899,5.176123119482398,-5.751352864688634,0.0566534362733364,0.1561547815799713,0.5141003729175776,0.2009196728467941,0.7730291031319647,0.4979684820776805,3310
1726744889672917200,0.2809785033285618,-2.9204934791922565,3.20814605345726,-0.3906627572866156,8.13446614459753,5.463353084421158,5.071333408355713,-4.145895481109619,-4.32682466506958,-0.8318176243974228,-0.4355864889201095,-0.1780756548576322,-0.2943346805446676,-1.1570838689804075,-0.431923896074295,-1.3098896741867063,-4.076447475367784,5.630500041386485,-5.041137725931406,0.112279325723648,-0.0014737471938133,1.6089787728182972,0.0411397702991962,1.2283863413102925,0.3430287533218041,3311
1726744889712683500,-0.5070535962112248,-3.340201823297143,3.792896783463657,-1.1763692268904298,8.920187482976912,3.9008699591875073,4.60457706451416,-3.0809226036071777,-4.22252893447876,-0.8184648576426737,-0.5180016359832598,-0.1810670936831972,-0.1703062500760586,-0.9166406393051147,-0.4297381937503814,-0.226840004324913,-3.0366964308619497,5.886783079397678,-4.86170558014959,0.2421270161867141,-0.0275134537369012,1.1960721446175129,0.0251063369214534,0.9989359998408704,0.4416469119295477,3312
1726744889752450800,-0.7697763118810951,-2.627959562626481,1.9149626841962333,-2.333258823415637,9.178494720292091,2.5458836292251945,3.7764852046966553,-2.2314815521240234,-3.985734462738037,-0.7912580606922236,-0.5764283101642715,-0.1947471646633631,-0.0609480269144982,-1.5805097818374634,0.6213275790214539,0.5784537196159363,-1.7544266698032616,7.926713620999455,-3.9801553850874303,0.2853478789329529,-0.3218773901462555,1.3184709552526472,-0.1275062710046768,0.9171063693508504,0.1592296993010677,3313
1726744889792218000,-0.4425017751932144,-2.613098678103089,0.9274122209183872,-3.563296585194766,8.998284868136048,1.582459160813689,2.890819311141968,-1.7812800407409668,-3.746059656143189,-0.7611969778982767,-0.6125200886606236,-0.2100861241754051,0.0355264082489584,-1.2808748483657837,0.6006366014480591,1.7076551914215088,-4.6521308095604175,5.914016538760066,-2.2423434577375647,0.3199512660503387,-0.2585013806819916,0.947317164023593,-0.0268074944615364,0.4350982574710622,0.6150922383867203,3314
1726744889831984600,-0.2861982838034629,-3.3383003735899925,0.7736321835916489,-4.734591942887008,8.53027572672069,0.9941865402914584,2.1886706352233887,-1.7956355810165403,-3.358456611633301,-0.7319598013268476,-0.6316380707301322,-0.2243745587498641,0.1221646546461836,-1.9097830057144165,0.8707563281059265,2.4391353130340576,-4.193554097878932,5.561337657833099,-2.3233766040876507,0.2836088538169861,-0.0285842008888721,0.8218124232623726,0.3064012229442596,-0.0460364599745255,0.7725257567197084,3315
1726744889871747300,-0.2819166609615087,-2.474763974124193,1.5351508816719055,-5.683535466003417,7.962423232284188,0.6838253636773676,1.670849084854126,-1.1540380716323853,-2.689321517944336,-0.7050784010200308,-0.6404011136637249,-0.234565602781769,0.1942415764539121,-1.7340383529663086,0.6080356240272522,3.0266828536987305,-5.470340459090471,3.352045990347862,-0.993380338475108,0.2762167751789093,0.2921558022499084,-0.0045163785917888,0.4222601652145386,-0.5219625211274251,0.4425298322439193,3316
1726744889911514600,-0.3413730585366487,-1.9027181196510792,0.818724613314867,-6.387531876376271,7.428087807524204,0.4397273785764351,1.0502372980117798,-0.3731214702129364,-2.005490779876709,-0.6809038797992516,-0.644771592952791,-0.2486960719860007,0.2424662678525092,-1.5572912693023682,0.5864174962043762,3.3129382133483887,-4.141856059345603,2.0368933658629653,0.087160981580615,0.2782994508743286,0.1814596354961395,-0.2390203165104612,0.2620247900485992,-0.246805636624433,0.1445850148116238,3317
1726744889951281200,0.2027379103064537,-1.4936001431435346,0.3232201467305421,-6.875527574765682,6.989190778824686,0.2207124698709696,0.8287497758865356,-0.0220923479646444,-1.4669345617294312,-0.6613332329775369,-0.6473446070181962,-0.2639919619725393,0.2718300274249786,-1.3716955184936523,0.3992411196231842,3.4041965007781982,-3.1729893998801706,0.5199903808042406,0.5989917290657758,0.263687402009964,0.1084289774298667,-1.2127975809037683,0.1916339248418808,-0.2683397701003588,0.2246868351283483,3318
1726744889991048400,1.269244859790802,-0.7999807498782873,-0.2767722838103771,-7.300238841724395,6.548010023102164,0.0214902966174879,0.9674739837646484,-0.3455558121204376,-1.4950578212738037,-0.6416164000164177,-0.6496004131123455,-0.2773510466403257,0.2990386369934883,-1.3426122665405271,0.2861676514148712,3.4422194957733154,-2.3465198715269566,-0.7267793200671673,0.5939367472311482,0.193484291434288,-0.0099914837628602,-1.2122459383703768,0.1618286371231079,-0.1730750683726742,0.2226537035992369,3319
1726744890030815700,0.682967066347599,-1.5424638350337745,-0.848680191117525,-7.611937477487325,6.181528826794028,-0.1323442039929795,0.8218907713890076,-0.2503302991390228,-1.1471834182739258,-0.6226663434634294,-0.6534734162320953,-0.282347606646388,0.3248677701293153,-1.362218141555786,0.1246204078197479,3.551878929138184,-2.616618668922782,-1.9674490966282785,0.3297662073731422,0.1188723817467689,-0.0675756409764289,-1.4361493863023818,0.143360748887062,-0.2787916973413899,0.2156751150245778,3320
1726744890070582300,0.9216361217349768,-0.7403986800968646,-1.8391279832720755,-7.878137513878941,5.832715973645448,-0.2911133457107469,-0.1132509186863899,0.7599063515663147,-1.0752469301223757,-0.6089015204394598,-0.6532615601618658,-0.296802937548862,0.3382251362878601,-1.0701072216033936,0.0084590259939432,3.629316806793213,-2.517168699133396,-4.087568004319071,0.6099690501540899,0.0267344266176223,-0.0763094052672386,-1.131668572963774,0.1584337204694748,-0.3092255967129022,0.2255798201790079,3321
1726744890110349600,-0.2233516592681407,-0.5381786561846733,-2.23994750251174,-8.07674636155665,5.545051708942651,-0.4346755385469645,-1.024394989013672,0.9273704886436462,-0.7770663499832153,-0.6055080320653319,-0.6456346591821337,-0.3245276134147999,0.3334631627172579,-0.9853816032409668,-0.122085191309452,3.4154109954833984,-2.491234047409892,-5.770175638580322,0.8930354656726122,-0.047529436647892,-0.1100591495633125,-0.8494885848909616,0.1764035075902938,-0.2055798740004189,0.2866686229952611,3322
1726744890150117000,0.8934592440426349,-0.4438543588459491,-0.3159422646820545,-8.22555219066739,5.316952562886476,-0.4906040907895192,-0.8515965938568115,0.668571949005127,-0.8171338438987732,-0.6077139269988822,-0.633858959184184,-0.351050803978515,0.3250691451258588,-1.3377516269683838,-0.3422775268554687,2.758635997772217,-1.6640139929503202,-7.060211357465386,0.869288679382205,-0.0491282977163791,0.0328464731574058,-0.1036786842671688,0.1983116120100021,-0.3140676664492115,0.2776135569401085,3323
1726744890189883400,0.6034510465621948,-0.0734451754391193,0.3170505547175183,-8.415729894608258,5.017770294347405,-0.4096762679774314,-0.0954300463199615,-0.5754230618476868,-1.0152724981307983,-0.6074529345761229,-0.621548800500327,-0.3668307048483768,0.3318330323435119,-1.2969211339950562,-0.3592296242713928,1.8111162185668943,-0.5817787284582853,-8.539169227272271,1.0858329967230558,-0.0488260127604007,0.0514356382191181,0.9247830414585768,0.1686658859252929,-0.15702006042758,0.2014322345353663,3324
1726744890229651000,0.4639648344606161,-0.0678553926080465,0.720960989177227,-8.636573370447755,4.643624262499809,-0.1294435780474916,0.5841076970100403,-1.2278201580047607,-1.1632963418960571,-0.6036543723133879,-0.6102096189730589,-0.3663932401931097,0.3591680911789538,-0.1147902607917785,-0.2327194958925247,0.7877337336540222,-0.3213549373805522,-10.427386527884003,1.5733856275200844,-0.0723303630948066,0.2224775105714798,0.7046878997683524,0.2460813820362091,-0.1399270146716386,0.1306433092260733,3325
1726744890269508900,-1.2044126143962144,0.1669122714266181,0.741289491456747,-8.83507349705398,4.251736529995501,0.1860149947708472,0.8258480429649353,-1.3298200368881226,-1.0646820068359375,-0.5957225440944027,-0.601113145303464,-0.3594146088521724,0.3931905328125996,0.3926354050636291,-0.0352409966289997,-0.3628067672252655,-0.0200526079475879,-9.838196646386384,1.4514859255135055,-0.156931921839714,0.165976345539093,2.3238554736457764,0.1735034137964248,0.7630419621247798,-0.5616531648723408,3326
1726744890309279700,-1.9400217221289875,-0.0071592241048812,0.7721504936665297,-8.968858282643556,3.93484646306932,0.4969258046243339,0.9543961882591248,-1.1875512599945068,-0.7705588340759277,-0.5865450168593375,-0.5946340336913798,-0.3479571819581442,0.4257946080736449,0.4193679690361023,-0.1373322010040283,-1.4672070741653442,-0.5744178443014621,-8.751348335140943,1.089539961482212,-0.2719187438488006,-0.0099739031866192,1.166054607494548,-0.000405425322242,0.9253551422581076,-0.7136249472007155,3327
1726744890349050600,-1.1721931833148005,-0.5486883597612381,0.1841997985750436,-9.043715662968156,3.728038526844978,0.6952202525906265,0.9093287587165833,-0.7062655091285706,-0.5179491639137268,-0.5761391195812782,-0.593006563547753,-0.3360012596169853,0.4511209816513069,0.9243016839027404,-0.1136167645454406,-2.4828813076019287,-0.0544411997616291,-7.640442271959781,0.4994944130033254,-0.2784366905689239,-0.0201772134751081,0.9989978130307048,-0.0259138699620962,1.1943370644532143,-0.3352692983014509,3328
1726744890388820500,-1.4619722482144832,-0.4317681997328996,-0.7051010836791247,-9.065781948825716,3.6578055914506313,0.7761790915954858,0.7286918759346008,-0.4196765720844269,0.0786285027861595,-0.5679076646211237,-0.595395382831377,-0.3254692293131804,0.4658917316796177,1.8326795101165767,-0.1494846940040588,-3.169795274734497,-1.6717361116349696,-6.320631592535972,-0.0264724118620157,-0.2650018036365509,-0.0771917477250099,-0.1193684025638271,-0.1350015252828598,0.8736559346809982,-0.5075178892547264,3329
1726744890428591400,0.2086591170489788,-0.0309811214581131,-1.2032259618949144,-9.012887978506088,3.792721134635806,0.7439881559561937,0.4785367846488952,0.2093601077795028,0.4531013369560241,-0.5644442730551248,-0.6029786470573819,-0.3138214636209964,0.4683327852477876,2.5075719356536865,-0.2525531351566314,-3.617377281188965,-3.536649693548679,-4.401933228942752,-0.8907061459422111,-0.2258093357086181,0.1908216476440429,-0.3406154085697606,-0.3839711248874664,0.3443117058044299,-0.7403568137165158,3330
1726744890468362000,1.2674135527104138,-0.2793453491687774,-1.4055834215164185,-8.95100406152308,3.9721018424913286,0.5218238067764789,0.2648872137069702,0.5535994172096252,0.474334567785263,-0.5617260568736024,-0.6141788389441696,-0.3101269793960303,0.4594228595163164,2.8509371280670166,-0.4916838705539703,-3.83463716506958,-5.450978756016492,-2.576180860072374,-1.5755116797633468,-0.1747480481863021,0.4441364705562591,-1.1028492326494306,-0.6197754144668579,0.1125569324506912,-0.4384899457359686,3331
1726744890508132000,1.2943313702523709,-0.4197746873393654,-1.4050912540853022,-8.890534102991223,4.122556607852876,0.3651101271506399,0.2093298137187957,0.0843430757522583,0.3416797518730163,-0.5605307342908894,-0.6223592649026626,-0.3066814467126584,0.4521290848482827,2.6773760318756104,-0.6505836248397827,-3.875535011291504,-5.646543998214602,-0.6135410634219646,-2.433127895399928,-0.0978688672184944,0.5165290832519531,-1.2645393124483526,-0.5479915738105774,0.442760535727255,0.5093289572646841,3332
1726744890547903000,1.24683078340888,-0.8556947460547089,-0.879848724906519,-8.842882124978303,4.224186259768903,0.3606063859906047,0.0281254686415195,-0.1340225338935852,0.2294481098651886,-0.5616441995031126,-0.6251562387224875,-0.3013202098137099,0.4504902329394494,2.411947011947632,-0.7274987101554871,-3.753981828689575,-4.850027125054598,0.980810195237398,-3.1833512194186446,-0.0203658193349838,0.3524467051029205,-1.2146735308434813,-0.2426995933055877,0.7886150139942765,1.0298955670543015,3333
1726744890587673900,1.0118991609841586,-1.5040411653980612,-0.2169342299738898,-8.802930053818224,4.301515875425935,0.4192439779961481,-0.1700008660554886,-0.0965364873409271,0.2315007746219635,-0.5654769195862024,-0.624397731326775,-0.2979127035909268,0.4490115148433317,2.298823833465576,-0.7270866632461548,-3.453332662582397,-3.869824248060584,2.192094448968768,-3.8392104986101385,0.0289989337325096,0.2229193747043609,-1.5206690595939754,0.0381643548607826,0.7357724816009402,1.042164462323114,3334
1726744890627443700,1.021335097849369,-1.5906182096108794,0.4744972613256424,-8.769120138674975,4.365497641471028,0.4640297894556075,-0.1580947637557983,0.0399220362305641,0.1419856399297714,-0.5697737345669508,-0.6230712036439867,-0.2968557578979555,0.4461128809279153,2.1392126083374023,-0.7333909273147583,-3.008345127105713,-3.1994764247894287,3.1313024677515027,-4.56318528265059,0.0367281734943389,0.1689495295286178,-1.208168240602687,0.2183900624513626,0.7800705460760742,0.7666217203076928,3335
1726744890667214600,0.3827782511144876,-1.1023670751556751,0.9142980339318514,-8.756347750863432,4.393795515194535,0.4373783677648752,0.2053505778312683,0.0652579739689827,0.0081198019906878,-0.5700904508343148,-0.6241945253195949,-0.2967846076171039,0.4441811074088096,1.6993882656097412,-0.713239312171936,-2.4289915561676025,-2.9071324778378007,4.001750254040957,-5.330946601447463,0.0224855672568082,0.1549428552389145,-0.5266801972990856,0.2735427618026733,0.9049545976556838,0.4425393307246267,3336
1726744890706984400,-0.1914385176569223,-0.2693468099847436,0.4689601585298776,-8.775744525250792,4.359241795946658,0.3920544673733413,0.591646671295166,-0.2934999465942383,-0.2785584628582001,-0.5641983399112698,-0.627575307453119,-0.2935302686939082,0.4490762228955028,0.908941090106964,-0.460320770740509,-1.6091623306274414,-3.058173518654704,5.019485866093636,-5.82767739495635,0.0076330369338393,0.1092692911624908,1.28219625743106,0.1524912416934967,1.0543648224003612,0.0849025351293385,3337
1726744890746755300,-1.1387217063456774,0.3791518773108721,-0.1950140380561351,-8.839712262770533,4.222504005770385,0.4476021670721471,0.579779863357544,-0.5664080381393433,-0.5093053579330444,-0.5553498042900021,-0.6278492995373032,-0.2880692586504104,0.4630421278400422,0.0547921173274517,-0.3805197179317474,-0.5406843423843384,-4.205771189895272,5.558566439554095,-6.157364107352495,0.0092897368595004,-0.0358797311782836,1.3521888081982731,0.1187542527914047,1.1137198054276407,0.449094816782698,3338
1726744890786526200,-1.3138620001524686,0.2251879347845911,-0.17711601432655,-8.914615820324421,4.052501951634883,0.526519563377276,0.3955771028995514,-0.3161078989505768,-0.545112669467926,-0.5467873061626903,-0.6262649040135151,-0.2845122906520694,0.4773558188732529,-0.8727898001670837,0.0791074633598327,0.2341196835041046,-1.6016104360073804,6.565693563830852,-5.905556753450632,0.1210824623703956,0.0777668058872222,2.389428454405069,0.1193542033433914,0.6737151077471674,0.2778956800834276,3339
1726744890826296000,-1.472157542142272,0.2723375162333249,-0.5769102456390858,-9.007412761965394,3.82922920282185,0.6114765686402097,-0.1417555510997772,-0.128912016749382,-0.6181132197380066,-0.5409057039076589,-0.6211341320103976,-0.2881245590285691,0.4884645591490656,-1.0197862386703491,1.2520064115524292,1.0326883792877195,-2.4967922660589217,6.568796206021308,-4.1553357186436655,0.1604126840829849,0.017473142594099,0.922589623067528,-0.1054038926959037,0.0263276833288138,-0.1400473896482959,3340
1726744890866066000,-1.398868434047699,0.4487473915845155,0.1742535010349005,-9.093719172543286,3.62079688026607,0.603712437444739,-0.6135929822921753,0.4715368151664734,-0.4594109654426574,-0.5392766945281352,-0.6154682805193342,-0.3006959053204049,0.4898584551541992,-0.4912781417369842,1.3857477903366089,1.9681092500686648,-4.508713103228807,5.426540480330586,-3.394810780841112,0.1303936839103698,0.0982107520103454,-0.2296302646135911,-0.0328230299055576,-0.4535521249851211,0.6096261184679344,3341
1726744890905836800,-1.1689812355309723,0.3922930984348058,1.0921446640878916,-9.143593502780794,3.516539802455902,0.4461298294972628,-0.691889226436615,0.8127365112304688,-0.0418920554220676,-0.5408176362933074,-0.6134358385349771,-0.3177265816203757,0.4798568618776109,-0.8227537870407104,1.522144436836243,2.3272738456726074,-4.192631722337008,4.922804776495695,-2.892180115638673,0.1388222277164459,0.2249281257390976,0.79820380333364,0.1824734807014465,-0.4496455094680189,0.6655524787534028,3342
1726744890945606700,-0.3901607625812291,-0.173522044955194,0.9707347914248704,-9.134272716727851,3.557276886513829,0.2850239793270826,-0.6295719146728516,0.6056904196739197,0.273556649684906,-0.5458903663028669,-0.6136119978633824,-0.3300729269591169,0.4653342283318067,-1.5982056856155396,1.32522451877594,2.740845203399658,-5.015508194634318,3.654116966065765,-2.1337916053429247,0.1665391325950622,0.1953098326921463,0.6360054817516356,0.1704892814159393,-0.4372663952903822,0.2542532674829475,3343
1726744890985377500,0.5600684164315461,-0.3708852764859795,0.848404296785593,-9.101682114246486,3.646901627859473,0.1728721844780258,-0.544944167137146,0.5153575539588928,0.2673042416572571,-0.551972566974877,-0.6137870459404197,-0.338306716198618,0.4518189300914861,-1.932909369468689,1.122383713722229,3.0364878177642822,-4.487510740724206,1.9993875188112256,-0.907705796059966,0.1977843940258026,-0.0832852721214294,0.1352337788214907,-0.0064568696543574,-0.0411406644567148,0.0036316419213108,3344
1726744891025148700,1.2580465894281865,-0.3196320591107011,0.3850321675211191,-9.069428780895471,3.729723411192,0.0707638913327362,-0.3478510081768036,0.3655774593353271,0.1553961932659149,-0.5563534923812867,-0.6145864049705855,-0.344493246007358,0.4405436867573251,-1.867426514625549,0.8573643565177917,3.2206380367279053,-3.5077509313225743,0.5305100212529301,-0.2503413730025291,0.2512083649635315,-0.3048439919948578,-0.8402014819119125,-0.1463831663131714,0.114567340691341,0.132981698178919,3345
1726744891064918500,1.7352601970404389,-0.2537716397121548,-0.1467845524162054,-9.062714962470531,3.746612586672604,0.0222858309093513,-0.2503497898578644,0.1250028759241104,-0.0299343708902597,-0.5584538966029158,-0.614004737277208,-0.3490872691744452,0.4350466630002682,-1.8389101028442385,0.7954229116439819,3.3153858184814453,-2.479846391955018,-0.6681912297591567,0.1142809706311672,0.3011894822120666,-0.3897145688533783,-0.9901762086715548,-0.1355251222848892,0.1417632171228527,0.4192775880048051,3346
1726744891104689400,1.3460919526278972,-0.3813379891782998,-0.5721884778141975,-9.06380158866346,3.743844291003048,0.0390296910515753,-0.5064949989318848,0.1716254651546478,0.0481474734842777,-0.5620934069963491,-0.6108091475727682,-0.3534433828874167,0.4313246846404061,-1.6556226015090942,0.6955693364143372,3.4360461235046387,-2.845912577721476,-2.427469869638234,0.3321948592921718,0.3189349174499511,-0.3789881467819214,-1.3534334014318885,-0.0694272145628929,-0.028125181754434,0.4802628025824204,3347
1726744891144459300,0.8088140446752309,-0.537011658231914,-0.2645008312582969,-9.03858239173293,3.8044986661911007,0.0144565369396237,-0.7656125426292419,0.4617151319980621,0.2980905771255493,-0.5690619664543576,-0.6075319607571482,-0.3607878024889596,0.4206014848245709,-1.3353265523910522,0.6332465410232544,3.3855159282684326,-2.7843425489932296,-4.2503778088629245,0.5943629002213477,0.3070751428604126,-0.3066443502902984,-1.387582777662575,-0.0483765304088592,-0.0943547838085331,0.3450096614733338,3348
1726744891184230100,1.135818386119604,-0.5100836115568876,0.2493839261472225,-8.988651362872123,3.920923736178875,-0.0301643685649964,-0.683947741985321,0.4141022562980652,0.2991672158241272,-0.5775661426880628,-0.6049684641223219,-0.3681726663436243,0.4060535809115672,-0.9840587973594666,0.6059839129447937,2.986947536468506,-2.2408038270801303,-5.785040030235052,1.3601029423236846,0.2669237554073334,-0.2561821937561035,-1.2603807314641773,-0.1036143079400062,-0.1493606225824449,0.23811290107565,3349
1726744891224001000,0.8504518769651651,-0.0436976874291896,0.4366577253401279,-8.954524636864662,3.998021004384756,-0.051939889031765,-0.4512711763381958,0.1494874358177185,0.118350438773632,-0.5838464243059517,-0.6024132137783029,-0.3738268546505962,0.3955693970136273,-0.8354224562644958,0.5126889944076538,2.25330662727356,-1.144464633911848,-6.798455441001058,2.1571382863998414,0.2802683115005493,-0.0882401466369628,-0.161007723557949,-0.1631340533494949,-0.1127186532178893,0.2233298127625137,3350
1726744891263771000,0.1791296557039022,0.5729281902655958,0.5459136343508959,-8.950438244333863,4.007479153081775,0.0129826353120268,-0.1089335829019546,-0.1992540061473846,-0.0328311808407306,-0.5878643306854127,-0.598853922379128,-0.3751160480043324,0.3937988917715382,-0.675152599811554,0.4190635979175567,1.327710509300232,-0.7964648507118225,-7.848287150016427,2.5316695181727407,0.1563891470432281,-0.0201178696006536,0.6340837929740548,-0.1892365366220474,-0.225154251710698,0.1779972176078706,3351
1726744891303541800,-0.4330629157185554,0.3824614402502775,0.3977893577635288,-8.958492371451854,3.988751948519051,0.0752152629847172,0.0095104491338133,-0.0503182224929332,-0.084118366241455,-0.5889168925457188,-0.5969339169666008,-0.3739451664905651,0.3962471554931177,-0.2320652157068252,0.1444850265979766,0.4780844748020172,-0.5809276645869016,-8.951983135688304,3.2562884453356262,0.0340960621833801,0.1345067322254181,0.4948385134888812,-0.1233800202608108,-0.0028106078620097,0.0025641085879207,3352
1726744891343240700,-1.1415782648205757,0.7588824312925339,0.257870599463582,-8.985596651476621,3.927468335516751,0.0666934726892039,0.002097051590681,0.0323897749185562,-0.2466150224208831,-0.5874425947688656,-0.5957846681811769,-0.3763511768111465,0.397884067766408,0.465117871761322,0.1694722026586532,-0.4371086955070495,0.2097773074239492,-9.095304395908116,3.841612299054861,-0.0514477081596851,-0.0189906116575002,1.938213211402297,-0.2639943063259125,0.6057226447559892,-0.4591285368779674,3353
1726744891383008000,-2.0076783772945404,0.9681348380595444,0.60946519228518,-9.011035628637671,3.869050341078639,0.0454985491389641,0.3756640255451202,-0.0257011391222476,-0.0203151330351829,-0.5842848056207082,-0.5963687410165502,-0.3768614391602228,0.4011620917842914,0.5882651209831238,-0.3787908554077148,-1.2898119688034058,-1.2981547279328107,-8.368809738001227,3.8109260688900943,-0.0707905292510986,-0.0564689263701438,0.8202871133912354,-0.36953005194664,0.5568273521510884,-0.3468640571683645,3354
1726744891422776300,-0.496380664896965,0.1579626567736268,-0.1268190382301807,-9.003362025269865,3.8870407557994127,-0.0276072588275535,0.462370753288269,0.0119254980236291,0.0651719272136688,-0.5790953942911296,-0.602165658902303,-0.3725642195304722,0.4040308260937466,0.4824078977108001,-0.7560611367225647,-2.271204948425293,-0.4827426001667976,-6.995228305423259,2.8526456853687763,-0.0527669303119182,-0.0121760293841362,0.5384357362182811,-0.1772533357143402,0.9014882367193698,0.1631061388756148,3355
1726744891462543400,-0.0233574947118759,-0.2019391611441969,-0.6851952637910842,-8.98677270951867,3.924174846929312,-0.095763399364287,0.2084339708089828,0.1289610564708709,0.2310811430215835,-0.5755603795837448,-0.607181887986716,-0.3690700875038687,0.4047811202676789,1.082682967185974,-0.8958775401115417,-3.0275216102600098,-1.4638473944365975,-5.759657167175412,2.2392741332948205,-0.0654236376285553,-0.137832686305046,-0.2620548994109034,-0.1044654473662376,0.7240630468457937,-0.2477021836053579,3356
1726744891502311700,0.5003787946224212,-0.0856654823258519,-0.6946107423901557,-8.922131602782011,4.064379436433315,-0.2162336074238643,0.1015511900186538,0.3808589875698089,0.5085676908493042,-0.5749123956856702,-0.6139666688572184,-0.3661553971417841,0.3980587812075527,1.7283416986465454,-1.0509182214736938,-3.4274611473083496,-3.5126486402362582,-4.161181229801476,0.7762760491639376,-0.0770554840564727,0.0816672965884208,-0.1839513950382359,-0.215164229273796,0.3662247007964179,-0.6184047239355742,3357
1726744891542080000,0.9167693924814462,-0.2655468331798911,-0.5477379271686077,-8.82421951008439,4.2604219407543535,-0.3903401377361267,0.234545886516571,0.3971788287162781,0.605223536491394,-0.574423883605105,-0.6230079028038848,-0.3629916814390106,0.3874732313245632,2.250138282775879,-1.3014456033706665,-3.575995922088623,-5.661292654535174,-2.581147542569041,-0.5958815611559898,-0.1153644472360611,0.1709139198064804,-0.7022140570007264,-0.3432141244411468,0.3357163479492068,-0.4292142044011503,3358
1726744891581847300,1.168590190386772,-0.6561348812624812,-0.8703905762095003,-8.717359556299447,4.4597734234929085,-0.5371009804831818,0.2593080401420593,0.1679672598838806,0.5228639245033264,-0.5733646572197125,-0.6325626301762133,-0.3567198462618512,0.3793001460456427,2.272546768188477,-1.3687636852264404,-3.574146509170532,-5.211730439436435,-0.5100824425131082,-1.9645823090203105,-0.1492235511541366,0.2412086129188537,-1.129005783495307,-0.3173675537109375,0.4449893907578662,0.1091996031131129,3359
1726744891621615400,0.8812059116691351,-0.9683949503004552,-0.6928244434952735,-8.633032336840033,4.611172776228189,-0.6150082133650779,0.1145108863711357,0.1090396419167518,0.4141129851341247,-0.5734706448384026,-0.6388366148892978,-0.3510619202138897,0.3738646919519686,2.1524901390075684,-1.386030197143555,-3.4033467769622803,-4.771660275304317,0.8600742763131857,-2.887653870385885,-0.1933521926403045,0.2293909639120102,-1.3220721946150065,-0.1247503161430358,0.6354854764655232,0.5922272764321417,3360
1726744891661383700,0.4388531895577907,-1.490921279323101,-0.4800654168467968,-8.549360366418957,4.757210894191265,-0.6691515992239118,-0.029728764668107,0.1323621422052383,0.4374293386936188,-0.5750737931559782,-0.6433920401818649,-0.3466466799007164,0.3676586424983784,1.998792290687561,-1.371997356414795,-3.0772511959075928,-3.795302383300662,1.9729826192274689,-3.854802035495639,-0.2065970599651336,0.1533517241477966,-1.2037565616402774,0.0627832934260368,0.8910165270656347,0.8237454371515661,3361
1726744891701151000,0.575939939302206,-1.5882643399611114,-0.2794423067372292,-8.468425127485395,4.895255383051931,-0.7018808795236051,-0.1623951196670532,0.1733331680297851,0.3389844000339508,-0.5783086098011339,-0.6459952584700381,-0.3442035595527076,0.3602404883773846,1.6053565740585327,-1.3307619094848633,-2.658130407333374,-3.0266981839388607,3.0141777250617743,-4.909400520521402,-0.1612666249275207,0.1132126748561859,-1.0441555630750954,0.1541424393653869,0.894337488181889,0.7519861689727753,3362
1726744891740918800,0.1082733277142047,-1.1608540431767702,0.0153225837510079,-8.419446284782886,4.976463885968923,-0.7198160569258034,-0.0397160090506076,0.1004247888922691,0.2914588749408722,-0.5804186243214964,-0.6473038794435383,-0.3430715571958609,0.3555473463249857,1.0273481607437134,-1.225001335144043,-2.0772485733032227,-2.539713708418608,3.9414106438905,-5.569385939732194,-0.0943487659096717,0.0678430870175361,-0.5900633398639038,0.0750343054533004,0.9613332682859153,0.360413091908209,3363
1726744891780687400,-0.1022872390419244,-0.4338485131382942,0.0389209014814347,-8.374384907785057,5.048373522403836,-0.7443130039963871,0.2043136954307556,-0.0675474405288696,0.1057577133178711,-0.5806046447790778,-0.6500856479958735,-0.3396145614596522,0.3534811221629694,0.4530396461486816,-1.0021005868911743,-1.5015307664871216,-2.224077733206749,4.772880757009983,-5.931207327535748,-0.0453783385455608,0.0762607082724571,0.7555421809539199,-0.0069452421739697,1.0101158577639608,0.3046393283685669,3364
1726744891820454400,-0.5518482850968838,0.2759066068917513,-0.3732510557692498,-8.389297230234742,5.025602887669205,-0.730326052763313,0.2222645729780197,-0.2930996119976043,-0.1789400279521942,-0.578554953289844,-0.651087177234262,-0.3366329627726185,0.3578237264823354,-0.4015852510929107,-0.645667552947998,-0.5738306641578674,-2.9868846444666386,5.447556964874267,-6.2671583610236645,-0.0455436035990715,-0.0487161949276924,1.0033210830572992,0.0828667879104614,1.0215351504661143,0.5009465115077794,3365
1726744891860216600,-0.8116571591466665,0.4108323792099952,-0.2891034306604415,-8.446272916910052,4.937964351704716,-0.6688763624791055,0.1996375024318695,-0.2308654338121414,-0.3177964389324188,-0.5760809292080649,-0.6497018414359028,-0.334650149235503,0.3660979492134609,-1.068218231201172,-0.4142034947872162,0.23666512966156,-2.128282778793573,5.729124666267633,-6.316030820742249,0.0764098763465881,0.113451100885868,2.5288737499743696,0.1197854056954383,0.584496755245328,0.0598901128172874,3366
1726744891899984000,-1.115060844773054,1.0427297680556773,-0.5341700781304389,-8.54763894945383,4.767848608061671,-0.6131012837652117,0.0267070271074771,-0.250734806060791,-0.5815868973731995,-0.5725646843738262,-0.6459437438599143,-0.3376627700694664,0.3753802710919847,-1.3534877300262451,0.8074138760566711,0.8859513998031616,-2.0222885019272563,6.563513297182321,-5.0399306882292025,0.1220993995666503,0.0523630604147911,1.209628741609305,0.0622589811682701,0.2378042917842045,0.1029917431826237,3367
1726744891939752200,-1.4839321510881185,0.9098290718242524,-0.1773871959507465,-8.651920577183365,4.585462580910325,-0.5368327945336699,-0.1766688972711563,-0.1035309955477714,-0.4697522222995758,-0.5704757846611722,-0.6402710484119427,-0.3426716196261051,0.3836489504500358,-1.160863757133484,1.1530585289001465,1.8453854322433472,-4.781665536490083,5.542751615306734,-4.869850015899539,0.1091658398509025,-0.0845323130488395,0.2163429860824719,0.249081090092659,-0.0329972059543011,0.8132285731818526,3368
1726744891979520300,-0.8084253376185894,0.2034858060643077,0.1966085407059639,-8.712866921055316,4.472839533554017,-0.5000737472612411,-0.5108063817024231,0.2528809010982513,-0.2283472269773483,-0.5716769570650433,-0.6345405469111558,-0.3505067190864029,0.384303200858453,-0.8716646432876587,1.883114218711853,2.459148406982422,-3.947382119515538,4.705964106556773,-3.252375071284175,0.1996351480484008,0.0008103288710117,0.6146756204098462,0.4094175398349762,-0.2515406109907664,0.4250160220589488,3369
1726744892019287600,-0.4361228878110647,-0.4223366467818618,0.6608383097130804,-8.716908889922498,4.46195310561955,-0.5261645393945277,-0.7455039620399475,0.5373480319976807,0.0875143706798553,-0.5764135799357507,-0.6297303527914042,-0.3609246567781369,0.3753936652482963,-0.9866705536842346,1.646534442901611,2.986392974853516,-5.5483928360641,3.835446762162447,-2.1919369203194976,0.2617211639881134,0.1298096030950546,0.5050829902580007,0.297538548707962,-0.5339591753261164,0.0186620600547757,3370
1726744892059055900,-0.021190087544918,-0.4226496582537889,1.128640530379489,-8.672005333834885,4.539778395839035,-0.5975770034296438,-0.7115135192871094,0.6383797526359558,0.265770822763443,-0.5828519947876944,-0.6266142841163052,-0.3712445099286814,0.3602992019962879,-1.3903464078903198,1.680174708366394,3.4157087802886963,-4.760276711502671,1.895521193884313,-1.8738354317769408,0.2714274525642395,0.0246427450329065,0.027399504678254,0.0537343174219131,-0.2520219282343052,-0.1628873267594724,3371
1726744892098824000,0.5486018505215644,-0.3596881751671433,1.2051649671334772,-8.597907247444986,4.66491167293936,-0.6963971143502742,-0.3667439222335815,0.5035470724105835,0.3436503410339355,-0.5875933282260939,-0.6267524982824267,-0.3777402237419479,0.3452936183136237,-1.3987056016921997,1.362356662750244,3.567261219024658,-4.522293300291896,0.0285766906648874,-0.9105738988421856,0.2671259045600891,-0.1225435063242912,-0.8129776671607046,-0.0925169959664344,-0.1055751290056388,0.1104913325572386,3372
1726744892138591200,1.4620131647467611,-0.4574798563554882,0.5780992362279445,-8.533137545892595,4.768239945466816,-0.7872924601536244,-0.2136503458023071,0.3227672874927521,0.1824212670326233,-0.5897531095116975,-0.6284774102551587,-0.3809946058234696,0.3347394618984211,-1.6611268520355225,1.2989304065704346,3.482866048812866,-3.4154403118938204,-1.205126754014939,0.2584936997979879,0.2513461709022522,-0.2218794077634811,-1.0167175210513173,-0.1063262522220611,-0.0551181354753905,0.389478296742402,3373
1726744892179601400,1.5806190859049558,-0.4577651030376553,0.3159714907765388,-8.49148217794597,4.826435237064957,-0.8778604736987501,-0.2082978338003158,0.3737183809280395,0.0936981216073036,-0.5906979898622643,-0.6293942388144029,-0.3855143554149771,0.3260636171183835,-1.7706469297409058,1.0071831941604614,3.304903268814087,-3.612667934346199,-3.302946151614189,1.286992113405466,0.2613211870193481,-0.2202015668153762,-1.5614092123918235,-0.0256506353616714,-0.1204936346009373,0.5617291527180001,3374
1726744892219368700,1.5323165350288153,-0.44347968031466,0.1405949039958417,-8.462783322206139,4.8607820355638856,-0.9615076019395142,-0.2980561256408691,0.3943719863891601,0.0422653257846832,-0.5913267423790213,-0.6294914994724518,-0.3908499683579852,0.3182915542471837,-1.874935746192932,0.8194476962089539,2.9595391750335693,-2.409915362116694,-4.856768708269298,1.587892291778326,0.2482806146144867,-0.2039690613746643,-1.3245111121997235,0.0224829968065023,-0.1332362848613411,0.4349211108058691,3375
1726744892259137000,1.184211537888646,-0.3606450375005602,0.2670611102003604,-8.450612991940975,4.871171035370231,-1.0145008679151537,-0.2948062121868133,0.3608891069889068,-0.0311357527971267,-0.5919737072894362,-0.6286212379112368,-0.3956772545762222,0.3127969633225442,-1.5614005327224731,0.6405616998672485,2.4438297748565674,-1.8033850542396304,-6.432867394140362,2.4995488712906835,0.2354069352149963,-0.1713554263114929,-0.6671067224580794,-0.011499410495162,-0.1108146370943169,0.1752294881938956,3376
1726744892298905000,0.3391670729249715,-0.0268365689992904,0.3938810982786119,-8.452219842615722,4.858635086663067,-1.0602171286251396,-0.1222618073225021,0.1156727150082588,-0.0831216499209404,-0.5921705134414371,-0.6272385111995223,-0.4007840828253814,0.3086716996191533,-1.5018857717514038,0.3089037537574768,1.8105469942092896,-1.505852306473255,-7.324743168383836,2.72214415923357,0.2152575850486755,-0.0444078668951988,-0.0711755956724751,0.0107645774260163,-0.1573611289502121,0.1858913501248695,3377
1726744892338672400,-0.3220353208601474,0.4239817836403846,0.2877894254524261,-8.479348672559857,4.818870939290523,-1.0244551295660436,0.0984828174114227,-0.2887701094150543,-0.1380567997694015,-0.5924353970738576,-0.6254535920801303,-0.4012984923707142,0.3111070924947821,-1.4518897533416748,0.0810204148292541,1.1011489629745483,-0.7323626731574535,-8.418332186061143,2.799484588545561,0.0570629723370075,-0.0332786105573177,0.6633700932130218,0.0136852068826556,-0.1422543525075074,-0.1249564774950034,3378
1726744892378439200,-0.795727184087038,0.2209405064731836,0.3608815496701747,-8.509336983588337,4.778900747951865,-0.961078416742012,0.3552706837654114,-0.2802059650421142,-0.0337946787476539,-0.5914523389326656,-0.6255387028854106,-0.3971179846069137,0.3180923500633256,-0.5288175344467163,-0.1772283762693405,0.3597976565361023,-0.1833124943464994,-9.99540731574893,3.622542847150564,-0.0865212678909301,0.022386509925127,-0.0976882208138704,0.0740188881754875,-0.0011021925131732,-0.2134868659989908,3379
1726744892418207200,-0.48678515355587,0.6993541375249623,-0.0552373185753822,-8.528281922554969,4.744611817120015,-0.9630465750098228,0.4635643064975738,-0.2013023495674133,-0.1260194629430771,-0.5876974984115912,-0.628542215699057,-0.3924747037188558,0.3248229931640861,0.436949610710144,-0.0184523239731788,-0.6431471109390259,1.1169102720320223,-9.735595519089696,3.789200559294224,-0.2241339534521103,-0.082090251147747,1.5368231987982988,-0.0251934677362442,0.5913112210331485,-0.7019830247238278,3380
1726744892457974500,-0.9132944098472596,1.0784218436837196,-0.5297730852805078,-8.557567638272047,4.692202123185992,-0.9600182401645928,0.5528621077537537,-0.3695765435695648,-0.0228630620986223,-0.5829192491100691,-0.6318314731693104,-0.386957744407775,0.3335532108734009,1.0274349451065063,-0.4173860847949981,-1.5985403060913086,-0.7148433830797671,-8.902415094920991,3.5893525252103804,-0.2222464829683303,0.0467682145535945,0.8345163489475845,-0.0012492048554122,0.4551441799495369,-0.2355678014364093,3381
1726744892497742600,0.2767991718173027,0.6915639220401645,-1.2222305220942944,-8.580638132736086,4.656483744072914,-0.9274632204532622,0.228085771203041,-0.2729834914207458,-0.1219289898872375,-0.5794890777393852,-0.6343169577027924,-0.3806960204741876,0.3419136272823146,1.244599461555481,-0.636925220489502,-2.5423295497894287,-1.4078507819265127,-7.401219674342871,2.713674437052011,-0.1848884969949722,-0.0749963372945785,1.0190125731859356,0.1626323014497757,0.7717217468604445,0.1676963344763964,3382
1726744892537509600,-0.1823398499220609,0.27408114503026,-1.0628186163604258,-8.598095463493467,4.631937039576471,-0.8878571131866425,-0.319068044424057,0.1906363368034362,0.0475897677242755,-0.5804749757874104,-0.6323187926280751,-0.3813673522313511,0.3431918414218572,1.6551132202148438,-1.1007814407348633,-3.2224578857421875,-3.720738432964682,-5.77970802155733,1.5436732108235358,-0.0848115608096122,-0.1494285464286804,0.4115328556295484,0.0585615709424018,0.6613285043828189,-0.4331638188097625,3383
1726744892577278000,-0.1069435404151678,0.1495619081750512,-0.3007363661132752,-8.54614900315702,4.71814846534729,-0.9342229238465428,-0.3775456845760345,0.3936665058135986,0.3439729809761047,-0.5841388129388506,-0.6317623169413398,-0.3853679906454478,0.3333911089089358,1.909976959228516,-1.3365525007247925,-3.721961736679077,-5.558465317267179,-3.8403219669833777,-0.0077689169684424,-0.0695367604494094,-0.0352958887815475,0.2634235574156046,-0.1694031804800033,0.3695066450765356,-0.749241254178807,3384
1726744892617046000,0.2733662747591733,-0.1351733173385262,0.2034276461362838,-8.444177990457415,4.883473467582464,-1.0089262826532124,0.0248767863959074,0.1907185763120651,0.5753390192985535,-0.5871581207317608,-0.6351614488914772,-0.3847217942703352,0.3221869759121767,1.858325242996216,-1.6794570684432983,-3.973728656768799,-7.1762693477064365,-1.8041335345193743,-1.4129415291942655,-0.1136919856071472,-0.0157299526035785,-0.3288911415716633,-0.2323455214500427,0.4693719907337799,-0.2905554926322773,3385
1726744892656813300,0.6836871973156928,-0.3664215750753879,-0.034643297227472,-8.325977727490663,5.075666602998972,-1.0421486071668564,0.412597119808197,-0.2657294571399688,0.5867807269096375,-0.5882339637634256,-0.6423295896425302,-0.3748966412319418,0.3175624977986201,1.5180312395095823,-1.651999831199646,-3.979464530944824,-6.807630681103468,-0.0194447051823139,-2.468881638087332,-0.1747015714645385,-0.0067910035140812,-1.1729052771069108,-0.1711310744285583,0.2729940439132973,0.0227738222055602,3386
1726744892696581600,0.9915800110548734,-0.9493898055791854,-0.4540883142210543,-8.231048449996113,5.232167662787437,-1.0220863546080887,0.2957399785518646,-0.2302867323160171,0.471912533044815,-0.5886784468019312,-0.6489117527674989,-0.3619743635250859,0.3183486417784308,1.5509586334228516,-1.5377888679504397,-3.8055498600006095,-5.511014999306202,1.2785820124566554,-3.344147930574417,-0.2039210051298141,0.0635555461049079,-1.713544916577637,-0.0404622852802276,0.3186890791721641,0.3932230362286791,3387
1726744892736349700,1.1126350789308548,-1.428908183002472,-0.3949168710671365,-8.142009984105824,5.366472088336944,-1.038760352968052,-0.1033936291933059,0.1873102486133575,0.3662766516208648,-0.5902143469490412,-0.6529636510893048,-0.3558096537815188,0.3141415579070412,1.800191879272461,-1.341594099998474,-3.495967626571656,-4.122955544042587,2.5665871022969484,-4.136725710719824,-0.2014320492744445,0.0205451603978872,-1.2293665845192967,0.0257552061229944,0.7661445312499999,0.5143340355429799,3388
1726744892776116700,0.8881593840688466,-1.3977040664434432,-0.1882102032601833,-8.069866538915038,5.470390727972984,-1.059467698497325,-0.2719189524650574,0.2415506392717361,0.2303543388843536,-0.5934261119920334,-0.6537164830161126,-0.3559109147806359,0.3063129843014371,1.874123334884644,-1.236424684524536,-3.1443819999694824,-3.734706168040633,3.3493297171264884,-4.937032039290666,-0.1819164752960205,-0.0009684999240562,-1.4413221127651632,0.1211955025792121,0.7709813768219203,0.6834703396946191,3389
1726744892815885000,0.2739543037801981,-0.9309346959561108,0.3215152425087988,-8.018297679719328,5.5396226696312425,-1.0908015789158645,-0.0979029610753059,0.1879345476627349,0.1380542367696762,-0.595565757028646,-0.6540383588944964,-0.3575601036321773,0.2994760765292045,1.5885525941848757,-1.1228456497192385,-2.4902150630950928,-3.357563876986504,4.448052006039023,-5.81549829686284,-0.1234428808093071,0.0454576089978218,-0.9469629437584428,0.116546407341957,0.8552835349053144,0.3017364100012928,3390
1726744892855648300,0.0977022493392229,-0.3662859659969806,0.1968668263159692,-8.006350052294135,5.549284231945872,-1.1288101878579706,0.1481647193431854,-0.0300765298306942,-0.0939885824918747,-0.5945824004167566,-0.6553400852916679,-0.3578863988689355,0.2981921941326609,0.927766740322113,-0.9195956587791444,-1.6147842407226562,-2.9726801780253647,5.571472682878375,-6.103793845206499,-0.1195084750652313,0.0162241626530885,0.6290395882617682,0.0505170486867427,1.0880033995646985,0.2658911348392255,3391
1726744892895416300,-0.4832698389112949,0.0169072956591844,-0.2337514727294445,-8.058194221299885,5.4726978358715765,-1.1337865880310534,0.1566073894500732,-0.1414467245340347,-0.3058675229549408,-0.5917596565490991,-0.6552475004116488,-0.358410016837721,0.303337250398458,-0.0984131544828414,-0.7309017181396484,-0.6401636004447937,-3.3354519984215494,5.886670266672969,-6.207197521057725,-0.0927961841225624,-0.1475366204977035,0.9112712334565818,0.145236074924469,1.0845207450807095,0.4499470131652429,3392
1726744892935184400,-1.093805290776491,0.1867518211454153,-0.4046376162230968,-8.129706967371702,5.368842909121513,-1.119720434081927,0.0409524142742157,0.0117830727249383,-0.3108080625534057,-0.5893954112506484,-0.6535112180967275,-0.3605730757718812,0.3090682714814286,-1.4417699575424194,-0.6747451424598694,0.1934776455163955,-3.109672819745541,6.274149827346205,-6.807332574939728,0.1133096441626548,0.2621426880359649,1.5613376084603368,0.1569089293479919,0.2766513608444482,0.1240076340712606,3393
1726744892974951700,-1.2734592626154422,1.0155231967002152,-0.7059387766122818,-8.22493727363944,5.221222490403056,-1.1223333930592982,-0.1258538663387298,0.0561672858893871,-0.5131317377090454,-0.5869641194455972,-0.6497650843768488,-0.3674621254834362,0.3134486936129349,-2.0606768131256104,0.5315818190574646,0.7486825585365295,-1.7200106054604052,6.822381675511598,-4.968215697583556,0.0981531590223312,0.0322946012020111,0.508896374533698,0.047243520617485,0.1155212621490005,0.1377200792118907,3394
1726744893014720000,-1.4198878412008284,1.034623033967614,-0.4321276806950569,-8.31763017038405,5.073583951506018,-1.1163227544676513,-0.2499052584171295,0.1372437924146652,-0.4199342727661133,-0.5855903005804451,-0.6447982070388809,-0.3757018681688448,0.3164924045166566,-1.2134861946105957,0.8771877884864807,1.7215126752853394,-4.834530865237117,5.68276623519659,-3.435855907934904,0.0855071246623992,-0.1443125307559967,1.2490804620318114,0.1619434207677841,0.2206141605956479,0.6615590982683003,3395
1726744893054487000,-0.8045067028701305,0.3060813804030418,-0.2604408883430064,-8.377257832872868,4.976574945127964,-1.107096953221783,-0.5147059559822083,0.2993464469909668,-0.2335676848888397,-0.5868145400982782,-0.6389826188100621,-0.3848992686427827,0.3149644300660316,-1.08672297000885,1.409882664680481,2.6083569526672363,-4.711316573500633,5.145808645239472,-3.0221292685881256,0.1973892450332641,0.0211914405226707,0.0475944528391351,0.4452075064182281,-0.4924826710777357,0.7553435896418988,3396
1726744893094255000,-0.091170801743865,-0.1894084731340408,0.2518858990307897,-8.378764730304479,4.9662885289132594,-1.141331596583128,-0.7829608917236328,0.6378101110458374,-0.0276713576167821,-0.5904373296733966,-0.6335714801371306,-0.3959531498610383,0.30527351389571,-1.0709391832351685,1.6379892826080322,3.4143965244293213,-5.232409654849767,3.776653796932101,-1.7340052285432814,0.3111718595027923,0.1683417856693267,0.3775849933203309,0.3475533425807953,-0.672722443448007,0.1133768431319855,3397
1726744893134023400,0.0573854365199804,-0.0926730230003595,0.7535644511401652,-8.341323180660606,5.014402863740921,-1.2035242872543632,-0.8600738048553467,0.6926462650299072,0.0960054248571395,-0.5957189679281762,-0.627819481059674,-0.4089075187117332,0.2894067013627299,-0.8460290431976318,1.724255084991455,4.060076713562012,-5.7476914195716375,2.0558347976982594,-0.9747481187194584,0.3881758153438568,0.0408459082245826,0.2319065755151212,0.0592944286763668,-0.2594569188069552,-0.1851136072180234,3398
1726744893173790500,0.2758095762580633,-0.0664648150324821,1.319412181625515,-8.256430728533864,5.125113063213229,-1.317167763699591,-0.6113593578338623,0.8771253824234009,0.3375567197799682,-0.5996973816680711,-0.6251770547065314,-0.4198934616003666,0.2705662537076816,-0.792680561542511,1.4713594913482666,4.283893585205078,-5.139834831526875,0.4286094434410333,-0.6607349224038421,0.4371803104877472,-0.0689260363578796,-0.9097509650867432,-0.1112065017223358,-0.1360383275368716,0.010153311903926,3399
1726744893213558800,1.3022504728138449,-0.2966957124203443,0.5348243773207069,-8.145778396728634,5.261822211816907,-1.459435277082771,-0.4169200360774994,0.5280309319496155,0.2606840431690216,-0.6012636194680301,-0.6260329929406946,-0.4271922045422222,0.2531240058457047,-1.3596423864364624,1.4037706851959229,4.088222026824951,-3.759558869746327,-0.5967791675828397,-0.2983312777329236,0.3871837556362152,-0.170646920800209,-1.298034170293063,-0.0753897055983543,-0.0809964310688897,0.3185712614787742,3400
1726744893253326800,1.8106226042777296,-0.7838964610397815,0.18312486281991,-8.09884421159625,5.325846647959947,-1.4881138206869362,-0.4201897382736206,0.2552598416805267,0.0161223858594894,-0.6039498769778536,-0.6239002527057643,-0.4319967208816704,0.2436635660934461,-1.5411356687545776,1.1316789388656616,3.7651522159576416,-4.228337826490402,-2.6190491109400984,0.7503186010867356,0.2786282300949096,-0.1454435288906097,-1.6850352997995912,0.0482956767082214,-0.3303409019885585,0.4393770673014223,3401
1726744893293094100,1.1708803471505642,-0.7162801378846169,0.4109128971002995,-8.079799319386481,5.353101150110364,-1.493840089379251,-0.4042229950428009,0.3983951807022095,-0.0098476223647594,-0.6067561854480183,-0.6200822024385372,-0.4377930006184927,0.23597113732323,-1.4368045330047607,0.9387914538383484,3.2874233722686768,-3.4980239025563,-4.683365028996765,1.1895295180410146,0.1843282580375671,-0.1374891102313995,-1.5620767363898456,0.0772850736975669,-0.2532713985724374,0.2946460498815402,3402
1726744893332862200,0.8775023809760808,-0.7198708558529615,0.4759424186326563,-8.04783590889275,5.396344664031266,-1.510686594761908,-0.3622627854347229,0.2308059781789779,0.0671232119202613,-0.6092927167204529,-0.6169901381249997,-0.4431103153688295,0.2274615965017249,-1.145909547805786,0.8181723356246948,2.7089290618896484,-2.494462361806631,-5.933630170768499,2.0736802509903907,0.1292649805545807,-0.0978901609778404,-1.1330030364379289,-0.0311111994087696,-0.2362459564263,-0.009180755956922,3403
1726744893372629500,0.840159031009674,-0.3018500264436006,0.8450256141327321,-8.025458657389878,5.42888382858634,-1.5131578071810303,-0.1110018938779831,0.0484979674220085,0.0144421216100454,-0.6110335310616635,-0.6152503704293697,-0.4456641781107575,0.2224602426887077,-1.0515073537826538,0.6202401518821716,2.132547616958618,-1.837588352614641,-6.950742682486772,2.5998282776415347,0.0717739984393119,-0.0365634150803089,-0.4368581067504361,-0.1278380751609802,-0.1930294035775586,0.0393641745697939,3404
1726744893412507600,0.3333452349036931,0.5788683939695358,0.4144458935320377,-8.042973855814337,5.417110388684272,-1.461459622517228,0.1245599910616874,-0.4062858521938324,-0.0951188057661056,-0.6122066847619105,-0.6143908104627105,-0.4438892146401332,0.2251426694787107,-0.8299155831336975,0.4620966017246246,1.60881507396698,-1.30171797337234,-8.308897413352131,2.804234413421154,-0.0147433262318372,0.0340127348899841,0.877786970071122,-0.1222967207431793,-0.1771734253359027,0.0563538558493834,3405
1726744893452280000,-0.2828612483352422,0.771996764409542,0.4189234773375093,-8.075295578226447,5.39411938919723,-1.3650817536495623,0.3502190113067627,-0.5363464951515198,-0.0196735821664333,-0.613295264335124,-0.6147420482450825,-0.4378264691535461,0.2329572018539682,0.1097874566912651,0.1549921631813049,1.0016801357269287,-1.307374976220727,-9.908978740096092,3.697800040447712,-0.1401232182979583,0.0953292846679687,0.9757151371207088,0.0470233149826526,-0.0633092051123501,0.2755928282348439,3406
1726744893492051500,-0.225443663111329,1.2947434581845998,-0.1365104111611843,-8.142440776738525,5.315497687903046,-1.2714298026144504,0.5069935917854309,-0.5942292213439941,-0.384135365486145,-0.6121048240357171,-0.615855701535591,-0.4307512465491183,0.2459732594998175,0.588854193687439,0.0643815249204635,-0.0569748058915138,-0.1126888060688972,-10.190935733067988,4.328135586804152,-0.1762893795967102,-0.005831676069647,2.5696324613422155,0.0892513319849968,0.740561688638851,-0.1949901457238942,3407
1726744893531823900,-1.70282507738173,1.1939315523922442,-0.4917382459186017,-8.264085627201199,5.138133288305998,-1.214429127628356,0.4711130857467651,-0.3765816688537597,-0.3685226142406463,-0.6075105668311561,-0.6159595316858293,-0.4272148296474075,0.2627016642018271,0.8556461930274963,-0.4615697860717773,-1.309133768081665,-1.0808592999637123,-9.557258475068211,4.710722699260711,-0.2173910140991211,-0.0727162063121795,1.4903146917320786,0.0391721688210964,0.5476795115122571,-0.323044022978656,3408
1726744893571595300,-1.2449001076072457,0.8233119411051273,-0.4907831371508538,-8.316792550516128,5.040985165718197,-1.2608746524609624,0.2930045425891876,0.076983094215393,-0.1468414217233657,-0.6021764623192357,-0.6183318702724004,-0.4265588030971329,0.2703640894065177,0.7844796180725098,-0.8923779726028442,-2.5773706436157227,-1.0399468593388794,-7.542589800494909,3.544958087688684,-0.137002632021904,-0.1488386392593383,0.6443994352832436,0.1407520025968551,0.8788180666845291,0.076930533336848,3409
1726744893611367400,-0.3040320466578006,0.2752911053419113,-1.046830627503246,-8.339034777462482,5.001528769120574,-1.271055708605051,-0.0092188492417335,-0.2070683538913726,0.0006697716307826,-0.6004250115688091,-0.6188163815622651,-0.4264646402655634,0.2732836897722902,1.004750370979309,-1.2223966121673584,-3.5047426223754883,-2.538264094132185,-5.902359418714046,2.1880349444448948,-0.0729062780737876,-0.2015600800514221,0.3591103752791881,-0.0292078088968992,0.6493458787094801,-0.7381924022242426,3410
1726744893651139800,0.1360878018349409,0.3100491149902343,-0.0706862321197986,-8.302859302231669,5.072116217041016,-1.2274202727571129,-0.0482793636620044,0.0892160683870315,0.3794004917144775,-0.6029797509582323,-0.6194584989488522,-0.4229091902402389,0.2717249543047836,1.4784060716629028,-1.4931371212005615,-3.880181312561035,-4.5939007389098405,-4.8472526919052,1.1670599120795726,-0.0896732732653617,0.1364248096942901,-0.3902012772547081,-0.2504426538944244,0.0908559727741871,-0.8559805041935294,3411
1726744893690911000,1.2252338686287405,0.0858750334233045,-0.1313537590503692,-8.205229533606767,5.214588166955113,-1.285565295472741,0.0476000569760799,0.1492804437875747,0.4381531178951263,-0.6039197302112381,-0.6238625160853044,-0.419929930289924,0.2640747223057328,1.9276769161224363,-1.8506685495376587,-4.07721757888794,-6.873481163629889,-2.909199931761622,-0.2300291642706841,-0.1485293507575988,0.2753496766090393,-0.6127297105064615,-0.3902721107006073,0.2044332064496353,-0.6018016719199717,3412
1726744893730683600,1.3722785332858565,-0.3877168765604495,-0.2400106792546808,-8.122880920743942,5.33548482939899,-1.3121807690672576,0.2697275578975677,-0.1952725499868393,0.3493059277534485,-0.6041399473763676,-0.6290348005317823,-0.4137847540306621,0.2609836248382987,1.7202680110931396,-1.9634724855422967,-4.112537384033203,-7.331581489971279,-0.7518291517801582,-1.6110634701378643,-0.2263277173042297,0.3067357838153839,-1.108590991171822,-0.4227266907691955,0.2886246159012429,-0.1747120219247415,3413
1726744893770455800,1.106972230863571,-0.8835212028741836,-0.3637913727022707,-8.070209653264284,5.419934798455238,-1.2909015419341625,0.2375885248184204,-0.2465257495641708,0.2646015584468841,-0.6042870248351362,-0.6335752166375795,-0.4054628282520934,0.2627158499346551,1.5515538454055786,-1.854220390319824,-3.985323429107666,-6.8046712467759845,0.757367642815411,-2.6083511913150548,-0.2646751701831817,0.2616629600524902,-1.327658762575686,-0.2408662289381027,0.4642693338325246,0.5527070573506877,3414
1726744893810227200,0.8306628883898258,-1.4535136319488289,-0.2768422803066671,-8.025237708115577,5.490735596865416,-1.2719063340850174,0.01151735894382,-0.0104308649897575,0.2385529726743698,-0.6051081573770657,-0.6362779299236138,-0.3999994638747261,0.2626687424417928,1.6659281253814695,-1.7798923254013062,-3.7169864177703857,-5.942744036072492,1.8599325786307448,-3.7892245246917007,-0.2231055349111557,0.1679984033107757,-1.4417097969084978,-0.055204227566719,0.7306024585518985,0.821330119638145,3415
1726744893849996500,0.6479267326265573,-1.5971674851238726,-0.0624643472194671,-7.975231275931001,5.562414347153902,-1.2749971397072075,-0.086210012435913,0.1043499335646629,0.19965760409832,-0.6065690414010689,-0.6375507304050524,-0.398165577353226,0.2589734585317955,1.5057075023651123,-1.6986404657363892,-3.159564256668091,-4.741781269869208,3.686750823166966,-5.146380307647585,-0.1798776388168335,0.0337084233760833,-1.4499690912097691,0.0459384471178054,0.8557451610676944,0.728231710832566,3416
1726744893889768000,0.4189198240756988,-1.4449772742718456,0.1303483814001083,-7.926986592721938,5.624804460093379,-1.301861035104841,0.0614239685237407,0.068247489631176,0.1622897237539291,-0.6070836556716352,-0.6392697722644072,-0.3971279345393056,0.2550941284421875,1.190128207206726,-1.5383503437042236,-2.351539373397827,-2.822846759432554,6.059712711417674,-6.069076752090454,-0.1229049190878868,0.0122670317068696,-1.4933606352992357,0.167669877409935,0.949777416657284,0.6565249765586108,3417
1726744893929540000,0.1643921052992343,-0.7110451598405838,-0.1066938034377992,-7.899908031660318,5.650731513032317,-1.353170220451057,0.1844664216041565,0.0504496581852436,0.0236181952059268,-0.6053518163076025,-0.6420894201853748,-0.3958707615411465,0.2540800563057867,1.1521058082580566,-0.8934521675109863,-1.37068772315979,-1.350961604490876,5.547426621380448,-5.5341673268347975,-0.0602899678051471,0.0504304505884647,0.445818681188859,0.0726983770728111,1.080475415212661,0.1341067840855568,3418
1726744893969312500,-0.4248994830071926,0.1242237610399722,-0.5165630367040633,-7.92428025637269,5.608841751807928,-1.3845830113247035,0.2402026355266571,-0.1153235360980033,-0.2019397169351577,-0.6025526170271952,-0.6436170849443833,-0.3954126103820168,0.2575583320466799,0.3935752511024475,-0.5398973226547241,-0.2645331025123596,-2.7913062505260107,5.563456549683213,-6.762192872008681,-0.0553579404950141,0.0351932048797607,1.3392622527383269,0.0752898082137107,1.2264210325866938,0.3130876059032976,3419
1726744894009083600,-1.167988132840395,0.1474029765754938,-0.7459703427493571,-7.988636116427183,5.510694096788764,-1.4086619521789252,0.2582976222038269,-0.0464864857494831,-0.2898661196231842,-0.5987566885191885,-0.643981781522382,-0.3963700712391257,0.2639482511825378,-1.067029595375061,-0.0906417295336723,0.3738558888435364,-2.5114053133010863,6.893243264198303,-7.342966807338595,0.040089014917612,0.0494820959866046,0.977967226896435,0.2352591305971145,1.1366939999103545,0.4767257875626906,3420
1726744894048856000,-1.4398007484167814,0.7054559615314007,-1.126322389630228,-8.081491510257125,5.366539308354258,-1.4353240413941442,0.237915500998497,-0.2348439246416092,-0.4872025549411773,-0.5940294180461296,-0.6433283697992904,-0.3991362758689147,0.2719337705176592,-1.4005378484725952,0.8051192760467529,1.0578937530517578,-2.4764713625639674,5.859815577495098,-5.964298865276575,0.0208523217588663,-0.1173570826649665,1.636857544346899,0.2300428748130798,0.8633533710490912,-0.1077600170303601,3421
1726744894088627500,-2.0588123522043227,1.0508534532785414,-0.957440863957256,-8.185676107352972,5.218661700004339,-1.389475605671853,0.1372918933629989,-0.2789617478847503,-0.3371304869651794,-0.5911375461016285,-0.6410758128947808,-0.3998316378723857,0.2823345249525348,-1.2203861474990845,1.3454145193099976,1.967384457588196,-4.129212850871682,4.884564185428619,-4.97809236395359,0.0137062892317771,-0.1585613787174224,0.9581500351399184,0.3252173364162445,0.4159891409186646,0.3992974242389202,3422
1726744894128400000,-0.445247859030962,0.3780804486870765,-0.499791642384231,-8.2492931317389,5.126038945886492,-1.357659056302905,-0.3226948976516723,0.2414304614067077,-0.2996948659420013,-0.5908395783666421,-0.6375193467791973,-0.4034729603720738,0.2858095483455363,-1.3741943836212158,1.7652133703231812,2.576671600341797,-4.081926783561706,4.237473319104313,-3.8358553429633377,0.0760286673903465,0.0868763774633407,-0.0945360860590357,0.6340356469154358,-0.3586753448627889,0.8965889203704893,3423
1726744894168172000,0.0972837316662073,-0.1316653092175722,0.0955903717517852,-8.281113918891549,5.062672681391239,-1.401028973082453,-0.822202742099762,0.5532878637313843,-0.169576346874237,-0.5925723562382087,-0.63103664481415,-0.4162034969667195,0.2782542537581519,-1.4379494190216064,2.0402274131774902,3.190190553665161,-4.78657610488534,3.056183221620321,-2.560534378129244,0.1000115275382995,0.1305736303329467,-0.2605789085742086,0.6171582341194153,-0.5732438686186447,0.4061658852363005,3424
1726744894207943400,-0.5847352401763201,-0.3396422892212867,0.9841044144771992,-8.247326215580106,5.12580162999928,-1.3704688535153866,-0.9175851345062256,0.4616972506046295,0.199966475367546,-0.6002773532521781,-0.6229958980510147,-0.4263221524966307,0.2641832511800109,-0.924481213092804,2.047553062438965,3.5986528396606445,-5.335592381426692,1.0259820468723773,-1.3618997626125813,0.1604819744825363,0.0564687363803386,0.5078286357043311,0.3283673822879791,-0.3094054467918351,-0.0146852608117158,3425
1726744894247715600,-0.3390221114963292,-0.3481482517600059,1.55099975431934,-8.148571826839447,5.281400187990069,-1.3703867281898856,-0.5953044891357422,0.4769003689289093,0.4903367757797241,-0.6074395408781519,-0.6191250848760066,-0.4319194461661311,0.2472789318321121,-0.6992443799972534,1.915132522583008,3.5648553371429443,-5.157939812538028,-0.2517716980665922,-0.4558880571193993,0.2050309777259826,-0.1110357269644737,-0.3413676517091691,0.0594697035849094,-0.1967150332877412,0.0279087191422935,3426
1726744894287487000,0.961136357474327,-0.5715121859878302,1.1631460996367036,-8.010862561282515,5.47468754838407,-1.4227677805513144,-0.2298830598592758,0.3831320703029632,0.4920206069946289,-0.6112402972300948,-0.6208604300405114,-0.432519700606598,0.2320438657373968,-1.133285403251648,1.58044171333313,3.1921420097351074,-4.271359222093224,-1.1386933570340274,0.3012940730612725,0.202997475862503,-0.1911517232656479,-1.2185275759231298,-0.0588568896055221,-0.1790373377779498,0.2122411037215963,3427
1726744894327259400,1.8355343426942825,-0.7270277418702841,0.763221921801567,-7.90857649128437,5.597282831439376,-1.5150015353515742,0.0206180736422538,0.3202580511569977,0.2581256330013275,-0.6110057216295939,-0.6245135092219938,-0.4326967235613695,0.2223250866954195,-1.650881052017212,1.3650959730148315,2.7409698963165283,-2.81957285232842,-2.2828724520027635,1.1127747796624898,0.1801097244024276,-0.2646012902259826,-1.4013725258231162,-0.1292087584733963,-0.059421070533432,0.2188207013076171,3428
1726744894367031800,1.68477211881876,-0.6823989110708236,0.4361958069168031,-7.852236764425039,5.648871564379334,-1.6133948356948793,0.0956265851855278,0.2448313534259796,0.1277114301919937,-0.608608854474362,-0.6281184259831951,-0.4332752988322146,0.2175663931823508,-1.3515628576278689,1.1374735832214355,2.419261693954468,-2.433370471984148,-3.925275501647592,1.8939128819048403,0.1691968291997909,-0.2689909040927887,-1.6100712442301213,-0.1445541083812713,-0.0270392382648075,0.3261797271884977,3429
1726744894406803200,1.4060960472136734,-0.6611901188254355,0.3180501967467367,-7.81223033272922,5.675545636293292,-1.711026065624505,0.0001076725311577,0.301299512386322,0.0660510659217834,-0.6059980387478694,-0.6307473905057821,-0.4351962531174813,0.2133735859615506,-0.9316216707229614,0.9560914039611816,2.2229814529418945,-1.8427181167185305,-5.211522934165597,2.762071680474281,0.16638945043087,-0.2092419117689132,-1.5191402425915002,-0.098496213555336,-0.0692878091644961,0.4012124640800059,3430
1726744894446575400,0.985484032267332,-0.4822235447287559,0.3261072464741766,-7.776037321841716,5.694400558888912,-1.8103629304282367,-0.0514429993927478,0.3776198625564575,0.0370152629911899,-0.603625297122986,-0.6322936076842829,-0.4387568999242862,0.2081671994806802,-0.6650001406669617,0.7037712931632996,2.001208066940308,-0.7999158679485321,-6.101126087301969,3.432271619707346,0.1441366821527481,-0.152678295969963,-1.1097384076412766,-0.1048176512122154,-0.043778744175611,0.2189001414856873,3431
1726744894486298000,0.3540320491015911,-0.0600181231111288,0.1718377451300621,-7.751965541380644,5.695968831118941,-1.9061375727057457,-0.0827377364039421,0.2838412225246429,-0.0708585456013679,-0.6012842034450105,-0.6328368314364201,-0.4435127026396837,0.2031535737020887,-0.6768026947975159,0.4939502477645874,1.585948467254639,0.3353337783724069,-6.837066034424304,3.828432499486208,0.1323680430650711,0.0211518574506044,0.3717802525643259,-0.1481624245643615,0.0098756457400158,0.1576175148640759,3432
1726744894526067700,-0.6876894186943769,0.2988917611598968,0.0908759104505181,-7.764290185424685,5.670301305899024,-1.932316408448666,0.0840323492884635,-0.0346719361841678,-0.0754856020212173,-0.6003475619855252,-0.6321157097739699,-0.4460386175744088,0.2026376217166662,-0.4753652215003967,0.2945521771907806,1.2272262573242188,-0.3618547055512666,-7.993755359137058,4.329954618924856,0.0217187590897083,0.0248166117817163,1.0706103662151842,-0.1132795810699462,0.0085032859536207,0.2829226048673502,3433
1726744894565838300,-1.1975830606371165,0.5859428624004125,0.1024678563058376,-7.783965192231536,5.633893190956115,-1.959470226703584,0.371578186750412,-0.1337067633867263,-0.0697530359029769,-0.5978738913969444,-0.6340794377454944,-0.4448015803031767,0.206498627795744,-0.5270321369171143,-0.2422479689121246,0.4071647524833679,-1.3420540754139425,-8.82815451144576,4.200763590866327,0.0190353393554687,0.222552865743637,1.5000599868074058,-0.0259904041886329,0.1526729346013627,0.1174597467977553,3434
1726744894605607700,-1.8046639881342648,1.5765671801656485,-0.4525261794708669,-7.8254130549073215,5.568927090048789,-1.979982853378356,0.4452407956123352,-0.3079158663749695,-0.0882550403475761,-0.5941919168161032,-0.6371933439142214,-0.441515204654162,0.2144408155388865,-0.8979684114456177,-0.4376609921455383,-0.9480790495872498,-1.169664541620016,-8.335816399937867,3.585553132927417,-0.0870692878961563,-0.0393629372119903,2.046290578152984,-0.1187315732240676,0.4663295542979612,-0.3300064458698034,3435
1726744894645378300,-1.2136124044179917,1.215493395859003,-0.5120309462323784,-7.833778147670626,5.546331227359175,-2.0101107190079985,0.3599968552589416,-0.008678481914103,0.1148711889982223,-0.590741131128731,-0.6416089445438422,-0.4368353075154422,0.2203132232867281,-0.2559013068675995,-0.7476001977920532,-2.221529960632324,-1.3353805889993906,-7.578035792407393,3.768378720539808,-0.1304501146078109,-0.0525055304169654,0.5128131461186334,-0.0751723945140838,0.52484633293543,-0.1694871999485418,3436
1726744894685148700,0.5648667566239833,0.6826794815778732,-0.9523911793522536,-7.809573096218704,5.55227172332406,-2.086449862322956,0.0267418473958969,0.1165999695658683,0.0341594032943248,-0.5875832127737971,-0.6450527410770908,-0.4362181747713822,0.2199245634217392,0.9476743936538696,-0.7379642128944397,-3.082054376602173,-1.0985165372073649,-6.595847879076004,3.222056505388021,-0.1222607344388961,-0.2662408649921417,1.2285988150171936,-0.0462062954902648,0.9821120716162024,-0.2025226053216494,3437
1726744894724918000,0.623784809538722,0.2500461894482374,-0.4317831050410866,-7.770179243463278,5.598689775627851,-2.109363558790088,-0.1944329887628555,0.2788985073566437,0.2381448000669479,-0.5882156784019866,-0.6454186260437862,-0.4370153443201227,0.2155339124949433,1.8686261177062988,-1.1176515817642212,-3.4823660850524902,-4.014342024588585,-4.975582426959276,1.604514925277233,-0.0991946458816528,-0.1750988364219665,-0.60169295084849,-0.0414496064186096,0.2198465554903261,-0.2825790338603779,3438
1726744894764688600,1.358434716850519,-0.1934153706878423,-0.1004556397005915,-7.678377742600441,5.70531533613503,-2.159221084023267,-0.2126650363206863,0.2778343856334686,0.31048184633255,-0.58944144946607,-0.6466633377744805,-0.4380823697303427,0.2060800417221643,2.065368175506592,-1.494481086730957,-3.671359062194824,-5.632443576669693,-2.6611475464791057,-0.3450795483717694,-0.0860367119312286,-0.0302327554672956,-0.6605128771509975,-0.0949813723564148,0.190287100865785,-0.1949368811666965,3439
1726744894804458200,1.2005243747860193,-0.6242723007947206,0.170776545639336,-7.590048301762342,5.818492217981815,-2.169485142275691,0.0347502753138542,-0.0448447987437248,0.3599205315113067,-0.5912059907645915,-0.6488435397832863,-0.4354480663380802,0.1996556316024231,1.78426992893219,-1.7350934743881226,-3.72170662879944,-5.979874035549163,-0.5593883252128958,-1.3457652048915625,-0.0775737315416336,0.1215526610612869,-1.4120653308816251,-0.1901596486568451,0.1363073994023725,-0.2215095020001754,3440
1726744894844226800,1.268673781904578,-1.1534031426489353,-0.081125793069601,-7.528014747175574,5.907688504782318,-2.144433849257976,0.1404853910207748,-0.2956879436969757,0.2792733311653137,-0.5925118912096109,-0.6523331554212315,-0.4287157014831851,0.198982346180525,1.357685089111328,-1.605135798454285,-3.651956558227539,-4.984485279861092,0.9829653274446726,-2.386241348801553,-0.1209537908434867,0.1606718599796295,-1.19757604637444,-0.1719916611909866,0.3096642073258757,0.2456691251414827,3441
1726744894883997200,0.3930746042013168,-1.655282404962182,-0.1824585078656673,-7.484699921584129,5.988188859429955,-2.0715322791762647,-0.0147029487416148,-0.229910209774971,0.3485913574695587,-0.5952284530334849,-0.6545288348525183,-0.4209640763842432,0.2002107252687357,1.436070680618286,-1.4242650270462036,-3.4000580310821533,-4.545883434715867,1.8498419772490853,-3.2040508930981155,-0.1240673884749412,0.1536420881748199,-1.3962246415406463,-0.0278104823082685,0.5170797175219283,0.5726392903216183,3442
1726744894923766800,0.1003922190755605,-1.5387819316506386,0.0202327868200838,-7.393878079408407,6.116494921347498,-2.022234579782933,-0.1855192482471466,0.0928538292646408,0.4575952589511871,-0.5989191067889214,-0.6562122057583897,-0.4153201279416755,0.1954241238986667,1.569520354270935,-1.217050075531006,-3.035697221755981,-3.759652393248677,2.926508209437132,-4.164176027703285,-0.1382651478052139,0.0315571203827858,-1.1254567127116024,0.0497748143970966,0.8167030443593859,0.4755471357047557,3443
1726744894963537200,0.4055629143744707,-1.006416930180788,0.2769781816460192,-7.2628551597476,6.262137902513146,-2.0510816118218003,-0.1110796183347702,0.2429569959640503,0.3622404038906097,-0.6008379884497059,-0.6588729641785216,-0.4128710187957462,0.1855197588836511,1.4295648336410522,-1.0639712810516355,-2.621981143951416,-3.112095078456401,3.924132761353254,-5.041144740194082,-0.1349050551652908,-0.0030815585050731,-1.3241577687174082,0.0973168611526489,0.7927118548538535,0.3801445416100323,3444
1726744895003306800,0.4847726446896791,-0.3826566705614328,0.0263584300935268,-7.187040917089581,6.3406275018602605,-2.07684222215265,0.0696994289755821,0.0005729644326493,0.1686503738164901,-0.6011754842286623,-0.6612640687229109,-0.4106328200421925,0.1808274944878486,1.0950433015823364,-0.7950144410133362,-2.0657830238342285,-2.373072947409749,4.651036584582925,-5.496595428809523,-0.0759181380271911,0.1921558678150177,-0.3145570939339697,0.0392934046685695,0.8046038065690547,-0.0067132207741407,3445
1726744895043077000,0.2941863599479198,0.4158084140568971,-0.1166845977067947,-7.190085691612959,6.3320993274897335,-2.092265124472976,0.1440004557371139,-0.0606952048838138,-0.1507923305034637,-0.6000946967059991,-0.6624200076634921,-0.4097262106263959,0.1822375862672756,0.6251557469367981,-0.3758386671543121,-1.2126041650772097,-2.7853222076803443,5.143309814161062,-5.808572296991944,-0.100759282708168,0.1848600804805755,1.049357807893306,-0.0284572839736938,0.9032771659627556,0.2502225871947593,3446
1726744895082847700,-0.9852560687303542,0.5245388378888368,-0.2544590374544263,-7.239425768843293,6.266015620729327,-2.1208885768890378,0.1756950914859771,0.020047478377819,-0.1669453978538513,-0.5976303899852956,-0.6627020894896868,-0.4110488620941963,0.1862868793545765,-0.1970361322164535,-0.2641536891460418,-0.2130009531974792,-3.520532086962461,5.792859764075279,-6.369334540906548,-0.0939467996358871,0.1783350110054016,0.5609405961561947,0.1734024584293365,0.801931153293699,0.6469394751548767,3447
1726744895122617300,-1.3053320722162722,1.0577876364558934,-0.4070971382044255,-7.277880294921994,6.192004628100991,-2.2049767268955707,0.2125240117311477,0.0958985835313797,-0.3072511851787567,-0.5932379208903884,-0.6639868559656662,-0.4141786849313899,0.1888021259276923,-1.1576693058013916,0.5857553482055664,0.6234269738197327,-1.3134317920416594,6.895024302396178,-5.725309491893649,-0.1120711043477058,-0.0923182964324951,3.367798270753026,0.1694984138011932,1.3009864442273973,0.2973889553815126,3448
1726744895162388000,-1.883436496075988,1.2347341029018164,-0.5248565255358815,-7.365964236566424,6.067282269889116,-2.258552980390936,0.2721506655216217,-0.0857449546456337,-0.3460753560066223,-0.588815429640921,-0.6638872462987667,-0.417621696368175,0.195300565341814,-1.3666586875915527,1.1039025783538818,1.7099483013153076,-4.0905578337848185,5.601663823002577,-4.007453726379573,-0.0245702620595693,-0.0789085924625396,1.700627859598398,0.1009500622749328,0.5347168252930045,0.209300374094583,3449
1726744895202157300,-1.0510878465563058,0.4958943426847457,-0.2520937696278095,-7.440097978791594,5.958125145077705,-2.3056612069159743,0.1078007519245147,-0.001695962389931,-0.2503708899021148,-0.5848519686363258,-0.6639014896760408,-0.4204650039848892,0.2009780623280374,-1.6816672086715698,1.2124571800231934,2.596526861190796,-4.510768866714835,5.0905046911686656,-3.348605494505166,0.00465873721987,0.015546603128314,-0.2624805226781405,0.2753833830356598,-0.3583641234891488,0.8656049493681639,3450
1726744895241928000,-0.1731020659774541,0.0148725749611854,0.1218818740889429,-7.486848039528727,5.901948499825597,-2.298809587455541,-0.3103136718273163,0.1763208955526352,-0.1652232557535171,-0.5847463382902632,-0.6612577447436581,-0.4241990885760271,0.2021513468524994,-2.090584278106689,1.4431627988815308,3.253170967102051,-4.731790037208795,4.084147966742515,-2.087361570340395,0.0072546121664345,0.0325276814401149,-0.2057267899241298,0.4218109846115112,-0.5073458571560681,0.8021695651594549,3451
1726744895281698300,0.3066355071544647,-0.2563029117554426,0.9033613371148704,-7.472779182165861,5.919487663647532,-2.2994797418020663,-0.6199286580085754,0.561626136302948,-0.0695497542619705,-0.5875261972169903,-0.6562182548291949,-0.431993568510186,0.1938351560268136,-1.6998814344406128,1.1304364204406738,3.670850992202759,-5.197438879233599,2.0068740751743315,-0.4909016489639878,0.1564357280731201,0.2144073843955993,0.3145297310030087,0.2858168184757232,-0.5065722059024498,0.3029039742096327,3452
1726744895321468000,0.5869324579596519,-0.3317664412796497,1.0989058287858962,-7.441531810986995,5.955147590571642,-2.308725709053129,-0.6402897834777832,0.4613728523254394,-0.0683027505874633,-0.5909614441253717,-0.6498005217519397,-0.4421216294171479,0.181802996599238,-1.5717707872390747,0.8465747237205505,3.787974357604981,-4.718907759281993,0.4270470164299011,0.1463029063791036,0.2570820152759552,0.0598960109055042,-0.1504627934043761,0.0292413048446178,-0.2619625449523329,0.1350723685815464,3453
1726744895361238300,0.5558545981287956,-0.403439930871129,1.4256766537353396,-7.411352945822477,5.993601532128453,-2.3062939518615604,-0.3186096549034118,0.3428913652896881,0.0227167531847953,-0.5938081384369989,-0.6451062007931158,-0.4488053630767719,0.1726375714599094,-2.192363977432251,0.5451268553733826,3.572446584701538,-3.641166883599758,-0.3648755146771669,0.1513245339334011,0.3204042315483093,0.0249160602688789,-0.8393631313916295,-0.1144179329276084,-0.3112051166249439,0.0767994634362403,3454
1726744895401007900,1.0433481922149657,-0.6285866568624973,0.9798588858619331,-7.381696643227339,6.013444881239533,-2.349341504818946,-0.0161467809230089,0.1585632860660553,-0.0106711089611053,-0.59334345393736,-0.6445711912305322,-0.4520078069894039,0.1678106534297019,-2.3353514671325684,0.3570482134819031,3.378204584121704,-3.0386592553675174,-1.6392977771058677,0.4324013100046664,0.2441624104976654,0.0262026526033878,-1.4911971736550331,-0.1398664712905883,-0.2896794039174914,0.0965727429857943,3455
1726744895440778200,1.543417190235853,-0.8314549155503511,0.1978369865223765,-7.393650115871429,5.994401742595434,-2.360400220580399,-0.1391063332557678,0.0595647729933261,-0.1620022356510162,-0.5930421265550396,-0.6434263960665174,-0.4542569695016739,0.167195081658126,-2.09415054321289,0.1520977467298507,3.092257499694824,-2.370987373307347,-3.396594157126546,0.5559399383246898,0.140287846326828,0.0384475886821746,-1.7419766458138823,-0.0424022078514099,-0.0886128974219784,0.2472335797129198,3456
1726744895480547800,1.5521183830857277,-0.8744710504561662,0.1724105765819549,-7.440956641447544,5.948382334220409,-2.327939674219489,-0.4057211875915527,0.2032101154327392,-0.2905235290527344,-0.5947051228872543,-0.6384092633001942,-0.4594839503333959,0.1662346482980325,-1.5700712203979492,0.0909581109881401,2.756213426589966,-1.4747002123624084,-4.877783146986365,0.7383937700152396,0.1415494978427887,0.0189093630760908,-1.3222691784918308,0.0154878171160817,0.0134254209182632,0.2703173355173319,3457
1726744895520318200,0.8135685457259416,-0.3790338038891553,0.4309443161293864,-7.488753580889106,5.90485182005167,-2.2851045949690043,-0.5316329598426819,0.2386625558137893,-0.2958530485630035,-0.5977021999432645,-0.6305254481038386,-0.4679161956411287,0.1620008043458083,-1.217815399169922,0.1052637547254562,2.316993236541748,-1.022496542844176,-5.850346322882175,0.9169809894055128,0.1435631513595581,0.0312688164412975,-0.9512126370921732,-0.0113556124269962,-0.1904838290142826,0.1544219702257774,3458
1726744895559979500,0.0721247404903173,0.3884200563937425,0.8860023521654308,-7.542780939152836,5.859098953658342,-2.22436020340994,-0.3054248690605163,0.0166606418788433,-0.2785068154335022,-0.6009507679887773,-0.6230664726935677,-0.4745513427435485,0.1595219940502087,-1.309900403022766,0.0825831592082977,1.789526104927063,-0.6581897679656744,-6.453337935239076,0.7601765627563,0.1242391690611839,0.1613428145647049,0.5131191798605025,-0.0738504752516746,-0.3319584567204117,0.0126531133800046,3459
1726744895599745000,-0.1666296550929546,0.5651999341011047,0.9514823939442634,-7.6214090701878066,5.779135190105438,-2.1647439390979706,0.0802956148982048,-0.1962801665067672,-0.3301133513450622,-0.6024570558649884,-0.6184883037996293,-0.4773294945328409,0.1633227293178204,-1.2615655660629272,-0.0016973122255876,1.2789305448532104,-1.011152142009139,-7.586706005597114,0.9883873524934051,-0.0445821918547153,0.221999391913414,0.8239053769536316,-0.0332912802696228,-0.504062086245045,0.1527226463614497,3460
1726744895639511600,-0.3921364465683698,0.674084087190032,0.4696357197038829,-7.733933041083812,5.634935393485427,-2.145726227156073,0.4163028299808502,-0.3612979054450989,-0.4791329205036163,-0.6003729650295527,-0.6168940961519261,-0.4783756529550505,0.1736392439557238,-0.5820554494857788,-0.0731464028358459,0.6926672458648682,-0.3413970239341258,-8.965181639957427,1.5769675776600838,-0.1323135942220688,0.4069155752658844,1.2522922636851668,0.0624632276594638,-0.2581483934916556,0.0177227995934197,3461
1726744895679277000,-1.5798907716304065,1.3740513881772756,-0.1988780200079083,-7.881994773828983,5.448077189356089,-2.088781812401861,0.6403050422668457,-0.704351544380188,-0.364179790019989,-0.5974845459630488,-0.616917016210362,-0.4753016156958383,0.1910865333954723,0.333955854177475,0.0081267151981592,-0.2417667657136917,-0.1683294447481632,-9.62053823032379,2.0863637914747,-0.2798652052879333,0.1200703978538513,1.3965338536202907,0.0035939561203122,0.2669945477701723,-0.2378697217032313,3462
1726744895719043800,-1.0528986953705548,1.1782260337382555,-0.5824456679344177,-7.986859169882535,5.314399955794215,-2.034117763669789,0.6010173559188843,-0.4071976244449615,-0.172974482178688,-0.5942097948464241,-0.6198720318566074,-0.4684760493087178,0.2078548698681319,0.8661782145500183,-0.0568206459283828,-1.4386252164840698,0.3131383131772279,-8.44620335880518,2.062320068064332,-0.3005582988262176,0.0053717913106083,0.8816009023360908,-0.0440895892679691,0.7849437781356274,-0.1973819910301826,3463
1726744895758810400,-0.2587631643891334,0.6432441277682781,-1.312244920344651,-8.041935160416363,5.227189289852976,-2.043079653282464,0.069541223347187,-0.0541990846395492,-0.1900559961795807,-0.5909442951441838,-0.6215317916655764,-0.4667615056580429,0.2159093786303149,1.3093851804733276,-0.1681440770626068,-2.59076189994812,-0.8158160323917866,-6.863697436240315,1.4415999067932366,-0.2179354578256607,-0.0924430713057518,1.4760181630931797,0.0051794261671602,0.9936560136113316,0.1348592098880559,3464
1726744895798575600,-0.5558890849202871,0.4885515787065029,-0.8826958579659462,-8.047674580851197,5.221470327684283,-2.035087485484779,-0.3102896809577942,0.269623339176178,0.1444520950317382,-0.5919617418335712,-0.6193835071560413,-0.469174438930763,0.2140578183315993,1.745284914970398,-0.5032978057861328,-3.3101553916931152,-3.0745775409668683,-5.611520031106472,0.5757862100452185,-0.0962828770279884,-0.0424936488270759,0.057014899874269,-0.0533623434603214,0.5918213625123724,-0.2675758547894656,3465
1726744895838340400,0.3544569965153932,0.2886041759014129,-0.3551039161168038,-7.949463212946057,5.351835075697302,-2.081894098714739,-0.2738835215568542,0.3525610864162445,0.4708704650402069,-0.5939422435143403,-0.6200847021856066,-0.4707887233746261,0.2026957026303242,2.140586853027344,-0.6848405003547668,-3.769442319869995,-4.390350343176722,-3.709321843676269,-0.4007984033863991,-0.0389318689703941,-0.0482551902532577,-0.254698782760743,-0.2699926197528839,0.541516056979075,-0.5439762000149115,3466
1726744895878105900,1.652490728417039,-0.0724900666713714,0.1314680330798029,-7.813520957061648,5.528277684274316,-2.13481656447649,0.1425775438547134,0.0824253186583519,0.5408089756965637,-0.5949413106078365,-0.6251450064547429,-0.4669465426269918,0.1928719114058821,2.325275182723999,-0.950343132019043,-3.979266405105591,-5.263708463954925,-1.689639870985597,-1.1792309729970991,-0.0390943177044391,0.0507821179926395,-1.183498275052756,-0.4145474135875702,0.37896680306755,-0.4278787910789251,3467
1726744895917872400,2.281459662595392,-0.4440454975038767,-0.3073185209825634,-7.732010548588633,5.633478180414438,-2.156465501704812,0.3126526474952698,-0.3349772691726684,0.2605467736721039,-0.594381906383162,-0.6314761071497133,-0.4595509421575884,0.1917318131110237,2.2618868350982666,-0.9259501695632936,-3.974191188812256,-4.389138629299402,0.0175482239112257,-1.9569424617916344,-0.071109190583229,0.1123272851109504,-1.1019253958027808,-0.3847749531269073,0.4853655325489118,0.1137837890982162,3468
1726744895957639000,1.5914496919989585,-0.7908850047528744,-0.4874839494749903,-7.741554037481546,5.647223797172308,-2.0850851498410106,0.2979478240013122,-0.5198397040367126,0.0329629965126514,-0.5950472820971848,-0.6347274422741978,-0.4510330711782155,0.1990199265532187,2.4531617164611816,-0.9005796909332275,-3.6783370971679688,-4.751816341671347,1.13885702316314,-2.6927520605325697,-0.1115258932113647,0.0768332481384277,-1.35858683867231,-0.2456975281238556,0.6599819120794534,0.5121480332734063,3469
1726744895997404700,0.7591460506647825,-1.234986031836271,-0.513940725376457,-7.787623714739084,5.615476659777761,-1.9974268862627444,0.1682113260030746,-0.3738502264022827,-0.1041822955012321,-0.5959420716426981,-0.6353527742569159,-0.4451598364591696,0.2073947726293673,2.441391706466675,-0.9113634824752808,-3.225809335708618,-3.982207933703065,2.29485281265378,-3.834731599630415,-0.098197266459465,-0.0090450560674071,-1.3235181556396185,-0.1003491282463073,0.8849861608602106,0.644012774053216,3470
1726744896037171200,-0.0733504828929901,-1.5862275734364986,-0.2417160218678414,-7.832153176817298,5.571226014640927,-1.9465838571235536,0.1103701516985893,-0.1312440335750579,-0.0908077582716941,-0.596141713949568,-0.6347847441364282,-0.4430535903446364,0.2129949762627436,1.9918159246444704,-0.9556857347488404,-2.771745443344116,-3.076646748456359,3.3840842196434733,-4.780426934605837,-0.0576953999698162,-0.0920067504048347,-1.1076901698745787,-0.0263688508421182,1.147600447719544,0.5572152189575136,3471
1726744896076936700,-0.8663602247148752,-1.2751771724492311,0.0583057662352919,-7.834319414940476,5.558853439801931,-1.9730691284671424,0.2415468692779541,0.0420787669718265,0.1137911155819892,-0.5943669979640775,-0.6365715510466692,-0.4420126539635045,0.2147777397167853,1.216629147529602,-0.8980065584182739,-2.207915544509888,-2.430062662610412,4.378053756183386,-5.475944854968786,-0.0041789896786212,-0.0526608601212501,-0.8047755829393863,0.0148042505607008,1.1410185120459646,0.4663265220906585,3472
1726744896116703200,-0.6552186432003975,-0.587279079440236,-0.0434872595489025,-7.802149083697795,5.573054399111867,-2.05862150580734,0.4155116379261017,-0.0469558723270893,0.076021671295166,-0.5903261587318418,-0.6418859418909292,-0.4392526849533266,0.2157650233893182,0.4519743621349334,-0.5178794264793396,-1.3673427104949951,-2.2075877861768007,5.187431279960275,-5.664084915602207,0.0031539103947579,-0.0033476487733423,0.9141727270517498,0.0464439243078231,1.300325788361579,0.4127070870406925,3473
1726744896156469800,-0.9445049561470746,-0.1842255175381899,-0.5460173869863152,-7.8179750138610595,5.540054631307721,-2.087455532234162,0.4869419634342193,-0.3687915503978729,-0.0025547822006046,-0.58655515825251,-0.6463539651325984,-0.434346828761545,0.2225366242289755,-0.3560044765472412,-0.3265164792537689,-0.3382111489772796,-3.422932713475823,5.362336011445522,-5.873271855917572,-0.0053530419245362,-0.0708217620849609,0.741952485410124,0.1575585752725601,1.204073153308779,0.4572112320145592,3474
1726744896196235300,-0.6076321316391229,0.208852593794465,-0.434729095365107,-7.845247636190057,5.493388157200813,-2.108362418923527,0.4092009663581848,-0.1343879550695419,-0.1359796375036239,-0.5826542840196758,-0.6504245594243107,-0.4294699731424576,0.2302554489058256,-1.1321433782577517,0.2483049035072326,0.4591565132141113,-1.5229717835783958,5.747365256357193,-5.379898556143045,0.039055410772562,0.0030571483075618,2.24533197202906,0.1040979921817779,0.8518623282849788,0.0602315055669052,3475
1726744896236001800,-0.9462830717355012,0.719213268727064,-0.5030398305252194,-7.90104141960442,5.396177490770817,-2.1506340190723536,0.2881985008716583,-0.0478096306324005,-0.2338942289352417,-0.5781271638967233,-0.6519526112832854,-0.429662207841559,0.2368908422230221,-1.3938392400741575,0.8272777199745178,1.0181524753570557,-2.5028753853648897,5.911274546575546,-4.460382495301961,0.050146535038948,0.1011680588126182,1.19438477605246,-0.0099119869992136,0.4586042207429185,-0.1111310278334189,3476
1726744896275767300,-0.7316630004554987,0.7276689623832702,-0.4476536049984395,-7.955248226088285,5.304521535858512,-2.178635686328262,0.0880340412259101,-0.0496317707002162,-0.2061848640441894,-0.5747537495718379,-0.652096797626626,-0.4311023969860877,0.2420300970463188,-1.2367560863494873,1.102545142173767,1.9761137962341309,-4.488365896248817,4.503475202575325,-3.3498329904735087,-0.0075233159586787,-0.0595170408487319,0.3913568404980003,0.1118677929043769,0.305181746415887,0.6020876127218827,3477
1726744896315533800,-0.4514472981929778,0.1222165128707885,-0.238493114298582,-7.9777885591983795,5.27341620349884,-2.171719769459963,-0.161827877163887,0.0706939399242401,-0.0727304518222808,-0.5746174669893305,-0.6508819003683594,-0.4325270450329094,0.2430800793319348,-1.7686437368392944,1.2678667306900024,2.580812931060791,-4.608676867759227,4.039156732371449,-2.735029359769821,0.0004595512291416,0.0260526817291975,0.3488354668391868,0.3775346577167511,-0.1105560226907488,0.7336701755594461,3478
1726744896355299600,-0.3624748832762241,-0.2660714415758848,0.4131763119876384,-7.951689656823873,5.311402527543902,-2.174859236529469,-0.4051876068115234,0.3289258480072021,0.1541218757629394,-0.576883415578136,-0.6487491465452189,-0.4359030906613466,0.2373152617276442,-1.8959965705871584,1.216432809829712,3.1039061546325684,-4.55009140779972,3.028286329913139,-1.5039590400725602,0.0653051808476448,0.1924863457679748,0.2828705641528591,0.373053640127182,-0.2497436811040155,0.1485184544035699,3479
1726744896395066000,-0.226890939310193,-0.4174696252673864,0.775093707511574,-7.869101389986276,5.4256905855029816,-2.1930596407391127,-0.3444908857345581,0.2938172817230224,0.3509634137153625,-0.58037578038771,-0.6478025391894969,-0.4383683275652109,0.2266032384774477,-1.1869653463363647,1.1139647960662842,3.5025951862335205,-3.791765441346168,1.0236857526287435,0.0652925563827157,0.139387622475624,0.096659317612648,-0.1043893167545553,0.0984462052583694,0.0365541540837846,-0.345511217787303,3480
1726744896434832600,0.7084837849199771,-0.420275330337882,0.525208115452528,-7.768685205513238,5.562421361416578,-2.208481666276604,-0.1359312832355499,0.1558837890625,0.3651317656040191,-0.5831701787061253,-0.6493167773956848,-0.4370228234838543,0.2175117702993171,-0.9694218039512634,0.8635784387588501,3.58862566947937,-3.0546020899087187,-0.0434957351163029,0.3932550753347575,0.1711656600236892,-0.0114626353606581,-0.8013133867215365,-0.1885483413934707,0.03708077862364,-0.3745931910932064,3481
1726744896474598100,1.4040619110375645,-0.2715180165439844,0.1122821249641478,-7.690187422859668,5.662511382675171,-2.228755954150856,-0.0476183667778968,0.1065644323825836,0.2020930796861648,-0.5844652484932565,-0.651449971658701,-0.4350262754911317,0.2115783277422749,-1.6064456701278689,0.6965669393539429,3.4264132976531982,-2.4256723186969755,-0.8310882741950452,0.0250344880133867,0.1432383358478546,-0.1208664551377296,-1.0550060429133474,-0.2472686320543289,0.1091074130513239,0.0895311539112124,3482
1726744896514364700,1.5363795466840269,-0.3427045994013548,-0.1672261596813798,-7.655062333464622,5.699731398522854,-2.254658895561844,-0.1067093983292579,0.1466826945543289,0.0200860816985368,-0.5845215518877841,-0.6522760779698573,-0.4353062515278547,0.2082763562561673,-1.6873754262924194,0.4241666495800018,3.278471231460572,-2.7042279787927863,-2.974624882352352,0.689599051707983,0.1159437075257301,-0.1199519485235214,-1.3149965571403504,-0.1605031937360763,0.0479029799321899,0.2638043003614991,3483
1726744896554130400,1.3155161971002816,-0.3868851019114255,-0.1274701956152915,-7.646683212175965,5.707848069483042,-2.262541757766157,-0.2972237169742584,0.2419185042381286,-0.0799347981810569,-0.5855302568666229,-0.6502327340512497,-0.4388107999910323,0.2044427275275792,-1.5519870519638062,0.2994953691959381,2.937055349349976,-1.818155337870121,-4.478021027845144,0.9241320302039384,0.0482899509370327,-0.1418078243732452,-1.3723100974678992,-0.0792912691831588,0.0379855819762567,0.1895534710953012,3484
1726744896593897000,1.3916279614001512,-0.4807072949469089,0.5655339883610606,-7.654561398205161,5.689143953534961,-2.282925058972836,-0.2210458219051361,0.259847342967987,-0.2267713844776153,-0.5861836726333833,-0.6467065020384634,-0.4451600668644609,0.1999801265346877,-1.3778184652328491,0.1898848414421081,2.397520065307617,-1.0024363361120223,-5.39253533487618,1.4182050026804207,-0.0604098625481128,-0.1153959259390831,-1.2724484781377017,0.0267497412860393,-0.1470275856581516,0.2088247742057777,3485
1726744896633691600,0.6939256827354431,-0.229552267473936,0.6202911222040652,-7.713126399898528,5.604235719317198,-2.2957833715021607,-0.0269298609346151,-0.0070011890493333,-0.3837592303752899,-0.5853050306828372,-0.6430479377494132,-0.4511559914544094,0.2009121141352743,-1.303566336631775,0.0556131154298782,1.7477861642837524,0.0878811125487089,-6.2185097731888295,1.617156380185485,-0.1221357285976409,0.0461316742002964,-0.4414455441385507,0.1077177226543426,-0.2720959077634848,0.1226374416965991,3486
1726744896673459000,-0.3662970719128847,0.3488824112534522,0.6180304837957025,-7.810199703684448,5.475462039887905,-2.2782596975103018,0.189123272895813,-0.1844577640295028,-0.3704161942005157,-0.5837596983607861,-0.6398642562107228,-0.4546786226008191,0.2075226328623532,-0.9262820482254028,0.0754823759198188,1.1708335876464844,0.201075530052185,-7.492887904214858,1.6645558447420596,-0.2660151720046997,-0.0097654294222593,0.8747901994079351,0.0808514356613159,-0.115087199846981,-0.0126211793052032,3487
1726744896713226800,-0.8255085743665694,0.1907645639181137,0.268200854820013,-7.896119160771369,5.350615178513527,-2.278731698936224,0.3756768107414245,-0.2143780589103698,-0.278664767742157,-0.5804951639169801,-0.6396153124652891,-0.455055202760247,0.2164311727721093,-0.272594004869461,-0.1548633724451065,0.6182553768157959,-0.7231511926978826,-8.423440907377005,1.8760943166196344,-0.2609501481056213,0.1706298291683197,0.3560519375566393,0.1588901579380035,-0.1829840295771136,0.048527820132533,3488
1726744896752993300,-1.120428509286046,0.9317278921604156,-0.1231973406016826,-7.977238524100184,5.216133058309555,-2.3078147316880524,0.5057505369186401,-0.2532932758331299,-0.3182023167610168,-0.5753345435022424,-0.6412002855931563,-0.4544535183965812,0.2265488000802923,0.0595658309757709,-0.0558945573866367,-0.2327899038791656,-0.1006470706194639,-8.485617085304856,2.097994023513794,-0.2787404954433441,-0.0061994171701371,2.1296135890059174,0.0597960241138935,0.5547327910246327,-0.3604276684228331,3489
1726744896792760800,-1.6600258000969883,1.4274310961872338,-0.5435097880795597,-8.05833918272853,5.086743292808532,-2.314867718939483,0.6208042502403259,-0.3676824271678924,-0.1208194121718406,-0.5700441107875336,-0.6439029055516224,-0.4510149174971191,0.238797726390327,0.5484146475791931,-0.3254961669445038,-1.2011748552322388,-0.9458996253758668,-8.3216569416821,2.0860954959273337,-0.2224462181329727,-0.143204391002655,1.4053461056292056,-0.0300416909158229,0.888288417275995,-0.2201925376500934,3490
1726744896832527400,-0.1406277833521366,0.7259539751589298,-0.9918735871739685,-8.089439254391193,5.014592248833179,-2.3633009104579688,0.3455565571784973,0.0553687177598476,-0.0963894799351692,-0.5645160749720022,-0.6483537041760983,-0.4473614758677069,0.2466306172694033,1.0086750984191897,-0.4177134931087494,-2.244957208633423,-0.7627946363002062,-6.8630351729393,1.2768617645353078,-0.0996002778410911,-0.2116568833589553,1.487778597383201,0.0667437091469764,1.1969558686494826,0.0553952445168746,3491
1726744896872292000,-0.3141612264841795,0.3019727760404348,-1.257882923299074,-8.083350874388218,4.990110718527436,-2.4348740084148943,-0.0638138949871063,0.1739255338907241,0.1011733636260032,-0.5615090487416632,-0.6499489217670648,-0.4491218377737292,0.2460966194949843,1.5646222829818726,-0.6347742676734924,-3.03047251701355,-2.576453247272968,-5.744262029644847,0.4985176769256591,-0.1073056310415268,-0.2548601925373077,0.1216814013470895,0.0216888207942247,0.8822281673889607,-0.4464499648297205,3492
1726744896912059600,0.464822912594676,0.1190747077137231,-0.5293275334700942,-8.013141612130402,5.0796349221080535,-2.481380761915445,-0.0614017881453037,0.2006909847259521,0.3762269020080566,-0.562014035422039,-0.6523169992117064,-0.4483277100074399,0.2400520997510289,1.894023060798645,-0.7433704733848572,-3.614709854125977,-3.935519247764349,-3.871616684435308,-0.6737567549318075,-0.1600702553987503,-0.1102508306503295,-0.1631844282762147,-0.2317380309104919,0.4846361588284373,-0.8837045966170728,3493
1726744896951826400,1.0921113463401797,-0.3888017491877079,-0.4779369534507393,-7.914390145999192,5.221648022338748,-2.5034429561197755,-0.0179879739880561,0.0896631479263305,0.5209006071090698,-0.5635626856736523,-0.6565213376844112,-0.4434183194648067,0.2340024327197424,2.0971364974975586,-1.0246187448501587,-3.923821449279785,-5.308266567605734,-2.0059699659414587,-1.5046937840878962,-0.2138116359710693,0.1254136264324188,-1.2377787312947213,-0.3012047111988067,0.4111011131487787,-0.2902204154590144,3494
1726744896991593700,1.6923416772902011,-0.562791703915596,-0.2761526906073093,-7.820301410982013,5.349549010586738,-2.5289538294732568,0.1722471117973327,-0.0978694558143615,0.3337916731834411,-0.5643040979452586,-0.6612913309736901,-0.4377608245423207,0.2293908292627421,1.9282108545303345,-0.8590494394302368,-4.0372700691223145,-4.046322386217117,-0.091890640451014,-2.3405331983327864,-0.2284608781337738,0.1746446937322616,-1.182550765069574,-0.2399878352880478,0.6041433762079105,0.2441472310701385,3495
1726744897031360500,1.067432832157612,-0.9095365186184644,-0.3705097211718559,-7.772394581425189,5.428892011892796,-2.507470604200661,0.0633187741041183,-0.1792292147874832,0.2561143934726715,-0.5654317491577275,-0.6643973057646779,-0.4317657188068612,0.2290012177447468,2.097718000411988,-0.8075819611549377,-3.808517456054688,-4.501503025719523,0.9198653126701712,-2.746250134225189,-0.2396856993436813,0.2399111241102218,-1.5009934682652353,-0.160188540816307,0.5768892393836751,0.5047070330850779,3496
1726744897071127800,0.6339812093824148,-1.112128882974386,0.0042962358891963,-7.737277675336599,5.494864659494161,-2.4721195970952508,-0.0032917270436882,-0.0838558971881866,0.1995972990989685,-0.5671856611216036,-0.6660741072735508,-0.4270694389944532,0.2285987754876975,2.295294046401977,-0.7090193629264832,-3.33201003074646,-3.789478207191825,1.9508172569096087,-3.5852003739669915,-0.2366768419742584,0.1855101734399795,-1.252027183008194,-0.1059978231787681,0.900348784360662,0.7065927835416048,3497
1726744897110894600,0.3667956690847873,-1.2841665345907212,0.2848021532699465,-7.710860793054103,5.540159845247865,-2.453499944560229,0.1808475255966186,-0.2056569010019302,0.1125490218400955,-0.567943850625846,-0.6678347105914243,-0.4231908287570191,0.228792920297302,2.202746868133545,-0.7013550400733948,-2.94716477394104,-3.402812885510921,2.7047072867423294,-4.305363490764797,-0.2017336934804916,0.1302465796470642,-0.7493363851163536,-0.0337503850460052,1.067783983682841,0.7038256569158285,3498
1726744897150662100,0.0222498257309198,-1.083297925287485,0.1134659279212355,-7.728139260113239,5.529181355115771,-2.4237207462377843,0.3776705265045166,-0.3425142765045166,0.0122192557901144,-0.5669225594442165,-0.6701152382942789,-0.4177570297299828,0.2345709185406043,1.6658780574798584,-0.6812374591827393,-2.4142699241638184,-3.069448945906758,3.6620869220316408,-5.038903683269024,-0.1742383390665054,0.0824183523654937,-0.7034473981879651,0.0051239570602774,1.0219089522145688,0.5967136280659586,3499
1726744897190429700,0.0708463911175727,-0.4725251575350761,-0.284271699655056,-7.768204728519916,5.472216774356365,-2.424917554806918,0.3920521140098572,-0.2224913984537124,-0.1604127287864685,-0.5635475218719518,-0.6729027704036391,-0.4133258381074631,0.2424413580153999,0.7161482572555542,-0.6049258708953857,-1.7218886613845823,-3.040617988219857,4.866104984152317,-5.7665609552145005,-0.1224260628223419,0.0960826501250267,0.8443477879364043,-0.0043089780956506,1.1713553442511706,0.4405980969963595,3500
1726744897230196200,-0.4634077850997448,-0.1770423280358314,-0.810742382389307,-7.838636109095812,5.367072976839542,-2.433251375649124,0.2426432073116302,-0.1497804075479507,-0.2763415277004242,-0.5597275030108749,-0.6735036454279,-0.4128609087865507,0.2502875778226204,-0.2654162347316742,-0.3805856108665466,-0.8500217795372009,-2.9328590397685765,5.805479007151723,-5.78028669822812,-0.0940398946404457,-0.073769636452198,0.6379228596802801,0.0867361649870872,1.2664013069279492,0.6428248794429003,3501
1726744897269964000,-0.5658861627995968,-0.0994219127386808,-0.7286801852524281,-7.904948948436975,5.262368155261874,-2.447378246809542,0.1519390791654586,-0.0138764511793851,-0.3210738599300384,-0.5564587071226796,-0.6729627296898777,-0.4146115408234906,0.2560706972587138,-0.7940568923950195,-0.0292421746999025,-0.0758492276072502,-1.484557589510083,6.165187932845949,-5.391548077404499,0.0491109006106853,0.0200812444090843,2.0584667536370453,0.0731843113899231,0.776410343068093,0.1280842449935618,3502
1726744897309730600,-1.221619769784808,0.5197568643093109,-0.5457116820380091,-7.982738290560245,5.139836000570655,-2.45527046136409,0.1413224935531616,-0.0622922852635383,-0.2769129872322082,-0.5534971025675604,-0.6710999946776962,-0.4181013646876486,0.2616427982843585,-0.8118372559547424,0.8069339990615845,0.7520229816436768,-2.626734989267588,6.121394383826852,-4.065857107770443,0.0594019442796707,0.0613543838262558,0.5075699847681447,0.0592797137796878,0.2521352524156682,0.0426788064099615,3503
1726744897349498000,-0.752302468380332,0.6169622700423002,-0.2884139140263199,-8.033520967814326,5.057445886653661,-2.460728434509039,0.1549394279718399,-0.1570685356855392,-0.1530280262231826,-0.5508607546666506,-0.6708356055008845,-0.4188577529806789,0.2666275837749055,-0.854995608329773,0.9842472672462464,1.731656193733215,-4.47454078451395,5.4080204887777565,-3.628279052715003,-0.0488431751728057,0.0494686625897884,0.4216889599954709,0.1438845992088318,-0.153567874147091,0.3620262261932715,3504
1726744897389264600,-0.4950923786520957,0.1314613110780715,-0.1267374974265694,-8.060289147752522,5.0326820322752,-2.423685674924404,-0.0932615846395492,-0.0346376895904541,0.0450781360268592,-0.5511092770814964,-0.6700456794903162,-0.4178664497421128,0.2696387893489693,-1.5041334629058838,1.2749382257461548,2.321651697158813,-4.392967247676849,4.708372921264171,-3.250861744111776,-0.0560143552720546,0.1230374425649643,0.773541071242094,0.2927545011043548,-0.375239416574873,0.3559675472088158,3505
1726744897429032400,-0.4446346955686807,-0.1404968504488468,0.1614811862885952,-8.007495715197921,5.120286081448197,-2.415172551992536,-0.4428718686103821,0.3205863833427429,0.3021700978279114,-0.5545975691150413,-0.6693369832259721,-0.4184824151603856,0.2632146883903504,-1.6615995168685913,1.216691017150879,2.930468797683716,-4.834789223912358,3.239771025776863,-1.62078333851099,0.0308458115905523,0.1428688764572143,0.8172285295382141,0.1571971178054809,-0.301401004034467,-0.2323433777634985,3506
1726744897468799700,-0.0498339982271194,-0.1476484757691621,0.4435314105018973,-7.890536976724863,5.28874762814343,-2.437004006180912,-0.5447359085083008,0.4936142563819885,0.4386579096317291,-0.5600778867811254,-0.6686605496326586,-0.4208867932858434,0.2491189931804833,-1.3387982845306396,1.1791805028915403,3.4262590408325195,-4.03521880840063,1.5747262284740804,-0.4536109059676527,0.0466281585395336,-0.0061144274659454,0.0064329739232547,-0.1482478380203247,-0.2168203760695643,-0.5491421679433435,3507
1726744897508566300,0.693189185154438,-0.1164478663414716,0.6342787310242652,-7.748901477634906,5.469433865639567,-2.4920292894408105,-0.3869624435901642,0.4902489185333252,0.3857252597808838,-0.564201053919834,-0.669458370353317,-0.4229463527207707,0.2337072004082565,-1.215132236480713,1.0026708841323853,3.655570507049561,-3.3199475552976128,0.3013870851069689,0.1714908313885331,0.016202101483941,-0.0453243665397167,-0.6367017203874885,-0.2767286598682403,-0.0486516885407967,-0.1517574089253321,3508
1726744897548334000,0.8260457499831915,-0.0302209507405757,0.4166694148004055,-7.634257445845008,5.599433287471532,-2.556337218700349,-0.2799547612667084,0.3135217726230621,0.2733840644359588,-0.5662117414991316,-0.6705284098913993,-0.425121829784123,0.2215116218073674,-1.6023681163787842,0.867777943611145,3.695417881011963,-2.993388619533181,-0.9479397529013456,0.0901985957108437,0.0212572999298572,-0.1119267269968986,-0.6535961565651,-0.2127966284751892,0.100388045223942,0.1958812493447214,3509
1726744897588100600,0.8231967902928591,0.059105684441328,0.1461164438962936,-7.558534973123669,5.704187208887935,-2.549745273089409,-0.2837336957454681,0.1353512108325958,0.2467876672744751,-0.5694332362424791,-0.6703655373748458,-0.4249833873011219,0.2138808845631827,-1.66319739818573,0.6494431495666504,3.5991549491882324,-3.471176812162996,-2.988720627722144,0.6166139680612832,0.0201662555336952,-0.1100135594606399,-0.8108316681079566,-0.1302848309278488,0.0063411434794252,0.2124665647742338,3510
1726744897627868200,0.7950468006074428,-0.3168184629946947,0.3175000155180692,-7.472922974550723,5.820189085027575,-2.5399174142971632,-0.2304924130439758,0.16239033639431,0.3355984389781952,-0.5728032630458155,-0.6705257660042675,-0.4241402446083343,0.2059042526350906,-1.5626747608184814,0.4614224731922149,3.1617753505706787,-2.790480028834939,-4.571227134808898,0.9262222804814576,-0.0540828518569469,-0.0854623839259147,-0.9871757116813212,-0.0698385685682296,-0.0707226368737407,0.0723096412037033,3511
1726744897667630000,1.7334721445798873,-0.7581073552668094,-0.0896668269217014,-7.403540226244926,5.919706859356165,-2.512979723010957,-0.0799529924988746,-0.0881006643176078,0.19012151658535,-0.575743838963939,-0.6712936145413747,-0.4212970387759609,0.2009795929305681,-1.380979299545288,0.3333117961883545,2.464839696884156,-1.4615636674135923,-5.687590878874064,1.641962320140004,-0.1992277204990387,-0.108949139714241,-1.3005996368668973,-0.0170753858983516,-0.1492940601522568,0.0949843412831891,3512
1726744897707397400,1.072038864648342,-0.3677887717753648,0.356007148566842,-7.360261641010641,5.972466389641165,-2.5152783553421494,0.2690883576869964,-0.1950834989547729,0.2299538254737854,-0.575791366322145,-0.6740851382684967,-0.4169565105188585,0.2005517268282428,-0.920135736465454,0.228574514389038,1.732349157333374,0.147605805671215,-6.646480918726325,2.1975462846338747,-0.2882793545722961,0.0454868674278259,-0.5680759644614533,0.0580091401934623,-0.1449561405458022,0.0909966964191291,3513
1726744897747164000,0.7498755334943532,0.1074731172472238,-0.4150993890047073,-7.365204358109831,5.984423369416594,-2.4720085379362104,0.3618000149726867,-0.7125234603881836,0.0986432507634162,-0.5751781296251852,-0.6778445036782296,-0.4081227684289422,0.2076842458311219,0.2442043870687484,0.2898712456226349,1.0853620767593384,0.4890314711779355,-8.251631803819537,2.9811124908059834,-0.3669610917568207,0.0149281611666083,0.2465160790933296,0.0531003139913082,-0.0458603088231757,-0.0519906967703951,3514
1726744897786931200,-0.1212824468910694,0.4390823221385478,-0.1444002876281738,-7.405638075307011,5.981418342381716,-2.355744649859518,0.3002222180366516,-0.4956072568893432,0.1223878413438797,-0.5764239207713083,-0.6796478328011265,-0.3977290201892827,0.2182335422297132,0.6477281451225281,-0.0037087446544319,0.4514496922492981,-0.3134755823075771,-8.228823759683966,2.8861586633920666,-0.3887102305889129,0.0343672484159469,-0.063646816735994,0.048339806497097,0.0912487714840564,-0.2076305594525299,3515
1726744897826698800,-0.1739157204478979,0.8910171115875244,-0.6485951334074139,-7.431416659685968,5.982287526431679,-2.2708349543370305,0.145389899611473,-0.627000093460083,-0.00045940867858,-0.5773661984852108,-0.6807553397559672,-0.3903236215349341,0.2255393785144607,0.648706316947937,-0.1358741819858551,-0.351918488740921,0.2273784305661916,-8.043594033539295,3.1811095779716965,-0.4165063500404358,-0.1060511842370033,1.6547149803377688,-0.02223477140069,0.7023253353554755,-0.4755392811918631,3516
1726744897866460200,-0.2169102280437946,1.0039525858938694,-0.7927239106178283,-7.511872006148099,5.959732580274343,-2.055178671877086,0.0438699871301651,-0.8201872706413269,-0.0916473716497421,-0.5821103790037719,-0.6776262871389577,-0.3815855920038746,0.2374080682840215,1.0728453397750854,-0.5014634132385254,-1.2036408185958862,-1.0830874974071978,-7.935602445375919,3.245525059258937,-0.4326127469539642,-0.0569413527846336,1.3481759192951024,0.0219059828668832,0.6178524968802929,-0.3215179459225386,3517
1726744897906227700,-0.5090729732096195,0.3331085035383701,-1.3323720548331737,-7.577642409175634,5.958554184144735,-1.8014882807075976,-0.2293097078800201,-0.728375256061554,0.0581899844110012,-0.5889947899855902,-0.6726529562482387,-0.3733474826725377,0.2474567696750445,1.283821940422058,-0.8518603444099426,-2.201168298721313,-1.6173545331060886,-6.3640241595387455,2.0891864476799964,-0.3922125399112701,0.0077134100720286,1.0617053213562817,0.1926934421062469,0.9674445177078248,0.0122540824338153,3518
1726744897945994000,-0.8932757041692734,0.2724228564292192,-1.7692542365789412,-7.585639837670326,6.037645256516337,-1.47488857454136,-0.6588496565818787,-0.707094669342041,0.3646209239959717,-0.6011168683818792,-0.6649555404530304,-0.3647362304341303,0.251912905518545,1.5401898622512815,-1.1706405878067017,-3.1691277027130127,-3.264797330483794,-4.726990820233524,0.9292956965774296,-0.4061929285526275,-0.129384234547615,0.3823232738886028,0.1550956219434738,0.9489416234202682,-0.6330785614542662,3519
1726744897985761300,-0.2280430319547653,0.2912386160582303,-0.8436834788087755,-7.453153275197744,6.270220086681842,-1.14245592443794,-0.6080752015113831,-0.4417823553085327,0.8835163712501526,-0.6172530379726558,-0.6587252926319718,-0.3526046383234578,0.2464742003750632,1.6853833198547363,-1.4053748846054075,-3.646529674530029,-4.12552276418209,-3.2288731996655464,-0.3621166444230824,-0.5518143773078918,0.0172616522759199,0.607796053496562,-0.1201333627104759,0.5418714097553864,-1.240655163513869,3520
1726744898025527800,0.7062444815605878,0.1126560728430747,-0.8943863688249141,-7.208597499859333,6.592754589235782,-0.8614615659531205,-0.5006809830665588,-0.543241024017334,1.174098014831543,-0.6326825503616154,-0.6566426690337253,-0.3357718299500373,0.2362003418388171,1.891865611076355,-1.414297580718994,-3.770113229751587,-4.404194744133949,-1.6518660206474365,-1.383505006829649,-0.7179653644561768,0.1245569363236427,-0.2240624744186177,-0.1857983618974685,0.3401699298245832,-0.6321364582985639,3521
1726744898065295000,0.6301455767422914,-2.675349674832821,-1.3599369381070137,-6.858960470846295,6.990448669931292,-0.5085881853673607,-0.670889675617218,-0.7223510146141052,1.4259618520736694,-0.6509709955218688,-0.6548649620678525,-0.3115809092538615,0.224289768437525,2.283366680145264,-1.3243968486785889,-3.326552629470825,-4.385891610202193,-0.8700063261322677,-1.8701622962221505,-0.8047971725463867,0.1229708269238472,-0.7007393082730472,-0.1417409479618072,0.4652544724123552,-0.1783791478638537,3522
1726744898105062000,1.430692728331685,-1.0221358928382396,-0.1816647088731639,-6.526750377452373,7.316492057389021,-0.2021553611781448,-0.3397121131420135,-0.6871690154075623,1.0899543762207031,-0.6660376007330521,-0.653257884884532,-0.2890695254809114,0.2146786086778895,2.418229818344116,-1.2556569576263428,-2.759279489517212,-3.57793915079236,0.0234328980356454,-3.0232614874884485,-0.8088995218276978,0.0985283479094505,-0.9869107771348208,-0.1010064929723739,0.5455792878299951,0.1244256950865499,3523
1726744898144829000,1.0484037220388651,-1.5942115579277276,-0.395457699945569,-6.22317133525908,7.578817882695794,0.0635617596678901,-0.214749738574028,-0.5848898887634277,0.9769260287284852,-0.6778484503637534,-0.652381304006044,-0.2667543556301463,0.2091942249529219,2.3967273235321045,-1.137762427330017,-2.257880687713623,-2.728538244184852,1.0262836601674556,-4.220314386771619,-0.712656557559967,0.0604035854339599,-1.0989840085886418,-0.0417069867253303,0.6808073310304432,0.4757346576334908,3524
1726744898184596500,0.0146902041316032,-2.15040810136199,-0.2807721853678114,-5.915498886272311,7.818828415820002,0.2077489982004277,-0.3157854378223419,-0.0934813320636749,1.0258406400680542,-0.6867630448523222,-0.6527732999939434,-0.2515845149092346,0.1973541962418407,2.0042335987091064,-1.1132668256759644,-1.832202911376953,-2.534345459383726,1.672610556381941,-5.289581156358122,-0.5776655673980713,-0.002708782441914,-1.0482992387510834,0.0486426912248134,0.936656946060434,0.7038294563081116,3525
1726744898226849800,-0.4798386954188346,-2.1768489490419625,-1.0973094995051622,-5.577042591965198,8.057457139196991,0.3799470462765544,-0.3355312049388885,-0.5220117568969727,1.0646942853927612,-0.6965036276613933,-0.6522538721973826,-0.2349318565816354,0.1850800137570984,1.144905924797058,-1.1374040842056274,-1.4961916208267212,-2.59465233630836,2.1623075057312846,-6.087597328165173,-0.4548961520195007,-0.0383178852498531,-1.1615593419019132,0.1885398626327514,1.072481713045016,0.6767659466851502,3526
1726744898266617300,-0.8147387585490942,-1.956534465512633,-1.2717413527816532,-5.194707408443093,8.295033138650656,0.6146827808029949,-0.4403816759586334,-0.3748061060905456,1.2316714525222778,-0.7078786064799791,-0.6501411666401596,-0.2144209925628478,0.1739196537450783,0.0274140201508998,-1.0086545944213867,-1.374575972557068,-1.997358058810234,2.814144689799845,-6.512515515872836,-0.3704625368118286,-0.0354926660656929,-0.2626332107555121,0.2358229607343673,1.2653650957480072,0.349927244131267,3527
1726744898306383600,-1.2113266315683722,-1.5602894145816564,-1.1726550286728887,-4.730931959074735,8.550908764904737,0.8189117333848029,-0.5219415426254272,-0.1778346747159958,1.4835424423217771,-0.71948389111505,-0.6481177385866412,-0.1954239452540012,0.1552280030492175,-0.9096599221229552,-0.5892950892448425,-1.2000240087509155,-2.369203997021913,3.4365444747209546,-6.619134062117338,-0.330571174621582,-0.0042307702824473,0.164070727857761,0.2333139479160308,1.1849810609564184,0.2178117069281637,3528
1726744898346151200,-1.2185486917763948,-1.1553501850634813,-0.7779119798026979,-4.171847292983531,8.812306953972577,1.053245024590194,-0.5707245469093323,-0.2081761509180069,1.7468122243881226,-0.7321008476138376,-0.6452160784408418,-0.1731925530040009,0.1331501318031315,-1.1923151016235352,-0.1917210966348648,-0.7815401554107666,-2.553074125251174,4.017698349279165,-6.3748506739795205,-0.2774734795093536,0.1058414876461029,0.1627481192181818,0.3584635555744171,1.1970938888806848,0.3790269722895696,3529
1726744898385917400,-1.250003568226099,-0.8778717988103628,-0.1532538945607841,-3.4905163034051654,9.07756474107802,1.2587769495293497,-0.6937476992607117,0.1357208788394928,2.0227925777435303,-0.7439986290179498,-0.642889100459153,-0.1500461348414807,0.1031790389524314,-0.922524869441986,0.6562544703483582,-0.2926755547523498,-1.186165010043979,4.660014256286621,-4.916240011152625,-0.3395996987819671,-0.0888091176748275,0.9067678576227276,0.3434775471687317,1.1010665139511226,-0.1293345373156015,3530
1726744898425685000,-0.638294688667357,-0.4226403059035539,-0.5171050346262752,-2.6999700290873645,9.301087665259836,1.5395787811167538,-0.82438063621521,0.1045105084776878,2.236845254898072,-0.7575657356969975,-0.6371388538513929,-0.1247293380512308,0.0677552368430701,-0.4066090583801269,1.1938680410385132,0.5366843342781067,-2.5053753854870795,4.810936639159918,-3.4973172155916687,-0.438835084438324,0.0905122905969619,1.0727613337039947,0.2854415774345398,0.6211918704360723,-0.1044333020267542,3531
1726744898465452500,0.0189817638456821,0.5376479103088379,-0.5019407832421362,-1.8635643592618405,9.445124964794516,1.867383771419525,-1.0989508628845217,-0.173430398106575,2.260584115982056,-0.7708656107702934,-0.6286730051343545,-0.0977761398796727,0.0312452964832874,-0.4693406224250793,1.4357542991638184,1.3654383420944214,-3.366958897319436,4.279563571336865,-2.9998735976383086,-0.5274573564529419,0.2603619694709778,0.2726135749620385,0.323743462562561,0.0296349447132786,0.1092385194845497,3532
1726744898505218800,2.083405964582413,-0.1167757831215858,-1.666091676007211,-1.0314539024122058,9.420345328325032,2.5226176121890544,-2.369295120239258,-0.316874623298645,1.777737736701965,-0.7928529845585653,-0.6056721034756803,-0.0674062555858681,-0.0014095717286479,-0.9470030665397644,1.5428321361541748,1.9796690940856927,-3.0884821476787327,3.468796054506301,-2.0748329281568525,-0.6093655228614807,0.4512745141983032,0.3373910031631589,0.2523067593574524,-0.1691159737496636,0.0166122137112368,3533
1726744898544986400,1.311022685073316,0.973881857278943,0.5447232555225491,-0.4489603036828339,9.161820648866891,3.468407639710605,-2.382686376571656,0.4215196073055267,1.45833420753479,-0.8222275766244497,-0.5665175427933192,-0.0470988274392358,-0.0279520895044741,-0.952110469341278,1.4935694932937622,2.357778787612915,-3.4619384436964986,2.448925183990597,-0.4162579113900661,-0.6249998211860657,0.4091590046882629,0.6308476605970412,0.0035154717043042,0.0368066903730155,-0.2695237557205371,3534
1726744898584752600,0.7139664541147649,0.8073539089947939,0.6212485690593719,-0.0890799943439196,8.878539129292964,4.163413518898189,-1.6494951248168943,2.1494600772857666,1.722964882850647,-0.8410041962388801,-0.5340416641167262,-0.0502442076208222,-0.070619534544299,-0.8587610721588135,1.251198410987854,2.592980146408081,-3.200620334127545,1.1685387524604796,0.7432870950147509,-0.6390769481658936,0.3281439542770386,0.1081695202798582,-0.3327029049396515,0.0198535394282429,-0.3937135231593623,3535
1726744898624520000,1.0715589721769094,-0.1184732346892356,-1.716189585867524,0.1307792836306616,8.583173204171658,4.741562366421521,-1.8005231618881226,1.147706389427185,1.5699833631515503,-0.8527049132443586,-0.5041679193181644,-0.0637362257395018,-0.1210233304590723,-1.1355624198913574,1.0739550590515137,2.5680277347564697,-1.8070020756930112,0.5130281405761837,0.7642625168956816,-0.6519436836242676,0.2067228257656097,-0.4547311787018552,-0.5525729060173035,0.1533665794213302,-0.2450889506333507,3536
1726744898664286500,1.7262667432457208,-0.0411731373876333,-0.9171487471878528,0.5250310783851891,8.162005308908224,5.410765403571725,-1.991862773895264,0.1066801846027374,1.3431086540222168,-0.867619782311262,-0.4706009337002645,-0.0515993025157811,-0.1520135340686283,-0.8472290635108948,0.9790568947792052,2.605233669281006,-1.763566838592291,-1.0387015354529023,1.366059220379591,-0.7356053590774536,-0.0466580651700496,-0.418863417713344,-0.4862229526042938,0.3373951313490048,0.4030079691946506,3537
1726744898704052500,1.4582175718560817,-0.9302958135306836,-1.822127748632431,0.9193743873480706,7.766938069584965,5.916062949895858,-1.0899169445037842,0.2474025785923004,1.1017587184906006,-0.8775872690985715,-0.4438977400439113,-0.0363253614411766,-0.1774141104080853,-0.1370763927698135,0.9399041533470154,2.7540042400360107,-1.983915224391222,-2.652830969032645,1.7972738778829571,-0.7946415543556213,-0.2492356896400451,-0.4069153884293511,-0.2239613085985183,0.4479486789548769,0.5791228801872581,3538
1726744898743818800,0.8776175317883491,-0.3305886296719312,-2.586434543061256,1.3187632161974907,7.496433613997698,6.183422677716613,-0.8298392295837402,-1.6367270946502686,0.7491863965988159,-0.8831957589306053,-0.429538614964321,-0.0151574220721584,-0.1877018345860686,1.031588435173035,0.935569703578949,2.76856017112732,-1.900998456251621,-4.450008693064749,2.404516133421659,-0.8891247510910034,-0.4204869270324707,-0.8676009454909711,-0.1045499742031097,0.3665892963251099,0.2958689975389279,3539
1726744898783586000,1.49309117070809,-1.2996376599669457,-2.2848890525221823,1.8709116532847283,7.331679105126858,6.23831454385519,-0.3210467398166656,-1.6230064630508425,0.3440344929695129,-0.8853653801773376,-0.4261258715244698,0.0187409296799079,-0.1849157286422955,2.318395137786865,0.8525016903877258,2.3604347705841064,-0.3889975640207528,-5.869991519072651,3.575504032599926,-0.9346073269844056,-0.3384281098842621,-0.8080860226616263,-0.0713166072964668,0.230894859455619,0.1791192621740512,3540
1726744898823352600,0.1809673925250768,-1.2259078223675488,-3.206799315023422,2.4938047746807337,7.247924132597446,6.117101070547103,-0.2700349390506744,-2.9954307079315186,0.2105885744094848,-0.8851667660024151,-0.4292724065139229,0.0619665056754508,-0.1684197722920073,2.701697587966919,0.762148380279541,1.506969690322876,0.5945037699967622,-6.085280283394456,4.002335944974422,-0.959326148033142,-0.2362314760684967,0.0196445112038869,-0.1108138486742973,0.2895480143564753,0.1746762564916163,3541
1726744898863116800,0.1843552813977003,-1.1607523363679646,-2.3582114783644674,3.373578023198246,7.098821366366743,5.8648185003489255,-0.429383248090744,-2.9009838104248047,0.6802242398262024,-0.8812372354040234,-0.4314303073783315,0.1218415037985173,-0.1498117644211162,2.1628081798553467,0.2565384805202484,0.6575502157211304,-0.3869482302755117,-5.902648172527552,4.041775974959135,-0.9470890760421752,-0.1531720161437988,0.2858206643964164,-0.143276035785675,0.321969306419231,0.2773947265576571,3542
1726744898902884400,-0.4989657129541039,-2.099803118762374,-2.998679127156734,4.248434858101606,6.8463084945440285,5.590103733590245,-0.7855638861656189,-2.769971370697021,1.1823869943618774,-0.8751466664449639,-0.4273106661133957,0.1799712044976938,-0.138327226184763,1.3032212257385254,-0.3642794489860534,-0.1011248901486396,-0.3683037355601787,-5.301814030465484,3.690205932056904,-0.8748968243598938,-0.0535095334053039,-0.1894456633392721,-0.1863336861133575,0.4060520130656659,0.1636384921866469,3543
1726744898942650600,-0.0289694893747568,-2.5909458830058574,-1.933162357753515,5.196404860010743,6.351638140696287,5.368841740077734,-0.8886702060699463,-2.0987648963928223,1.8609488010406487,-0.8681331368342606,-0.411875424450324,0.2379577602845051,-0.1417027733096335,1.069072723388672,-0.6353403329849243,-0.70256108045578,0.3190507520914077,-5.127103360247611,3.3890357045710084,-0.8484757542610168,-0.1435523480176925,0.8910514522485434,-0.2420103251934051,0.84733995548971,0.1575516282873228,3544
1726744898982418200,0.3348205681532621,-2.6961411184489728,-2.998135521799326,6.08657792198956,5.774336265391111,5.077499663645029,-0.7528848648071289,-2.7964305877685547,1.709775447845459,-0.8579562272969097,-0.3945815418595916,0.2922755088070743,-0.1509688142131671,1.4228366613388062,-1.0625252723693848,-0.9893987774848938,-1.123691894996166,-5.139930108594895,2.6384043842732905,-0.8206110000610352,0.0047339685261249,0.6293986308325081,-0.072310633957386,0.7752421030063181,0.497610316289775,3545
1726744899022184400,1.743991200506687,-3.73303326639235,-2.559392806878686,7.176056581738591,5.176737451988458,4.228002018664777,-0.796669602394104,-4.404684066772461,1.8826613426208496,-0.8329756792365427,-0.3826012303197377,0.3715483629098504,-0.1473761617755277,1.7165188789367676,-1.3132225275039673,-1.1852210760116575,-1.513724647283554,-4.437607768914103,1.7748767526358364,-0.8795926570892334,0.0171044543385505,0.3837302180770784,0.1627301424741745,1.1101362478524446,0.5597498885342851,3546
1726744899061951700,0.9527361933976412,-3.784944363154471,-0.7683554852977394,8.19520849032998,4.366435799103975,3.153279321759939,-0.9878342747688292,-3.471223831176758,2.510028839111328,-0.7999449348542721,-0.3608473738426628,0.4571834073719192,-0.1444316727789471,1.972429156303405,-1.4427132606506348,-1.2802048921585083,-1.8629262074887751,-3.984314550593495,0.9989701213061808,-1.0109007358551023,-0.0899954512715339,0.8654743817910552,0.1994920074939727,1.2896423356533049,0.0342235237457091,3547
1726744899101718000,1.8128771052062511,-7.11212683814168,-1.581280764684081,8.980932166796922,3.260604262708127,2.209459279137105,-1.2393141984939575,-3.26885199546814,3.4342682361602783,-0.7669744475212744,-0.3248725486131603,0.5308547429764701,-0.1562091926835553,2.180503845214844,-1.5901901721954346,-1.270410656929016,-2.697572612556815,-3.442097140412032,-0.281879324625805,-1.2411656379699707,0.0219595488160848,-0.1482469987847376,0.077161468565464,0.8080042626623064,-0.4789283025756478,3548
1726744899141485600,4.379187144127488,-3.137524118745327,0.1448240659981965,9.511372337684035,2.0296074466384946,1.2589265871331097,-0.5604621171951294,-2.2560133934021,2.70877742767334,-0.7301239538725279,-0.2855150850330426,0.5952257946843119,-0.1763704159528427,2.2631545066833496,-1.7396658658981323,-1.2318059206008911,-2.6834254292607307,-2.93133314537555,-1.2217800749130547,-1.430975317955017,0.0694746226072311,-0.0875409025426022,-0.0756411775946617,0.8598488700594753,-0.3338429552927613,3549
1726744899181251800,2.9876603050142525,-4.402154762738943,-1.0733955399543047,9.749342304891348,0.9431319872934372,0.4808301906742155,-0.5753324627876282,-1.9639301300048828,2.9251508712768555,-0.6966918538521046,-0.2513507184919148,0.6421115940171072,-0.19782799561396,1.9312820434570312,-1.8016868829727173,-1.2813118696212769,-2.1532588146179914,-2.270090127319097,-2.8001415911495684,-1.5115983486175537,0.0975810661911964,-0.4969346089852973,-0.1558611243963241,0.8979740911185741,-0.0118113927257014,3550
1726744899221019100,2.325005958855152,-2.7635873457342384,-0.0667535688459873,9.80461761738956,-0.1960948007638566,-0.0375436263454379,-0.6212806701660156,-0.6391938328742981,2.826808452606201,-0.6695613784333794,-0.2104704450448905,0.6764734909391298,-0.2230995538266928,1.6782102584838867,-1.7704652547836304,-1.3578951358795166,-1.668449345049262,-1.8272320860341191,-3.853847218988836,-1.512234807014465,0.1372253745794296,-0.6800356890708208,-0.1585455536842346,0.8034580706000327,0.3817770016500726,3551
1726744899260785700,0.9336281728237866,-2.758843950599432,-1.8297370545923708,9.726555888065697,-1.2339362305223942,-0.2047359887884929,-1.2373464107513428,-0.3518009483814239,2.6641197204589844,-0.6553431337486617,-0.1640903879712625,0.6953509723554148,-0.2451262072564915,1.5048809051513672,-1.609569430351257,-1.335448980331421,-1.621300055861473,-1.44804659871459,-4.7200692042768,-1.4534587860107422,0.1262118220329284,-0.6334510480284691,-0.1290802657604217,0.930864407198876,0.5449629825625568,3552
1726744899300553000,0.5687713628470897,-1.7174734881982203,-0.6822550456207245,9.535656299591064,-2.2423862739659843,-0.4618740727264434,-1.6928198337554932,-0.3555215895175934,2.633558511734009,-0.640550202062493,-0.1087353866177449,0.7153500120658756,-0.2571892767124153,1.1276004314422607,-1.4732834100723269,-1.1573225259780884,-2.196592929431796,-1.3304428403362631,-5.362234889158606,-1.3075274229049685,0.1095014587044715,-0.4804071794891729,-0.1532541662454605,1.04985830476135,0.6135105221532284,3553
1726744899340319200,0.7525795317560434,-1.8089052789658304,-0.1620258876245468,9.236328485101462,-3.206348356385529,-0.7615370374545455,-1.7525702714920044,-0.2844602763652801,2.8028383255004883,-0.6249437025126598,-0.0498251928759768,0.7323558098207749,-0.2657399704437753,0.3874675631523132,-1.329435110092163,-1.0949444770812988,-1.60347622987926,-0.9524626371532678,-6.020158699664473,-1.054499864578247,0.1088333055377006,-0.5406731398815289,-0.1676923185586929,1.2697992788031696,0.7529381359353661,3554
1726744899380086800,1.378198570984602,-0.7423886848703026,0.9617745092473924,8.815415441381932,-4.156747046746314,-1.0864234368968757,-1.651957631111145,-0.0335321687161922,2.795285224914551,-0.6075835810679191,0.0119419527539701,0.7451507037228315,-0.2746818644056886,-0.2534040510654449,-0.9690420031547546,-1.23088276386261,-0.9073971685022116,-0.2479397186882793,-6.371826942244172,-0.8116989135742188,0.0415373221039772,-0.8411101211894303,-0.1334252953529358,1.3476694310776889,0.8015125625554472,3555
1726744899419853800,2.2518483681857586,-0.7592676312178372,0.5183398371182382,8.312717263901233,-5.027518365901709,-1.33910194761008,-1.5485329627990725,0.1019510403275489,2.7604916095733643,-0.5923430214049173,0.0725473692561039,0.75034130932261,-0.2843494972332453,-0.4452856183052063,-0.5754091739654541,-1.3297921419143677,-0.7857078943759203,0.1481888662561774,-6.228901987865567,-0.630173921585083,0.0730486437678337,-0.2926623835173435,-0.0095179043710231,1.3303463942244649,0.8152781261228025,3556
1726744899459620400,3.5600796689748764,-1.582045319315791,0.9360535002745688,7.683988568219542,-5.852399163758754,-1.695912667644769,-1.3946655988693235,-0.2744278907775879,2.986525297164917,-0.5713376234299908,0.1326472551122464,0.7542361607682108,-0.2951369375383392,-0.1730397194623947,0.1457591950893402,-1.2086405754089355,-0.913966610020399,0.7520745048433541,-5.962450607061386,-0.5274977087974548,-0.0034416764974594,0.7335616736836731,0.1225547567009925,1.5288678558796642,0.7871632077507674,3557
1726744899499387600,4.694149165600538,-1.9206179334789515,1.5692399060174822,6.872987827154994,-6.677110450267791,-2.0853398552544413,-0.8784475922584534,-0.4286653697490692,3.270737409591675,-0.5432222998155493,0.1902703376719523,0.7550628748472256,-0.3139855039120722,0.3367713391780853,0.5654967427253723,-0.8504804372787476,-1.855179538884759,1.190233866918087,-5.495584205940365,-0.394526720046997,-0.0707691833376884,0.6652469930008054,0.3259205520153045,1.2950382033474743,0.9094177876096218,3558
1726744899539154200,5.898090070831775,-1.9557821858406064,1.529126945207268,5.889910856029391,-7.466597863182425,-2.3935833821274337,-0.5011723041534424,-0.500544548034668,3.349313735961914,-0.5116445219549273,0.2445206179020032,0.7498322855768721,-0.3408534297444596,0.702948272228241,1.4082059860229492,-0.4816755056381225,-1.0249667323499918,2.251196626278758,-4.378667504167557,-0.3462274670600891,-0.0328082367777824,1.481264539314061,0.4189292788505554,0.8292291292596607,0.5517436191460118,3559
1726744899578921200,7.340750884854793,-0.903477949231863,1.4401871173858642,4.817603403572738,-8.130444049474596,-2.618584123776853,-0.1209288164973259,-0.7313908338546753,3.075741767883301,-0.477912049055027,0.29151040007587,0.7406296750261305,-0.3716039807509757,1.686106562614441,1.810882568359375,0.1010933890938758,-2.070581700453162,1.803518617491424,-2.9810487779200074,-0.3246007263660431,0.0513795763254165,1.3938406690135596,0.3369579613208771,0.273847537203785,0.2178503036391921,3560
1726744899618687700,8.268206506523489,1.240907823100686,1.9752549480736248,3.820267020948231,-8.61235545951426,-2.7208988353475925,0.2018360495567321,-0.4945077002048492,2.365504026412964,-0.4469553399950419,0.3265803418717322,0.7294330075046701,-0.4018752751933058,2.041669607162476,1.9931660890579224,0.4863109290599823,-2.1105758571892976,1.607044736015797,-2.83057589237988,-0.3134264647960663,0.0935357809066772,-0.3222635766580701,0.22646564245224,-0.4018337377835065,0.3011882198003121,3561
1726744899658455000,8.619474351608753,3.264217484769225,2.064782951046526,3.195012431117892,-8.888495875161885,-2.6375948214560747,0.3478148579597473,0.2431979775428772,1.076822280883789,-0.4325754665884634,0.3480877494108927,0.7164599316718254,-0.422372484970507,1.1837563514709473,1.9593825340271,0.5263012647628784,-1.0034820457726716,2.656107506485283,-2.592897893856465,-0.2752197086811065,0.1818396896123886,-0.1677137605352327,0.1857185214757919,-0.5758346157642081,0.5806366092184558,3562
1726744899698221600,7.618749495589733,2.948305615225434,1.2525593901887535,3.091262133786082,-8.978999152907729,-2.447864130630344,0.4243053793907165,0.5061619281768799,-0.1673590689897537,-0.4380922946220281,0.3547140464027436,0.7063881930649438,-0.4280989653660663,-0.5681865215301514,1.945865035057068,0.510012686252594,-1.353250007688999,3.017977409605681,-2.6602204947620627,-0.2063091397285461,0.159734696149826,-0.11641386360717,0.1925051808357238,-0.4186139364643022,0.6534417697209864,3563
1726744899737988900,6.098762280780076,1.881915570119023,0.5060558173455297,3.328854792113602,-8.950645749604702,-2.2304798553340137,0.5901251435279846,-0.0253153685480356,-0.9553965926170348,-0.4505172381360255,0.3441283967364278,0.7037744457603593,-0.4281487770929616,-1.2377371788024902,1.8216512203216555,0.7341193556785583,-2.575642515411973,2.060320857071132,-1.4749477573826908,-0.1967151015996933,0.0400154367089271,0.1563916263309307,0.0620744451880455,-0.3194881205953657,0.2295224020586349,3564
1726744899777793500,4.314353437428176,1.695189467936754,0.5770797569870948,3.7180437870532272,-8.843377799540757,-2.034999222679436,0.7582268714904785,-0.5043217539787292,-1.3178954124450684,-0.4606949855439839,0.3190079515205764,0.7085125351884727,-0.4289570182379311,-1.0386145114898682,1.7289917469024658,1.0171823501586914,-1.855721975198388,1.126574610825628,0.0912516118951141,-0.1813457459211349,-0.0375858433544635,-0.305612191988714,-0.1511336117982864,-0.2005991081794723,-0.0090534586199559,3565
1726744899817562600,3.5781975094676017,1.3007266242474316,0.6335375572681426,4.189041881151497,-8.676962663981318,-1.825550854948908,0.9267183542251588,-0.5048849582672119,-1.6004849672317505,-0.4706846276135679,0.2857368576998215,0.7151444893385658,-0.4305563714700822,-0.45831298828125,1.7879196405410769,1.192833423614502,-0.6271510711014271,0.1417114869356155,1.5643832597665488,-0.1511899530887603,-0.0726536214351654,-0.4735684195103123,-0.2910684943199157,-0.1135226448108442,0.2361862438620068,3566
1726744899857322200,2.535975690934062,0.3574854044258594,0.4962358495987951,4.736111992061138,-8.445995269012451,-1.5507323355548084,1.0760633945465088,-0.2708137035369873,-1.7606037855148315,-0.4848985564858607,0.2487826588906441,0.7191470882045667,-0.4310544572754185,0.1129915043711662,1.7350107431411743,1.3563456535339355,-0.7065162842392921,-0.8100754429131746,2.400379472008348,-0.080899678170681,-0.1751175671815872,-0.5441717956522479,-0.2677447497844696,0.1397853137791622,0.5829457994762808,3567
1726744899897090800,1.7999796297103166,-0.1226975743860006,-0.2504232060670852,5.33997804916501,-8.131312649002671,-1.2396680521726609,1.0067354440689087,-0.2031893283128738,-1.9723156690597528,-0.5027152420710843,0.2097228152482414,0.7205704811519953,-0.4290360391655001,0.4214167296886444,1.5732746124267578,1.30854594707489,-1.00503278234601,-1.508392638605833,2.9484710349202152,-0.0364983640611171,-0.2824466824531555,-0.6745108612347394,-0.2149232327938079,0.0543596178588224,0.6047929992230608,3568
1726744899936858600,0.8540186295360326,-0.6636410191088914,-0.6300479615867137,5.9841205870777365,-7.700951393458246,-1.0276374128639698,0.6930316090583801,-0.312178760766983,-2.1568093299865723,-0.519859636487372,0.1689617141256744,0.7237726619455214,-0.4211306776965884,0.4492891132831573,1.3710455894470217,1.185042381286621,-0.8560574418872594,-1.876069182178378,3.73635276620388,-0.0288159102201461,-0.3789565563201904,-0.8785585389655083,-0.2081918716430664,-0.0280857265268801,0.4756222102349624,3569
1726744899976627700,-0.1028279217898845,-1.17245446459949,-0.605375292623043,6.624333968847989,-7.1681959313660855,-0.9516040475625543,0.3636015057563782,-0.3696978390216827,-2.2578165531158447,-0.5349012190708063,0.1287973279785676,0.7293350055999466,-0.4066477459602127,0.5185110569000244,0.9930420517921448,0.9308887720108032,0.0113134211748838,-2.5104218552216886,4.614910209190845,-0.0144231673330068,-0.304440975189209,-0.9642314739454536,-0.1683977842330932,-0.2370292522910982,0.5412503187149763,3570
1726744900016395300,-0.7886246586054563,-2.73333424628973,-0.308710559862852,7.24099813272655,-6.533722554552555,-1.024111430694908,0.1248356476426124,-0.5685694217681885,-2.3693418502807617,-0.5468038168663041,0.0887633744575847,0.7377914443720347,-0.3857336655507061,0.1817122399806976,0.6889250874519348,0.5694251656532288,0.8464163378387689,-2.6101006653308865,4.835248073595762,-0.0259830690920352,-0.1571740508079528,0.2631226565065793,-0.1592976599931717,-0.2991363287718035,0.4001075350454077,3571
1726744900056164000,-2.061300661888718,-4.60137969648838,0.0547182631373405,7.7783549511343235,-5.851405476546288,-1.1952563712552189,0.1846498101949691,-0.7890371084213257,-2.1375539302825928,-0.5540258530863552,0.048144391110133,0.7474110193984665,-0.3634752742270863,0.0651568695902824,0.2403030097484588,0.2869583070278168,-0.8078665346920489,-3.783213301578164,5.062231951886416,-0.1015679240226745,-0.1365752220153808,1.047641213233769,-0.1313248574733734,-0.3028315665605477,0.439817468012683,3572
1726744900095932700,-3.858956232565641,-4.5957753006100655,0.5326163458824157,8.145175754660368,-5.278061983478069,-1.4030584330834448,0.2389664053916931,-0.7139954566955566,-1.5411560535430908,-0.555107550351196,0.0124429405942871,0.755897641906205,-0.3468711815253095,-0.4011580944061279,-0.4383113980293274,-0.0365160070359706,-2.1188526871472595,-3.991923856553435,5.088306304341554,-0.1208363622426986,-0.0284394510090351,0.5929817115286364,-0.1241932660341262,-0.2797243020163849,0.1811912278762087,3573
1726744900135700500,-6.011432956895232,-4.75432072570771,0.5107490897282958,8.36732914405465,-4.899849432843923,-1.4661848974734544,0.3788712322711944,-0.0138873606920242,-0.7381727695465088,-0.5575919760766794,-0.01165254031238,0.7580361772707893,-0.3381371082476505,-0.4334183037281036,-0.750940203666687,-0.5831938982009888,-0.8139099065095186,-4.285303576293588,4.590560196310282,-0.2665421068668365,-0.1584488004446029,1.1473040220562367,-0.1608771085739135,0.0043035013136221,0.1069397227565757,3574
1726744900175469000,-6.789895702448487,-4.422819365105033,-0.7204818273581564,8.413165597078203,-4.8618949652418495,-1.3232687109231949,0.1111943423748016,0.4757031798362732,0.3454681634902954,-0.5623610055748595,-0.0158858392512148,0.7531371490202114,-0.3410019512180343,0.0946449860930442,-1.1896615028381348,-1.1079329252243042,-1.1136936480730772,-4.276220106127858,4.156880025476217,-0.3011427819728851,-0.156035229563713,0.0116563003454008,-0.1411871314048767,0.1049199712988454,0.0473957108300644,3575
1726744900215236900,-5.629917273062468,-4.329609751009941,-1.316726888064295,8.314417053556442,-5.072570390549302,-1.1445125647068024,-0.5070582032203674,0.7528769373893738,0.908011794090271,-0.5675884173464655,0.0005847432353214,0.7472305937544251,-0.3456726847479074,0.4639157056808471,-1.3934457302093506,-1.5509835481643677,-0.715591571098566,-3.498480998674035,2.698861483323574,-0.3216018378734588,-0.2139178365468979,0.8158393402021378,-0.1157974526286125,0.3676419106505811,0.1252775444092229,3576
1726744900256247800,-4.789071428832411,-5.094222250387072,-1.147133560860157,8.112522608336805,-5.399413988474011,-1.0971311472635716,-1.004456639289856,0.5076481699943542,1.3294769525527954,-0.5694812467249304,0.0307133453557401,0.7449797383517014,-0.346053481046197,1.166595220565796,-1.6362037658691406,-1.6878339052200315,-2.613572140833736,-3.1849107238203285,1.7149200043231247,-0.3045606017112732,-0.1951819509267807,-0.1062990502328611,-0.1131401434540748,0.1877995218337513,-0.0257914027613354,3577
1726744900296015600,-4.256097355553508,-4.581662604105472,-0.0399064784526824,7.767044452568888,-5.868878004872799,-1.1830826069239526,-0.6828364729881287,0.1926472336053848,1.895720601081848,-0.5627702628427135,0.0671604598144833,0.7455265918745267,-0.350669701120763,1.5435044765472412,-1.9741945266723635,-1.6764119863510132,-3.522245905143022,-2.024982271055877,-0.1749340306449681,-0.2522350251674652,-0.0327063202857971,0.043380278343358,-0.1759474426507949,0.3053697067360393,-0.0248635427601169,3578
1726744900335784200,-2.858938648033142,-3.533456450465321,-0.0392496219791471,7.233594578471779,-6.497650539696216,-1.2751666510552166,-0.2946362495422363,0.0209571626037359,2.432063341140747,-0.5474359169932453,0.1050599224836456,0.7442968599471714,-0.3678295650553518,0.6020094156265259,-2.099650859832764,-1.934936761856079,-3.5749089893162247,-0.3854389947563409,-1.916253454659134,-0.1857302635908126,0.0693349093198776,-0.7920747990593314,-0.226578801870346,0.0272185312213143,-0.0221967940691625,3579
1726744900375552000,-1.280656480643153,-2.058451702198386,-0.1534719212256372,6.510190872317552,-7.212046763530373,-1.331980279036611,-0.0922720432281494,-0.0694042295217514,2.821617364883423,-0.5266953557864836,0.1460983425085232,0.7393019447176112,-0.3932935924568295,0.0211108494549989,-2.112661361694336,-2.209611892700196,-3.2110581415116783,0.3294888517364859,-2.7174653537675737,-0.1388769447803497,0.2605435252189636,-1.1156604181014,-0.2616456747055053,-0.0498656035083578,0.0674128775715129,3580
1726744900415320600,0.887298967847228,-0.8377350187331437,-0.4086778315246105,5.6416889593988655,-7.89990394000709,-1.390414932348579,-0.1062525734305381,-0.2457642704248428,2.82610297203064,-0.5010839715118246,0.1875098482923671,0.7319368044324411,-0.4219282721079495,-0.4466669857501983,-1.838611364364624,-2.4471797943115234,-2.280592816632986,1.248089843559265,-3.447562127819657,-0.114672265946865,0.3074836730957031,-1.2618385290570555,-0.1965794414281845,0.1869052033425308,0.5661220904473215,3581
1726744900455088400,2.4441481788471338,-0.208567347112298,-0.0368202028751373,4.727383618943393,-8.457993749842046,-1.5114800832271575,-0.2018540948629379,-0.375680536031723,2.662356376647949,-0.4718446413880433,0.2260509571542987,0.7252344487693395,-0.4475473203474133,-0.5644711256027222,-1.5027987957000732,-2.498518466949463,-1.8063801444023848,2.052860458062589,-4.052805026234686,-0.0368409901857376,0.2365696728229522,-1.3372649414412676,0.0052620121277868,0.4365202165655791,0.8738655588436871,3582
1726744900494857000,3.84204250716567,0.2683919934779405,0.5299250609718262,3.817009480457008,-8.882880373367668,-1.6417323107764124,-0.2531408071517944,-0.1749910712242126,2.4905874729156494,-0.4428261099655102,0.2623934327923923,0.7175337896270374,-0.4692548096832012,-1.0063161849975586,-1.1075749397277832,-2.3726935386657715,-1.1526789200276135,3.4241309833496807,-4.575796634681523,0.0464740023016929,0.1382340043783188,-1.2378665557086468,0.1958838999271392,0.4658885690648108,0.78827730647251,3583
1726744900534624800,4.821480537267029,1.0493582462847233,1.1890367660880088,2.9548867471814155,-9.188447374507785,-1.7353636574149132,-0.2567842304706573,0.314591646194458,2.319130182266236,-0.4191137400240477,0.2993248023937443,0.7063169175356653,-0.4856591669343846,-1.0885586738586426,-0.7319523692131042,-1.951745629310608,-0.6131272219240665,4.3851609578400845,-4.6204015000835055,0.086088478565216,0.1582571864128112,-1.193891658773273,0.3074091374874115,0.3572249268587678,0.4452228341875597,3584
1726744900574393900,6.137139649969339,1.5555220540493726,1.1390379326879978,2.180915906219929,-9.399824518343806,-1.748512185062468,-0.1033958494663238,0.6706923842430115,2.012075185775757,-0.4039369080592359,0.3364967103689,0.6898690261474079,-0.4976803297084013,-0.7423678636550903,-0.192512959241867,-1.2407360076904297,-0.0116302320390939,5.2404976842373605,-4.394799723801016,0.1290741115808487,0.2359488308429718,0.5771194314103574,0.2864350080490112,0.502740920643881,0.1655071721353568,3585
1726744900614161200,7.885078126797079,0.7602426137298345,0.3135881027713418,1.5672295891083776,-9.524515312373635,-1.7314038138732313,-0.0218794345855712,0.3061467111110687,1.415740966796875,-0.3935937182184271,0.3658809977421817,0.6740980051025113,-0.5067611331134179,-0.3091528117656708,0.3647245764732361,-0.1130609810352325,-1.471170869192481,4.997134918075799,-4.249711453908682,0.1695455908775329,0.1972428262233734,1.5668806295402349,0.2423751950263977,0.6186303493849933,0.1802801226469688,3586
1726744900653930200,8.565513044318557,0.6018769291132688,0.1886729984663426,1.1327995497550816,-9.587616203930974,-1.7218600327193736,0.0342122614383697,-0.1224524900317192,0.919778048992157,-0.3826933645100653,0.3815981636009047,0.6649611074335496,-0.5155147929879366,-0.2002079635858535,0.6650588512420654,1.181300163269043,-3.4105075316667555,4.661616430786252,-4.402463098035753,0.1995142549276352,0.0718702748417854,1.4572761993527412,0.2666215896606445,0.4229770635772496,0.0501497907445998,3587
1726744900693698000,9.648359718707203,1.2476602199703457,0.2569102299988269,0.8951063536625355,-9.610756841021775,-1.7327862081423402,-0.1186550855636596,0.0885917916893959,0.206619381904602,-0.3754452017552905,0.3892317169852885,0.660943399506331,-0.5202821290435299,0.0735096111893653,1.2874048948287964,1.9818346500396729,-2.3202888672053814,4.121075137123466,-2.370219603805244,0.2113794535398483,-0.2590319514274597,1.166952213921398,0.1104655936360359,0.1434519008621573,-0.1343269479085691,3588
1726744900733466600,9.3668621599406,2.3135388084232806,0.8872394927449524,1.0329515936240554,-9.59745020020306,-1.7298497162990272,0.1340520530939102,0.8556584119796753,-0.7656585574150085,-0.3843777447877159,0.3910271766618315,0.659769304501681,-0.5138639290927777,0.1835479587316513,1.1859127283096311,2.542524576187134,-4.148118042349815,3.2532465934216974,-1.629689114022255,0.3255646526813507,-0.1472801715135574,1.347394998050481,0.0114646302536129,-0.3022129962707869,0.1441270784436725,3589
1726744900773234400,8.142768108996748,1.9050240585058928,-0.0930642142750322,1.552701005279273,-9.556145545390248,-1.5619272449165582,0.572783887386322,0.4774450063705444,-1.6499347686767578,-0.4093615872665126,0.3797886184012138,0.6598459888138632,-0.5027793675051075,-1.458914279937744,1.3003370761871338,2.844049453735352,-3.883959740918874,3.4229496646106243,-3.234828893199563,0.3557864427566528,-0.0632514208555221,-0.4830687633812427,0.2846272885799408,-1.1571001705359667,0.4607241720389574,3590
1726744900813003000,7.078322183695435,1.2020277650862932,-1.2097908003032207,2.331189469795674,-9.435537636759875,-1.3063653607867658,0.7134005427360535,-0.7815990447998047,-2.5022244453430176,-0.4336152835441993,0.3454752148541857,0.6687697478470707,-0.4953501420705906,-1.542440414428711,1.1874933242797852,2.991615533828736,-3.5593139452993867,0.985262206210196,-0.9268092865891754,0.2714872062206268,0.173017680644989,-0.2834970802870579,0.1929671466350555,-1.356140760694444,-0.2855773023609071,3591
1726744900852720400,6.637209232512116,-1.6104636045485734,-1.2778500449202954,3.3546921209424734,-9.1257346054852,-1.2796060948073864,0.275701642036438,-1.9730291366577148,-3.39178204536438,-0.4463788541751501,0.286798599304421,0.6949736074326441,-0.4852876996232337,-0.7340747714042664,1.1443151235580444,2.788838148117065,-3.100846539211273,-0.799507579408586,1.2005039165198803,0.1918467879295349,0.1717863827943802,0.1045955251174513,0.0060894540511071,-0.8295016625907271,-0.1342255881596356,3592
1726744900892487200,4.757524782446026,-4.043509082362055,0.3936522579587996,4.524944399322569,-8.552385267198085,-1.597486049553752,-0.1253745406866073,-2.04028058052063,-3.8203608989715576,-0.4510366876571575,0.2142410100427344,0.7318127563018496,-0.4638068174571724,-0.7938803434371948,0.8541032075881958,2.337699174880981,-2.364806054323912,-1.45545073749125,1.764414979854226,0.1425614655017852,0.0451117604970932,-0.6726578537791967,-0.0752590149641037,-0.5164280486801639,-0.0207622403545537,3593
1726744900932253400,2.175971581685543,-4.119624353793263,1.7215467289865016,5.680301890909671,-7.74693689956367,-1.9721898614145807,-0.2037034034729004,-1.048690915107727,-3.94187331199646,-0.4617081875510378,0.1436282444754262,0.7615278217402756,-0.4315922585985267,-0.5586584806442261,0.6937764286994934,1.9200862646102903,-0.622376696306467,-1.945125036617368,1.535087753307819,0.1045157313346862,-0.0885283797979354,-0.6631070583626627,-0.1939303278923034,-0.2311508252443745,-0.0489448765008244,3594
1726744900972020500,-0.2276578320294618,-4.481510039004683,1.901759065360576,6.787921187505126,-6.750739165580272,-2.126515622990578,-0.0312201026827096,0.0675327479839325,-3.8537611961364746,-0.4869788827524925,0.0807253254192557,0.7758257172187537,-0.3929753349282736,-0.5166740417480469,0.7152724266052246,1.7040727138519287,0.1410001237958669,-2.518289812117815,1.3853513653486966,0.0803518518805503,-0.2157076746225357,-1.168330954928696,-0.2318465411663055,-0.2123461349986493,0.2891124176844954,3595
1726744901011786500,-2.711845468059182,-4.5962107694178815,1.301298871177435,7.723059180369972,-5.705889336630702,-1.9918765586592253,0.3129350244998932,0.4637522995471954,-3.365610122680664,-0.5196244397315117,0.0252296383178496,0.7751908861302073,-0.3583755372632268,0.1024786755442619,0.5664721131324768,1.7695633172988892,-0.3334673999786376,-4.124481146174669,1.7802011625289915,0.0770204812288284,-0.253819465637207,-1.3470800868824124,-0.1743263304233551,-0.1524221929769963,0.4771382042884826,3596
1726744901051553500,-4.479157338398695,-4.252117346006632,0.6244434195779264,8.37572170934677,-4.768636543568968,-1.8104713592387736,0.3460726737976074,0.1361357718706131,-2.6024110317230225,-0.545437834743405,-0.022424188123285,0.7692889595617115,-0.3319478214712548,0.2219632565975189,0.5066120624542236,1.748495101928711,0.2105085443079471,-4.573329367785155,2.42219441345334,0.1059167981147766,-0.270788311958313,-1.1373542173847555,-0.0935691967606544,-0.0521508192355511,0.4957875578420236,3597
1726744901091320600,-5.111587226685882,-4.24669298287034,0.5212039943777025,8.755712960091232,-4.028117159701884,-1.811678104680032,0.1346476823091507,-0.3906016647815704,-1.8192944526672363,-0.557475692811188,-0.0599476841101265,0.7673175057127471,-0.3112091105996316,0.0089133065193891,0.3922501504421234,1.4703912734985352,0.7541191624134779,-5.102940394371748,2.887413047367334,0.122807390987873,-0.2426996082067489,-0.994620328598842,-0.0223835427314043,-0.1978218802847899,0.4754762989582494,3598
1726744901131086600,-4.853208677700161,-4.7654590825766325,0.8526059862591325,8.943402354347706,-3.482116431589424,-2.015140383738279,-0.2251779586076736,-0.6301488876342773,-1.2875999212265017,-0.5582450721848278,-0.0863796080863479,0.7715452860781946,-0.292606956731097,0.1392854303121566,0.2444906234741211,0.9986754059791564,1.2725257811576127,-6.007945114779472,3.2943127633035183,0.1128505766391754,-0.0680251494050026,0.0284822310141986,0.0344148688018322,-0.3509983804941177,0.3423447896456346,3599
1726744901170853600,-4.876435239508748,-6.143723704534769,1.456978093189001,9.05042655878365,-3.032503070825338,-2.25035739897564,-0.6415162086486816,-0.2356011420488357,-1.0203520059585571,-0.557904981745313,-0.1019323066441261,0.7773970023964905,-0.2720401179014449,0.6886218190193176,0.1630121171474456,0.361742615699768,0.7451485049724579,-6.207760415637493,3.0883868706107136,0.0386722832918167,0.0601175390183925,0.9380367830462754,0.0487707518041133,-0.4984849436998367,0.3096871498100459,3600
1726744901210619600,-6.497078877288103,-6.834988643628359,2.1294179203033448,9.168708654814958,-2.656824130322039,-2.2464346725739537,-0.7014124989509583,0.7141539454460144,-0.6052499413490295,-0.5674627681428613,-0.1060655970187039,0.7767151247060373,-0.2518923625772296,0.3089919090270996,-0.4111131429672241,-0.460718035697937,-1.131260284423828,-6.805932060492038,3.1778479458272457,0.0007998630171641,0.2488230019807815,0.659688920482248,0.2014536410570144,-0.6269529912460595,0.304540233641956,3601
1726744901250387000,-7.985351687929033,-7.270977675926685,1.6727359363272785,9.263255070471764,-2.5777196139469742,-1.9281667414233088,-0.2177222669124603,1.1059815883636477,0.508846640586853,-0.5843614335466512,-0.0973180333839423,0.76735803107219,-0.2453822369411292,-0.8146279454231262,-0.57914799451828,-1.5050030946731567,-0.8222276529997586,-5.188299879488349,2.6608874342381954,-0.0597796812653541,0.2643756866455078,1.5271552067428826,0.1314523518085479,-0.3567525235740467,-0.1973287630056031,3602
1726744901290153000,-7.459228211197256,-7.78729521343708,0.502938123716414,9.229588947713374,-2.8646573179408907,-1.666968166580796,0.0609139800071716,0.7479254603385925,1.5896503925323486,-0.5914952682063005,-0.081234345335196,0.7605213370018429,-0.2552283584089612,-0.4043847918510437,-0.7569568753242493,-2.2136919498443604,-2.384336684224009,-5.359899724209308,3.144395758080482,-0.0636255219578743,0.1161865666508674,1.0145646538663655,0.0711758434772491,0.5566378574609756,-0.0323615178496693,3603
1726744901329920000,-5.427202743631601,-6.7428527962446205,-0.0221871357582509,8.97211699217856,-3.662646309480071,-1.502170987612009,0.0971016287803649,0.1571003198623657,2.6769070625305176,-0.5859711412731862,-0.0472347582602535,0.7578642891290066,-0.2829282196129769,0.821077287197113,-0.8178801536560059,-2.5512259006500244,-2.212129521259665,-4.616648577290773,2.179223861479759,0.0200819857418537,-0.1124877035617828,1.839650545841456,0.1188239529728889,0.9521534250736235,-0.0871677675144281,3604
1726744901369686000,-2.684863937631249,-6.225777718365192,-0.177792854142189,8.469704061380028,-4.71602314375639,-1.4810900595299898,-0.0231296513229608,-0.0309906564652919,3.284782886505127,-0.5684511339708469,-0.0018651828978372,0.7586244795942727,-0.3183531950779071,2.0336267948150635,-0.95429790019989,-2.60049819946289,-3.7782121322900055,-3.7165363050997255,1.1283517035007475,0.0414829179644584,-0.3539135158061981,-0.0696722784374374,0.0128230154514312,0.2994188355076126,-0.6050520520180463,3605
1726744901409453000,-0.3718389239490032,-4.785706336313486,0.0474796901859343,7.747175969016552,-5.8215042592793695,-1.5039016107968983,0.1318685710430145,-0.132937878370285,3.4521613121032715,-0.5442767302344458,0.0489860238966065,0.7578113319033736,-0.3564900067696194,3.0096681118011475,-1.3149378299713137,-2.430717945098877,-4.557506067970395,-1.2331349971421062,-0.378714143480733,-0.0090104909613728,-0.1463060528039932,-0.3751087393999099,-0.2557654678821563,0.0669402596576605,-0.7545024626426399,3606
1726744901449219300,1.3915104725003242,-3.142875416645408,-0.3201050834499299,6.897664003250003,-6.812364139366149,-1.4779396326750516,0.3112512826919555,-0.0880094170570373,3.16068696975708,-0.5176044676804421,0.095497344945001,0.7524853536008617,-0.3958935121244361,1.5863019227981567,-1.5869141817092896,-2.630070447921753,-4.5645483876973385,0.7606132006078958,-1.6565059554077683,-0.0310996547341346,0.0067396722733974,-1.2960877124004064,-0.3648767471313476,0.1845328847206197,-0.2310082567022182,3607
1726744901488986400,1.6500059258639812,-1.964267105591297,-0.6122082073830067,6.03597878460884,-7.597425552532076,-1.4200196508869527,-0.0377230271697044,0.2541395127773285,2.925346851348877,-0.4939881497071448,0.13913634488761,0.7436678908324414,-0.4284563129069013,1.083937406539917,-1.6567726135253906,-2.7911248207092285,-3.790855925285816,1.1105097573399545,-2.657909879732132,-0.0214693490415811,0.1786632388830185,-1.5492131631635129,-0.2894013822078705,0.1405578507879283,0.2111159173502586,3608
1726744901528752400,2.423506080573797,-1.4615636674135923,-0.5467158906444907,5.130049350571632,-8.240188618785142,-1.3972251968853175,-0.5581516027450562,0.7940564155578613,3.006221055984497,-0.4747629655358756,0.1901093248779705,0.7315033171030915,-0.4509560371809744,0.8483022451400757,-1.5567820072174072,-2.8195700645446777,-3.0226164675831795,2.137811654639244,-3.524422664660216,-0.0325750634074211,0.2204037010669708,-1.588184844984114,-0.1435440927743911,0.4091704738797619,0.3362522449241951,3609
1726744901568519400,3.86240841884613,-0.6734323452830314,-0.1481003111898899,4.164601267378032,-8.752689228355884,-1.488935804594308,-0.9915410876274108,1.116067886352539,2.9904487133026123,-0.4578034256474326,0.2498528346876137,0.716580882949852,-0.463143056283424,0.8203949928283691,-1.4348740577697754,-2.6760494709014893,-2.462654434135556,3.026287265050411,-4.194764058190584,-0.0276403799653053,0.133865475654602,-1.2841308787554502,-0.0258457288146018,0.6972559962019323,0.3842316282605752,3610
1726744901608285400,5.260915618366003,-0.0414168830156326,0.6036426236115395,3.195255299963057,-9.1116166482836,-1.7144021179288624,-1.0071066617965698,0.8880119919776917,2.795027017593384,-0.4393452561102957,0.3096689931061004,0.701081519480266,-0.468578277004656,0.5230916738510132,-1.248854160308838,-2.348012208938598,-1.988738699024916,4.146465598967671,-4.981105574294925,-0.0159758441150188,0.0268951822072267,-1.0456303118027743,0.1267196089029312,0.7647993271861225,0.5011511307017877,3611
1726744901648052500,6.853649504956603,0.9980383934140205,1.16062111120373,2.281576566973329,-9.341082406517865,-1.9258669400483368,-0.5451869368553162,0.6128988862037659,2.413167953491211,-0.4196349496170654,0.3598476157028591,0.6846178364642713,-0.4750942696676009,0.1688233464956283,-1.0149154663085938,-1.6717500686645508,-1.636835478645563,5.248151998382807,-5.528632489061355,0.0353199504315853,0.0329108610749244,-0.5146929685158654,0.2190292030572891,0.6307112478010356,0.0462398553258273,3612
1726744901687818500,8.41816910445392,1.6177467472940683,0.698562110364437,1.5388671257160602,-9.47641442154944,-1.9999596196107563,-0.0632087290287017,0.265651136636734,1.694687008857727,-0.4038204595853614,0.3946411096878513,0.6680029604115046,-0.484726175715663,-0.0201292634010314,-0.4785657525062561,-0.7010632753372192,-1.1354314326286314,5.481091570207476,-5.476250559917092,0.0109375566244125,-0.0405217111110687,1.1044136324219405,0.1251250058412552,0.9519008385520428,-0.1631552569806575,3613
1726744901727585500,9.059738577008249,1.4586778828442095,0.134014648822695,1.0325694624386728,-9.558411152234672,-1.934154875922203,0.3853711485862732,-0.134995236992836,1.0520598888397217,-0.3926825273082765,0.4115658896158451,0.6551549204573757,-0.497177980439931,-0.7097287178039551,-0.1426721066236496,0.4527381062507629,-2.788776732048392,5.112701325407624,-5.847796053877473,0.0558749102056026,-0.1945691853761673,1.450543968488276,0.0832900777459144,0.8831662519566714,-0.0419403999996604,3614
1726744901767351600,9.746843473812936,1.67971775803864,-0.680833561450243,0.7171642272427677,-9.622930678418278,-1.7479340929135678,0.5636700391769409,-0.2956970632076263,0.4744489789009094,-0.3860468218227806,0.415440972890667,0.6453902945588185,-0.5117108977891803,-1.4747366905212402,0.1812918931245803,1.1447826623916626,-3.027420068472624,5.6456455880701535,-6.046285074567795,0.1095744892954826,-0.2501987218856811,2.368512946017832,0.0234776362776756,0.2632530779532157,-0.2847977328231558,3615
1726744901807118800,10.510077670574187,1.466936592623591,-1.2792283475361763,0.6579752484321594,-9.660043726760149,-1.5559548925086857,0.4320670366287231,-0.2051031738519668,-0.295194149017334,-0.3856726840730859,0.4099660562613265,0.6412951359762767,-0.5214641839482734,-2.1257131099700928,0.8867228031158447,2.0163378715515137,-4.156019024732709,5.159517437118292,-5.315537435391545,0.1078759133815765,-0.3362863957881927,0.6973347605265676,-0.0879099369049072,-0.4463148306753486,-0.288431248753611,3616
1726744901846883800,9.362923066926,3.015723785459995,-1.1746084277629851,0.9420200805287808,-9.648111296904087,-1.4822066424697635,-0.1017725989222526,0.1775343865156173,-1.2326250076293943,-0.3945811725899239,0.3986601113502006,0.6454778260463736,-0.5183958274772862,-1.832942008972168,1.1507738828659058,2.924920558929444,-5.0517456291854375,3.833168880358338,-3.949235053905845,0.1351898312568664,0.1506272256374359,-0.273419502783753,0.080773189663887,-1.4532402218349276,0.3100425025863573,3617
1726744901886672000,8.657710266500711,1.6408330238491295,-0.5712285467408598,1.6686304007045925,-9.52493850622177,-1.6314371267333625,-0.6294519305229187,0.1315494030714035,-2.515788078308105,-0.4128790799738313,0.3797387423095938,0.6625546284235186,-0.4963372195782536,-1.2762435674667358,1.503398895263672,3.386871814727783,-3.8914141485780473,3.1033909629970786,-0.9226599118247628,0.1193917021155357,0.204014852643013,-0.2839756758505478,0.2363307476043701,-0.9045944591064006,0.3017297427984886,3618
1726744901926438700,6.746944449472427,-1.4824813677579165,0.3758711020745336,2.7943977868005634,-9.214661427694558,-1.8578816374503075,-0.4640813767910003,-0.3360160291194916,-3.4235198497772217,-0.436627349776564,0.3432956131771227,0.6905604410523277,-0.4632827502868378,-1.1960864067077637,1.5237971544265747,3.6489815711975098,-4.6319022605240345,1.8682529554694889,-1.307013887823373,0.2100568413734436,0.0410029180347919,0.0073112214874417,0.1180544197559356,-0.6629561055846512,-0.2061336354256607,3619
1726744901966206200,4.263746701262891,-3.324906639009714,1.2669653705514967,4.026924735046923,-8.703861192300915,-2.0486723587229845,-0.0810307636857032,-0.8595671653747559,-3.65493369102478,-0.4577901803922967,0.2897583385686086,0.7214522321460842,-0.4312480725320561,-0.6651769280433655,1.2184476852416992,3.648426055908203,-5.020088508161902,-0.7963923699975013,-0.0611510726638138,0.2840463817119598,0.0283140875399112,-0.5573921464269981,-0.1636136919260025,-0.7687525948565452,-0.5799975075973197,3620
1726744902005973000,2.5783418374985456,-3.937970732569694,1.6348036805570123,5.177375165370107,-8.03558140747547,-2.189660061428696,0.2259720265865326,-0.9503763914108276,-3.706964492797852,-0.4751576745123855,0.2271979337156265,0.7483466381575915,-0.4032166147238584,-0.5378325581550598,1.062707543373108,3.370830535888672,-3.263690246024728,-1.858434449027479,1.5919237392514942,0.2726750671863556,-0.0408622547984123,-0.7846233140096068,-0.385322630405426,-0.4332197867807,-0.212255917698238,3621
1726744902045740800,0.9164894064962864,-4.583453579175472,1.7825193763434886,6.245465584653616,-7.200208441698551,-2.3068492476567624,0.3070914149284363,-0.7357690334320068,-3.7537457942962646,-0.4922552456741466,0.1609285070759453,0.7692324719630467,-0.3742568905660902,-0.7738762497901917,0.8393995761871338,2.974365234375,-2.062974148058891,-3.1615254643186925,1.8868682240903376,0.2661327123641968,-0.1582117825746536,-1.0259086893752216,-0.3930903971195221,-0.340519912306033,0.2765862779852934,3622
1726744902085507600,-0.7888847708463669,-5.45809004932642,1.634788629118353,7.1805047933191055,-6.242073604127764,-2.376392447221279,0.2962656319141388,-0.4437789916992187,-3.573852777481079,-0.5104816184157874,0.0965387309658395,0.782203662291677,-0.3438694394651321,-0.150549054145813,0.8254361748695374,2.4765079021453857,-1.0330968473136424,-4.542557797424495,2.058877818655968,0.2729352712631225,-0.1986151039600372,-1.103904952247441,-0.2638156712055206,-0.3473381044209003,0.4772800239119678,3623
1726744902125275600,-2.5005425585031507,-5.962661034941673,1.5310323404371735,7.929245185303688,-5.226789476880431,-2.4450185319408773,-0.0273008234798908,-0.1942592412233352,-3.2295703887939453,-0.5276337974457107,0.0392615277167586,0.7893793685441262,-0.3113539749603569,0.2457410246133804,0.8260393142700195,2.005704402923584,-0.9532254382193088,-5.448712564650178,2.671503520798683,0.2420306205749511,-0.1995171755552292,-0.7217275165703148,-0.082233726978302,-0.4143233265982941,0.6902520357239991,3624
1726744902165042400,-4.5353041730344295,-6.617829993781447,1.7936384439900517,8.505488491466641,-4.218027152617276,-2.4566820817276835,-0.4092471003532409,0.4481789469718933,-2.770712375640869,-0.5465966181921762,-0.0052889925632061,0.7907135759919117,-0.2756377156622789,0.3668373823165893,0.6990602612495422,1.544790267944336,-0.7892804921656846,-6.230166893234848,3.4587235733032227,0.2282741516828537,-0.121691845357418,-0.4732012666983529,0.1822156608104705,-0.3626495457233861,0.6076247155176475,3625
1726744902204810200,-7.658298246645927,-6.964130571848154,1.8669478642202912,8.957301700362562,-3.3159725141868,-2.222934992912412,-0.6720634698867798,1.3525502681732178,-2.0285236835479736,-0.5736236506171106,-0.0326966676841772,0.7824762438072335,-0.2400368524060255,0.3014498353004455,0.5659500360488892,0.9818519949913024,0.1689402701228857,-6.652792001569271,4.088815958553552,0.1636966317892074,-0.0753179863095283,0.4066194376900792,0.1818121820688247,-0.6158193836174904,0.0808946968606207,3626
1726744902244577000,-10.184970102661849,-7.421089911460876,1.2164799226783216,9.246593274006248,-2.766687065315246,-1.7367704554729162,-0.6206578612327576,1.6345117092132568,-0.5878336429595947,-0.6043756931326725,-0.0390242447081527,0.7661773688606142,-0.2148942108946603,0.5566858649253845,0.2366999834775924,0.4149284362792969,-0.0260901345461606,-7.483454305437207,4.944086049455404,0.0170994605869054,0.0625872313976287,0.0980983359847217,0.1926724910736084,-0.7573227807603776,0.268767512259446,3627
1726744902284344600,-9.654096801054475,-6.017477497756481,0.5724782545410096,9.329982920354604,-2.758768255014717,-1.2292369667902587,-0.4361482858657837,1.324008584022522,0.5805200338363647,-0.6275237035500988,-0.0251397612904278,0.7496943630489842,-0.2086634668104106,0.6034930348396301,-0.1652539074420929,-0.3754912614822387,0.7410428232192993,-7.335037767904996,5.291120202493667,0.0031284070573747,0.2423489093780517,1.6753724223107098,0.3326564133167267,-0.0910520616018678,0.2481455069260671,3628
1726744902324111600,-8.205972460928558,-6.778477067333459,-0.3330289354961365,9.250143075442312,-3.117655927453935,-0.940984965327382,-0.1660714596509933,0.345761239528656,1.45384418964386,-0.636366249941254,-0.0025621491543828,0.7402501722815613,-0.21693568966319,0.513911247253418,-0.6371482014656067,-1.282705307006836,-0.4192956716507673,-6.802747585237026,4.972343006646633,0.0119785387068986,0.0350536964833736,1.356630443907529,0.2775243818759918,0.1250626504163723,-0.1325269310155883,3629
1726744902363879400,-5.986532324394584,-6.905792364647984,-0.4643124788545071,8.974794102433323,-3.828161573590338,-0.9841795986052602,0.2419154793024063,-0.4428113996982574,2.4150290489196777,-0.6253941233395973,0.0248950689975156,0.7413227564164111,-0.2422867609923341,0.4217597544193268,-1.2698544263839722,-2.1192338466644287,-1.7943161971211432,-5.691024944975972,3.690761227852106,0.0947828888893127,-0.0491408370435237,0.7723037845320999,0.2181118726730346,0.3836575912322849,-0.2187602032920345,3630
1726744902403646200,-2.76897429946959,-6.641909957548975,-1.3063316046476363,8.485280400696396,-4.794742460206151,-1.0866725893523543,0.3616658747196197,-0.4996709525585174,2.9876866340637207,-0.6045568836285363,0.0587318209158665,0.742937047110678,-0.2812581521649745,0.6423645615577698,-1.4713242053985596,-2.8233978748321533,-2.676855403220653,-4.516986426055431,2.5287492468118664,0.1743452101945877,-0.2966079711914062,0.9372557887364178,0.0645225495100021,0.633568171602115,-0.3732885382354259,3631
1726744902443414000,-0.3822235398411751,-5.542034991469979,-1.7058394567668438,7.7843463005036115,-5.841046579617261,-1.206855842829868,0.4299543499946594,-0.7025006413459778,3.3184962272644043,-0.5770451276357864,0.0979437426518967,0.7429263403908217,-0.3247866151351039,0.9171069264411926,-1.9568825960159304,-3.175877571105957,-6.318834187725186,-3.233359405168891,0.8285526913028209,0.2355013787746429,-0.1499700248241424,0.2675067898749373,-0.0552210621535778,0.0580443844859022,-0.5909770571753382,3632
1726744902483180800,2.421701076978445,-3.512673774677515,-2.107546280235052,6.919426922246814,-6.835065800517797,-1.2545115471698345,0.6547489762306213,-0.5245805978775024,3.138712406158448,-0.5456779138421657,0.1352582171625141,0.7386931065715496,-0.3718512339590014,0.7281164526939392,-2.2074806690216064,-3.428548574447632,-6.713404583442211,-1.3431119139038026,-1.00870014574714,0.2133494317531585,0.0569252073764801,-0.3186503911295905,-0.1861550509929657,0.0627245781913865,-0.530714128990285,3633
1726744902522948900,2.697087459388375,-1.4933008679360151,-2.732241190356016,6.089781686466932,-7.593591088935731,-1.192604468506947,0.1065819412469863,0.0166032817214727,2.591499328613281,-0.5216456657550139,0.1708769053795439,0.7291138374906144,-0.4087540233761628,0.3683151602745056,-2.081085205078125,-3.6475110054016113,-5.718326208877564,0.4841843234077095,-2.1109820999026296,0.2335279136896133,0.1375753134489059,-1.076539756264165,-0.3200283944606781,0.2603106678257696,-0.2747235528533346,3634
1726744902562715600,2.3720167163550854,-0.2477998718261718,-2.268325894125551,5.325789949336648,-8.144025415581464,-1.2170333918426186,-0.5300350785255432,0.3472347855567932,2.3751254081726074,-0.5030284544408137,0.2103143979485798,0.7195966146560215,-0.4300126112742625,0.4879677891731262,-1.813592433929444,-3.647965908050537,-5.0994858700037,1.6991113175556063,-2.983042874346673,0.2191443443298339,0.1817667484283447,-1.456187819594145,-0.2565644681453705,0.31735403117612,0.2651568109489977,3635
1726744902602483200,2.7485832533478733,0.5589373665750026,-1.2759282830774783,4.577374259261787,-8.558862938779592,-1.4013881617836654,-1.021765112876892,0.4456661939620971,2.237112283706665,-0.485160839341253,0.2546772286733758,0.7117516565270976,-0.4395088351982603,0.8512557148933411,-1.4915117025375366,-3.335225343704224,-4.16064142383635,3.022585487923026,-3.7217172148689626,0.1924130916595459,0.1568411141633987,-1.355258424901962,-0.0342870391905307,0.5572675336666405,0.436833483765833,3636
1726744902642250000,3.4674250584140416,0.5157680869340896,0.0419021823145449,3.85105057400763,-8.849684206208586,-1.73864253295511,-1.2176940441131592,0.3006442189216614,2.0869107246398926,-0.4652087518514924,0.2995358449606177,0.7063457888593339,-0.4415141088139905,1.208721399307251,-1.2340573072433472,-2.9051661491394043,-3.3540859717428684,4.113451802638173,-4.311957774463296,0.1595232635736465,0.0857961550354957,-1.182287072632089,0.1463985294103622,0.5692733575524762,0.3696514969073236,3637
1726744902682017800,4.509593977716565,0.3406137646019458,1.1960218026697635,3.133296271917224,-9.049971216231585,-2.10970886509642,-0.933904767036438,0.0627417340874672,2.016922950744629,-0.4425566994784923,0.3398636314577032,0.7014684097445144,-0.4433716318295127,1.4914350509643557,-0.9860943555831908,-2.11768126487732,-2.4541531477719545,5.434409898531436,-4.948328509330749,0.1476619392633438,0.0536163784563541,-0.9667633305106312,0.2182315438985824,0.5744841144707054,0.1309527679008897,3638
1726744902721784600,5.833408047562838,0.8932704434722661,1.3816674161389468,2.413419424714893,-9.202196498396992,-2.380199146027863,-0.5286946296691895,-0.2092354744672775,1.8625959157943728,-0.4190672241616441,0.3728417274444665,0.6945109255053239,-0.4505842795706565,1.2145739793777466,-0.6394477486610413,-1.1994575262069702,-1.5105851802140473,6.026553953659534,-5.367217938268184,0.1716862320899963,0.1453650444746017,0.4518035642847418,0.1393529027700424,0.5541334003593772,-0.1670681013091467,3639
1726744902761552600,7.450917478969693,1.043625255590677,1.3908265818893908,1.7559851512916385,-9.307511560827493,-2.541091134251654,-0.1589944809675216,-0.5103204846382141,1.4733610153198242,-0.3959334860406401,0.3954887765153029,0.68785769803263,-0.4622522368157735,0.6121917366981506,-0.2422010451555252,-0.2007036805152893,-1.959951288218796,5.865227081149816,-5.88066313521266,0.2264034897089004,-0.020496979355812,1.266184303176403,-0.0082277720794081,0.9195060509037226,-0.0131870855426765,3640
1726744902801319400,8.400095103102922,2.017533416354656,1.4948852145180105,1.2566181640602647,-9.386139107340574,-2.5478850321754813,0.2693404853343963,-0.4639155566692352,0.8875645995140076,-0.3782016732910166,0.4065522018623495,0.681631345512945,-0.4765056433186481,-0.6184624433517456,-0.0576176792383194,0.6445629000663757,-2.8429584040910005,6.134830203983188,-6.777946321457624,0.3604946136474609,-0.156321108341217,1.0612447181072084,-0.0095467409119009,0.406152879624255,0.2370393352936953,3641
1726744902841088000,9.343496481922267,1.882234719070792,0.7349860073983668,1.0468900295402854,-9.442824286636707,-2.4305301339916885,0.411779373884201,-0.4348123371601105,-0.0414560325443744,-0.3712087488468091,0.4059355362216869,0.6775978840718705,-0.4881408670852447,-1.8504424095153809,0.5295405983924866,1.2437655925750732,-2.343507830229401,5.925819789278507,-6.015155192288756,0.4224105179309845,-0.3138119280338287,0.7236884413797408,-0.0067869457416236,-0.130788782111369,0.1579886314650997,3642
1726744902880854800,9.053979867351057,1.184817687088251,0.3601844342514872,1.2003861353591083,-9.46441710976362,-2.270309469158202,0.4899620711803436,-0.4599769115447998,-0.9784096479415894,-0.3742165761301256,0.3912429569981672,0.6802077013701413,-0.4941746099411007,-2.0522730350494385,1.0126585960388184,1.9824891090393064,-3.731957746115327,4.751241172131896,-4.801119594022631,0.4527767896652221,-0.2858863770961761,0.599570588399656,-0.0122571429237723,-0.479394860641472,0.3003559884935617,3643
1726744902920622800,7.704984594497084,0.9516074816286564,0.1517068112492561,1.6696614973179995,-9.419898753601313,-2.155952876007557,0.2357445806264877,-0.6139770746231079,-1.746025800704956,-0.3835391438434229,0.364657246122876,0.6906142881071425,-0.4929247121036816,-1.893545389175415,1.378994345664978,2.734430313110352,-4.628576330971717,3.71128729853034,-3.2082658804446456,0.5042147636413574,-0.1026217266917228,0.5804372872540727,0.253475934267044,-0.9400531643699854,0.7694492718838155,3644
1726744902960447700,6.894357947441935,-0.3334323286652564,0.5642717133402824,2.406217676642537,-9.249958951047065,-2.195171956717968,0.0106787243857979,-1.3001492023468018,-2.6474173069000244,-0.3927110334329567,0.3243715769017261,0.7118326377343395,-0.4835860660143606,-1.9569752216339111,1.504982590675354,3.3351728916168213,-5.093436068445444,2.708229615649581,-2.2219705317944287,0.5533477663993835,0.004910890944302,-0.37213863754794,0.3903749287128448,-1.4365961071565747,0.3864901112444698,3645
1726744903000217600,5.443610273075104,-2.274055523818731,1.5697851188100873,3.351489233247936,-8.89848652330041,-2.398927227373421,0.0046139485202729,-2.170588493347168,-3.4015963077545166,-0.3963047960081158,0.2635453833119131,0.7435422511125925,-0.4697140428177193,-1.411396026611328,1.474785089492798,3.718342065811157,-5.559859986495972,0.9269923880711196,-0.2538720313467085,0.6730026006698608,0.1592306345701217,0.2594887021847069,0.1485266089439392,-1.1308958350256084,-0.2752904294884764,3646
1726744903039986700,3.310062997882068,-3.3734219558537006,3.0068071962937712,4.356470285406709,-8.343802137994766,-2.751825596269965,0.0993969440460205,-2.4000730514526367,-3.748764514923096,-0.3938213095127886,0.1864556885447786,0.7781634392621303,-0.4523282232789065,-0.9429587721824646,1.0716240406036377,3.561879396438598,-5.154849445307255,-0.5017813548967242,0.2586542971871793,0.7993910312652588,0.0060651428066194,-0.4798993395648896,-0.2065378129482269,-0.8139279536228626,-0.2397482106599025,3647
1726744903079756300,1.2743909905076023,-3.499221587908268,3.7434000543668864,5.310560816022753,-7.633067359277605,-3.115220809261501,0.2274159789085388,-1.860053896903992,-3.77214241027832,-0.3934218570364687,0.1061521561198706,0.8047134790091871,-0.4317257705595456,-1.956760287284851,0.7411165237426758,2.8404481410980225,-3.059960402071476,-0.5875066045857965,0.4857739306867122,0.9190770983695984,-0.0447283573448658,-0.8198838663525879,-0.2972588837146759,-0.7277147742863744,0.1890372469351627,3648
1726744903119525000,-0.4917658645778894,-3.9847073493033647,3.627327451078593,6.195652629214525,-6.811047796070575,-3.3754879484727978,0.1845544427633285,-0.9655613303184508,-3.581094264984131,-0.4018555547907096,0.0325974617906019,0.8191699409855419,-0.4079340735013413,-2.1035594940185547,0.456228643655777,2.303133726119995,-2.326084401741624,-1.881497929228842,1.062255137258768,1.032794713973999,-0.0765426754951477,-0.9022357671510428,-0.2768020629882812,-0.7644718487974256,0.3390370898697525,3649
1726744903159295000,-2.2214076372146607,-4.425031195935607,3.4463524597689505,6.970007354927063,-5.958771626287699,-3.475981289835274,0.2070204019546508,-0.2556381523609161,-3.070340871810913,-0.4188832068045004,-0.0282970690027298,0.8224506086800811,-0.3838114678554202,-1.926119089126587,0.2376646846532821,2.076411008834839,-1.9770044220894567,-3.47699601983577,1.0532599298983811,1.0675967931747437,0.002420637756586,-0.9569283113252371,-0.2600035667419433,-0.9636196256574244,0.1953973565516062,3650
1726744903199064000,-3.1436908246815203,-5.029948807919025,2.703585881496965,7.569072733750939,-5.179076124069095,-3.472273667488992,0.0355517342686653,-0.0532179027795791,-2.445950984954834,-0.4375049443698037,-0.0756895797829106,0.8193337414833957,-0.3627019783146264,-1.4849861860275269,0.1807188391685485,1.9739946126937864,-1.3315034553050995,-4.54065547093451,1.3614964425086975,1.027586579322815,-0.0202823206782341,-0.8413340661384164,-0.1907504498958587,-0.7676376193519682,0.2072211384014226,3651
1726744903238834000,-4.197327771198749,-4.553687094204127,2.8844416303411125,7.967146753674745,-4.497890972702205,-3.530426873511076,-0.4107207655906677,-0.0858399346470832,-1.784589767456055,-0.4514800800485,-0.1090977325219606,0.8173734537702596,-0.3408283761050595,-1.5788087844848633,-0.0107511542737483,1.772158980369568,-0.197847215655446,-4.824633448339998,1.5859446648418902,1.009037971496582,-0.022712605074048,-0.8047277982749045,-0.0446146503090858,-0.9455242161922156,0.1372587087778374,3652
1726744903279844900,-4.082420704558492,-4.7483702928707,3.724106155832112,8.229775945842265,-3.916394860577583,-3.6198084537506094,-0.69005286693573,0.2240533828735351,-1.3354196548461914,-0.4634270235676124,-0.128710022294026,0.8173081431807071,-0.317295597706969,-1.5994142293930054,0.171244740486145,1.4678022861480713,1.6718682135820389,-5.508773357859254,1.457476105839014,0.9051836729049684,-0.0736346244812011,0.1562544646162539,-0.0344974249601364,-0.9850422067839651,0.1702988268586807,3653
1726744903319614700,-4.574272493854165,-5.596145351842045,4.169111438278853,8.470537589594722,-3.441666932301223,-3.546170386087894,-0.4885188639163971,0.781264066696167,-0.9236499071121216,-0.4803388369275793,-0.1383770624696688,0.8134225006944802,-0.2974395892709198,-1.115002989768982,0.0578247122466564,1.2180198431015017,0.0928536402642726,-7.0075359983325,1.6325737295478582,0.7865669131278992,-0.0661109611392021,-0.0960719721231143,0.1118412017822265,-1.0958913763355462,0.456455664406903,3654
1726744903359383300,-5.219587582677603,-6.031869595724344,3.54024801030159,8.682350786760448,-3.2072049732148646,-3.24052388997078,0.1036960408091545,1.0774939060211182,-0.2545777261257171,-0.5001374999711251,-0.1404076742146045,0.8034341476209992,-0.2909324848746142,-1.0073615312576294,0.1411707401275634,0.512915849685669,0.5195411757320165,-7.520363940161467,1.7067226693421602,0.7950040698051453,-0.2020241320133209,1.5006700815297662,0.148946076631546,-0.4467283433796837,0.4515012568699196,3655
1726744903399153200,-5.279990905714035,-5.78539658858776,2.1267565921396017,8.787045671465993,-3.2910219050645826,-2.8508514954283832,0.5994481444358826,0.8024153113365173,0.4747210443019867,-0.5140824574186704,-0.1365211453672617,0.7916533037862871,-0.3006095509485814,-1.0068211555480957,-0.2146863341331482,-0.557824432849884,-0.4878542440921068,-7.425154676681757,1.9867156687647105,0.892024576663971,-0.2769295275211334,0.5948678540688007,0.2716607451438904,-0.2574392040426843,0.4139187278527766,3656
1726744903438922200,-5.107364056032896,-4.82553448883295,0.9627131052717566,8.726350672006607,-3.6661002493262287,-2.5653315492779014,0.9697718024253844,0.1650352478027343,1.1943705081939695,-0.5146681787649601,-0.1286618245561584,0.78373569720868,-0.3229880269057908,-0.9513381123542786,-0.0164738614112138,-2.0343894958496094,0.998889457285404,-5.657541193047166,1.742818065074086,1.087641716003418,-0.5511345863342285,1.1739886153642087,0.1021029874682426,-0.059333739309851,0.1096644167464226,3657
1726744903478692000,-3.9375989766478536,-4.47580013692528,0.2360147414863109,8.473114746606349,-4.329624656318128,-2.372989360779524,1.3180756568908691,0.0180484615266323,2.01897931098938,-0.501526968413302,-0.1148652908158914,0.7796119230290138,-0.3570461888280212,-0.8817305564880371,-0.3225537240505218,-3.2456493377685547,-2.258140161806345,-3.89310692397058,1.746307660755515,1.29848051071167,-0.492555558681488,0.3052388286316767,-0.0121401762589812,-0.7022182217191905,0.2003343197634443,3658
1726744903518460700,-1.841516339713335,-3.808227331325412,-1.312972503966838,8.023493494796753,-5.217013932797313,-2.139316798505187,1.567777395248413,-0.3859819769859314,2.474904537200928,-0.4791208438889199,-0.0943628448299705,0.7747066897947803,-0.4017067309065769,-0.7597900032997131,-0.5660372972488403,-3.958244562149048,-3.1853491152375937,-1.1002784323133528,2.481460841414332,1.5235693454742432,-0.3297577500343323,-0.0612271609741728,-0.0912558212876319,-0.8822788015976548,0.1898073727911338,3659
1726744903558230500,-0.5088619608074426,-3.089436087402701,-2.2637034950219093,7.382913617801666,-6.1399114527702325,-1.9910918380223213,1.908227562904358,-1.2912124395370483,2.6120824813842773,-0.4421392847069366,-0.0782639651766867,0.7716166029158604,-0.4505500947934818,0.2183315008878708,-0.9224112629890442,-4.119975090026856,-4.508440716028213,0.1014912663586437,2.5168448740065097,1.6859793663024902,-0.1885685622692108,-0.6576300882562994,-0.2046336382627487,-0.997621994632855,0.3073605700260028,3660
1726744903597999600,0.5841518873304128,-2.335876896959543,-2.2562531790159643,6.530366814383864,-7.062710773065686,-1.9086103925600648,2.075290441513061,-1.7641239166259766,2.906083583831787,-0.3881873849696232,-0.067934953083311,0.7698681006589913,-0.5019944661327861,0.6092414855957031,-1.139166235923767,-3.8333003520965576,-4.196192629688978,2.355536706197262,1.3867676618874072,1.782418966293335,-0.1697391420602798,-0.4294027857758105,-0.078737087547779,-0.7520704131901264,0.7777611000899225,3661
1726744903637769500,2.5121640227138995,-1.8325199633091689,-2.1142228353895245,5.526368635782599,-7.921758044418692,-1.69570034006834,2.071730613708496,-1.5942952632904053,2.930772304534912,-0.3288555342165239,-0.0553462671167179,0.7638019691217433,-0.552627785856892,0.7695837616920471,-1.1916629076004028,-3.430690050125122,-4.216833266657591,3.822911105716228,0.8484124800920486,1.8146698474884035,-0.2369692921638488,-0.5216844713710248,0.1741037964820861,-0.7382125682294368,0.8607287946991622,3662
1726744903677538300,3.444268639232218,-1.365247903996706,-2.104314897098392,4.48023899615556,-8.625306126502156,-1.3045795002833007,2.285938262939453,-1.685705065727234,2.8086283206939697,-0.2693569940752595,-0.0433227809817166,0.7514241010721855,-0.6007759521266167,0.9820755124092102,-1.199616551399231,-2.6961793899536133,-4.043414389815927,4.270512834396958,0.3702132224433124,1.8280996084213257,-0.187483012676239,-0.7039223952885717,0.3276417553424835,-0.7808596506271511,0.5722995004406198,3663
1726744903717308200,3.969816069641709,-0.4299035749047994,-2.65709271813035,3.4315587952628728,-9.157077253732083,-0.7366878428801894,2.4751760959625244,-2.0103108882904053,2.6729676723480225,-0.2063026197575826,-0.0368748638609816,0.7322573811387881,-0.6479803591330846,1.072452187538147,-1.0586403608322144,-2.0636346340179443,-3.005236878237128,5.001585467743873,-0.6838809663221239,1.7296768426895142,-0.1258371025323867,-0.7761327682357281,0.3519104719161987,-0.8218716791689396,0.1196692486739251,3664
1726744903757077000,4.752805644969642,0.6672235537707806,-3.3628736738324165,2.435635055915266,-9.498983980754018,-0.0858238329590298,2.379534959793091,-2.508660316467285,2.456403970718384,-0.137790794209743,-0.0383367379466631,0.7091587214125641,-0.6903896466113428,1.0169059038162231,-0.861282229423523,-1.5902539491653442,-2.2460686157405374,5.7098389510393135,-1.63149791700989,1.6007554531097412,-0.022368075326085,0.1815852321624755,0.2223326861858368,-0.6399322267413139,-0.2980265226326882,3665
1726744903796846800,6.009840719267726,0.9901666371256111,-3.954457172468304,1.5823220904305575,-9.662712653708455,0.5464606372417882,2.011314868927002,-2.9413530826568604,2.120326519012451,-0.0651126499620333,-0.04982376132032,0.6853144200921633,-0.7236173432764972,0.5861265659332275,-0.9724605083465576,-0.911262273788452,-2.5405174260169265,6.416456942087412,-2.126490634679794,1.3928035497665403,-0.025553984567523,0.4165933904221281,0.076799526810646,-0.5245604286661372,-0.241619173897244,3666
1726744903836615700,7.181909399420023,1.6218407386094331,-4.420757171878218,0.9540365354064853,-9.707508073246478,1.012162707291171,1.0585355758666992,-2.977879762649536,1.586686611175537,0.0042726378457904,-0.0693264229129081,0.6660239575983441,-0.7426894621810944,-0.7157785892486572,-1.0505046844482422,-0.0897970721125602,-1.3863532358676194,7.0233946617215866,-3.722897072303295,1.0951955318450928,-0.1246015876531601,0.5016822419038042,0.1241207122802734,-0.6395207233309745,-0.191891723050829,3667
1726744903876383500,8.314241696989535,1.7850860119611025,-4.008776207154989,0.6065538714157417,-9.727550744321942,1.085007140358165,-0.2817096412181854,-2.665273666381836,0.7902576327323914,0.060288600601152,-0.0952087810738936,0.6600116058175012,-0.7427552055547139,-1.9631290435791016,-0.5446807146072388,0.9118099212646484,-0.4245429246544838,6.377676837316155,-3.540494094017148,0.774635374546051,-0.3477727472782135,1.3393269885376096,0.1300496459007263,-0.4202161474965512,-0.1093354496535379,3668
1726744903916152600,8.476906540104746,1.123960775065422,-2.711445070564747,0.5635992574388161,-9.768227038103342,0.6591650427386164,-1.579083800315857,-2.246706008911133,-0.0640049278736114,0.0956911483052425,-0.1283116166678688,0.670766773192845,-0.7241901374373696,-2.510702133178711,-0.1179486066102981,2.2519516944885254,-2.45323018770814,4.823212183365226,-2.982521480821073,0.5955846905708313,-0.6937147378921509,0.2269994411859661,0.0883616209030151,-0.3587620732981711,0.4384250638062134,3669
1726744903955922400,7.4478615985304115,1.7458108171492814,0.0250724819362163,0.7358187318954617,-9.777609198954702,-0.1652832637189887,-2.219985008239746,-1.548128604888916,-0.7139102220535278,0.1108523138245774,-0.1652546565313814,0.6936267008036119,-0.6923038860148786,-2.6951608657836914,-0.0516175217926502,3.385416269302368,-2.8969506910413503,3.3439737430512904,-2.189550317443908,0.6637189984321594,-0.3825302124023437,-0.2820694951693527,0.2825097441673279,-0.8795417778491973,1.0701523933146149,3670
1726744903995634200,7.45892484433651,0.5869850649297237,1.3305578450180588,1.177259380663186,-9.67447557221651,-1.0903897101793438,-2.333644151687622,-0.7052979469299316,-1.7394951581954956,0.1017940094154685,-0.2019680080579064,0.717497964249294,-0.6588197717832843,-2.929265260696411,0.3306753039360046,3.850631237030029,-2.261485965102911,2.8098177665114403,-0.6604042291447519,0.769758403301239,-0.2846120297908783,-0.0744534391662105,0.3605597615242004,-0.7870487145256251,1.129760693515837,3671
1726744904035402000,5.524542589399219,-1.538525326541066,2.75968683116436,1.9555418012134729,-9.408961180001496,-1.9538874581351875,-1.9816982746124268,0.0667384341359138,-2.2595667839050293,0.0698134440474387,-0.2402590635962293,0.7361359360678441,-0.6288922882680982,-3.3064332008361816,0.0437855906784534,4.032629489898682,-5.151055898243189,1.7693810778290031,-1.6521745020747185,0.9264933466911316,-0.1634997725486755,0.1983676410666666,0.2944980561733246,-0.8991893851924687,0.6858742590311915,3672
1726744904075168800,4.0925902163952586,-2.226232865414023,2.878759785312414,2.801363826420903,-9.045369275394082,-2.5503052450597283,-1.3911069631576538,0.1493188142776489,-2.2373061180114746,0.0306702600928333,-0.2727532390208815,0.7454093153310066,-0.6074784053146735,-3.4577603340148926,-0.2750410139560699,3.902873754501343,-5.578749395883083,-0.2648448223903775,-2.493033790308237,0.867150604724884,-0.1836357116699218,-0.0258437973855645,0.1035651788115501,-1.1378082447625697,0.2707378807506523,3673
1726744904114935600,3.300840119245648,-1.936141081303358,3.30239407068938,3.602990297679603,-8.627526725161076,-2.9588255479350685,-0.8031225204467773,-0.4586193859577179,-2.421926021575928,-0.0014018486728091,-0.3091262764828772,0.7451839091640691,-0.5908806991010856,-2.965749740600586,-0.4284956455230713,3.428264617919922,-3.901572554498911,-2.0044803119055925,-1.124724160653353,0.8219237327575684,-0.0644659996032714,-0.5878177163615822,0.0027004112489521,-1.1204214219581334,0.2562876228547655,3674
1726744904154703400,2.1526690320312976,-2.016694627442956,3.462519750715792,4.358062523034215,-8.153423943045734,-3.2709830333814023,-0.3418222367763519,-1.1369739770889282,-2.6403896808624268,-0.0229618242175807,-0.3559722842995531,0.7348860173500177,-0.5768005923642138,-2.3026680946350098,-0.22770956158638,2.874118089675904,-1.6523311539411545,-3.0637188778221605,-0.3557113074254244,0.7003785371780396,0.0128048593178391,-0.6041767304882407,-0.0167409628629684,-1.003385818856582,0.3224546422507613,3675
1726744904194470100,0.8397142098516225,-2.7000913173794743,3.664388769233226,5.013808989500999,-7.624155154025554,-3.5922637364819643,-0.1567681431770324,-1.480034351348877,-2.604952812194824,-0.0355908623426449,-0.4095701904148376,0.7179183333946336,-0.5617640222254033,-1.9638110399246216,-0.022249300032854,2.4032061100006104,-1.1773650329947472,-3.829301099014282,-0.6333826589673757,0.5333892107009888,0.0111387958750128,-0.6632958589330316,0.0366143845021724,-0.7636780680712312,0.4410639609424397,3676
1726744904234238000,-0.1723369268238544,-2.7961539828181263,3.973975527408719,5.515146984544396,-7.0788804021000855,-3.955120020291209,-0.25020232796669,-1.377045750617981,-2.297642946243286,-0.0436586655882382,-0.4603469416590936,0.6998111836659094,-0.5444619705403907,-1.5777403116226196,0.0811642780900001,2.1365866661071777,-0.9749439335525036,-5.092103943058848,-0.3113052525311708,0.4029613435268402,-0.029944147914648,-0.6542530861038715,0.0889168307185173,-0.7444284470696002,0.3981622096639126,3677
1726744904276491500,-0.449837524908781,-3.0359628558903933,4.424216372421384,5.91490267394483,-6.526778434503078,-4.311091220761836,-0.4090622365474701,-0.9186062216758728,-2.079185485839844,-0.0540839678299487,-0.502512085763718,0.6835832697754064,-0.526564856225648,-1.336767077445984,0.2171950936317443,1.9432275295257568,-0.2132511210143566,-5.852563998931646,-0.1329507459182292,0.2567274570465088,-0.0168558601289987,-0.132370361347543,0.00993437692523,-0.8110008871950208,0.2623763499176129,3678
1726744904316259600,-0.7594272056937217,-3.640172611865401,4.625723571889102,6.314273163419961,-5.954141043877601,-4.566017583467066,-0.509847104549408,-0.2283554375171661,-1.9733033180236816,-0.071704905059498,-0.5353221097404158,0.6680062425541864,-0.5119142496435163,-1.2339941263198853,0.3188328742980957,1.7385514974594116,0.1065945808470249,-6.653330930751562,0.4875502196442335,0.1088425740599632,0.0049465545453131,-0.2799316794230602,-0.0323324799537658,-0.8571583158012479,0.3602088380403817,3679
1726744904356026400,-1.4857956068724394,-4.1083500955849885,4.516282661700249,6.815288502380252,-5.318519666072726,-4.629857310692966,-0.7138011455535889,0.8662291169166565,-2.061143159866333,-0.1022395862943709,-0.5577940385765068,0.6518610565375311,-0.5034779725934777,-1.3122154474258425,0.4420445561408996,1.4089289903640747,0.5563362441658973,-7.432626035475731,0.7909889765840024,-0.005846990738064,0.152238592505455,0.4588618122331798,0.1010623425245285,-0.7600928299956023,0.6428575396034866,3680
1726744904395794200,-2.624531926265359,-5.045451497477293,3.612201485878229,7.533842430415749,-4.560385130538046,-4.314450760322809,-0.7902287244796753,2.3266916275024414,-2.307157278060913,-0.1530473163750706,-0.5677819321762508,0.6305548686690896,-0.5065577171028067,-1.2956215143203735,0.4170052409172058,0.7824621796607971,-0.272827930098772,-8.42145236390829,1.2990350178986787,-0.0904221013188362,0.1403826475143432,1.0864733404532074,0.2202837914228439,-0.4354267953056842,0.5980122895743698,3681
1726744904435561000,-6.634356181168556,-7.158683422133326,1.6769024083569646,8.331844573697447,-3.7602225943520655,-3.5512630330517885,-1.046295166015625,3.270126342773437,-1.4448809623718262,-0.2200552935541329,-0.5604763935231251,0.6057476685883201,-0.5201073288208863,-0.946298122406006,0.4223198592662811,-0.1991581171751022,-0.1712146447956562,-9.486863919371366,2.1456927632778884,-0.1138559505343437,0.0187114160507917,2.528505501183868,0.1029613614082336,0.1824517675976268,-0.2381601925497874,3682
1726744904475329000,-8.14938606583178,-7.035114910131693,0.4865642042815685,8.801357105413079,-3.468547048181295,-2.5837358054965733,-1.141019344329834,3.155649423599243,0.4332723617553711,-0.2762834605098984,-0.525708641696743,0.5961243875992861,-0.5403088484569019,0.0110012255609035,0.3899640738964081,-1.4981930255889893,-0.951509281951189,-9.728958857554195,2.801768315568566,-0.2026905119419098,0.0360112264752388,1.3852571111939846,-0.0752211734652519,0.138819163027592,-0.5628444570161402,3683
1726744904515095800,-7.264801617640257,-5.985189093092084,0.0416132823705673,8.891811283320187,-3.757864925310016,-1.7275808945842086,-0.8329674005508423,2.408815383911133,1.5967992544174194,-0.3083942395587412,-0.4760371567944461,0.6012243662389181,-0.5628595906460928,0.4711030721664428,0.2711743414402008,-2.7934069633483887,-1.384668059259653,-7.258916651254892,2.8072955545574425,-0.2366440743207931,-0.0521700121462345,-0.2343318481669761,-0.0109347328543663,0.393677027073875,-0.0223988331470172,3684
1726744904554863400,-5.871792431014776,-5.821812302315235,-0.518486040655896,8.653854175594448,-4.458440421323478,-1.1846893114682286,-0.1772622019052505,1.0433932542800903,2.569141864776612,-0.3108163158499674,-0.4270966330429722,0.6148095717937475,-0.5856541911474739,1.2998952865600586,0.1890174597501754,-3.66925048828125,-1.7063883228212593,-6.064362583050132,3.2903695786356923,-0.1647173911333084,-0.0234967041760683,-0.0888685618166346,0.0075207371264696,0.3452909261001274,-0.3554960207069292,3685
1726744904594630100,-2.940409309017658,-5.386775456175208,-0.9287292948663234,8.09063577069938,-5.435464960542321,-1.0806048137459905,0.6198709607124329,-0.7043389081954956,3.104735851287842,-0.2767293181234325,-0.390330271022861,0.6346162544498288,-0.6068981314883349,2.1680121421813965,-0.1381698250770568,-4.1441826820373535,-4.487006298333406,-4.264042469339072,1.8917963281422847,-0.1339839398860931,0.2780114412307739,-0.5321766758235171,-0.2094663083553314,-0.1226204996949527,-1.0180334259554744,3686
1726744904634398000,-0.5780892262905836,-5.140874111446738,-0.9174595667026936,7.271827570754289,-6.463222200393677,-1.231935558224469,1.477495193481445,-1.7445220947265625,3.278204917907715,-0.2123958003658113,-0.3709241778730381,0.6520939229050357,-0.6261603603886358,2.873549222946167,-0.6077509522438049,-4.2157087326049805,-6.578576426279544,-2.120851752009988,0.6596621786057949,-0.1524370610713958,0.294333666563034,-0.1052519797321874,-0.4287205338478088,0.2714234335957095,-0.708486853659898,3687
1726744904674165000,0.6859124721497297,-3.687743925857544,-1.2312873234488069,6.24694851668775,-7.464149300986528,-1.196882511152327,1.7764010429382324,-1.252070665359497,3.5271787643432617,-0.1358979865896705,-0.3526887738887546,0.6607833623820839,-0.6484657755524347,3.294752359390259,-0.9171340465545654,-3.947035312652588,-6.303128669071197,0.0547752540215849,-0.3396609939217567,-0.1892407238483429,0.1955222636461258,-0.7287908060200512,-0.4965879023075104,0.3732322414709255,-0.3025419907631352,3688
1726744904713932800,2.422515900492668,-2.1214117239803074,-1.9602818353474136,5.067593186658621,-8.352771041870117,-0.8491639560464769,1.3427878618240356,-0.1443560272455215,3.70559334754944,-0.0681392663645121,-0.3168380117628022,0.6655140762641522,-0.6723552897587026,3.278925657272339,-1.0089390277862549,-3.616483211517334,-5.600204856365918,1.3608476232111453,-1.489067175889015,-0.207728162407875,0.1107476279139518,-1.2825009394660591,-0.3416071832180023,0.479510267182067,0.3317684505736455,3689
1726744904753699600,4.11472606035769,-0.6846113264232874,-2.364751109266281,3.800504043596983,-9.02791545176804,-0.4725271302964538,0.5980895757675171,0.5258817672729492,3.5615832805633545,-0.015615351215653,-0.2657103275999547,0.6734168110543631,-0.6896839272731892,3.0260300636291504,-1.1939162015914917,-3.1174914836883545,-4.43520830655694,2.5242419985204934,-2.904643583631515,-0.1946233659982681,0.1240551024675369,-1.7011450153402985,-0.0586630888283252,0.6142630940862,0.5776272713346406,3690
1726744904793467400,5.61797549085617,-0.0947509983181953,-2.331980474042892,2.556128252124786,-9.461706097239256,-0.3357586527209729,-0.2356177121400833,0.5821682214736938,3.2139878273010254,0.0241905250510699,-0.2116011253841928,0.6872727926453307,-0.6944753498426489,2.4269120693206787,-1.209903120994568,-2.713111400604248,-2.8688188215345143,3.5713159332603213,-4.185955897834897,-0.2283672988414764,0.1226341873407363,-1.533284064886719,0.1017190441489219,0.8050779268868267,0.2261726897719316,3691
1726744904833234200,6.965594214659929,0.1493324833333492,-1.3113245906293391,1.4079763080023229,-9.692321025508642,-0.4968964323993772,-0.6856704950332642,0.1970753371715545,2.8115057945251465,0.0583877440544152,-0.1646081906986607,0.7058603335630923,-0.6864810615883851,1.710883617401123,-1.1984153985977173,-2.2372255325317383,-2.347000348520279,4.28175611294508,-5.163090034908056,-0.288045197725296,0.1633646190166473,-1.4723542337581514,0.2001243382692337,0.8424157238952815,0.0975715630311053,3692
1726744904872992000,8.27229114548862,0.942266237309575,0.1072575748004019,0.4069889285895973,-9.771331433859467,-0.725110510072112,-0.4247280061244964,0.0340931341052055,2.292130708694458,0.0905325628634201,-0.1276328644751301,0.7215817335164622,-0.6744133260122944,0.9248740077018738,-1.0601983070373535,-1.6547534465789795,-1.7334698064923286,4.579389398476481,-5.82911356523931,-0.2199364602565765,0.269046425819397,0.0729476925120689,0.2355602234601974,1.1318402032036334,0.0037373901509941,3693
1726744904912758800,10.12034419349432,0.7176853285074234,-0.1315828185658901,-0.3126467668006196,-9.769263395413756,-0.7963200354136526,0.0392346680164337,-0.1460061967372894,1.331647872924805,0.1152806953738055,-0.101814948375011,0.7281721908860879,-0.6679141723823162,0.1167508214712143,-0.636878252029419,-0.7770804762840271,-2.222503031235933,4.738896654343605,-6.219037596455216,-0.140481561422348,0.0314495265483856,1.734135723055154,0.1652358919382095,1.6228804569207131,0.0504462209744844,3694
1726744904952526600,9.922960503697396,1.1036948166280984,-0.5514800363063812,-0.6451291377972811,-9.75978128131926,-0.7077210569191724,0.3114417195320129,-0.1917852759361267,0.4072587490081787,0.1298389987006415,-0.091862603174468,0.7263917637133334,-0.6686240639895881,-0.9069448709487916,-0.3881131410598755,0.3356872498989105,-3.334261911854148,4.570608710649609,-6.589804507258534,-0.0187813453376293,-0.1740091145038604,1.182067292401567,0.3079937994480133,1.4246476029485464,0.3560698385395109,3695
1726744904992291000,9.553218259766698,1.4133207377701995,-1.140201131248474,-0.6738726363964378,-9.76459540360272,-0.6074162238661199,0.1455665975809097,-0.0436410047113895,-0.3023431003093719,0.1324855405926465,-0.0914074484632116,0.7229206642603869,-0.6719211058036857,-1.8934745788574217,0.1832469701766967,1.2393053770065308,-2.1837235109865665,4.746131281772255,-6.112573363989592,0.0489734224975109,-0.4280602633953094,3.23452640312165,0.2191260159015655,1.396390061235428,-0.2757891910571605,3696
1726744905032058400,8.567429107072948,1.7152075890928506,-0.8101378406248986,-0.4266944766651839,-9.780523040574788,-0.5741592298978939,0.0746195092797279,0.0649002864956855,-0.9219544529914856,0.1242992560479272,-0.1004933262103408,0.7205380391593409,-0.6747411183654685,-1.9998756647109983,0.7678675651550293,2.029871702194214,-3.306342223793268,4.329230980825424,-4.962424839222431,0.1641587018966674,-0.0844651460647583,0.4787430456692352,0.1816142946481704,0.0534566320039564,-0.4779640606533735,3697
1726744905071825200,7.805774872979521,1.7793465915262698,-1.32835054423213,0.0304472520434297,-9.789746795994043,-0.5747403542540968,-0.1095925942063331,-0.3229590654373169,-1.448567271232605,0.1092937164828267,-0.1181315676533079,0.7178778003341999,-0.6773118497374693,-1.7354047298431396,1.4170838594436646,2.712478876113892,-3.228496767568588,4.045447941470146,-3.270211756747961,0.1092407330870628,0.1283106058835983,0.4436457575965672,0.2035551369190216,-0.5246878179054707,-0.2402498400391079,3698
1726744905111592000,8.010339414191245,0.6784609871000051,-1.2646844200074672,0.7177226648431271,-9.756974407204986,-0.6758160255491733,-0.3632583320140838,-1.2065978050231934,-2.2133548259735107,0.0951417340035813,-0.1547742763116358,0.7144941920329815,-0.6756412731202863,-1.4643266201019287,1.7453231811523438,3.328070640563965,-5.36963259819448,3.252742151030898,-2.3716166111215946,0.0779747068881988,0.2258255928754806,0.4143432734077796,0.1916804760694503,-0.7348565357998013,-0.2167346888137981,3699
1726744905151359700,7.692370612117648,-1.4903665680497884,-0.8981177373729645,1.688560259055346,-9.609749709805843,-0.985820205419138,-0.9335883855819702,-1.7219258546829224,-3.050464630126953,0.0787301505531452,-0.2132607205999609,0.7104806169040367,-0.6659869711857447,-1.3645873069763184,1.8278768062591555,3.86510157585144,-5.764494670334458,1.6936404849290847,-1.409002874571085,0.1055755764245987,0.2916898727416992,0.6481085189342498,0.0067917546257376,-0.6998951125338673,-0.5451295347684993,3700
1726744905191126300,6.76913173136115,-3.934661754152178,0.5144812619939446,2.8893761641338465,-9.232547797518968,-1.606835915570706,-1.4531903266906738,-1.620802402496338,-3.746699094772339,0.0521995819143916,-0.2858685868365513,0.7072517135572294,-0.6444759490979405,-0.7387755513191223,1.6847771406173706,4.054279327392578,-5.1206671897202725,-0.2418248890697956,0.787231012289971,0.1351711302995681,0.1412995457649231,-0.1737910711549222,-0.3170232474803924,-0.2864345402447507,-0.611951456142962,3701
1726744905230894000,4.928817168653011,-4.338541830006242,2.107600640770793,4.214640432788431,-8.551093473821878,-2.29913721197471,-1.2849547863006592,-1.0880683660507202,-4.301246643066406,0.0115752022347699,-0.3604492065559655,0.6980685790574086,-0.6185812976765291,-0.4234159886837005,1.4401932954788208,3.733164548873901,-3.0192718333303925,-1.5093059540584683,1.3780775749534369,0.1326542943716049,-0.0408876463770866,-0.8992016601521521,-0.4604976773262024,-0.0971466521499212,-0.194641423617769,3702
1726744905270660900,2.9684803882479667,-5.353171292737126,2.43099789763391,5.617125596028566,-7.525238268199563,-2.8264897921100256,-0.9800463914871216,-0.566904604434967,-4.910617351531982,-0.0419719557421756,-0.4336325724552482,0.6753322617639268,-0.5950860242896238,-1.229512333869934,1.2599036693572998,3.293965101242065,-2.320765252545476,-2.2106585719242693,1.0400538268446922,0.1081679239869117,-0.1234891414642334,-1.2206093506332487,-0.3814211189746856,-0.1463121217320207,0.2564149572951719,3703
1726744905310428700,0.0311532631546258,-7.036217318415641,2.528596394337713,6.94345486356616,-6.183815476426481,-3.117570002736151,-0.5925897359848022,-0.0390466377139091,-4.894562721252441,-0.1032596629046581,-0.5011903232787214,0.6385609607133066,-0.5747917829147405,-1.0690840482711792,0.9476903080940248,2.8362324237823486,-2.74812323462069,-4.483625715984404,1.860321577948332,0.087695300579071,-0.141316145658493,-1.419562262508273,-0.2220550179481506,-0.196300132343918,0.4314838663661852,3704
1726744905350195500,-2.9628409210562703,-7.409965290856361,2.247541318641603,7.967172472637891,-4.769039571411907,-3.154495711812377,-0.2708933055400848,0.3500963747501373,-4.14622688293457,-0.1614080673922585,-0.554465231019261,0.5944769327208711,-0.5595650491682598,-0.9521019458770752,0.7932596206665039,2.304401397705078,-2.067384365716576,-5.765538041907549,2.826357397902012,0.0606240108609199,-0.169725701212883,-1.1885500785496086,-0.1094101518392562,-0.1109916924279648,0.29612271657167,3705
1726744905389963300,-5.165286668169498,-6.736862031397223,1.952132138900459,8.612339677423238,-3.563442715667188,-3.0495740326136347,-0.1951901465654373,0.4603106081485748,-2.9545581340789795,-0.2080467955506987,-0.5898234084957329,0.554610995807502,-0.5488457425276853,-0.6871903538703918,0.6132369041442871,1.7411234378814695,-0.8928051640480756,-6.591108575594425,4.047084602761268,0.0010813587578013,-0.1878490149974823,-0.990792075547576,-0.0275765229016542,-0.0981430153766646,0.2751615606781095,3706
1726744905429729800,-5.823941131037473,-6.588513298404217,1.5609291737899182,8.9865330555439,-2.655200328512489,-2.8918063138902186,-0.4825547039508819,0.765754759311676,-2.1210145950317383,-0.2446547122606877,-0.6091662353146092,0.5256972329392302,-0.5410204152562409,-1.3856624364852903,0.4207728207111358,1.2400164604187012,0.359742827963829,-6.260591842114925,4.180684094911814,-0.0613487400114536,-0.0183119643479585,0.2448612062920816,-0.0100491298362612,-0.3316545053377747,-0.0458915031124604,3707
1726744905469497300,-7.457448926565051,-8.308762388795614,1.110159920988977,9.274499518063664,-1.939169343083352,-2.5285747670277954,-0.9249441623687744,1.6437829732894895,-1.3125066757202148,-0.2841441930887856,-0.6109306526384451,0.505653219867434,-0.5388327505806123,-0.1266623735427856,0.1596884429454803,1.042888879776001,-0.4214063801944255,-9.453129407551884,5.5437680988729,-0.215843454003334,0.11372010409832,1.0793925884120166,0.0225258227437734,-0.4004134591894224,0.0713674604161875,3708
1726744905509264100,-11.270313854563236,-8.238051022234558,0.2290659452617168,9.498304181796312,-1.6208226476080714,-1.8236038125343617,-1.3704804182052612,2.329539060592652,0.3766049742698669,-0.3251847731439952,-0.5870477124752909,0.4983501798011564,-0.5488869995059059,0.7096288204193115,-0.2262997478246688,0.4505031704902649,-0.9701000006526708,-10.279410135334729,5.072602539253235,-0.1320274621248245,0.3237419724464416,1.1261012942254542,0.1101653426885604,-0.1977581125998869,-0.0288106432679458,3709
1726744905549032000,-9.24720000772774,-8.582268364286422,-0.7247825932919979,9.520887185004351,-2.0512793263509868,-1.1468847737308592,-1.729184865951538,1.6720120906829834,2.14126968383789,-0.3483073201414456,-0.5396329254024179,0.5169827412630046,-0.5658684812444933,0.4599739611148834,-0.6067873239517212,-1.0203046798706057,-1.1405442455977202,-8.375119651800393,3.818540051025152,-0.1979598253965377,0.07648766040802,1.5119317725174128,-0.1038364171981811,0.153553297632467,-0.9207497673545032,3710
1726744905588798500,-6.211380359700322,-8.453990359419583,0.2515104167819023,9.317108825734255,-2.9322341858685017,-0.8740031406834721,-1.238024115562439,0.5328009724617004,2.847365140914917,-0.3479476308529119,-0.4889183706015411,0.5527391668780887,-0.5782480128050848,0.5657166242599487,-0.89408278465271,-2.0213685035705566,-1.9303683431208127,-6.991272261273861,3.351960650151968,-0.2339189350605011,-0.0797313153743743,0.6462294271893799,-0.0221413038671016,0.7941976364322006,-0.3689712960908189,3711
1726744905628566300,-4.240574792250991,-8.09395819312036,0.7358100371323526,8.858990963736176,-4.0922292741283774,-0.9707407097090036,0.2551629543304443,-0.6693634390830994,3.5974578857421875,-0.3138087667723773,-0.4495349224118581,0.5894169612078917,-0.5933212902361984,0.4177412986755371,-1.3581103086471558,-3.199212551116944,-2.32392868501246,-5.524479461035132,2.242120754897594,-0.1550469547510147,-0.1971934288740158,1.1540998196762051,0.1940156072378158,1.428237590264529,-0.4306478174008429,3712
1726744905668333000,-2.03744457000494,-7.443703309807181,-0.0308206701993942,8.078015943101049,-5.425130029010773,-1.218204992905259,1.1848434209823608,-1.4858707189559937,4.08174991607666,-0.24711075190062,-0.421283385486911,0.6201866473792603,-0.6138608751645976,0.9907201528549194,-1.5927355289459229,-3.670491218566896,-5.1095729642540215,-5.29184325607121,1.3400818985581398,-0.1369863599538803,-0.1231046766042709,-0.3867157732265069,0.1271643042564392,0.6305648981329053,-1.0085758617803453,3713
1726744905708099800,0.6379658951044083,-6.704343909630179,-0.8389866262294352,6.949409388056397,-6.79940295098424,-1.2822761907994746,1.8932310342788696,-1.4498136043548584,4.451363563537598,-0.1613770886504636,-0.3923819123145865,0.6414158781897696,-0.639202323105239,1.4939498901367188,-1.814908742904663,-3.983757972717285,-6.940410089042782,-3.526634787751734,0.2298275772839784,-0.1895747929811477,0.0805640816688537,-0.5571658999230712,-0.0413604378700256,0.5190844449404627,-1.0004603598639368,3714
1726744905747867600,3.47650122205615,-4.0755607556611295,-2.205121688324213,5.610541541463136,-7.974007287093997,-1.0523392348568883,1.709455132484436,-1.137460470199585,4.081745147705078,-0.0744492703026297,-0.3576920384424098,0.6524651517415117,-0.6639299260314784,2.1334354877471924,-1.581387996673584,-4.019489765167236,-7.3154381644219155,-0.8632333248659968,-1.662435345456749,-0.1986777782440185,0.2005815058946609,-1.3830501026690003,-0.0970607101917266,0.5289780624452978,-0.4902811424454674,3715
1726744905787634200,4.455244840152561,-1.6769705051571129,-2.53650117611289,4.315314099153876,-8.770576767224073,-0.7908410194806754,0.8864034414291382,-0.601870059967041,3.4921820163726807,-0.0028760317913867,-0.3217142449036566,0.6609248170048624,-0.6779897114556612,2.2695889472961426,-1.6618670225143433,-3.9315898418426514,-6.201620013186335,0.5011375040352344,-3.405222869262099,-0.1866311132907867,0.2734371423721313,-1.4785922513648866,0.0139845609664917,0.6656905720498413,0.0704067210586741,3716
1726744905827402000,5.231538717234135,-0.4163888442933559,-2.1830922273457047,3.1267689159750938,-9.268006648913026,-0.7055114911109208,-0.2499362528324127,0.2554992437362671,3.0971009731292725,0.0459677424385247,-0.2803076778095497,0.6763125606735071,-0.6796439325321505,2.39800238609314,-1.6705952882766724,-3.68935489654541,-4.780075636950135,1.9597607340827583,-4.439212866023182,-0.1786858886480331,0.1609927862882614,-1.636082760582119,0.1988514363765716,1.0086832676775752,0.4006126350233331,3717
1726744905867163600,6.212921743923426,0.4587807098209858,-0.7682886306066066,2.03390602061525,-9.554054710590838,-0.8681489347625523,-0.8944917917251587,1.0861048698425293,2.797814130783081,0.0728413234264645,-0.2305720139569568,0.7007851469399956,-0.6711415745381748,1.961447834968567,-1.7034395933151243,-3.335060834884644,-3.750712130945921,3.4263656105339524,-5.376099163860082,-0.1668844670057296,0.0236635282635688,-1.495214300341904,0.3478229343891144,1.1561314716342836,0.3104751218499615,3718
1726744905906931500,7.493616218489408,0.9803829097360371,0.2053741040289401,1.10141846919395,-9.676572252234816,-1.1494381114754826,-0.8943060636520386,1.4053248167037964,2.3005433082580566,0.0846143725817603,-0.1784146856463612,0.7257914529034825,-0.658965375412898,1.1042628288269043,-1.5262447595596311,-2.5267369747161865,-2.790529713195562,4.76796375887394,-5.789232221227884,-0.1885609030723571,-0.1139591783285141,-1.2645417966663837,0.4321883022785187,1.2184336140293628,0.1796842025804333,3719
1726744905946698200,8.247071364036202,1.5465665941774844,0.5126864875316619,0.3909088044695556,-9.70136708627343,-1.3787887919627129,-0.4700823426246643,1.1890814304351809,1.713656663894653,0.0889417778788812,-0.132505039985864,0.7434655857246185,-0.6494541859247489,0.0125543810427188,-0.9858965277671814,-1.4625426530838013,-1.3307494220674037,6.612991321578622,-6.304975758242607,-0.1450496464967727,-0.0470024570822715,-0.3549910303268581,0.407447874546051,1.1954482405655085,-0.1092299891182221,3720
1726744905986465800,9.266966784471274,1.1073036547750237,0.0183528182923793,-0.093882398790121,-9.69605319777429,-1.4656480141177772,-0.0227270368486642,0.3917926251888275,1.0356769561767578,0.0940380030578412,-0.1020517535108777,0.7512074911341097,-0.6453135788207838,-0.5043696761131287,-0.2579339742660522,-0.3738757967948913,-1.1170166550159453,5.705940774556994,-6.5467223213791845,-0.0819262415170669,-0.1586314588785171,1.378247086301446,0.2786469161510467,1.522214973861724,-0.1616605797098018,3721
1726744906026247000,9.67048445675373,1.3190566461861133,-0.3849778069853782,-0.370656728427112,-9.69696680548787,-1.4148631449066102,0.2232386916875839,-0.174468457698822,0.4509772956371307,0.1027814180111721,-0.0902345212072262,0.7509964566002034,-0.6459861033974644,-0.691806972026825,-0.0739866867661476,0.5830930471420288,-3.12795081923604,4.870417586654424,-7.161987724375725,-0.0211234912276268,-0.2645699381828308,0.8496027127899229,0.3054856657981872,1.3573011827759445,-0.0477915919795865,3722
1726744906066015000,10.26547864061594,1.831484190520644,-0.7686554911576211,-0.4452122031956911,-9.703917355278136,-1.3439281987227498,0.0422347709536552,-0.0968237444758415,-0.1873942166566848,0.1074930050095266,-0.089167413956325,0.7487125220055135,-0.6480153566573756,-1.0149496793746948,0.5701021552085876,1.1844087839126587,-2.325388236171007,5.1844373588413,-6.005407120734453,-0.0710224062204361,-0.3489776253700256,2.6193340653613206,0.2544944286346435,1.0056319903481752,-0.482449864297919,3723
1726744906105782300,10.054726935201884,1.8469225826710465,-0.3297020560957491,-0.2084223674173466,-9.708284902837873,-1.3697317714124917,-0.11050546169281,0.2274124771356582,-1.0196796655654907,0.0988503565775069,-0.0977289473043049,0.7485225038482017,-0.6483762968688849,-0.952781856060028,1.2950501441955566,1.7435483932495115,-3.5948242346197365,4.748695579302311,-4.511709362435341,-0.1035736948251724,-0.1497182697057724,1.20285157562457,0.1823610216379165,0.1916859530793502,-0.5711575273312628,3724
1726744906145549600,9.381699663588403,1.5352081648170948,-0.4655645247422158,0.3746721746135503,-9.693898650088906,-1.43468355153352,-0.2476272583007812,0.1993873417377472,-1.9477559328079224,0.07571322389712,-0.1167103371708101,0.7480155065770361,-0.6489367766431298,-1.0538363456726074,1.7382065057754517,2.3018009662628174,-4.27755924577713,4.368064277088642,-3.30637554154098,-0.1427404284477234,0.0830862820148468,-0.02833204085459,0.2405691593885421,-0.4970577239083126,-0.1563118573592975,3725
1726744906185317600,8.868732605549692,-0.3735720313519239,-0.4168364419303834,1.3420885622054337,-9.585557517835497,-1.5767849145695567,-0.4915425777435303,-0.2036385238170623,-3.0947768688201904,0.042038622519639,-0.1543763073928207,0.7460305715999841,-0.6464046808736692,-1.275498390197754,1.9996410608291624,2.89787220954895,-4.939553082200884,3.008541180479526,-2.2199141837865115,-0.1469862461090088,0.2492046356201172,0.0260001843905192,0.2435498535633087,-0.6363205390501767,-0.1710031209368258,3726
1726744906225085200,7.79052002070248,-3.8413925188243385,0.0150641520105302,2.680371886909008,-9.254442818462849,-1.8279243060819803,-0.6710138916969299,-0.5613715648651123,-4.103679180145264,-0.0008551502734398,-0.2132737284303474,0.7400760227069233,-0.6378096914606124,-1.252610683441162,1.8201717138290403,3.3229973316192627,-5.392978402468562,1.4289759875416754,-0.9912146848738193,-0.0843479186296463,0.2201289534568786,0.7661929735016078,0.0181449651718139,-0.1808549268602393,-0.5524381407488137,3727
1726744906264853500,5.052947990712523,-5.720597076418995,1.3449958279542624,4.192709756009281,-8.603460789918898,-2.1382246193543075,-0.518134593963623,-0.5612958073616028,-4.518326759338379,-0.0501155649401632,-0.2845481063190059,0.7266715163016243,-0.6232729849645977,-0.885916531085968,1.6502387523651123,3.377821922302246,-4.193196955004334,0.1054123853251337,0.3165209413528442,-0.0125758508220314,0.032947227358818,0.0737927696006605,-0.2607548236846924,0.0926318690060637,-0.5115368060398846,3728
1726744906307104500,2.590855282112956,-6.169014797657728,1.7661691300451754,5.636519447806477,-7.681441806346178,-2.322821454422921,-0.0830669924616813,-0.2928321063518524,-4.563587665557861,-0.1017788399287339,-0.3544114648874152,0.7020138517549526,-0.6092702275550933,-0.931043803691864,1.3899664878845217,3.087096691131592,-2.9727953288376328,-0.7790989976301789,0.8191087903268635,-0.0343373417854309,-0.0622485540807247,-0.9435760047338904,-0.3256869614124298,0.0320047311680973,-0.1097030773895327,3729
1726744906346872800,0.3389472926944494,-6.397910647049546,1.5744833596289156,6.912191710296272,-6.560556200942397,-2.3132440632604063,0.3873551189899444,0.0226454585790634,-4.448914527893066,-0.1531990048613391,-0.4182476853058616,0.6655910908937528,-0.5988217135497509,-0.959438681602478,1.190413236618042,2.747751235961914,-2.415971593415737,-2.2512974563047288,1.2140092947810888,-0.0792200788855552,-0.1805534064769745,-1.4805194200351834,-0.263158231973648,0.0384952599478885,0.1840761721953749,3730
1726744906386640100,-2.0996949822127817,-6.267297477233409,1.025224652633816,7.935261669114231,-5.345477815625071,-2.1512470364041625,0.6997490525245667,0.1112196743488311,-4.045581817626953,-0.199904232757559,-0.4739609687089454,0.6205191988042188,-0.5919080777600971,-0.5381644368171692,1.054320216178894,2.5105903148651123,-1.9365379716664552,-3.99978567596972,1.945596307390928,-0.0664146468043327,-0.174940213561058,-1.597635833287984,-0.1264568120241165,0.0341375259626889,0.3541124939266592,3731
1726744906426408400,-4.010813265940547,-6.047461717131734,0.5723289091981947,8.649129485160111,-4.165005172003806,-2.0039123027592898,0.6812346577644348,-0.0633017569780349,-3.4070358276367188,-0.2371184354309773,-0.5212973863161023,0.5748218257921994,-0.5844687397082593,0.0296968817710876,1.0924564599990845,2.26577377319336,-1.3588380369544029,-5.042116215574741,3.018990093779564,-0.0503813363611698,-0.2102458626031875,-1.294217680744827,-0.0377700701355934,0.10544764843476,0.3944801966829225,3732
1726744906466175700,-5.073049113976955,-6.051535250180959,0.4620315283104777,9.080794224518536,-3.1398052154198286,-1.9624485118620096,0.4377602636814117,-0.1334912031888961,-2.6083950996398926,-0.2647416535370077,-0.55890127345612,0.5363640481657792,-0.5743299911814166,0.427128404378891,0.9470235109329224,1.873707294464112,-1.0543407108724117,-5.869499936163425,4.044144457656145,-0.0328770093619823,-0.163362368941307,-1.2165852827489376,0.072100281715393,-0.0757451412108726,0.4513983444847166,3733
1726744906505944000,-5.224412810876966,-6.43324557980299,0.1734133238837122,9.316852805146574,-2.32953278862983,-1.98492586273849,0.0274538807570934,-0.1470419615507125,-1.9936602115631104,-0.2859001276347762,-0.5855628558853815,0.5082511180622035,-0.563079154639665,0.691733717918396,0.8213720917701721,1.4325793981552124,-0.0723059422761201,-6.65747577547133,4.744254381984472,-0.0407923310995101,-0.0253119710832834,0.6581319002985954,0.1687485724687576,0.1117053479894995,0.2700779007382691,3734
1726744906545711400,-6.249816181078553,-7.534481312841176,0.6686547556176782,9.453256833323836,-1.6544648049689827,-2.017187963917851,-0.4352485537528991,0.2098726034164428,-1.451024055480957,-0.3077780208452538,-0.6020231810659242,0.4903223951395095,-0.5499315003353039,1.2425326108932495,0.4248500466346741,0.917212724685669,-0.8938327535301447,-7.637625460973381,5.895462060415745,-0.1251638084650039,-0.0731867626309394,0.9352488328281788,0.2377213388681411,0.0988961535652168,0.2863984460180625,3735
1726744906585478700,-8.91814282540679,-6.605593612542748,0.9842166426800192,9.560987140202522,-1.2212012521117923,-1.8073728087015448,-0.6094517111778259,1.0403152704238892,-0.5417147874832153,-0.3315336578291843,-0.6017849881806684,0.4795885721334765,-0.5458343457345919,0.7367057204246521,-0.2698101997375488,0.1712214797735214,-0.3069569941937923,-6.963846494209766,5.596466254359483,-0.1054282709956169,0.3062863349914551,0.7615057655334472,0.285170704126358,-0.1701656837319955,-0.458842486478202,3736
1726744906625246700,-10.237865826547145,-6.8354346338301895,0.4517955271087586,9.630487377408146,-1.2590617578200995,-1.3560554204985498,-0.4855034053325653,1.3081597089767456,1.0448569059371948,-0.3480606991055097,-0.5823644187221302,0.4795740511373312,-0.556519791143587,0.2200915962457656,-0.6579236388206482,-0.7998495697975159,-0.3103314390629529,-6.337987216484546,5.171648604416847,-0.3194573223590851,0.0354410111904144,-0.4478226414224132,0.0833037197589874,-0.0260653197653125,-0.6661896076131611,3737
1726744906665014000,-8.045600697186588,-6.549076775550842,-0.0285093975823372,9.563075052392485,-1.9442039762496948,-0.9685258101385086,-0.2167073935270309,0.8575664758682251,2.519113779067993,-0.341771270097973,-0.5499728399803818,0.4969013471264505,-0.5777640503884156,0.16475909948349,-1.1129097938537598,-1.495081663131714,-0.930160788974166,-5.9470741742312905,4.402314921736717,-0.3397240042686462,0.138380542397499,1.749115265522152,0.1162476539611816,1.098415341855213,-0.1603409850112162,3738
1726744906704782300,-4.117098050186038,-7.564697587406635,-1.798544628471136,9.302489933273195,-3.018572160628438,-0.7226990650162101,-0.528968870639801,0.457657516002655,3.090904712677002,-0.3183889816795776,-0.5101528768995673,0.525919613783348,-0.6014824136069727,0.7191197872161865,-1.3452662229537964,-2.1874732971191406,-2.30069160180986,-5.636076380214095,3.6969524837076655,-0.2298851013183593,-0.0992578566074371,1.287655107358843,0.3308386206626892,1.2748331813171505,0.1315303120605181,3739
1726744906744549600,-2.473848612844944,-7.965252902752161,-1.4945383007764816,8.837786263144016,-4.172900601428747,-0.8067376767925918,-0.8612105250358582,-0.2566268146038055,3.48747992515564,-0.287118244403337,-0.4693619869162182,0.5664198974642123,-0.6135397161690734,1.2412729263305664,-2.080439329147339,-2.601613044738769,-5.2580187278807164,-4.555662485930323,2.1214789439976216,-0.1162842810153961,-0.087851345539093,1.077609285191819,0.2037820816040039,1.1025262112401426,-0.6912526641339063,3740
1726744906784317700,-0.6904302418351173,-7.509469036659598,-0.5518658207535744,8.08776518369913,-5.440018970584869,-1.0791843524888156,-0.3914200961589813,-0.52889084815979,4.1447577476501465,-0.2409587821447071,-0.426237820367383,0.6110191578130592,-0.6220255658386866,1.026785135269165,-2.3835365772247314,-3.041285991668701,-5.77762069388926,-2.499623690092564,0.0950864408176392,-0.147296592593193,0.0332467705011367,0.1512785667666699,-0.0879706293344497,0.6090955552551895,-1.0565944811485708,3741
1726744906824085000,1.8633190061986444,-5.3117228455394505,-0.7606031176052988,7.023956971779465,-6.724526865959168,-1.270876552645862,0.0183552242815494,-0.4877226054668426,4.269194602966309,-0.1820351620216394,-0.3783723546526135,0.6493312171353637,-0.6340870835487435,0.4919334948062897,-2.522359609603882,-3.494115114212036,-6.091060620361566,-0.6244976339831948,-0.8616549696333706,-0.1962349861860275,0.1062311381101608,-1.2023187839221208,-0.2987706959247589,0.5260846425587311,-0.7121583817794919,3742
1726744906863847200,3.3534996962875128,-2.85457928377986,-0.7189911504089832,5.823774542298913,-7.774179711276292,-1.3476536489866673,-0.0214771591126918,-0.0794239193201065,3.869362354278565,-0.1254598622852083,-0.3285065500686797,0.6788185748083105,-0.6446306118974114,0.0146284494549036,-2.296271324157715,-3.719943046569824,-5.361885345068574,0.3391071594312786,-2.25061444247663,-0.2157430201768875,0.2179570198059082,-1.6983040928259492,-0.303930789232254,0.5350270968185737,-0.0217046494709327,3743
1726744906903614500,4.408562876215577,-1.847711687222123,-0.9280968421816824,4.650796930608153,-8.523371354159712,-1.3757239975646138,-0.4908799231052398,0.4715820252895355,3.406380176544189,-0.082797945934818,-0.2750701592089128,0.7031918710403344,-0.6503861281791469,0.2496233880519867,-1.9646497964859009,-3.650931835174561,-4.621813997229934,1.51437551240772,-3.3936201097518204,-0.1607064306735992,0.1886075586080551,-2.079681829492748,-0.0910567566752433,0.8995718817040324,0.5809612015303224,3744
1726744906943381800,5.0040416287243366,-1.7363029840916395,-0.7941267631530762,3.551189091032743,-9.003786388161778,-1.578376859936118,-1.139289617538452,0.5358830094337463,3.1290597915649414,-0.0526026967019387,-0.2210562080199132,0.7291152012061585,-0.6455680826816896,0.8331531286239624,-1.6991790533065796,-3.406511783599853,-3.647371583458781,2.793757443070412,-4.358292240136861,-0.0070345383137464,0.0581768527626991,-1.2218453221689909,0.0124739333987236,1.289655195134878,0.2804984829929657,3745
1726744906983150300,5.608630154883861,-0.340492184048891,0.2478209146142005,2.425263153374195,-9.285096315401791,-2.018782101241499,-1.6102432012557983,0.5110921263694763,3.296198844909668,-0.0253985528621047,-0.1657930642307104,0.7585788682399737,-0.6296234797096474,1.1877048015594482,-1.43617844581604,-3.0327353477478027,-2.409076573204994,3.9191596491158007,-5.157517203211784,0.0041666398756206,-0.0619740076363086,-1.3518652753323317,-0.0749758929014206,0.91183142462261,0.1348741791283246,3746
1726744907023008800,8.404550913468002,0.6439905622214078,1.743679650339484,1.1951502805322407,-9.37519568852186,-2.6168182831481097,-1.614926815032959,0.1901154518127441,3.346330404281616,0.0060599187945699,-0.1085407669268914,0.7884411822118267,-0.6054277793184305,1.0403622388839722,-1.0046098232269287,-2.307732105255127,-1.880285923090577,5.004816704750061,-5.998455401900411,0.0170257221907377,0.0452637262642383,-0.3478386378215625,-0.0091461688280105,1.0301756261046977,0.4038775551034137,3747
1726744907062781000,12.62017714242339,1.054140219864249,2.6740190107509494,0.1293955376546829,-9.298725027781725,-3.112457482028008,-0.9808257222175598,-0.2927241921424866,2.173650026321411,0.0382177311917692,-0.0643556472969059,0.8090423465108311,-0.5829651487851304,0.5145083069801331,-0.5814441442489624,-1.2055779695510864,-2.4207749020442364,5.421845015990733,-6.451882475733757,0.0409486852586269,-0.0805480554699897,1.174115968070924,0.194781020283699,1.6826926821961998,0.6711290367767214,3748
1726744907102551800,13.549960914778708,2.430044542431831,3.3367662958905098,-0.4185126315142959,-9.21655995479226,-3.324197613957524,-0.2102197855710983,-0.2959978580474853,0.4754953980445862,0.0593387415680197,-0.0474480814156711,0.8168449025206223,-0.5718322535172181,-0.5942902565002441,-0.2258652150630951,0.0409651361405849,-2.921849277715385,5.430434565159678,-6.823879220592975,0.0662103295326232,-0.1915126144886016,0.6483960306387394,0.2552931904792785,1.2215182091064751,-0.104094799920544,3749
1726744907142323700,12.342788772541285,2.059703163564205,2.863740787617862,-0.2380040521400049,-9.23228359362483,-3.298288681197166,0.2929230630397796,0.5128033757209778,-1.3237595558166504,0.0524373922131432,-0.0534057038114538,0.8156676772938372,-0.5736588792404966,-1.3579349517822266,0.3924906849861145,0.9642361402511596,-2.320948792418837,5.621767284354568,-6.241217864081263,-0.0132598979398608,-0.2564636766910553,1.814879969461262,0.0069732349365949,1.0526808879014105,-0.5261496340863406,3750
1726744907182094600,9.62398807851672,0.2247019048333167,1.8506556317195293,0.5747128086600453,-9.28181831664443,-3.112549836486578,0.6949664354324341,0.9356437921524048,-2.375606775283813,0.0181156902981997,-0.0752512350261663,0.8081046484226684,-0.5839315678343685,-1.443965196609497,1.1728540658950806,1.8068383932113647,-3.096362671795488,4.752475097841024,-4.932675013124943,-0.0375036746263504,0.0795112252235412,1.4878525394022464,-0.0617015697062015,0.2651249727723188,-0.300696764755249,3751
1726744907221865700,7.183229834368825,-1.1479840402096508,0.547220625296235,1.5952603363282978,-9.274874196594952,-2.7572221946164963,1.0158568620681765,0.5315028429031372,-2.548590898513794,-0.0224298753042498,-0.1060627866653261,0.7933031550301943,-0.5990975263637491,-0.951811909675598,1.6309449672698977,2.5874452590942383,-4.354523242992163,4.100166789129376,-2.4740984959527847,-0.1043499559164047,0.280734121799469,0.4877365725291893,-0.0540749914944171,-0.5958383796013892,-0.314188114491105,3752
1726744907261637400,6.785874776369333,-1.7171861956894396,-0.5474886285826563,2.594607328122854,-9.154283823621272,-2.374334053386748,0.9941601753234864,-0.4955530762672424,-2.9527878761291504,-0.0533982232707023,-0.1483190061912662,0.7739889006393189,-0.6132627442733473,-0.5957403779029846,1.7594971656799316,3.205608367919922,-5.339430352154374,2.752304904219508,-1.6654934178531169,-0.2136385887861251,0.3256357312202453,0.7814206455107778,-0.1679344475269317,-0.5289236288443208,-0.6177540049418807,3753
1726744907301408500,6.081092184054851,-3.5046482891321182,-0.2986652589276433,3.706105219717323,-8.815316072660684,-2.173798037038744,0.8997558355331421,-1.6398065090179443,-3.74669337272644,-0.075045798302292,-0.2140283615226354,0.7516812580507026,-0.6193023373376597,-0.6750972270965576,1.869794011116028,3.666801691055298,-5.471622900116444,2.0378180794924496,-1.0902996207430955,-0.3012556433677673,0.209556296467781,0.5463533044097945,-0.3466143608093261,-0.2622662771392614,-0.6374420173607767,3754
1726744907341180400,3.641513212819397,-4.475557268080115,0.8232815459668635,4.889027302317321,-8.20682820097506,-2.217155678858608,0.8379923701286316,-2.076865673065185,-4.101970195770264,-0.0909663060266353,-0.2980463858950442,0.7240247458294164,-0.6153712048934333,-0.8817065954208374,1.5759987831115725,3.659403324127197,-4.96233365380764,1.011084921991825,-0.048046238027513,-0.3093450367450714,-0.0270007010549306,-0.9877909940354526,-0.495929092168808,0.0020078755027352,-0.4446002453098073,3755
1726744907380951000,1.1505436615645883,-3.8874318009436126,1.606035558973253,6.00078764424026,-7.388959912228584,-2.3588633664019403,0.7674052119255066,-1.435965657234192,-4.085595607757568,-0.1096855691571477,-0.3797522579952637,0.6899686806529136,-0.6063832488332318,-0.9880176186561584,1.3464525938034058,3.3238866329193115,-2.3497797501057387,-0.235013163228333,0.8227467084378004,-0.2973098456859588,-0.0925469249486923,-1.6881274205960333,-0.4066865146160126,0.0096366265194839,0.2641871256666258,3756
1726744907420723200,-0.2512731008946895,-4.829549569693207,1.174801758377999,7.034643785488605,-6.387583314302563,-2.425472704471648,0.5739707946777344,-0.6024155020713806,-4.096749782562256,-0.1399714308466842,-0.4481090993985586,0.6502791143008688,-0.597279799017832,-0.9489993453025818,1.3650351762771606,3.007902145385742,-1.591191333323717,-1.8002153381623327,1.2071850017189978,-0.3045133054256439,-0.2225036472082138,-1.3661081740878522,-0.1031209006905555,0.1364712116619572,0.7459835675571114,3757
1726744907460494300,-2.299140280714631,-5.98092442138493,0.924764044497162,7.927907799220085,-5.238603833314776,-2.4239833426967263,0.3238410651683807,-0.1678002327680587,-3.797541618347168,-0.1785439835066894,-0.5036282537286503,0.6082329621502732,-0.5869695743966327,-0.482630580663681,1.1870200634002686,2.8887414932250977,-3.057753247416019,-3.814271287664771,2.025453687959909,-0.2815690040588379,-0.2707881033420563,-1.4627536078505217,0.1389865577220916,0.056755837946129,0.6385380689691752,3758
1726744907500265200,-4.657931020271778,-5.5106993574857706,1.36109049205631,8.554495391219854,-4.141974425028264,-2.415586978012324,0.2719337940216064,-0.1321544200181961,-2.965388774871826,-0.2136138097048245,-0.5463882530434728,0.5697548017598282,-0.5755072242925436,0.1096500381827354,1.0767977237701416,2.681514501571656,-2.2268770085364578,-5.41058770891726,2.7245827845573425,-0.2071559280157089,-0.2898529767990112,-1.0940463329907506,0.1723127365112304,0.0449429839157033,0.1850556847520172,3759
1726744907540037000,-5.558035693678259,-4.5715024446189405,1.3722623128034173,8.908720332545041,-3.288212400601804,-2.448007192362845,0.1956696808338165,-0.2848134040832519,-2.127453565597534,-0.2372728931255017,-0.5776289822860883,0.5395909497735839,-0.5647016111428957,0.3217825591564178,1.0136460065841677,2.289421558380127,-1.0132786326438188,-5.882704870173335,3.515892152202129,-0.2094183564186096,-0.2802388072013855,-0.8706987653758377,0.0888882800936698,-0.1327406742309685,0.3106046299811452,3760
1726744907579808000,-5.3332455260396,-5.1184220411419865,1.439801332938671,9.094536334145069,-2.6263714166522023,-2.5616353251084685,-0.0162346065044403,-0.346868485212326,-1.6404958963394165,-0.2533773154863173,-0.6016201215738709,0.5183244893382392,-0.5524426691197633,0.2190140783786773,0.7707957625389099,1.6546626091003418,-0.0379991835266351,-6.40715486073494,4.234650662899017,-0.1447257697582245,-0.0481184050440788,0.6420801985554396,0.1706307828426361,0.0231081847094814,0.4449970260750502,3761
1726744907619580000,-5.959297111466527,-6.538211098143458,1.4267898756742476,9.202991448166966,-2.102163272022456,-2.656361773507297,-0.3115989565849304,-0.0340372063219547,-1.098927617073059,-0.2682059186636051,-0.61739633812627,0.5042405356114151,-0.5409518476513038,0.2783040404319763,0.4757492542266845,0.9543890953063964,-0.2510229255259036,-7.228611529362201,4.770285479819775,-0.2108247429132461,-0.0525398254394531,0.991367464282736,0.1821108013391494,0.0716741700114915,0.5147570832606405,3762
1726744907659350800,-8.119035935753583,-6.392639428648352,1.9478037543073288,9.286358298161623,-1.819921032368392,-2.5732889380231496,-0.4425709545612335,0.6884267926216125,-0.0758061856031417,-0.283247532856342,-0.6183875792559528,0.4987965720995665,-0.5371867463740606,-0.0155491605401039,-0.2481042742729187,0.1210690289735794,-1.1058470262259243,-7.612288190621137,4.885988080751896,-0.0869659036397934,0.1556241512298584,0.4506915844548493,0.2370819747447967,-0.0126671533218002,0.070072593733482,3763
1726744907699123000,-8.543146898731589,-6.791168206602334,1.3246911449417471,9.328895125117898,-2.0444830903396007,-2.227604592158645,-0.3699826300144195,1.236377239227295,1.5146119594573977,-0.2905594948343243,-0.5980432335509137,0.5058858748078703,-0.5495444398904007,-0.5706911683082581,-0.4413984417915344,-0.9840572476387024,0.2320429152458906,-7.055663192641735,4.109790942043066,-0.1826697885990142,0.0818966403603553,0.1909608719415031,-0.0290022864937782,-0.0101388575452438,-0.5586060522614047,3764
1726744907738893800,-6.3194058501333,-6.68287617418766,0.5889794536173343,9.213546744450928,-2.818962026953697,-1.8260335238993168,-0.2972480356693268,0.9830007553100586,2.721506834030152,-0.2825243073414949,-0.5604669005386584,0.5281842989145971,-0.5719075558089888,0.2000960409641266,-0.7962445020675659,-1.873957157135009,-1.16283148072958,-7.0072998514890665,4.270166212916374,-0.2170195430517196,0.1580602079629898,0.5807327265366912,-0.0442599281668663,0.993197675384581,0.0058043463178939,3765
1726744907778664700,-2.918223780694604,-6.853250276505947,-0.3262812878668308,8.85225259539187,-3.891028656391799,-1.6333732093624769,-0.0824027508497238,0.16673244535923,3.1527435779571533,-0.2558977532377449,-0.5200616499792668,0.5592984301683052,-0.5926529416632501,0.9136589169502258,-0.986918330192566,-2.514620780944824,-1.937103204333782,-5.747048445492982,3.210735485428572,-0.1579155772924423,0.0209287256002426,1.3377240833856163,0.1674684286117553,1.290776600380242,0.2155091108079068,3766
1726744907818436600,-1.30158762499094,-6.793808491978049,-0.6730198189593851,8.276347142881155,-4.969204124099016,-1.726120174381882,-0.2152193933725357,-0.4422113299369812,3.2449121475219727,-0.2169623789889447,-0.4853015381991536,0.5937087288192991,-0.6040859086145346,1.8161746263504028,-1.3373527526855469,-2.7876930236816406,-4.331251672998071,-4.684434704054892,1.9813164400696752,-0.0994039848446846,-0.0026451009325683,0.1096255095081403,0.0058204433880746,0.7977959531851112,-0.7519617651838809,3767
1726744907858201900,-0.4217681992441415,-6.419805667993426,0.2432851708807051,7.712260722979903,-5.77057077537775,-1.8417144926339384,0.0208355151116848,-0.2774975299835205,3.5226857662200928,-0.1835728190894631,-0.4578886545444706,0.619870379140711,-0.61024557304964,2.24981427192688,-1.7368203401565552,-2.950007200241089,-5.223569345790147,-2.88745805555284,-0.1330126321732997,-0.1686126440763473,0.1312562227249145,0.081645652225241,-0.3307934105396271,0.5755144804317504,-0.8896619706515222,3768
1726744907897973500,1.1955495089828967,-5.0376241648525,-0.2117417393647134,6.790758456757664,-6.839261498641967,-1.811209610385448,0.2093053162097931,0.1881151348352432,3.7104530334472656,-0.1368922734803923,-0.4125700757131779,0.6497168033519642,-0.6236301098377911,2.122999429702759,-2.0268900394439697,-3.05879282951355,-5.5486856815308325,-0.9356637703046202,-1.1684183409512043,-0.2396366596221923,0.2622183263301849,-1.029387325271219,-0.4972288608551025,0.5843521226102486,-0.5063316020796075,3769
1726744907937744600,2.299369413295388,-2.8916759655088184,-0.3764296127401292,5.750384896439313,-7.762520837664604,-1.6872218500584364,0.0224908795207738,0.5114361047744751,3.552051305770874,-0.0947358637235091,-0.3601407236436371,0.6755168659397545,-0.6363966413860375,1.590467095375061,-2.103893756866455,-3.096471071243286,-5.068454771924019,0.3515098371475935,-2.468547876088321,-0.202247217297554,0.3677462637424469,-1.5378161553584038,-0.5264120101928711,0.468483407863602,0.0164701006851624,3770
1726744907977516300,3.179622554284334,-1.5703262399494646,-0.4102922809839248,4.682187509649991,-8.466915307444333,-1.5996395743258296,-0.3125008344650268,0.7169889211654663,3.2823739051818848,-0.0605237565599127,-0.3049870252016973,0.6989576754946896,-0.6440325756322993,1.2041937112808228,-2.036961317062378,-3.05897855758667,-4.3499587115556,1.361480952678621,-3.719769880193472,-0.1683869659900665,0.3958081007003784,-1.7530919140681624,-0.3758057355880737,0.6396689726952463,0.4006402171500027,3771
1726744908017287400,4.014113768790662,-0.847721575218439,-0.047164925148338,3.62727952028364,-8.95967544375658,-1.6545136125467717,-0.6335954666137695,0.6104287505149841,3.03813910484314,-0.0323941532619356,-0.2508945976602688,0.7220862948670794,-0.643889575907756,1.01580548286438,-1.9201476573944087,-2.8309032917022705,-3.4551913075238465,2.5081778756871818,-4.735483631029725,-0.1264537572860717,0.2994501292705536,-1.417621795964986,-0.1419025808572769,1.0212003655537962,0.6404020362101495,3772
1726744908057058300,5.225784683752059,-0.4591057039916515,0.7758103313483298,2.596521052789688,-9.278111863341929,-1.828959494348616,-0.581071138381958,0.3499259650707245,2.787860870361328,-0.0048773370892025,-0.2018979310408475,0.743295503256071,-0.6377500817514092,0.8276505470275879,-1.6613818407058716,-2.338797807693481,-2.296342758950591,4.0880467277467245,-5.608647690540552,-0.1176029667258262,0.1232826113700866,-1.2119597418401389,0.1376115679740905,1.097166437772661,0.7370766960673034,3773
1726744908096710400,6.406663862347602,0.0886795694500207,1.209842238229513,1.6345618346251547,-9.467066747489572,-1.9680561226107176,-0.2630255222320556,0.2621791660785675,2.469933271408081,0.0225102991587555,-0.158931008299937,0.7583428475370432,-0.6317834896634754,0.4700420498847961,-1.2074249982833862,-1.499023199081421,-1.4645996741086245,4.783709609538317,-6.0124009251445525,-0.029832761734724,0.0976464822888374,-0.1418967347088735,0.2938281297683716,1.1726420230608432,0.2332956187207251,3774
1726744908136476700,7.672441922810673,0.1278910513758659,0.8254220651268959,0.7810350802592932,-9.572717325484753,-1.9807741498865183,0.1009998023509979,0.2598722577095032,2.1424922943115234,0.0471237717093095,-0.1205085688547021,0.7658126810156412,-0.6299111216284734,0.058174330741167,-0.6576718091964722,-0.5600167512893677,-1.7324410479664802,4.889567108282447,-6.639264995998143,0.0016873581334948,-0.0672812014818191,1.4507090959221125,0.2223870307207107,1.589223832643032,0.0204981232253834,3775
1726744908176244000,8.971068359908461,0.4196908084481954,0.2416005787946283,0.0317282112150802,-9.624797056812048,-1.8795336434185503,0.3844771087169647,0.220555692911148,1.85847806930542,0.069206233248526,-0.0865569721001852,0.7670315760442322,-0.6319659000178411,-0.8067519068717957,-0.234078049659729,0.2336010187864303,-2.687653860610723,5.300948938068747,-7.24082862137854,0.0639056712388992,-0.2822116613388061,1.2439321393579243,0.2592612504959106,1.4094934345670045,0.2041131807150319,3776
1726744908216010200,10.53165237352252,1.8143658824592828,-0.495952648743242,-0.5702770181696861,-9.63771849770546,-1.7203299005426465,0.3781351149082184,0.3101857602596283,1.252755880355835,0.0862750003006295,-0.057954915538736,0.7644302715925522,-0.6362736553530085,-1.2357741594314575,0.6036925911903381,0.8631600737571716,-2.3307190758049487,5.225499437069892,-6.532844018152356,0.0802996084094047,-0.371033251285553,2.4672376702725884,0.1429982781410217,1.0859163641575724,-0.5511708607593551,3777
1726744908255776800,11.697810952848195,2.4341975704580543,-0.4869358140729367,-0.8038941239297389,-9.635955579686163,-1.6347760618977247,0.1657720208168029,0.6352762579917908,0.0511757284402847,0.088708420554039,-0.0417056294500756,0.7626342636961599,-0.6393593899896786,-0.837949275970459,1.404553771018982,1.7198535203933716,-3.732557465574145,4.236352206119895,-5.422827012765407,0.0412374585866928,-0.2749502956867218,1.2754096660308538,-0.0714892521500587,0.2934401446904986,-0.6555778319016099,3778
1726744908295543600,10.698636248880623,2.9980665482163427,-0.2888907377578318,-0.5093631883278489,-9.65798854779601,-1.6230293638721107,0.0195921547710895,1.0050233602523804,-1.2694318294525146,0.0680157560433643,-0.040288067168504,0.7623177398674008,-0.6423570191847489,-0.8581624031066895,1.8364726305007928,2.285081624984741,-3.734955758887529,4.047880137053132,-4.290056908300519,0.0328102596104145,0.0319317057728767,-0.767773082299903,-0.0307272896170616,-0.7241334086682647,-0.1703485294856131,3779
1726744908335310000,9.356432535862922,1.899836426734924,-0.4342996179066598,0.2930980167219415,-9.66587783974111,-1.6295014824956655,-0.0198543481528759,0.7717257142066956,-2.5696325302124023,0.0287788787520938,-0.0571392612894011,0.7614568637869005,-0.645050597593437,-0.6754841804504395,2.047820568084717,2.7257091999053955,-4.073254816806316,3.020774054586888,-2.402407470704615,-0.0163836274296045,0.1288669258356094,-0.32927261516992,-0.0383872836828231,-0.497079716544412,-0.238993885161262,3780
1726744908375077400,7.777305734342336,-1.122931432017684,-0.431780474692583,1.521025179555267,-9.551915944996477,-1.6179551293477414,0.0154097024351358,0.0684037879109382,-3.598638772964477,-0.018098087543445,-0.0988619473088955,0.7567820482638411,-0.6458945240816492,-1.1484789848327637,1.9874788522720337,3.0592591762542725,-4.451104379346966,2.0531652862280607,-1.606985991565883,0.0219599138945341,0.1257501095533371,0.2453012234108522,-0.15177021920681,-0.0857672439335845,-0.4335780256338417,3781
1726744908414843600,5.68079055120945,-3.9735301217287775,-0.1740204959966242,2.950456071257591,-9.202062058362364,-1.6695144900627432,-0.0863457322120666,-0.7795898914337158,-4.036473751068115,-0.0623601435152991,-0.1619305078222235,0.7475961856776177,-0.6410848526308381,-0.9779380559921264,1.803651571273804,3.094520092010498,-4.617337728598714,0.8038014772102237,-0.1508963716492056,0.0760919153690338,0.0204003565013408,-0.2606774553115479,-0.3604936301708221,0.1417853650225792,-0.3290994505601003,3782
1726744908454611000,3.730619775509834,-4.736792960062623,1.061695019157976,4.328263597097993,-8.610283913937211,-1.8164670925222337,0.0827079489827156,-0.9504166841506958,-4.060770988464356,-0.1000851759901131,-0.2336184818408622,0.7335096816792517,-0.6303721182727887,-0.8190160393714905,1.6139169931411743,2.999016284942627,-3.228745189371705,-0.2714240546502173,0.8879156384408473,0.1131420284509658,-0.0994749292731285,-0.750137472366169,-0.5352641344070435,0.1190524867487605,-0.0384239300110377,3783
1726744908494377200,2.331509349399805,-5.349033462280035,1.3688406677916645,5.619184282124042,-7.815932109856605,-1.8725201113946728,0.4868362545967102,-0.505534291267395,-4.141965389251709,-0.1388730154647428,-0.3027789520845648,0.7097864888931609,-0.6206788433092152,-0.7451252937316895,1.48177969455719,2.7553963661193848,-2.356501751837134,-1.6770783494457602,1.3057085043132304,0.115709014236927,-0.2078956514596939,-1.1138895359713583,-0.5682226419448853,0.2734416415503248,0.330429822381027,3784
1726744908534143500,0.0939689080297946,-5.511118459680676,0.7479461728669703,6.809710994508862,-6.840716958147287,-1.7328604424223302,0.7996044754981995,-0.0235405415296554,-4.074459075927734,-0.182080232701661,-0.3646255911963953,0.6748329220552913,-0.6152198474709,-0.1086679175496101,1.25836181640625,2.538416862487793,-2.6273668574303386,-3.4794624099493023,1.762346356886625,0.1319762170314788,-0.2474470436573028,-1.39274483660087,-0.4755045771598816,0.2174811963321641,0.6099693789476528,3785
1726744908573910800,-2.293647528517246,-5.445010787522793,0.0331622648894786,7.79462511793375,-5.749827262556552,-1.5341761914208532,0.7605908513069153,-0.0757640600204467,-3.715095043182373,-0.2234572584498364,-0.4192524874587794,0.6343883444975122,-0.6097915072722062,0.2955032587051391,1.188840389251709,2.23457145690918,-1.725723722410202,-4.554083400045335,2.895899136161804,0.1744054406881332,-0.2580224275588989,-1.446985399223864,-0.3887990415096283,0.2033538137150928,0.4746190610744059,3786
1726744908613677000,-4.150174974879622,-5.046064076417684,0.0182991884090006,8.493105979755521,-4.674244441691041,-1.479510096862167,0.5137962102890015,-0.4463790953159332,-3.111800193786621,-0.2561206779739438,-0.4673135194727851,0.5975383632294009,-0.5991394467076351,0.5080595016479492,1.1000125408172607,1.7178003787994385,-0.9484802895188332,-4.989629657012224,4.182700695431232,0.1432823091745376,-0.205177754163742,-1.3218616206042468,-0.263204962015152,0.0565720286447089,0.6681527243796735,3787
1726744908653444400,-4.225405280169844,-5.995220073240995,0.3727709441021085,8.925969573509693,-3.713417004035413,-1.64558810942173,0.2678334414958954,-0.8114458918571472,-2.5843160152435303,-0.27816647146169,-0.5099764574660678,0.5690568112435328,-0.581998005143455,0.607614278793335,0.9987754225730896,1.188963770866394,0.0523632244437932,-5.5980678443372245,4.98948820271492,0.0893792435526847,-0.0524676255881786,0.1381751751687843,-0.0841019302606582,0.1543011933903209,0.3655824939027428,3788
1726744908693210600,-4.527748058566451,-7.261250062638521,0.623159955638647,9.178185508212447,-2.8612846266373992,-1.9350332661919287,-0.0731563940644264,-0.8296584486961365,-2.134112596511841,-0.2946965687631716,-0.5467618390557387,0.547458431760185,-0.5607982994420487,0.9330954551696776,0.7072740197181702,0.8130797743797302,-0.2782984704643488,-6.500887621921301,5.688116948574781,-0.0795659348368644,-0.0687365382909774,1.3255864863462743,-0.0157320313155651,0.3091606417179107,0.2299974174255505,3789
1726744908732976600,-6.104502870258688,-7.397262461149692,1.5112114954188465,9.30180838074982,-2.188672073304653,-2.203734179488569,-0.3956330120563507,-0.3866709768772125,-1.3704923391342163,-0.309801372207965,-0.5715535908119297,0.5344957155012409,-0.5400591524352937,0.5762382745742798,0.0080940658226609,0.3651381731033325,-1.2537158667474984,-6.55525341835916,6.191233643728494,-0.1624825298786163,0.0009055983973667,0.8012180365882814,0.1570540070533752,0.2408105243954807,0.268378293746151,3790
1726744908772744200,-8.065252907639742,-6.501250610014796,2.1820970788285137,9.398225850975512,-1.774606995783746,-2.1666846979022023,-0.464245080947876,0.9234631061553956,-0.6605382561683655,-0.3276352975275953,-0.5773606284888408,0.5264265193561158,-0.5312108889463851,-0.6423821449279785,-0.6650190949440002,-0.5241971611976624,-0.7741437133103609,-5.790630397588014,5.001836812156439,-0.2723700106143951,0.0092845428735017,0.9894781434047968,0.1107464507222175,0.4865270140763372,-0.3470208551652729,3791
1726744908812510200,-11.002988613533972,-7.947677498573064,0.7966613961972295,9.51768400504887,-1.729087207493931,-1.610689814519882,-0.5777896642684937,1.9449412822723389,0.9258016347885132,-0.3501186694197889,-0.5571794329840064,0.5212229890499592,-0.5434100894566477,-0.2215132415294647,-1.1549876928329468,-1.4695204496383667,-1.1777782899707554,-6.359044617560506,4.9243163501024245,-0.2798513770103454,0.0650477707386016,1.014266109311208,0.0024196270387619,1.1385418197341262,-0.3741882270215079,3792
1726744908852276500,-9.073952980321645,-7.882520259007811,-0.7208580402594059,9.44789676759541,-2.4489088173776863,-0.9541848578359932,-0.8079855442047119,1.6535080671310425,2.796984910964966,-0.3546763366112413,-0.5108357023191452,0.5363737251705222,-0.5705740691687559,0.8096646070480347,-1.5291190147399902,-2.2027955055236816,-1.9124059854507445,-5.728920083606242,4.204850567919015,-0.1731078773736953,0.093894749879837,0.9723376235116272,0.0748682618141174,1.448877350450307,0.0811638326582033,3793
1726744908892042800,-4.9226978089898825,-8.85844092863798,-1.216691738798097,9.101029787817597,-3.595448211736977,-0.643752515681833,-1.0611329078674316,0.5300478935241699,3.448204040527344,-0.3395856716025001,-0.4559214460033645,0.5700507690629576,-0.5931774021541375,1.6518253087997437,-1.7000569105148315,-2.630872964859009,-3.4581372978478666,-4.453479291784763,2.555284202516079,-0.2078823745250702,-0.0190850310027599,-0.6173159057855606,-0.0080390684306621,0.7765386456228792,-0.5919166030477732,3794
1726744908931809300,-2.4249656317323445,-8.34166746405363,-0.0923813465774059,8.485736912292241,-4.85143085437268,-0.7913781950972973,-0.5795348882675171,-0.4152501821517944,3.829871654510498,-0.3033878862095575,-0.4074293447963452,0.6118417991405359,-0.6063058559706199,1.9464236497879028,-2.1743252277374268,-2.836767673492432,-5.455986355045438,-2.8202292704105374,0.6261228970974684,-0.2987526655197143,0.3096755743026733,-0.0783105712520889,-0.2072474211454391,0.7604536991972476,-0.7933653503265231,3795
1726744908971576600,0.0600035100638866,-7.482451265874505,-0.478304909980297,7.599347460505366,-6.111975398096442,-1.0315380004990846,-0.2507852911949157,-0.5245718955993652,4.038550853729248,-0.2511360665554484,-0.3619635710583525,0.649288974823752,-0.6199491351034877,1.4960777759552002,-2.251870393753052,-3.026301622390747,-5.494871673756838,-1.3931123547390103,-0.8701268837720155,-0.411438912153244,0.3893540799617767,-0.5833630019750445,-0.3751251101493835,0.5592433637842535,-0.4791677373547107,3796
1726744909011342800,2.286705746555328,-5.387120908612013,-0.4764227494955063,6.51183571691513,-7.230172202807664,-1.2210657160986214,-0.5907565355300903,0.1547651290893554,3.996175527572632,-0.1999903540957448,-0.309922518678658,0.6827921033409926,-0.6306717764793383,0.8450210094451904,-2.229836940765381,-3.163144826889038,-5.153209276884794,-0.4008265335023403,-2.405792144706845,-0.5025182962417603,0.4643297493457794,-0.9463403548806906,-0.410106748342514,0.4817537717925384,-0.0132396023228473,3797
1726744909051110100,3.0540462095916268,-4.003518432757258,0.0044904432870447,5.322217351546883,-8.127900210210681,-1.334768740711361,-0.8199306130409241,0.7617083787918091,3.882776975631714,-0.1604674454957038,-0.2464355004092909,0.7122666697878477,-0.6373349746681575,0.8475688099861145,-2.148400068283081,-3.1228606700897217,-4.026930872526765,0.6108306354194879,-3.548087910147011,-0.5269752144813538,0.3612395823001861,-1.1904024284180252,-0.2513591051101684,0.7724326716087758,0.5488841380616649,3798
1726744909090876400,4.073451216161251,-3.089626641538739,-0.1409165371656418,4.081349275934696,-8.787858156892657,-1.512129340916127,-1.3198530673980713,1.0905351638793943,3.8226571083068848,-0.1297843105576583,-0.1760465771401241,0.7389890021476296,-0.637227547294643,1.0417814254760742,-1.9965336322784424,-2.866417646408081,-2.9636972456246613,1.4798153634190558,-4.556119874309003,-0.475460797548294,0.2374797463417053,-1.592319752831757,-0.0393014289438724,0.8536596600305288,0.7272205610286444,3799
1726744909130669600,5.664962867480516,-2.521809218415618,0.7080953701242804,2.7624776309266683,-9.209331172582509,-1.9306345928415656,-1.9524551630020144,1.4600152969360352,3.973475694656372,-0.1042031446285494,-0.0973954212393665,0.7674301920014689,-0.6250654912817023,0.8237060904502869,-1.7789733409881592,-2.479134559631348,-2.2687731995016334,2.614244341006875,-5.348710806196928,-0.4337087273597717,0.1336685121059417,-1.4156759225942193,0.0760480090975761,0.974092942746356,0.4636164594143628,3800
1726744909170438100,7.754066313052177,-1.125167228245735,2.3313015518680213,1.4541827633820474,-9.351110464057326,-2.571469905902445,-2.143727779388428,1.6613887548446655,3.7290117740631104,-0.0834216143001642,-0.0130975928432654,0.7943153884499352,-0.6016080847137758,0.4066561460494995,-1.5130128860473633,-1.958086371421814,-1.749194614368677,3.636544484496116,-6.19202625541091,-0.4503706395626068,0.0707443431019783,-1.1468943452768028,0.2662374377250671,1.0285502168599516,0.5169130922507494,3801
1726744909210205400,9.273010740810632,0.2717477336466312,3.6005890817567705,0.4074947957525029,-9.232796803843977,-3.280214679846168,-1.883173584938049,1.2549301385879517,2.794111967086792,-0.0680480253502269,0.0605003349464463,0.8146067262802832,-0.5728220663851301,0.0714118331670761,-1.0197439193725586,-1.212024807929993,-1.3119599659234285,4.159425618305802,-6.589088467943668,-0.4256183505058288,-0.0037513473071157,1.0658540385335684,0.3169282376766205,1.4517957221150397,0.2432791429987177,3802
1726744909249973800,10.205026217740771,-0.2972176904678344,4.466418852856755,-0.311436660358496,-9.02161255223155,-3.831955120654404,-1.104643940925598,0.4593581259250641,1.8706941604614256,-0.0536120467387695,0.1095863568053257,0.8266596438294024,-0.5493180740725141,-0.4055560231208801,-0.4648510813713074,-0.188897430896759,-2.6055823111236096,4.32741019513905,-6.994454982963204,-0.3747105300426483,-0.1021884828805923,1.53917063870728,0.3787373304367065,1.5393215914852916,0.2775644205687567,3803
1726744909289741000,10.1657369944036,0.5922679737687111,4.910722124513984,-0.8228137823246419,-8.875757974141836,-4.088313854250312,-0.3403370380401611,0.222652330994606,1.2635260820388794,-0.039585289470332,0.1389281943065496,0.8301475487827676,-0.5385045099605308,-0.8547868132591248,-0.0343931540846824,0.4825904965400696,-3.17582550008893,4.422717073774337,-7.219350949063896,-0.2551089823246002,-0.0033985257614403,1.9552965942807488,0.4096047282218933,1.0410070359162986,0.0476230396128026,3804
1726744909329508400,11.119794791793822,1.0728116025865078,4.607947384440899,-1.0749218727387486,-8.831970270341634,-4.124468871214986,0.1887145787477493,0.4468940794467926,0.4105053842067718,-0.035584833703591,0.1569102590915198,0.8280510573911418,-0.5370701754621728,-0.8368414044380188,0.9864279627799988,1.1270827054977417,-2.4286136328458783,4.41872186665833,-6.173900231611729,-0.2417530119419098,0.0287642478942871,0.8923365966882556,0.3613240420818329,0.0799172392637468,-0.0732096131175756,3805
1726744909369276700,11.091979733151195,1.210765782815218,3.975292455226183,-0.9444557101778686,-8.912762885934114,-3.9800808585464953,0.719939649105072,0.6559458374977112,-0.6193807721138,-0.0477128152091154,0.1609946143323198,0.8228051891312385,-0.5429510323985404,-0.2104877531528473,1.9313989877700808,1.6430014371871948,-3.2553935423225164,3.970537369653582,-5.331307835975289,-0.2604202032089233,-0.0200018063187599,-0.0133392210641992,0.2779267430305481,-0.4312177262432873,-0.0445114240980241,3806
1726744909409044000,10.142971035844088,1.6354092452347275,3.098618926289677,-0.434782469520159,-9.080030838930606,-3.678914430452883,1.0362111330032349,0.7126361727714539,-1.645036697387695,-0.0742804660727889,0.1493758704944195,0.8156342841390798,-0.5539946410812078,0.0950303450226783,2.493669033050537,1.9904019832611084,-4.300384241047501,3.905455533412099,-4.573997768566012,-0.1823103576898574,0.360089361667633,0.6669253745418041,0.3945572078227997,-0.6966133874494582,0.1550929648225195,3807
1726744909448812500,9.63530909847617,-0.0746101275652647,1.9959110748723148,0.4767511046670377,-9.233446792185308,-3.269027223138511,1.2354259490966797,0.2145106792449951,-2.959046602249145,-0.1112534941008888,0.1158162210807062,0.8082453914055443,-0.5665232556457288,-0.1818715631961822,2.498732089996338,2.409161329269409,-5.2849236859411,3.348907692322135,-2.901201918745041,-0.1465925574302673,0.2172225564718246,0.2033869853323325,0.2770290076732635,-0.6378699604492634,0.0751951517784502,3808
1726744909488579800,7.936912358930707,-2.708148367106914,1.2011164954602718,1.7555642955310642,-9.242209944355489,-2.769468220466375,1.5034615993499756,-0.6641097068786621,-4.015555381774902,-0.1508550973795467,0.0535090934740871,0.7989620509578182,-0.579688911203891,-2.204284906387329,1.9869086742401123,2.747197389602661,-5.511999334168434,3.1448256739303466,-2.331410272939503,-0.1167849972844123,-0.0398319475352764,-0.0267251490806462,0.0263326726853847,-0.228636248607561,-0.0291215769472182,3809
1726744909528347100,5.652226135504246,-4.825100189068913,0.8889230619177222,3.211258340258896,-8.970739858606457,-2.320356087222695,1.5905901193618774,-1.5641331672668457,-4.504857063293457,-0.1834104915497057,-0.0332866058325007,0.7856190141308057,-0.5899622441931955,-2.354283571243286,1.681259036064148,3.0221850872039795,-4.75026326701045,0.7900400783613324,0.1426416073925793,0.0185502115637063,-0.1061654463410377,-0.5397925941873342,-0.138439804315567,-0.0038062878146301,0.0811923920324072,3810
1726744909568115500,4.126057017189264,-6.1103819914251565,1.0619174297370015,4.663356260190904,-8.380971884959935,-2.045185539520532,1.649810791015625,-1.8955795764923096,-4.752004623413086,-0.2076936971788888,-0.1324987590766091,0.7659761866139118,-0.5937910547391688,-1.9115265607833865,1.5804373025894165,3.082005262374878,-3.263931653565168,-0.8482276250444352,2.0255372745901346,0.0905621722340583,-0.174813762307167,-0.9885419585332272,-0.2669639885425567,0.1121530734906904,0.2502771121272817,3811
1726744909607882800,2.8785172087281943,-7.46416332951188,0.9764311033703388,6.072654026055336,-7.467274739530682,-1.879644410316646,1.7392538785934448,-1.392317771911621,-4.992990493774414,-0.2331273274186827,-0.233488238655994,0.7357434576894364,-0.5914528186342713,-0.9635828137397766,1.2864534854888916,2.908273935317993,-2.731727980136871,-2.1505964635409414,2.3483681297421453,0.1329897493124008,-0.213883951306343,-1.322904261524975,-0.193236231803894,0.135185217838874,0.562111393501237,3812
1726744909647651000,-0.154002813231945,-7.780778378888964,0.0495909832514822,7.379402979332208,-6.244903274595737,-1.6480198666132986,1.5592989921569824,-0.4465436935424804,-4.905534744262695,-0.2695135042693357,-0.3236906169227155,0.6922788558389062,-0.5859495060898823,-0.162836343050003,1.0857640504837036,2.979480266571045,-2.4497592967271804,-4.640916757106781,2.8262790719687936,0.1387198269367218,-0.2069453001022339,-1.338236855213344,-0.0764927491545677,0.0463389226529747,0.454881181631796,3813
1726744909687418400,-3.2691566947370765,-7.224276715028285,-0.5371743014477193,8.396637656125426,-4.870631229405105,-1.3941982502795756,0.9497351050376892,0.210548847913742,-4.219182968139648,-0.3124733296285273,-0.3935684774084198,0.6451264868964434,-0.5755657934255306,-0.2319043725728988,0.8965787887573242,2.5411524772644043,-1.644409128770232,-5.065141701853275,3.6125638894498335,0.0938648208975792,-0.1611143201589584,-1.281143387377262,-0.0057489918544888,-0.0796365408925339,0.3868754938328638,3814
1726744909727186000,-5.315950107845664,-6.389090796256065,-0.7954385764040053,9.044022536960243,-3.608945698952674,-1.1625699802491811,0.3277660012245178,0.3708832263946533,-3.202225685119629,-0.3536963153605836,-0.4401280362831972,0.6046171375315528,-0.5618045972969914,-0.6649513840675354,0.6381799578666687,1.8258119821548464,-0.6433861665874719,-5.773571126237512,3.907544030123949,0.0359511896967887,-0.0772508457303047,-1.1125239467065782,0.0499781295657157,-0.2220707891447469,0.5252561923779547,3815
1726744909766954200,-5.777940427362919,-6.681557492804527,-0.6874608706355094,9.39108942322433,-2.60629864269942,-1.0885877022586763,-0.2289821654558181,-0.0574484765529632,-2.290327787399292,-0.3857191864185309,-0.4704684075018299,0.5780674745237759,-0.5437997438552583,-0.6693618297576904,0.4412851333618164,1.1174299716949463,0.1752642124474048,-6.65085372698307,4.202178426100313,0.0169875919818878,0.0542019009590148,0.3701895858393982,0.078810766339302,-0.1312770679518114,0.3098657943125814,3816
1726744909806721500,-6.030305999669432,-7.776761544463038,0.1835899961136281,9.547239185357093,-1.8765100578136744,-1.224468875605613,-0.5344699025154114,-0.4150130152702331,-1.4661858081817627,-0.4066598706123696,-0.4914757956231704,0.5664645448591993,-0.5217252768228444,0.0429098904132843,0.1794493049383163,0.521595299243927,-0.3233645236372947,-7.675203788739442,4.68774748186469,-0.0979622080922126,0.0850657150149345,1.0571640246648342,0.0801350474357605,-0.058057915254333,0.4084199477734044,3817
1726744909846482000,-6.814742558935285,-7.2032596459627145,1.464669232213497,9.599199089697002,-1.4417537821806967,-1.3953865832813084,-0.4928446412086487,-0.1728566437959671,-0.6590425372123718,-0.4188719765148748,-0.5026865832474754,0.5643147274151635,-0.5033898515059864,0.2307801842689514,-0.2663397490978241,-0.1017872244119644,-0.1693751544088125,-7.600498384106158,4.732817626690864,-0.1381172835826873,0.2094617635011673,1.0948735045298934,0.2314587235450744,-0.0454150264408206,0.3343914194883778,3818
1726744909886249200,-7.211198622268438,-7.22490332249403,1.4314238190852104,9.622160278567671,-1.3074326977573334,-1.3693245057858523,-0.3956916034221649,0.3973232805728912,0.1130635291337966,-0.4274832969924517,-0.5010470415584818,0.5645954128316191,-0.4974354227123647,-0.0901174023747444,-0.4887381792068481,-0.9353184700012208,0.0708364542454481,-6.88107001132369,4.336261610114574,-0.2465233653783798,-0.0101347221061587,1.1805824606712907,0.1048810556530952,0.2417679895170964,-0.2605019708804786,3819
1726744909926016500,-7.615662635490298,-7.646548772141337,1.1142216174699366,9.61257587314248,-1.551824368575215,-1.1664447027906777,-0.1529817283153534,0.6413324475288391,1.2821193933486938,-0.4301545116328986,-0.4850923247724644,0.5693483694711489,-0.5054650081666257,0.2302848398685455,-0.8854917287826538,-1.688130497932434,-1.5498036764025689,-6.605147037819028,3.546012565177679,-0.2857604324817657,-0.087873950600624,0.6440516447588801,0.0404226370155811,0.7921774557162076,-0.0582184761109063,3820
1726744909965785000,-6.5446390853643415,-7.032371748903393,0.5015490074455737,9.498635021185876,-2.2429151201456783,-0.956896674077958,0.1185882240533828,0.4161104261875152,2.2787387371063232,-0.4178224959394505,-0.4586322593201523,0.5817599183446919,-0.5259621934598049,0.5619764924049377,-1.2254754304885864,-2.39347767829895,-2.4505647678911684,-5.352192803093791,1.982236477524042,-0.2373452335596084,-0.0693668127059936,0.657818450435251,0.2425756901502609,1.2434108919627964,0.2476239490036852,3821
1726744910005552400,-4.620017761462926,-6.69266633131802,-0.1373953773021698,9.230053058093786,-3.214390500804781,-0.8026279033862054,0.2321233302354812,0.3311248123645782,2.8211424350738525,-0.3924819010576963,-0.4260505447022218,0.5995027684603106,-0.5523000897703833,1.0740115642547607,-1.3659825325012207,-2.877736568450928,-3.716715753319859,-4.307377460935712,0.9435726437330244,-0.2619415521621704,-0.1468258798122406,-0.6253838422331959,0.3535704016685486,0.6844339240297674,-0.173179642992001,3822
1726744910045319700,-3.1893501675724982,-6.188087746918201,-0.7953869192820042,8.784898722565174,-4.305548491942882,-0.6768978294365108,0.2102151066064834,0.1652085483074188,3.193965196609497,-0.3597299675901007,-0.3881812684041255,0.6195381232097199,-0.5797259333793934,1.6552491188049316,-1.4821748733520508,-3.154613256454468,-4.281854312622547,-2.7036466717734933,0.0046240796040743,-0.2595997750759125,0.0347307845950126,0.107955082944734,0.1595162898302078,0.7232681701410562,-0.7258955229699611,3823
1726744910085088000,-1.6259166097462177,-5.741563292080164,-1.4868880782842635,8.140838602238894,-5.432475131076574,-0.620757497606799,-0.1131170466542244,0.1208706274628639,3.4439642429351807,-0.3211595262218021,-0.3456395570457261,0.6420148918349579,-0.604323334408146,2.1466143131256104,-1.4979197978973389,-3.2081871032714844,-4.998004102125764,-1.3687700867734849,-1.2539414921969174,-0.2515348196029663,0.1242139115929603,-0.6443445632908493,-0.1025076508522033,0.6290340353038162,-0.4735337135231122,3824
1726744910124855300,-0.3875789293944835,-5.089501067084074,-1.42893039483428,7.296496148064732,-6.519084372869133,-0.658065557064116,-0.7936360836029053,0.426496684551239,3.6912450790405273,-0.2834460112540364,-0.2936026403005096,0.6688419055400373,-0.6213745103798601,2.322475910186768,-1.5716079473495483,-3.057288885116577,-5.090902166053652,0.0008113163828849,-2.571679456999898,-0.2244773954153061,0.2076461017131805,-0.9244663036596028,-0.2139781713485717,0.6661935531359165,-0.0263490594769828,3825
1726744910164631600,1.061675291544199,-4.522013898828625,-0.8328151710528879,6.24228637009561,-7.521868499505519,-0.791052616404742,-1.5032497644424438,1.0001715421676636,3.9637300968170166,-0.2514035600103019,-0.2262140054623914,0.6993995146441704,-0.6296538313692299,2.264096736907959,-1.565639615058899,-2.915006637573242,-4.363399792408943,0.9161068369194864,-3.4317426273971794,-0.2281950563192367,0.2306668162345886,-1.3868459878206252,-0.1686988323926925,0.6838367618542164,0.2689106470571831,3826
1726744910204399400,2.895005986714363,-4.027939757308364,0.0237000976044684,4.998526664695143,-8.366692015194893,-1.0879225894134492,-1.9131200313568115,1.1896467208862305,4.082068920135498,-0.2233252744762876,-0.1458547788348843,0.7308864482281375,-0.6282174532049158,1.9768729209899905,-1.5649974346160889,-2.6565537452697754,-3.407056514430046,1.9513073785141108,-4.352070004621148,-0.2381094545125961,0.2165063768625259,-1.2993866078153251,-0.077054426074028,1.0048211854219435,0.4463325124625116,3827
1726744910244167200,5.024211141049862,-3.4039982959032056,1.048411320823431,3.66718950586766,-8.95876125152111,-1.5693002579025923,-1.8982242345809937,0.9812614917755128,3.871503353118897,-0.1939474805651716,-0.0643561023384827,0.7588612119770048,-0.6183626048278715,1.3732062578201294,-1.5280457735061646,-2.3452155590057373,-2.392061140996218,2.82745191514045,-5.286460393989086,-0.2369748055934906,0.1241148486733436,-1.2549635287210346,0.0517326518893241,1.2315776846975088,0.5275103279802948,3828
1726744910283935500,6.283961027264595,-2.0097955155789853,2.2062194204330443,2.400855857348442,-9.27467545915246,-2.094440422685444,-1.5179744958877563,0.759344220161438,3.4002814292907715,-0.1634365646406096,0.0080855631352529,0.778923208997491,-0.6053939019761034,0.7087835073471069,-1.3597344160079956,-1.944288849830628,-1.6392840408414602,3.389245547929406,-5.913502159497141,-0.2439953684806823,0.0512402690947055,-0.9347506740476936,0.1267924010753631,1.243603784186393,0.2305617550437338,3829
1726744910323703300,7.612709046381711,-1.199221475493908,2.7589649466305968,1.3074873505540192,-9.389282666063307,-2.510415425480902,-0.9962849020957948,0.732830286026001,2.822318315505981,-0.1368348222184424,0.0695762473691382,0.7894014917037698,-0.5943740106505118,0.251237541437149,-1.025913953781128,-1.3659076690673828,-1.5071078594923015,3.685100717872381,-6.240695301511884,-0.2929514348506927,0.0550288446247577,0.6729271722398698,0.0494043305516243,1.3208655953042208,-0.0436589537208434,3830
1726744910363471000,8.7797397323668,-0.8614245218783616,2.692183612994849,0.4413785798495635,-9.401920613840222,-2.753086702246964,-0.4379196465015411,0.6124001741409302,2.1818246841430664,-0.116796017696782,0.1188737545140261,0.7913516213265565,-0.5882095152446379,-0.3236795365810394,-0.6228474974632263,-0.5664925575256348,-2.419351298981905,3.822213186579943,-6.694699298450351,-0.3308917880058288,0.0139471217989921,0.8311375932294874,0.0670073181390762,1.342057436414808,0.3155909304937347,3831
1726744910403239700,8.566712483236193,0.7528793914854526,2.6594857507467267,-0.2130434330804273,-9.381881449896095,-2.8469813759967684,-0.1183428391814231,0.5764414072036743,1.690422773361206,-0.1025481133974092,0.1562009679008064,0.7878812775407222,-0.5867948972726514,-1.2042269706726074,-0.2312336713075637,0.2269656956195831,-2.507905780747533,4.114354304435849,-6.814685860311984,-0.266997754573822,0.1566628068685531,0.4832152957124635,0.1927910447120666,0.4594437403069809,0.1412516600046772,3832
1726744910443007200,9.524311314234136,1.25587625965178,2.431258302135765,-0.6608269846014678,-9.35052126599252,-2.881218284380436,-0.0033458452671766,0.6617735624313354,1.0470454692840576,-0.0959396711445938,0.1854919340579235,0.7826199574944358,-0.586424969992593,-1.3713597059249878,0.7426301836967468,0.7478336691856384,-1.566970499780774,4.135979276266694,-5.426350510716438,-0.3354179263114929,-0.0863151401281356,-0.6508710424501448,0.0837428793311119,0.0095374347531062,-0.0003673366166942,3833
1726744910482775800,9.280435337853431,2.4094150113791226,2.4786793940022585,-0.8392285452265292,-9.348259750801324,-2.8418498583272096,0.3155618011951446,0.8163110017776489,0.3730944097042084,-0.1003493717722387,0.205469345003358,0.7763223314370727,-0.5873976247781367,-0.8802820444107056,1.219020962715149,1.2288968563079834,-3.089880908560753,4.1433477592080825,-4.610017176452279,-0.3120006024837494,0.0245891492813825,0.6471513643398881,0.081850878894329,0.2031975089085288,0.6294845555502921,3834
1726744910522543600,9.497454871490596,2.125692762300372,1.7212299181222914,-0.7672975006774068,-9.392394076082107,-2.7137752670779824,0.4717604517936706,0.2040562927722931,-0.4418655335903168,-0.1109531386065621,0.2108619146227116,0.7706499094506916,-0.5910375642715305,-0.2719593644142151,2.099260330200196,1.7588224411010742,-3.217904061883688,3.5475329066127537,-3.913253932203352,-0.270015001296997,0.0474556423723697,0.110630448766984,0.4337486624717712,-0.2969669305771589,1.001726507342234,3835
1726744910562311200,9.38765477260053,1.972301358965039,1.4955200052902102,-0.4381287477407604,-9.47273777886331,-2.4991405827507376,0.6381098031997681,-0.7461142539978027,-1.482351779937744,-0.1204219084507925,0.1919804783658921,0.768481752035821,-0.5983961981674997,-0.1372188776731491,2.356262445449829,2.416013717651367,-4.813943419760466,2.67068869728446,-3.2909602380052205,-0.2166797369718551,0.216438814997673,0.6924393897004425,0.3616498708724975,-0.6323851723626256,0.0588837807523785,3836
1726744910602079700,9.120695442274211,-0.0830517926961183,1.038666171878576,0.2388374159579165,-9.54627764684856,-2.232025769601762,0.710423469543457,-1.7609416246414185,-2.687232732772827,-0.1287380043874398,0.143078130039674,0.7702793604165447,-0.6079678893004504,0.097233846783638,2.657005071640014,2.8907384872436523,-3.8513217921644447,1.600335593765974,-1.2726602211922406,-0.1926894187927246,0.173330083489418,1.166196061791852,0.000691597815603,-0.2989721146534196,-0.2945174367995001,3837
1726744910641847600,7.75605602556467,-2.2353554985463617,1.4082333515033123,1.2684383657135068,-9.513591767299175,-2.0132187680259346,0.7981216311454773,-2.2954046726226807,-3.5559275150299072,-0.1367025013472069,0.0667211126314274,0.7734299477832197,-0.6153592059202223,0.2697246670722961,2.4974112510681152,3.245173692703247,-4.513961525276304,0.1662529307350516,-0.3043143707305192,-0.1781155616044998,-0.0588098317384719,0.3383782971674576,-0.2806035578250885,-0.0160995446314977,-0.2565700930579565,3838
1726744910681615400,6.07046323801279,-2.782473247990012,1.474016906273365,2.5404323780819773,-9.28924116012156,-1.85110279096514,0.900435209274292,-1.9563887119293213,-4.087632656097412,-0.1514939986385754,-0.0206465395011665,0.7706839131962208,-0.6186029315956495,-0.4172326624393463,2.189659595489502,3.213502883911133,-3.533871461006999,-0.6756215258903802,-0.1444143892187625,-0.1801996827125549,-0.1685937345027923,-0.7331313925076276,-0.4349050223827362,-0.180609774726443,-0.0004091299318068,3839
1726744910721384000,4.870996847847104,-3.881238207000494,0.8094822993256151,4.02061862064004,-8.775258787560462,-1.7319982726350425,0.8610889315605164,-1.1262694597244265,-4.732754707336426,-0.1824085920459319,-0.1080708202886254,0.7593602781045734,-0.6151582543081953,-1.731712818145752,1.8589519262313845,2.9371895790100098,-2.7742864344030616,-1.1849936281770468,1.0321265409767628,-0.2187088727951049,-0.1994579881429672,-1.4589458861306308,-0.4282723069190979,-0.1589696601253934,0.2753221398009918,3840
1726744910761151500,2.773659242415428,-5.909664773291349,-0.4235363779604434,5.63582445127964,-7.862232088738679,-1.6103386629946528,0.5616214871406555,-0.2768599092960357,-5.16439151763916,-0.2336011489807649,-0.1903848384246141,0.7388220603067034,-0.6027654334607347,-1.4612557888031006,1.5324212312698364,2.563615798950196,-2.341404720470309,-3.6545565265268087,2.979243774324656,-0.2561591565608978,-0.2376086264848709,-1.8335389310933647,-0.2751319408416748,-0.0491057296183425,0.7202514526683836,3841
1726744910800920300,-0.1828472149223089,-7.077855735227465,-1.2468098867513238,7.111966679143905,-6.583010609334707,-1.501434928422421,-0.0960349664092063,0.4013432562351227,-4.909358501434326,-0.296845075307816,-0.2605890565235967,0.713193677091202,-0.5790779129684699,-0.9418165683746338,1.2181907892227173,2.142011404037476,-1.7090046427994965,-5.519911422467231,4.52778839057684,-0.240590214729309,-0.2834619283676147,-1.764889027106762,-0.1047919765114784,0.019594539148896,0.7099638674098998,3842
1726744910840680000,-3.039631315270066,-6.952696154642105,-0.9577040449380874,8.213800962597132,-5.16794974989891,-1.4128545815631746,-0.6867854595184326,0.7339053153991699,-4.127887725830078,-0.3605024461573197,-0.3122333008437927,0.6888729211243068,-0.5458960239218078,-0.2596997618675232,0.9572043418884276,1.5461848974227903,-0.3322030791312456,-5.695196677702665,5.653921248984337,-0.1986832916736602,-0.2263128161430359,-1.252388709796965,0.0116355335339903,-0.0892337692666798,0.6216500625323503,3843
1726744910880447700,-4.304661772236228,-7.824758390390873,-0.6799836666226386,8.916343667030334,-3.867923967397213,-1.3070542198337614,-0.973683536052704,0.7209153771400452,-3.196787118911743,-0.4165061711992715,-0.3452411027835764,0.6689168838358638,-0.5097857302276747,0.2826271653175354,0.7565234303474426,0.8626037836074829,0.4751870702207088,-6.245152865442633,6.281510711503029,-0.1437196433544159,-0.0836334228515625,0.6832021902777254,0.0025815591216087,0.0545474000824615,0.3052986690601333,3844
1726744910920216300,-5.205786436340213,-8.940864360302687,-0.3336241979755461,9.31154417734444,-2.8269360745728016,-1.2140780491683631,-1.0144891738891602,0.5343764424324036,-2.233958005905152,-0.4593816619361335,-0.3652526439415225,0.6545924383487067,-0.4765163374503368,0.770338237285614,0.1674032360315323,0.3586489856243133,-0.98455522698462,-7.022739412683248,6.809819131058454,-0.2027351260185241,-0.0079680485650897,0.8028036983445286,0.0298665091395378,-0.1188090699143242,0.6054611808082089,3845
1726744910959983900,-6.790794112592935,-7.349239896258711,0.8008370744466781,9.516292842951415,-2.108006445092708,-1.0802106998618692,-0.7352797389030457,0.7947077751159668,-1.4567644596099854,-0.4905555156727069,-0.3743813411162497,0.6441382072317139,-0.4519732642998531,0.2169746309518814,-0.6734339594841003,-0.2791110873222351,-1.0277648386359215,-6.273073138025403,6.0252013700068,-0.1590262800455093,0.2903282344341278,1.3527778601326048,0.1844158172607422,-0.1396209261308424,0.3208294156691059,3846
1726744910999751700,-8.376722410821914,-7.83522717743516,-0.0279928263623267,9.648044076886771,-1.620672425482422,-0.6775491329520941,-0.270560473203659,1.4188721179962158,-0.8997243046760559,-0.5194428457927954,-0.3752321700657613,0.6274919989633903,-0.4423051775662607,-0.3149369060993194,-1.0565448999404907,-1.11255145072937,-0.7595359267652034,-5.752192822644115,5.323329696702957,-0.3570982813835144,0.0020535932853817,0.8878215304166078,0.2471494525671005,0.2091266249628737,0.2959319980388507,3847
1726744911039520300,-11.252853016674518,-8.60032366093695,-1.6289327426970004,9.672081370556354,-1.6110962033636866,-0.1599844997237436,-0.0525614656507968,1.167845368385315,1.0312827825546265,-0.5375027332903493,-0.3618999897268798,0.6141541634261376,-0.450481806039638,0.1281696557998657,-1.4537907838821411,-1.5675513744354248,-1.8614701634615656,-6.134379537606239,5.023714297443628,-0.4275286793708801,-0.135232463479042,0.1715421231843531,0.2599422633647918,0.7014118737723678,-0.1087518045466858,3848
1726744911079288000,-8.451925243583322,-7.849021894031763,-2.482167528378964,9.528716855716704,-2.31301741489768,0.1545545836295001,-0.1966892480850219,0.454774260520935,2.4160473346710205,-0.5316382970784653,-0.330542040468542,0.6187583282959206,-0.4745954348193511,0.5463805198669434,-1.812505841255188,-2.150512456893921,-2.405357260420918,-5.086074599766731,3.250482973927259,-0.3783690929412842,-0.0990110784769058,1.7526358408637344,0.2233215272426605,1.0910902596641332,-0.0966139791784808,3849
1726744911119055600,-5.444005409872531,-8.591073017510771,-2.4935902551472187,9.215173468869924,-3.353599357269704,0.0660198294776491,-0.3972223699092865,-0.8039907813072205,3.132121086120605,-0.5048800795288706,-0.2937633431729914,0.6405755409717673,-0.4984599248010503,1.167127013206482,-1.8960288763046265,-2.502620220184326,-4.553270622357726,-4.014314259798825,1.693572680389881,-0.3408038914203644,-0.1176090165972709,0.524381528435275,0.0719145834445953,0.63275685521923,-0.3879927708923816,3850
1726744911158824200,-2.669515561851859,-8.513981594523788,-1.3168670271873473,8.654123055663705,-4.589933296583593,-0.457237170173414,-0.1090199202299118,-1.7593817710876465,3.775976419448853,-0.4533451457403394,-0.2594479680642768,0.6752772471241304,-0.5207356758941296,1.5374361276626587,-2.443399429321289,-2.6119942665100098,-7.305177467170357,-3.002887100240588,-0.4773937134195118,-0.3589271605014801,-0.116714134812355,0.6654536945540458,-0.243094190955162,0.7888290951363742,-0.6153123839434236,3851
1726744911198592000,-0.5383405687481164,-6.745951931303739,-0.1834592093408107,7.762095305728912,-5.904111815339326,-1.030401543815061,0.1245194524526596,-1.5301728248596191,4.176876068115234,-0.3864574753169846,-0.2229206765281699,0.7091136923938312,-0.5459988856737307,0.9864649176597596,-2.5828537940979004,-2.8670248985290527,-6.3790428649723525,-0.8509552964426577,-2.3176228628665205,-0.4065860211849212,-0.1461297869682312,-0.6427139664143323,-0.4018959701061249,0.7498235110461712,-0.2265912257112562,3852
1726744911238456600,1.2350140888869765,-4.486030731299519,0.2645079916514456,6.61452452249527,-7.1267445615589615,-1.275908409333229,0.1388157606124878,-0.393614649772644,4.216706275939941,-0.3244886687540987,-0.174101381726988,0.7312605111393332,-0.5741548710183323,0.3557152152061462,-2.4057729244232178,-3.1304168701171875,-4.849446110296249,0.4938160751059651,-3.1442724239617585,-0.4701527953147888,-0.055953599512577,-1.6098904808357355,-0.3041800260543823,0.4677520248491317,0.3686511242257431,3853
1726744911278228000,2.845128149345517,-2.84631589782536,-0.2283482985116541,5.381947889888286,-8.098478885415195,-1.272667235454917,-0.2581079304218292,0.4148980379104614,3.839237928390503,-0.2779521573929599,-0.1134924848018096,0.7429720238249126,-0.5982095833084602,0.3620340824127197,-2.0027334690093994,-3.181432008743286,-3.3558734396815297,1.3273255850985646,-4.069289420306682,-0.4711212813854217,0.0404849722981452,-1.7011368320338427,-0.0606126300990581,0.6778975079983472,0.7173465250071138,3854
1726744911317999400,3.939992886047065,-2.771854823341965,-0.3215687262617051,4.184580517828464,-8.765952030032873,-1.3482364173106849,-0.8242060542106628,0.664729118347168,3.499852418899536,-0.2435011026066992,-0.0493728961509999,0.7525312243410305,-0.6098903362418782,0.7763670682907104,-1.560632586479187,-2.7242560386657715,-2.5948902367174624,2.507726624788344,-5.183126860764623,-0.4141688942909241,0.0211487710475921,-1.6560425756797192,0.0794238895177841,0.8870321336045861,0.6496645892698317,3855
1726744911357771500,5.092997677028179,-2.7520582359820605,0.500085510764271,2.9685782956644893,-9.208175572806596,-1.6023166845805945,-1.0947132110595703,0.757063090801239,3.528862237930298,-0.2118311707494382,0.0166384521355292,0.7625080849006239,-0.6110908918541836,1.483229160308838,-1.1552424430847168,-1.8792166709899905,-1.497601780000329,3.6640544227123257,-5.629396464058757,-0.3295240998268127,0.0781673640012741,-1.1702985286746173,0.1667385101318359,0.9721003806896508,0.5721632703077048,3856
1726744911397543000,6.916407866686583,-1.7705501216083763,1.3051622686073183,1.7250142589665949,-9.4557129943043,-1.9453123758830129,-1.0904619693756104,0.8446096777915955,3.386251211166382,-0.1806073626712143,0.0840880392703889,0.7694884876027012,-0.6067930505772648,1.7197835445404053,-0.7641622424125671,-0.9736274480819702,-0.7459253345638513,3.788112179535627,-6.080742639964819,-0.3134785890579223,0.0964348316192627,-1.0313605250403284,0.2465549409389495,0.9553896305158732,0.6388442853741347,3857
1726744911437314600,8.706924087002873,-0.6813695680230856,2.015948192989826,0.6036773295987397,-9.52406464599669,-2.2579133673131464,-0.7210086584091187,0.8534701466560364,2.8383922576904297,-0.1538367624022497,0.1460290650762968,0.7705822810542231,-0.6010098370444421,0.7284970283508301,-0.4394740462303161,-0.2487477660179138,-0.8594114284902811,4.118801931494474,-6.992337260156869,-0.2753922045230865,0.0887740701436996,0.4471819323660805,0.3233343064785003,1.3865345837838947,0.6714878601517528,3858
1726744911477086700,9.906827699542044,-0.0853998171269893,2.299456507056952,-0.2442789311584085,-9.50427565742135,-2.4040533382155,-0.0437318496406078,0.7602450251579285,2.033709764480591,-0.1363365608261492,0.1948115028822086,0.7646051846238364,-0.5990323905090327,-0.5521792769432068,0.0100151104852557,0.2157690972089767,-1.6465677681088446,4.403872088050842,-7.448889188012481,-0.2537465393543243,-0.0096956891939044,0.966855100447312,0.3376004099845886,1.4019396581865846,0.5869833844292909,3859
1726744911516858000,9.858621010255812,1.469538884076476,1.9098232754811644,-0.8131779389731586,-9.494904017964004,-2.314294449096173,0.5686992406845093,0.7660369873046875,1.365009307861328,-0.1309086962387986,0.231457053710261,0.75128144494971,-0.6040421223911561,-1.3282036781311035,0.3094023466110229,0.7298625111579895,-3.103144294759631,3.8618122065186498,-7.285940267258882,-0.1867748945951461,0.1076210364699363,1.535480698148161,0.2566626071929931,0.6524532701402902,0.2679361577355302,3860
1726744911556629500,10.478846666008234,2.271569552221894,0.9224398393332958,-1.1146751333910971,-9.523157468023896,-2.0584879425555465,0.9128063321113586,0.7354604005813599,0.5592734217643738,-0.1363052184547479,0.2558008093334888,0.7345199941696792,-0.6135692933259271,-1.6190853118896484,0.917397141456604,1.1263140439987185,-2.548434775012731,4.02126977802515,-6.542516101861,-0.1525274664163589,0.0108556766062974,0.9435367687020452,0.0287994407117366,0.3268936841441318,0.0099179573616478,3861
1726744911596402000,10.660638818919658,2.5525954018235204,-0.2790681396625936,-1.0952047823108733,-9.59528805373311,-1.7033308349467813,1.0194498300552368,0.4095317125320434,-0.4308415055274963,-0.1517419306861546,0.2640986879208114,0.7190949772567983,-0.6246027420106717,-1.450230836868286,1.8475422859191888,1.587918758392334,-2.3148405386716124,3.9107805278271432,-5.189430344823003,-0.1536146998405456,-0.0001032677246257,0.1834801607972942,-0.0262082405388355,-0.2154776196910999,0.3738258965151384,3862
1726744911636173300,10.063582441830636,2.707365692296624,-0.8146331062175333,-0.7116810465913266,-9.68736252631843,-1.3486775852069257,0.8287570476531982,-0.1671153455972671,-1.5673507452011108,-0.172590826262135,0.2509904702835982,0.7111731183792762,-0.6336001192277715,-0.3701162934303283,2.497968435287476,2.2651517391204834,-4.082306722790003,3.056479866479337,-3.7234389240950345,-0.1140196323394775,0.272439181804657,0.5481311277372762,0.1525546610355377,-0.500598099928908,0.510881922327727,3863
1726744911675944400,9.394468544268609,0.7807920652836561,-1.254763768365234,0.1305632114608772,-9.744382636657356,-1.0955936354979872,0.4245654940605163,-0.939613163471222,-2.8743724822998047,-0.1976927638902548,0.2116044730237488,0.7149008848208435,-0.6364414639695628,0.4686889052391052,2.7904834747314453,2.778805494308472,-5.445977586728334,1.7396388505160807,-1.5468486259892582,-0.113007515668869,0.3597033619880676,0.9626476388201116,0.1308497935533523,-0.4916609794313087,-0.1758945645065046,3864
1726744911715716900,7.885190354999899,-2.3343033640325066,-1.017450365370512,1.3965309310108422,-9.646431380993128,-1.0800192689429968,-0.1555802375078201,-1.4272336959838867,-3.790466070175171,-0.2248486369050275,0.148049451171748,0.7301691719109339,-0.627994756929716,0.0767285674810409,2.606748342514038,2.8524887561798096,-5.452021543067693,0.8064502381533384,-0.7762342558488249,-0.0993255302309989,0.212292730808258,0.8606405318938195,-0.3100270926952362,-0.1059273856425657,-0.669934931621328,3865
1726744911755488500,6.164443251958489,-4.2908571187675,0.4594714685641229,2.842394340467453,-9.29489173322916,-1.3023800905428826,-0.2754125297069549,-1.3234915733337402,-4.17048978805542,-0.2541860932509082,0.074790712028943,0.7488719900945452,-0.6074427067988415,-0.8170067071914673,2.141537666320801,2.468488931655884,-4.172419539913535,0.4637907930679619,0.451886785588786,-0.0486108511686325,-0.0020654592663049,-0.1905969887988641,-0.6541786193847656,0.1722514222311787,-0.3712054118184372,3866
1726744911795260700,5.3245174451828,-5.565264475888013,1.0855039108991622,4.374692463056743,-8.647165491610766,-1.5029919486060737,0.1572075635194778,-1.0995597839355469,-4.825325012207031,-0.2900665672257553,-0.0047833104165633,0.7593473392234509,-0.5824346592899049,-2.288564443588257,1.4908055067062378,2.0779354572296143,-2.8598908341914413,0.2983869534429162,1.749461740872264,-0.0056098727509379,-0.1490539610385894,-1.2616510436609387,-0.7376730442047119,0.0682604936770629,0.1495014558252412,3867
1726744911835032000,2.6245149751305576,-7.427201087817549,0.6977076854921876,5.9944607793062925,-7.592971495732665,-1.6073551171392202,0.5032913684844971,-1.0499452352523804,-5.443511009216309,-0.333213442270048,-0.0965198288965738,0.7567273117360044,-0.5540906137533447,-2.65602445602417,0.9966664910316468,1.8778016567230225,-1.7771721700966356,-1.9176850948974489,2.827091557395458,0.0152390375733375,-0.1102813184261322,-1.6029788017511366,-0.5920641422271729,-0.1488177478773985,0.5766009239615872,3868
1726744911874795500,0.040216859576106,-8.532894384786486,0.352335912708193,7.105427048242092,-6.545188535940647,-1.686354273443669,0.4241566956043243,-0.846882700920105,-5.403130531311035,-0.3665973848771007,-0.1672204094869132,0.7470056724434692,-0.5287969222796988,-1.6361184120178225,0.6404778957366943,1.931419253349304,-1.7955255729109048,-4.727616550916433,3.682631697410345,0.0273160897195339,-0.0816813707351684,-1.3961698426134883,-0.3629787862300873,-0.0530850998444017,0.6524572887282818,3869
1726744911914567700,-3.5019279242575165,-8.385975976857543,0.6535856351710856,8.232270685267448,-5.010928465628624,-1.814025106197596,0.0688915476202964,-0.284193754196167,-4.611759185791016,-0.4086095600664253,-0.2489878798667089,0.7283505852360129,-0.49045758905463,-0.589065432548523,0.4512875378131866,1.936605215072632,-1.5000444969773292,-5.957979014605283,4.396688314026594,0.0098080784082412,-0.1917215287685394,-1.439101952497661,-0.2715694606304168,-0.0489331358306808,0.4293535398066043,3870
1726744911954339300,-6.207586228114367,-7.047551782378554,0.7672656442344188,8.940118510371446,-3.621609365692735,-1.768790418459475,-0.3032710552215576,0.659898579120636,-3.408155679702759,-0.4502554843964841,-0.3032786631964341,0.705836573620985,-0.4550679098354654,0.4963301122188568,0.3193803131580353,1.7126342058181765,0.1578162340402603,-6.65296151291728,4.881805242109299,-0.0315190367400646,-0.1879150867462158,-0.8930321777369826,-0.1970307379961013,-0.2273001411655917,0.4751111554402857,3871
1726744911994110500,-7.305712889221311,-6.7716346540927885,-0.0082195468127727,9.359787691509723,-2.5582702325895426,-1.4212690664261578,-0.8721680641174316,1.5869910717010498,-2.3128697872161865,-0.4947281160359185,-0.3262721135331805,0.6826500305816288,-0.4275272282106357,1.575588345527649,0.4327724277973175,1.2439395189285278,1.2875304580658673,-7.531553442695737,5.383565846478938,-0.0666795521974563,-0.1176387965679168,0.8554661249306053,-0.1540950536727905,-0.0199629112369846,0.2440423276572488,3872
1726744912033883000,-8.752271879726647,-7.331179338911175,-0.8372550531964749,9.60685106575489,-1.800754997996986,-0.7975359140094369,-1.5302047729492188,2.067305564880371,-1.337249994277954,-0.5445535911564976,-0.3214068598640334,0.6613324786182332,-0.403482694444035,1.5707560777664185,-0.0715668871998786,0.7038142681121826,-0.8383101882725954,-7.433010066357254,5.210575424182415,-0.1841505914926529,-0.1101995557546615,0.8272188854157925,-0.0590107440948486,-0.0569748327253619,0.3967808017754927,3873
1726744912073654300,-9.676331429216264,-7.761635287001728,-1.0126058479487896,9.68516063235998,-1.5208340408973395,-0.2347729429979808,-1.659374117851257,1.209675431251526,0.093190923333168,-0.5833265919926148,-0.2962627426783558,0.6513052100004633,-0.3843956585827621,0.5761373043060303,-0.7039968967437744,-0.104468822479248,-1.309510234683752,-6.860562060824036,4.288625414192676,-0.2188857793807983,0.0033295727334916,2.8921707632884384,-0.0481402985751628,0.7081234271749853,-0.2741038865850307,3874
1726744912113425700,-8.009461462312936,-7.213156770598888,-0.1886462565898895,9.645149524489044,-1.7689898865543303,-0.1101796819253358,-1.133152723312378,-0.0308293402194976,1.1223424673080444,-0.5942965121946745,-0.2653477567920247,0.65970309100634,-0.3757578707008042,0.0272169467061758,-1.2517606019973757,-1.0959851741790771,-2.0697522638916968,-6.545703499725461,3.323578605276346,-0.3233359158039093,-0.0121584488078951,1.4194225617766378,-0.0773176848888397,0.3323175358237698,-0.1481527446300257,3875
1726744912153198000,-6.715548025211692,-7.503603359496593,0.1374269414842128,9.521402733311056,-2.327886336597055,-0.3069663830766454,-0.4024158716201782,-0.6157649159431458,1.8646721839904783,-0.5828354173000724,-0.2383777906889028,0.6773676689710443,-0.3803313988441434,0.1506957411766052,-1.464961051940918,-1.987158298492432,-1.9758815555393687,-6.115309510955214,2.375542552393674,-0.4354186356067657,-0.3039403855800628,-0.2582464653049595,0.0013361126184463,0.8727711877357214,0.3606869769461452,3876
1726744912192969200,-5.830103745320439,-7.097315053457021,0.1159761571764946,9.241092923024295,-3.221544756473601,-0.6278866188343614,0.0545998029410839,-0.9614722728729248,2.931205034255981,-0.5545221478604783,-0.2087097251420376,0.6988945268728952,-0.4006144304801641,0.7345024943351746,-1.6132153272628784,-2.6315619945526123,-2.4070371763318774,-5.111495456749201,1.3451269069880247,-0.3686698377132416,-0.3243241906166076,0.6690346948459744,0.1548413187265396,1.0765451630916445,0.0105066668026847,3877
1726744912232740600,-3.1633646624445912,-7.402251940000057,0.1217757833659648,8.699058175933361,-4.431389332790673,-0.9271258051924408,0.4437508583068847,-0.8517391681671143,3.713176250457764,-0.5129454238052468,-0.1706109708814765,0.7198348119204143,-0.4354500418165616,1.4853745698928833,-1.641424536705017,-2.9033920764923096,-4.138445958641171,-4.1921237728148695,0.4155628417979926,-0.4067757725715637,-0.1252059191465377,-0.7026179616264998,0.0762576982378959,0.1680685835885815,-0.570793004867807,3878
1726744912272512000,-0.5156622884720563,-7.159802197030186,-0.1684418190814554,7.873494071987271,-5.756467431223392,-1.0205790918502955,0.8541975021362305,-0.568033754825592,4.038492202758789,-0.4658313901366392,-0.1254684155634883,0.732320099829102,-0.4805894093040322,1.749897599220276,-1.79203462600708,-2.9672622680664062,-4.941262224206328,-2.523752461437881,-1.149449436587095,-0.517159104347229,0.0927056297659874,-0.1039411711282562,-0.172325998544693,0.3460758294001221,-0.5934784820696338,3879
1726744912312283400,1.0060095184236764,-5.908485208117962,-1.0162473462563006,6.836945622915029,-6.96139559392631,-0.9826122031580656,0.6250116229057312,-0.5168904662132263,3.933555603027344,-0.4168623316293238,-0.0782767558729347,0.7375445942475677,-0.5254774047246508,1.4149171113967896,-1.8113884925842283,-2.973077774047852,-5.196098570540547,-0.9192883895650504,-2.609899005278945,-0.6073594093322754,0.1964035183191299,-0.9668917791958898,-0.2991779744625091,0.2852011625248938,-0.1613454128134064,3880
1726744912352054800,2.007752027052641,-4.464055046334862,-0.5042026637595146,5.648156109586358,-7.961252434939145,-0.941895065909624,0.2485944777727127,-0.0518064126372337,3.9680678844451904,-0.3696059391832657,-0.0258716113944698,0.7398337255158571,-0.5615764841238396,1.1836216449737549,-1.7885065078735352,-2.9037954807281494,-4.914075526595116,0.1235802024394273,-3.901469094124436,-0.6774213910102844,0.3550277948379516,-1.07240411776416,-0.2576889097690582,0.1802551160698756,0.3059133851586841,3881
1726744912391827200,3.424766066382825,-2.784939930364489,-0.4717582648158073,4.336936440636217,-8.750772581079602,-0.8862018933255225,-0.2680831551551819,0.5428094267845154,3.8948895931243896,-0.3291618107028763,0.0367279673393285,0.7374515442538067,-0.5886159993995341,0.9407946467399596,-1.6704400777816772,-2.8493618965148926,-4.065037608081102,1.3584694959029555,-4.908737672698497,-0.6785701513290405,0.4202461242675781,-1.52961282902807,-0.0943062826991081,0.288231963321846,0.7753382568571716,3882
1726744912431598300,5.158580448529124,-1.7108698521494865,0.0166986213445663,3.0243522053346035,-9.276420841515064,-0.9857518894232808,-0.8502968549728394,0.9649870991706848,3.502149105072021,-0.2963532418307815,0.1053934503953629,0.7342694190773195,-0.6015941051752636,0.6589491367340088,-1.4897769689559937,-2.7765326499938965,-2.916535096955299,2.5853201520785687,-5.5977545406043525,-0.604499876499176,0.310773640871048,-1.3807481093369425,0.0690359398722648,0.6839425603162497,0.9522004060205072,3883
1726744912471369700,6.231140122181177,-0.7408458393424749,1.0626808153249323,1.8575204029224808,-9.549432311487198,-1.2362604356862603,-0.9789050817489624,1.2723054885864258,2.967049598693848,-0.2722901359034599,0.1728436761093895,0.730175870052135,-0.6023506509797686,0.4121912717819214,-1.2028793096542358,-2.5172665119171143,-2.095057970061898,3.822909352150559,-6.073692721453309,-0.4912261068820953,0.1902777105569839,-1.2911435339964925,0.2166010290384292,0.7783080664481967,0.9321919294755904,3884
1726744912511142000,6.852953339385986,0.2120049203455448,1.8384310870490967,0.8963296118471771,-9.649350483310222,-1.5023459057874975,-0.7614216804504395,1.530866265296936,2.45876693725586,-0.2575734804461381,0.2347963860618859,0.7221280917246893,-0.5975430694794341,0.2394085675477981,-0.8502891063690186,-1.952771782875061,-1.5559493395507336,4.753813652968407,-6.136424195176363,-0.4115329682826996,0.0427194647490978,-1.0246676032729447,0.2836744785308838,0.8540988551653921,0.6311493469573557,3885
1726744912550913300,7.657509726616739,0.6757376996159553,2.0367655016995965,0.1553688956870697,-9.660577395245433,-1.679131044191867,-0.3029967248439789,1.6320918798446655,1.905049443244934,-0.2528600255892276,0.2892392607240868,0.7084860669921583,-0.5919880850626581,0.1588585972785949,-0.2957401275634765,-0.9174931645393372,-1.1659183408290148,5.771233038678765,-6.327148427084088,-0.3413258194923401,-0.0037897820584475,0.5206262675549834,0.3034806251525879,1.079889066692069,0.3975959540832787,3886
1726744912590684700,8.286308564925193,0.1117933185338973,1.5037154405750333,-0.3610520108662545,-9.651339611300823,-1.7004893279105424,0.224100574851036,1.2869621515274048,1.33335542678833,-0.2555070649735186,0.3304869479532414,0.6909987004443862,-0.5899282263192439,-0.2381196469068527,0.3340110778808594,0.2038622498512268,-1.8586118514209984,5.355655510768294,-6.787192873230576,-0.3251026272773742,-0.2332109808921814,1.1974714169561862,0.4015713632106781,1.383234665455669,0.4497627061069011,3887
1726744912630456800,8.148111223590373,0.6842711346834898,0.9703789637245236,-0.7435932383544742,-9.653548519521951,-1.5577067046120765,0.5864090323448181,0.9469923377037048,1.0619500875473022,-0.2603726683120579,0.358249868655574,0.6716233834835855,-0.5939571626143466,-0.6934080719947815,0.9093611240386964,1.0300581455230713,-2.283261159059405,5.563486360299587,-6.693659434008598,-0.2523844838142395,-0.1592504233121872,1.7860532495580612,0.4875494837760925,0.9057991587210448,0.2976065436549484,3888
1726744912670228200,9.324473801544308,1.0630588548570872,0.5024140998423099,-1.0272183106690644,-9.658841365233062,-1.349811411542445,0.6657543778419495,0.8446536660194397,0.6104404330253601,-0.2671737716569742,0.3780072412207239,0.6526344734014401,-0.5998307677913127,-0.3417192697525024,1.6747864484786987,1.748833417892456,-3.1482284681111574,4.554697440290451,-5.041837983155251,-0.2638305127620697,-0.1060268431901931,1.156314938442409,0.3909721076488495,0.1075507307943887,-0.1954334690446034,3889
1726744912709999600,10.72920908179879,1.860149728512764,-0.415844069892168,-1.0490024916496128,-9.688291331601144,-1.098638556151837,0.7714146971702576,0.7683383822441101,-0.3897039890289306,-0.2825633791188282,0.3870652501311299,0.6373346608793082,-0.603442641473044,0.2766057550907135,2.231483459472656,2.278965711593628,-3.693032095393538,4.039391125649214,-3.447504552413523,-0.3360296487808227,-0.3047015070915222,1.0042739998679608,0.2493164092302322,-0.0437945810655597,0.115069152733637,3890
1726744912749772000,10.621820720225571,3.043290422299504,-1.55613740946874,-0.5968499677967279,-9.751542445284128,-0.8494358317904174,0.5419983267784119,0.1896156519651413,-1.86882746219635,-0.308580415234151,0.376007082289793,0.6339777971524728,-0.6012227504506397,0.9670478105545044,2.7024049758911133,2.7483444213867188,-4.744077856373787,2.3439885994836684,-1.8047639413774013,-0.2410011440515518,-0.137490376830101,0.6473376076269894,0.2022668123245239,-0.5666190801840275,0.2862521511488594,3891
1726744912789543400,9.354393723511697,1.4210679908961057,-1.723477989310026,0.4117042666736989,-9.76815221930146,-0.7642472462613135,-0.0738437250256538,-0.358676016330719,-3.2226433753967285,-0.340208849845604,0.3407599187600633,0.6502679776519896,-0.5876156003982509,0.5467256307601929,2.635334014892578,2.8485219478607178,-5.465578359255194,2.537460084272921,-2.191477486114204,-0.1482823640108108,0.0666566118597984,0.3050032115112058,0.061773519963026,-0.6268446355007589,0.0780449243195354,3892
1726744912829314800,7.643643113827705,-2.0393851826786995,-1.0630337204158304,1.8142022163301703,-9.595537060058115,-0.8970689589723944,-0.5244527459144592,-0.269072026014328,-3.9730241298675537,-0.3764518279228776,0.2915975885552641,0.6787552107544923,-0.5590583642025626,-0.805225670337677,2.5721242427825928,2.7663440704345703,-4.808099369907379,1.9657260722279548,-1.085009989902377,-0.0966212674975395,-0.0174827687442302,0.0615406336704036,-0.150017112493515,-0.2494267058430239,-0.16735342105655,3893
1726744912869081000,5.786887703928351,-4.437401432687044,0.0295651902455836,3.370035820546746,-9.140264650619027,-1.126408971935138,-0.5252259373664856,0.0626696869730949,-4.3184309005737305,-0.4178105192534504,0.2389637851331136,0.7073380983685077,-0.5176905270300037,-1.1949647665023804,2.196406841278076,2.597774744033813,-4.188856879973411,0.542812891856581,0.6963748294532298,-0.1357591897249221,-0.1104757040739059,-0.6667870620496571,-0.357347697019577,-0.0905759593895636,-0.3650358928706497,3894
1726744912908852200,4.184972732016444,-5.781285061615705,0.3686159433145076,4.9524973194479935,-8.378022972026466,-1.204940291532129,0.0891151651740074,-0.0701854452490806,-4.746339797973633,-0.463017217960086,0.1783688472722815,0.7277495523681884,-0.4734766905294201,-1.0356669425964355,1.825028657913208,2.38201117515564,-3.489788573652506,-1.020436833835393,2.646228794288635,-0.2173527777194976,-0.1976108253002166,-1.039849974835664,-0.4141039252281189,-0.1087019923218991,0.0377526134705985,3895
1726744912948623600,1.3424655788242816,-7.508245632344484,0.0321755919396877,6.468916612643003,-7.278044545572996,-1.1634368262115866,0.6772091388702393,-0.6483849287033081,-4.892936706542969,-0.5038527482561072,0.1007808967902317,0.741054641214472,-0.4322194902895117,-0.7268584370613098,1.504248023033142,2.135082244873047,-2.763933382692933,-2.8968758722394705,3.4475708956480022,-0.2345837950706482,-0.2353505045175552,-1.0490366861801594,-0.3676868975162506,-0.1800697495656087,0.4805228052254766,3896
1726744912988396000,-1.2696966952115296,-8.004525759476422,0.7275858141444623,7.658027028489112,-5.988834756118059,-1.2879789324857294,0.9152653813362122,-1.4428449869155884,-4.418413162231445,-0.5267229962407638,0.0142182774814308,0.7519750609842683,-0.3960989287011963,1.2411173582077026,1.3566458225250244,2.0803866386413574,-2.124476956769824,-5.3703229185462,4.573399802672863,-0.2302042245864868,-0.2906651198863983,-1.2250528129734095,-0.3258933126926422,-0.1473620235105976,0.6120192606821656,3897
1726744913028167200,-3.3182939428716898,-7.104671845960617,0.7020353394329547,8.456549980774522,-4.719092760460079,-1.5450933067545294,0.7957057952880859,-1.2861090898513794,-3.798403024673462,-0.5362032523628202,-0.0680066939519231,0.7577287917645303,-0.3656614147815401,1.831680059432984,1.2249510288238523,1.616344690322876,-0.6402268257737159,-4.790055179172754,5.484674104869366,-0.254640132188797,-0.2675699293613434,-1.252760904110223,-0.2746020853519439,-0.3408791740724817,0.7395427208546549,3898
1726744913067938600,-4.982871999445558,-6.440552103424072,1.0079859330631793,8.95200943917334,-3.575740179443359,-1.8016640756659208,0.4370878040790558,-0.7599225640296936,-3.0150883197784424,-0.5431684728980354,-0.1334765551051733,0.7576564605858509,-0.3363163579273506,1.6878770589828491,0.953191876411438,1.059013843536377,0.304561038967967,-4.901300800696015,6.309860023152828,-0.2713029980659485,-0.0936077758669853,-0.6018698417853564,-0.1812599599361419,-0.3735474448999389,0.6034056365178898,3899
1726744913107710700,-5.683385828399658,-6.879920841288566,0.7894204851582646,9.24371216561198,-2.638078221058845,-1.94028256502226,0.0105743911117315,-0.1960862874984741,-2.257124662399292,-0.5523376980748205,-0.1788489656892508,0.7529541309272785,-0.309832394950841,1.4942660331726074,0.5156505107879639,0.6412684917449951,0.080204586571455,-5.146331207808852,6.84285572374165,-0.3751630783081054,-0.0080948891118168,0.5550964732378721,-0.1741213649511337,-0.2604877231594175,0.3956167264321819,3900
1726744913147482000,-7.242221537041663,-6.798530259802937,1.0463809840396046,9.424235906022789,-1.921151748094708,-1.913980249030143,-0.4771589040756225,0.5183484554290771,-1.4531100988388062,-0.5663539730973263,-0.2033523965269027,0.7458107268551359,-0.2857573802972834,1.1728938817977903,-0.2354775220155716,0.3179791569709778,-1.1650234378159046,-5.448946373406052,6.796929254347085,-0.4484040141105652,0.0555307902395725,0.628337723602727,-0.0669024512171745,-0.2372221262483857,0.5583124761423096,3901
1726744913187253500,-8.649044144964218,-6.7076260000407695,1.041636565991491,9.558542669659852,-1.513014891579002,-1.586017730078101,-0.748106837272644,1.4026039838790894,-0.4018421769142151,-0.5887493938420695,-0.2047414113597107,0.7341289766290159,-0.2692764900289646,0.1332794576883316,-0.9350757002830504,-0.1856224089860916,-1.260011167499423,-4.694700369742512,5.735274421069025,-0.507644534111023,-0.0050651128403842,2.567342596839368,-0.0837565213441848,0.5765272376708686,0.1029030511190183,3902
1726744913227026000,-9.041236121112108,-6.9367100654810665,0.5307982636097819,9.61973685081303,-1.6083452972203491,-1.021909682866931,-0.6467583179473877,1.6161116361618042,1.117170333862305,-0.6127092025410148,-0.1826429982431591,0.720239146536412,-0.2692297954187341,-0.3272005021572113,-1.6588926315307615,-0.8779780268669128,-2.354910098731517,-5.087932210332155,4.858169514977932,-0.5481413006782532,0.0873521864414215,0.7213879093524068,-0.0550432130694389,0.417215467843227,-0.013482214298041,3903
1726744913266714400,-7.10876992892921,-6.667225016069412,-0.0230897471537813,9.524818094712495,-2.273771592310816,-0.5274263394912705,-0.3299116790294647,1.1013898849487305,2.357896566390991,-0.6242495397750979,-0.1435062393005016,0.711545654860563,-0.288827275112525,-0.1019671410322189,-2.092360734939575,-1.5276836156845093,-2.3020172974556683,-4.79295265417993,3.299361863386631,-0.5527260303497314,0.0741620510816574,-0.1865878262227401,0.004194205161184,0.7926199387867003,0.1431507990237325,3904
1726744913306482400,-4.115196600478887,-6.723501614564657,-0.9714905782282351,9.23953634123206,-3.276181186546385,-0.2607760933804325,-0.1191746219992637,0.4117256700992584,2.8766822814941406,-0.6192606720648344,-0.0984364121786206,0.7096521354426872,-0.3212793080725595,0.536100447177887,-2.149873971939087,-1.9956259727478027,-2.860289478120208,-4.074128677031397,1.987728645199537,-0.5966765284538269,-0.118115410208702,0.6411147145241498,0.056892454624176,0.8107694895919412,0.1354929046817123,3905
1726744913346251300,-2.440940030455589,-6.5069689876616,-1.4637959565103054,8.797693322208524,-4.325446201589704,-0.2479075699843466,-0.1670688241720199,-0.1685924232006073,2.9660637378692627,-0.6010964851169389,-0.0547556464185504,0.7138918601815694,-0.3550254875220194,1.1916520595550537,-2.5771641731262207,-2.211991310119629,-5.1456630992889405,-3.509982343636453,0.5854419271409511,-0.5616759657859802,0.1284927576780319,0.0135747445698361,-0.1377295851707458,0.3299457651911303,-0.5053986686110497,3906
1726744913386019300,-1.6869868722587822,-5.913578731864691,-1.4067033654570578,8.198017702531814,-5.368498041206598,-0.3769774924138561,-0.4024713039398193,-0.1927862763404846,3.228605031967163,-0.5750329569743272,-0.0094647036519562,0.7205074064544867,-0.3874488155543891,0.776099443435669,-2.572584390640259,-2.45235013961792,-4.638163074484467,-1.5884949338465928,-1.6709898233123122,-0.5509468913078308,0.1967301070690155,-0.2852160313004627,-0.3560448586940765,0.3173388701396062,-0.2298488940666429,3907
1726744913425787000,-0.645961570033431,-5.086301978781819,-0.9514532409150152,7.401651636019348,-6.41200171624422,-0.5217290411651134,-0.9371337294578552,0.3588116765022278,3.549736976623535,-0.5482870533781349,0.0472788890900323,0.7241308480909977,-0.4156689233676,0.5004169940948486,-2.511679410934448,-2.655712366104126,-5.136242944514751,-0.6411271356143057,-2.957726646782457,-0.5033601522445679,0.2373170554637909,-0.9472278783049434,-0.3860839903354645,0.2389815919352695,0.2496202921863645,3908
1726744913465556000,0.5311188008010387,-4.110853018316626,-0.190827765347436,6.39620501217544,-7.404360310456156,-0.6591141162689775,-1.4047513008117676,0.9843598008155824,3.811094284057617,-0.5248127673821932,0.1192431460366682,0.7206847703319162,-0.4369968643684782,0.283517986536026,-2.29474139213562,-2.781442403793335,-4.087774925068021,0.474498503434658,-4.446880624172091,-0.455469936132431,0.2577591240406036,-1.134912157994881,-0.274597704410553,0.2535345795532688,0.6099446828978136,3909
1726744913505323800,2.1825421922475097,-3.2956250149458644,0.2780956413686275,5.239333901154994,-8.238441482856869,-0.9207892956472932,-1.8000046014785769,1.0295685529708862,3.7264206409454346,-0.5010350361227497,0.1995150113231414,0.712138293261646,-0.4494627211207785,0.2803192734718323,-1.973384976387024,-2.6911821365356445,-3.124998399171233,1.6691192071348429,-5.1251405357420445,-0.404565155506134,0.2244559079408645,-1.4833198644086718,-0.100660316646099,0.4100047692794352,0.8098050284739583,3910
1726744913545091800,3.5954403206914662,-3.058973144599795,1.3476212080217898,4.046551518797874,-8.8259929494977,-1.3775490210346877,-1.8308106660842896,0.8221379518508911,3.5224359035491943,-0.4727027335656982,0.2769029654474021,0.7025383996432254,-0.4542208719903869,0.2934078872203827,-1.7286282777786257,-2.3687784671783447,-2.345168456918001,2.8669033433020115,-6.010767770984769,-0.3447359800338745,0.20550037920475,-1.4536059864073991,0.0670522227883338,0.512920442418009,0.7681823206879198,3911
1726744913584861000,4.871317165842652,-2.629406838825345,2.31786660849452,2.8561183299154043,-9.187774005290866,-1.8967866837754843,-1.6215664148330688,0.7263915538787842,3.3676304817199707,-0.4411948728099029,0.3475422725739098,0.6898721444362312,-0.456769040781171,0.2176380157470703,-1.2904393672943115,-1.8929870128631592,-1.3861691114723682,3.924752354556322,-6.3413470483064645,-0.3071646690368652,0.0965622514486312,-0.9665270375367252,0.1204679682850837,0.8376457330144941,0.5526477649115026,3912
1726744913624628700,6.147436587578058,-1.5038070643812418,3.326570188307762,1.7068918884292243,-9.366167747935652,-2.3519804750204085,-1.1417285203933716,0.737909734249115,3.146684408187866,-0.4113924267966686,0.4117437662570369,0.6711070698446588,-0.4591717298252086,0.0780521631240844,-0.8604060411453247,-1.2105600833892822,-1.2777327021509408,4.746780685591697,-6.556511309465765,-0.2018091678619384,0.200384721159935,-0.6901730522036552,0.116772323846817,0.9699500707879662,0.1956703465403989,3913
1726744913664396800,8.113098362398148,-1.0266332042574882,3.322470059512556,0.697264544834569,-9.418222344821691,-2.642217805081606,-0.5905854105949402,0.6684814691543579,2.5627386569976807,-0.3870567968387369,0.4636408759232593,0.6478832936882551,-0.4641890827246887,-0.1838074177503585,-0.2910769879817962,-0.6117468476295471,-1.1469681411653756,4.890395960322022,-6.643802054905891,-0.2199301421642303,0.1238115578889846,0.4960995464006438,0.1441057026386261,1.1686772841483355,0.220622837092448,3914
1726744913704165600,8.63247762556672,0.3237748580038547,3.2671737042263147,-0.0694659787429962,-9.412911378931998,-2.750025561110675,-0.0625256597995758,0.7129544019699097,1.933128237724304,-0.3718833659986585,0.5006924295770454,0.6241148761358941,-0.470627687418988,-0.8530358076095581,0.3040148317813873,0.2238667756319046,-2.432766660872101,5.319693970549106,-7.096193940472602,-0.1553874462842941,0.1433654725551605,0.627836569147557,0.2584217488765716,0.9872296338256448,0.2802796160778962,3915
1726744913743933700,9.680065355047583,0.959347720491886,2.501536245715618,-0.5871866884490474,-9.39696328369379,-2.742751770715415,0.0941021889448165,0.7390227913856506,1.195833683013916,-0.3663821256017959,0.5269012194452881,0.6018442661906882,-0.4753133264157704,-1.0240992307662964,1.2649873495101929,0.9045853614807128,-1.9182061961621044,5.064366041305661,-6.024798049902915,-0.1129658743739128,-0.0184838846325874,2.507923608665168,0.1858051568269729,0.7469670987017453,-0.0469261342566693,3916
1726744913783701500,9.965722956103086,1.6319745946109294,2.5730174276053903,-0.7838102440610527,-9.39472456485629,-2.7009578710809348,0.2818658053874969,0.8455639481544495,0.3031342923641205,-0.3702594672780211,0.5418814430579934,0.586579084169952,-0.4745496690333548,-0.5627648234367371,2.054154396057129,1.7059471607208252,-3.980170290395617,4.614102984461188,-5.091293211197852,-0.110352486371994,-0.1304593086242675,1.765820316607505,0.1244969889521598,0.1042116951653268,0.3548230533488095,3917
1726744913823470300,9.27873847080767,2.6783137853354213,2.3640599121317267,-0.6482399632941931,-9.4396906647861,-2.577293205228448,0.5235747694969177,0.9517170786857604,-0.515009343624115,-0.3861915354198897,0.546272541161712,0.5770543208405939,-0.4684557886659932,0.1755057424306869,2.3655405044555664,2.3949599266052246,-5.336874237930775,3.658903615820408,-3.620896833509207,-0.0809835046529769,0.1426841169595718,0.1554990431390702,0.1937717348337173,-1.0889311088688671,0.3095139486676082,3918
1726744913863233300,9.336037398087978,2.096990399429202,1.560072264699638,-0.1695367747113108,-9.517520338919756,-2.357640838869661,0.7324570417404175,0.3378473818302154,-1.698808193206787,-0.4109974374742131,0.5355784468295515,0.5773750599359769,-0.4592112352569455,0.1708992719650268,2.380885124206543,2.784773349761963,-5.440742608684301,2.762704133158922,-1.741667433734238,-0.1311473101377487,0.2526684105396271,0.0129807321909524,0.1204241067171096,-1.0214011488229036,-0.0835804288132581,3919
1726744913903001300,8.436639996168017,-0.1479074189662933,0.8957181288853288,0.7027756364062429,-9.56806043958962,-2.0319161619722843,0.9686747193336488,-0.7012047171592712,-2.902318000793457,-0.4391118613828005,0.4996128883589882,0.5949671031719022,-0.4512003862004176,-1.9698034524917605,2.3400299549102783,2.786804437637329,-4.600881683838368,2.804495110183954,-2.4573662645995618,-0.1612026989459991,0.1177920028567314,0.5647861656684429,-0.0766612663865089,-0.4497631444983184,-0.2153026832493021,3920
1726744913942770200,6.349778192043304,-2.094292246386409,0.992880572259426,1.864877487687021,-9.476734739544987,-1.6982716518610714,1.145541429519653,-1.5497514009475708,-3.5331997871398926,-0.463989027647927,0.439917484679612,0.6269452650429396,-0.4451140041648915,-1.610115885734558,1.8126941919326784,2.9017205238342285,-5.207547016271948,-0.2736959451049566,0.447625694078207,-0.1392819881439209,-0.0589955821633338,-0.3655391662176698,-0.2584491372108459,-0.296186849582754,-0.1736017591279,3921
1726744913982538200,5.308386979115009,-2.8537510162621733,1.0730559327363969,3.133717712199688,-9.188634421512484,-1.385349027261138,1.5268137454986572,-2.0181450843811035,-3.934730768203736,-0.4840043025280252,0.3637380962634676,0.6620632429593679,-0.4417088055952629,-1.3039287328720093,1.6413644552230835,2.756821393966675,-3.164335553303361,-1.4949072802193462,1.9583821392059324,-0.1739317625761032,-0.1188168749213218,-0.798317127515003,-0.3307981789112091,-0.3376421649126336,0.0671756484492681,3922
1726744914022306300,5.100667773264647,-4.779701542940735,0.2200339130222797,4.591210184651613,-8.594159293088316,-1.1097785935211926,1.6909664869308472,-1.9629040956497192,-4.873234748840332,-0.505107926281176,0.2700716466599496,0.6954453731638631,-0.4339159584926969,-0.3269456326961517,1.551975965499878,2.7390246391296387,-2.780772289291024,-3.480124088728428,2.73540345377922,-0.1603116691112518,-0.1962172985076904,-0.8781272348761558,-0.3260495066642761,-0.1584695833824574,0.3210102886613458,3923
1726744914062075100,2.5886890439897776,-7.586593192872405,-0.901007613595575,6.203267195871472,-7.527102893027663,-1.0161490004483609,1.0854636430740356,-1.4058363437652588,-5.405287742614746,-0.5307066767029875,0.1664483725981381,0.7239503581882804,-0.4080945146316149,1.01424241065979,1.4690320491790771,2.5492255687713623,-2.35305891790688,-5.331534630468488,3.961749083042145,-0.1000339090824127,-0.3002208471298218,-1.021384709144756,-0.389877587556839,-0.0675597158634103,0.3465695677338168,3924
1726744914101843200,-1.2716869922459124,-7.892121031045913,-0.879240164554119,7.605397846585512,-6.097199269247055,-1.073530126119405,0.2475888729095459,-0.4323193430900574,-5.007300853729248,-0.5600158847244646,0.0750067979933482,0.7410187476925787,-0.3628324456791202,1.5605920553207395,1.2974787950515747,1.9938132762908936,-1.0116717819690704,-5.603778623199463,4.856254621267318,-0.033693790435791,-0.3319565057754516,-1.2457755752675237,-0.4451300501823425,-0.1238996071195229,0.4877731051472946,3925
1726744914141610800,-4.228856881928444,-7.334696407121419,-0.6024911885540932,8.574332310590147,-4.626286174207926,-1.1174434290606527,-0.4373169839382171,0.2081442177295684,-3.999074697494507,-0.5894273596005868,0.008714090711026,0.7462558699833565,-0.3091950509838049,1.310421347618103,1.0239702463150024,1.2420361042022705,0.2607774268209934,-5.628371797186136,5.668852276134491,0.0181952714920043,-0.2290120422840118,-1.0878132838200778,-0.3595907986164093,-0.2791041973566636,0.701551647569239,3926
1726744914181379800,-5.957695521488786,-7.315612351945042,0.0382769044894725,9.141683869767188,-3.390060079182684,-1.0523707259736954,-0.5584825873374939,0.6392375230789185,-2.907593011856079,-0.6153497078767025,-0.0333921885591901,0.7433309738399374,-0.2601705619502799,1.0881949663162231,0.5936175584793091,0.6245774030685425,0.4313005822211503,-5.861133674356341,6.467256570476293,-0.0014094923390075,-0.0212758593261241,-0.0756751310148509,-0.2342921197414398,-0.2394181384553201,0.5350658944590017,3927
1726744914221147600,-7.501839272433519,-7.168125204217434,-0.2569615948598832,9.460594921126962,-2.452524962048233,-0.8078588628422468,-0.5977113246917725,0.9947221279144288,-2.0386221408843994,-0.6399002413370972,-0.0591231477313855,0.7332760680252168,-0.2221221972259351,1.0185359716415403,0.0018076740670949,0.1764147728681564,-0.1717494823247194,-6.279242182049155,6.985656174957752,-0.1253772228956222,0.0871784538030624,0.695129651697725,-0.1393705457448959,-0.1503034198578912,0.3185122978331521,3928
1726744914260971800,-9.461312129485606,-7.520079862523079,-0.527870137736015,9.612747722578048,-1.8853921601884065,-0.4591406291745603,-0.8462434411048889,1.1265977621078491,-0.7200862169265747,-0.6625675671741256,-0.0657556608626174,0.7204761281015157,-0.1938937512025367,0.8097572922706604,-0.6957460641860962,-0.241781398653984,-0.8027572288542986,-6.031041912728548,6.297112769782543,-0.1555242091417312,0.3319490849971771,1.2592096418581902,-0.0927399471402168,-0.0354107036866829,0.0357470595015795,3929
1726744914300743200,-9.114318892979622,-7.939744367486238,-0.9318658393263816,9.622787470555306,-1.885161127911508,-0.1360976108429022,-0.6546396613121033,0.6764404773712158,0.6830637454986572,-0.6775197593923108,-0.0514810555007093,0.7101329085142659,-0.1844667376975298,0.409789115190506,-1.3287396430969238,-0.8817132711410522,-1.912755529540777,-5.394728461006284,5.090300693029165,-0.2990459501743316,0.2116411477327346,1.2974189610041678,-0.1486674696207046,0.1796253850652836,-0.1632816598393023,3930
1726744914340124700,-7.631030885013938,-7.927686265423893,-1.0912649586439132,9.519459198027848,-2.3519686384521425,-0.1362125150599982,-0.39280766248703,-0.419405996799469,1.7337247133255005,-0.6748717750942238,-0.0267511571356578,0.711497913589393,-0.1939157127073479,0.1224174946546554,-2.0568997859954834,-1.567742943763733,-3.149706139448285,-4.794686638365686,3.547162904256582,-0.3319815695285797,-0.0017396205803379,-0.0248969358563539,-0.0393471382558345,0.8268500521034002,0.1669370040090754,3931
1726744914380284000,-5.68616055381,-7.4461676540941,-0.566363132661581,9.28075507132709,-3.13919643587172,-0.4282773984750732,-0.1079325303435325,-0.9037795066833496,2.4278666973114014,-0.6561486292561471,0.0036527779673984,0.7223729837944363,-0.2182497281162933,0.2882123291492462,-2.2927908897399902,-2.101304769515991,-2.860594598546624,-3.973514047376811,2.358503739309311,-0.3014993667602539,-0.2674489617347717,0.9702114251378924,0.0537633895874023,1.3138304359704256,-0.1573157371722161,3932
1726744914420055000,-3.6530718409270047,-7.036568031549454,-0.6147884331345558,8.863303566238283,-4.118915036480129,-0.8042247441235929,-0.1138122528791427,-1.0511668920516968,2.944739818572998,-0.6288945050122711,0.0396668491642256,0.7344593872858359,-0.251967583520652,0.8712843060493469,-2.507539749145508,-2.597176551818848,-5.241847929802536,-3.116559364388883,1.5413742862313984,-0.3093677759170532,-0.0657244622707367,-0.7515637057770043,-0.0361313298344612,0.3195238129632547,-0.7953423494879156,3933
1726744914459825400,-1.4615163211405275,-6.364626801607012,-0.6342775619804859,8.261498533317447,-5.150286082914471,-1.1800786028023809,-0.3207966387271881,-0.865145742893219,3.0987303256988525,-0.597549571314641,0.081234598361566,0.7440216432239525,-0.2876929984020502,1.0746599435806274,-2.4502100944519043,-2.8057844638824463,-5.346623478528857,-2.129121713835746,-1.2377642643779516,-0.4693858623504638,0.2323972880840301,-0.1856742915743962,-0.2721132338047027,0.0602901769515825,-1.014711149664968,3934
1726744914499595800,-0.4739695111244916,-5.626509510445595,-0.2031272018849849,7.52339643972516,-6.11121376607418,-1.4906206889413296,-0.95957612991333,-0.0816019177436828,3.248548746109009,-0.5693373015718699,0.1325111114830341,0.7472893100148169,-0.3159976608940452,1.544938564300537,-2.559169292449951,-2.7579476833343506,-6.130440444591641,-1.0302136930927634,-2.773728800520301,-0.5577101111412048,0.4636423289775848,-0.5709245222929865,-0.3915418088436126,0.1573837791734375,-0.4943840111870318,3935
1726744914539366100,0.3038946840137243,-4.599127533647418,0.8825475355364382,6.655300769519806,-7.011253557550907,-1.6491412718586622,-1.1829500198364258,1.0092344284057615,3.5926272869110107,-0.5504270205577719,0.1988959049623382,0.7379181700403812,-0.3360762315299591,1.475993037223816,-2.4661355018615723,-2.6901228427886963,-5.015532160031795,0.0780710816740989,-4.256808718693256,-0.5937379002571106,0.4366460144519806,-0.6609360709991305,-0.403689980506897,0.3843053510839119,0.0993943488783203,3936
1726744914579137500,1.5918021586984394,-3.2955969578951594,0.6079181089736521,5.646318372765183,-7.834746700441837,-1.7047620367936789,-1.3865371942520142,1.4120551347732544,3.7482213973999023,-0.5381144787498064,0.2754439792432728,0.7148771168804698,-0.3514457591714197,1.1975542306900024,-2.3274567127227783,-2.543522596359253,-4.272608929893374,1.2989771502315997,-5.1496197279602285,-0.5998031497001648,0.3534832298755646,-0.9122272190071642,-0.2363770902156829,0.4697438562534749,0.6512788925986737,3937
1726744914618908000,2.914933214716613,-2.741463776731491,0.9475856787666678,4.51412548366636,-8.49407687061429,-1.908858668232709,-1.5224783420562744,1.2432962656021118,3.772297143936157,-0.5210359622673159,0.353345869328192,0.687365551736692,-0.3622111858241123,0.7932499647140503,-2.0829339027404785,-2.3243942260742188,-3.157410137954354,2.007405697833001,-6.02262596656084,-0.5730311274528503,0.2010068148374557,-1.1664191299580038,-0.0077070333063602,0.652014075005427,0.8676095671888441,3938
1726744914658678300,4.600494145825505,-2.1827298237741,1.6028677425920963,3.303214447161555,-8.955096299272775,-2.2506487831376494,-1.3982778787612915,0.9518803954124452,3.667438983917236,-0.4970145556798659,0.4265114855600658,0.6579050882936335,-0.3717868113142366,0.5270931124687195,-1.732852339744568,-1.9944913387298584,-2.109479878646136,2.721738501042128,-6.745812815093994,-0.4976299405097961,0.0710640251636505,-1.2167354318093508,0.2182171791791916,0.7982094293568283,0.937565000816062,3939
1726744914698449700,5.995170973402262,-0.938304932463169,2.309934646451473,2.097829480601847,-9.215803583467006,-2.61504601277858,-1.0874651670455933,0.7250148057937622,3.3885295391082764,-0.4695972718591024,0.4902563809500677,0.6268803113385972,-0.3822933424464148,0.5101673603057861,-1.2037454843521118,-1.4654440879821775,-1.256931906184554,3.290118234223127,-7.281633509975672,-0.3546768128871918,0.0495318323373794,-1.297377167689055,0.3906947374343872,0.7897184451915323,0.7884897801794112,3940
1726744914738220000,7.793467764592171,-0.3218284001111984,2.538903268818557,1.0112087675672023,-9.310943873363732,-2.907610616743564,-0.6891677975654602,0.5059741735458374,2.800381660461426,-0.4438260612320904,0.5413243451884697,0.5959990192006405,-0.3934103467263715,0.3841513693332672,-0.5201129913330078,-0.7012691497802734,-0.817111332899332,3.7876638512462377,-7.493454890447855,-0.2120132744312286,-0.0068781310692429,0.4570674030970781,0.4204725623130798,1.168147268924862,0.4558666490051895,3941
1726744914777990400,9.006959757500887,-0.1004044940352439,2.71007728934288,0.156697404344473,-9.32033012586832,-3.0458634876579045,-0.0697104036808013,0.3045238554477691,2.07039213180542,-0.4247519879275814,0.5761629599874496,0.5686229524645624,-0.4053269680240493,-0.2079489678144455,0.0751728564500808,0.1164096221327781,-1.7501204970419406,3.5915117490708828,-7.709657847005128,-0.1121029928326606,-0.1126585230231285,0.8281164918426424,0.5313199758529663,1.239138913732022,0.4996576042084023,3942
1726744914817761500,9.123214147096872,1.188221358051896,2.211587961728871,-0.4761062308922409,-9.333594096589088,-2.971148146152496,0.4081844687461853,0.239982396364212,1.5069655179977417,-0.415348624323134,0.5963619072903922,0.5439107180092179,-0.4195224859881606,-0.950778067111969,0.7852700352668762,0.6684115529060364,-1.640969801971316,4.014019953027368,-7.677470564627647,0.0096656661480665,0.1159893870353698,0.8261212263721972,0.6562463045120239,0.5918031692685559,0.2109214542240835,3943
1726744914857526000,10.090815316671131,1.8378911349534988,1.6286051181778312,-0.868499574831128,-9.359875369793176,-2.79443198133111,0.5903781056404114,0.3787737190723419,0.7521580457687378,-0.414591631656245,0.6067586064766916,0.5237560244802099,-0.4308567158248225,-0.7425532341003418,1.802761435508728,1.2333694696426392,-2.507131289243698,3.207539319735765,-6.530197303035855,-0.0332673527300357,-0.0344630070030689,0.3053042402843944,0.4936560988426208,0.0676967679802328,-0.399104312819615,3944
1726744914897296100,10.20678796671629,2.340314002624154,0.8530421857193112,-0.9358409535024316,-9.42281084165573,-2.5505302859872576,0.7754895091056824,0.667564332485199,-0.0653114840388298,-0.4260210048215058,0.6092221399673529,0.5088115890900905,-0.4341257735460915,-0.4055453836917877,2.461034774780273,1.7137632369995115,-3.061411185401678,2.661179110661149,-4.853462360200286,-0.0534356795251369,-0.136129543185234,1.5301932592645286,0.4038372039794922,0.2119699586300179,0.1974487361234612,3945
1726744914937067800,9.87237013414502,3.052757338824868,0.2370782790645957,-0.7130524080097674,-9.516354802271724,-2.2585328143857417,0.8890753984451294,0.4360041618347168,-0.8658680319786072,-0.4458282302669378,0.6028325265653307,0.5017430346426348,-0.4313748084783835,-0.9998343586921692,2.5955235958099365,2.0826966762542725,-4.771552723276615,3.2118235729262232,-3.739996091142297,0.0471460819244384,0.1248513534665107,0.0292725868074456,0.4883439838886261,-0.7941435681574046,0.4194520312562584,3946
1726744914976838100,10.656482868283986,2.3818209020107983,-0.96501904412657,-0.104786892104242,-9.615453474405408,-1.924184393788874,0.8269091844558716,-0.4165783226490021,-2.415455818176269,-0.4702234148369019,0.5792558148922898,0.5124146781898504,-0.4251869695096866,-1.776538610458374,2.5877509117126465,2.45943284034729,-5.626027279886603,2.197334395448864,-2.1907073785245417,0.0308697465807199,0.3198768198490143,0.5688332125695422,0.3029315769672394,-0.8653633226320147,-0.1999727016431279,3947
1726744915016608300,9.497048044255376,-1.0765402677208185,-1.3519266501307488,1.0889143769297749,-9.596661095651983,-1.6996325649507342,0.4284050762653351,-1.2355163097381592,-3.977022647857666,-0.4952173483679133,0.5311416396770283,0.5518565995126572,-0.410003213873468,-1.5429508686065674,2.387749671936035,2.6166603565216064,-5.816852634081244,0.424878147958219,-0.337868265286088,-0.0189744140952825,0.1213414669036865,0.8587102214183658,-0.0821213498711586,-0.2700863763056695,-0.5131164033815264,3948
1726744915056379600,6.98549250882864,-4.21890481223464,-0.3163922004066407,2.6429385205715894,-9.29067674588263,-1.6936890002459286,0.1733103692531585,-1.1474461555480957,-4.558194637298584,-0.517514368559326,0.468238384541061,0.6058934879128648,-0.3818700750048587,-1.2335525751113892,1.998654127120972,2.4127254486083984,-4.86772060265541,-0.7179822656273841,1.4110130453497172,-0.0512513108551502,-0.0230981558561325,-0.3732231813816353,-0.2664392292499542,-0.2234113900987431,-0.1489811034792568,3949
1726744915096150000,5.207988330298662,-5.448800242933631,0.064544076102972,4.273499448992312,-8.656488615751266,-1.7241744471415876,0.3400783240795135,-0.5820680260658264,-4.883406639099121,-0.5428879641837917,0.4003066815438579,0.6539594742908892,-0.3425845619676223,-1.2740744352340698,1.554191827774048,2.1273763179779053,-2.853867336118221,-1.982898448564112,2.684532513719797,-0.0505211651325225,-0.0936188995838165,-0.7709886833455413,-0.2820852696895599,-0.1208696374396327,0.2172312766917049,3950
1726744915135920400,3.743993051823973,-7.588883934158086,-0.4654771387197077,5.917509641572833,-7.642279424259066,-1.6580305346265434,0.5813483595848083,-0.2648927569389343,-5.357362747192383,-0.5732946254313799,0.323723012087954,0.6926322587919626,-0.2946139939100451,-0.3790860772132873,1.4666417837142944,2.378655195236206,-1.8654671241432428,-3.4569857897251843,3.091404172605276,-0.0308500155806541,-0.1760914921760559,-1.3183854689262806,-0.2215216904878616,-0.1185253576021175,0.4492263342078775,3951
1726744915175690800,0.325171280798316,-8.915861436471342,-0.912975407025963,7.397028067871927,-6.250359201914072,-1.5451220944575963,0.733500599861145,-0.3571184277534485,-5.259385585784912,-0.6019858714333649,0.2382642811448118,0.7225022039925151,-0.2425568864411567,1.0757534503936768,1.3670779466629028,2.4808130264282227,-1.430364227029681,-5.191700043320656,4.506550372236966,-0.0130973188206553,-0.1972763389348983,-1.492059781833738,-0.2032275348901748,-0.0289116742233163,0.4057966500651091,3952
1726744915215462000,-3.2949685968637463,-8.540203831017017,-0.8532710260391235,8.42544406389296,-4.772604862678051,-1.550657370622456,0.641292929649353,-0.5880298614501953,-4.25829029083252,-0.6183378291066091,0.1569540633787948,0.7445985118922744,-0.1964609081993373,1.1442753076553345,1.2046911716461182,2.1557047367095947,-0.2391325812458991,-5.105144626417756,5.133156668937206,-0.0531695410609245,-0.2509585320949554,-1.43037080290094,-0.1864701509475708,-0.0121862265206174,0.3942369990441948,3953
1726744915255232300,-4.735600535407662,-7.382491592997312,-1.0613479592859745,8.998925504127143,-3.4966114054098725,-1.7214621194429696,0.0541924387216568,-0.7633436322212219,-3.277233839035034,-0.6224709391657721,0.0940654220876338,0.760869135384851,-0.1573523843316839,1.2257437705993652,0.770462155342102,1.63874614238739,0.4081698820024728,-5.926389698120952,6.091901162838935,-0.0967312380671501,-0.1494308710098266,-0.6617001872394234,-0.1233807504177093,-0.0958545847790781,0.4716840305358171,3954
1726744915294941000,-5.153695599097013,-7.880794750389456,-0.3911936127603054,9.288182590979336,-2.3970642099805173,-2.0381730304099617,-0.5924219489097595,-0.7063869833946228,-2.6397361755371094,-0.6182728401842711,0.0502158797271944,0.7754974342758603,-0.117562150735884,0.9774472117424012,0.2896086573600769,0.9309123754501344,0.3577215512692928,-6.335045317813754,6.682028617447615,-0.2315614223480224,-0.0767600685358047,0.7144418896067887,-0.0768716484308242,-0.158662475606054,0.3380724826212972,3955
1726744915334709800,-6.874081467610597,-8.109485432597994,0.8780329807214439,9.424353394922614,-1.4918614827826615,-2.264126104348153,-0.9429484009742736,-0.0850695669651031,-1.7862013578414917,-0.6152173290672889,0.024343730293201,0.7841209637651031,-0.0779051754207037,0.7591372728347778,-0.5043348670005798,0.2421871274709701,-1.026529159361124,-6.756342392414808,6.679392423725128,-0.4043874740600586,-0.0232327338308095,0.741670015206933,-0.0823860019445419,-0.19066937818164,0.1990448096758686,3956
1726744915374477300,-8.617039817938208,-7.3238301451921455,1.489123289990425,9.525340072759985,-0.9203040694136172,-2.142740927734971,-0.9277934432029724,0.9759060144424438,-0.769169270992279,-0.6233283992146079,0.0163908450774441,0.7803721694821719,-0.04703598178021,0.2507483065128326,-1.0977733135223389,-0.5882076621055603,-0.902580708131194,-6.039654842773079,5.275279659283161,-0.4800995588302612,0.076570339500904,2.2606270101860164,-0.1110364273190498,0.1853986712370999,0.0979157276931218,3957
1726744915414244900,-10.015396795332432,-7.859949530759454,0.5282767092429101,9.62693816049397,-0.8076591755516827,-1.6852752460353075,-1.0462775230407717,1.404392123222351,0.6981927752494812,-0.6427858888689226,0.0283372753295076,0.76493275652138,-0.0300214043647538,0.2190143465995788,-1.5475457906723022,-1.187511682510376,-1.973310243746638,-5.796341176450253,4.659490524673462,-0.5073119401931763,0.1823876798152923,0.6319066681306809,-0.0538404956459999,0.085462278770795,0.1159561738343909,3958
1726744915454013700,-8.617757610818742,-7.313819623309373,0.5734124666512013,9.630953241354227,-1.3566323436036705,-1.2548615296512842,-0.6721174716949463,0.9217759370803832,2.3082215785980225,-0.6593473646360688,0.0642901446406288,0.7482291815270593,-0.0357904557598521,0.3235125243663788,-2.0403072834014893,-1.833105206489563,-2.643929869696498,-5.13055730009377,3.00264101652503,-0.532724142074585,0.0895857140421867,-0.3953071855589747,0.0126540074124932,0.509597508540377,0.0876085792176425,3959
1726744915493781200,-4.9988919908761975,-7.253214640221,-0.1673660065434873,9.457941776269674,-2.346187278571725,-1.1014116010617463,-0.2140887677669525,7.49172613723e-05,2.8201069831848145,-0.663156184746949,0.1094391595325829,0.737685185329153,-0.0637765307628164,0.6391948461532593,-2.0196661949157715,-2.286886692047119,-2.8131676614612338,-4.001281759746372,1.4884148494601248,-0.5436254739761353,-0.1266119629144668,1.188235971099138,0.0723078399896621,0.9300604704048484,0.0542172000137157,3960
1726744915533549000,-3.423893667462468,-7.362174196633696,-0.6892939312815666,9.10458601899445,-3.41053617323935,-1.2826304110646247,0.0063041313551366,-0.8907306790351868,2.972499132156372,-0.6513859091191094,0.1522217846083449,0.7363589353989334,-0.1014910302049068,1.303393840789795,-2.42807936668396,-2.366865396499634,-6.342303326117992,-3.550506661726534,0.0266459417980164,-0.5080476999282837,0.0391334146261215,0.0997188772581052,0.0120234433561563,0.3881421893004327,-0.3264479496706277,3961
1726744915573318000,-2.36160112080276,-7.5354364216089245,-0.5543405403040349,8.532505677729844,-4.534781025943159,-1.674063093277812,0.0770748928189277,-1.2610046863555908,3.4340755939483643,-0.6269454663018874,0.195442492607559,0.7396997321191668,-0.1469213714275802,1.2045402526855469,-2.372120857238769,-2.4693753719329834,-5.309419829294085,-1.924478846690804,-1.988161337528377,-0.5998161435127258,0.110557772219181,0.233094543190673,-0.2073974162340164,0.3652199442006647,-0.5523289082206785,3962
1726744915613085400,-0.7724357403486967,-6.525451569813489,0.2208916988953947,7.691231378954648,-5.736901145488023,-2.025671130102873,0.0880939364433288,-0.857072114944458,3.922914743423462,-0.5979387666852877,0.2451805748941731,0.7369986231843603,-0.197961830170786,1.2608628273010254,-2.3330349922180176,-2.5678181648254395,-5.443051470148563,-0.7669787901170552,-3.0743419786453243,-0.6864641308784485,0.1422868221998214,-0.7289747112195938,-0.353476881980896,0.3414773226287216,-0.3018643106972798,3963
1726744915652853000,0.9047709116518496,-4.9156011287271975,0.5339595771849155,6.632774464935064,-6.911006884425878,-2.1011143474914133,0.0810997411608696,0.2250852286815643,4.182872772216797,-0.5752428365820004,0.3016502296845989,0.7184247742130279,-0.2489351072811529,1.2343997955322266,-2.126246929168701,-2.598793268203736,-3.8412329443484543,0.3048544689565897,-4.34736577245295,-0.7192190289497375,0.1644456684589386,-1.338128426402807,-0.3168832957744598,0.3328543095815927,0.2114842757386155,3964
1726744915692620800,2.5844068366259334,-3.5195822388917204,-0.3517804707825183,5.43901183936894,-7.918566554901004,-1.9707453616946933,-0.6208070516586304,1.2897971868515017,4.2286152839660645,-0.5622315878450003,0.3676902790685735,0.6821172230740399,-0.2888175666006061,1.2701921463012695,-1.878732204437256,-2.5359995365142822,-2.8553906001627443,1.1366887392133471,-5.2585751927196975,-0.6545825004577637,0.2141849249601364,-1.833310236904025,-0.1518557667732238,0.4630582410097122,0.6294334098849446,3965
1726744915732389400,4.219929771368205,-3.269453047335148,0.2415896190091967,4.190601677814126,-8.632722540238499,-2.0212294943936167,-1.4922975301742554,2.004518985748291,4.108146667480469,-0.5501484764574415,0.4447457845770975,0.6365965831465715,-0.3070549841664546,1.0962486267089844,-1.639164924621582,-2.395838022232056,-2.194229122909904,1.9550693613961336,-6.160946057492494,-0.5560752749443054,0.1189120262861251,-1.7020356805697083,0.0676061511039733,0.8345273087330162,0.8836363536864519,3966
1726744915772157200,5.5229012519329785,-2.863375169175863,1.283105335099995,2.9401524116471407,-9.068426910376548,-2.2998921219952404,-1.8227994441986084,2.401552200317383,4.040297985076904,-0.5359984466858513,0.5265034187314277,0.5831432170987355,-0.3089397053654019,0.583846390247345,-1.4009721279144287,-2.2073161602020264,-1.873727002966404,2.744363297565281,-6.784060420423746,-0.4372387826442718,0.079969398677349,-1.177023891406879,0.2174685150384903,0.8447520578883588,0.6931806365218013,3967
1726744915811925000,7.303169634479284,-1.939160136863589,2.092210763937235,1.7473616998530923,-9.24684987911582,-2.7591461484164,-1.8218082189559937,2.198763132095337,3.688678979873657,-0.5172107969526929,0.6034903155793572,0.5258105568625091,-0.3030110660931788,0.0788300707936286,-1.0107018947601318,-1.843219757080078,-1.449926421111822,3.361740285888314,-7.081513088691234,-0.3775467574596405,0.1063398271799087,-0.021652017384686,0.2559728026390075,0.9411601757638156,0.3813833992226049,3968
1726744915851687400,9.125413118445874,-1.326993868926167,3.087203798305988,0.7527638022817671,-9.2161724167794,-3.265871389456093,-1.3568845987319946,1.622721791267395,2.900726556777954,-0.4958297165843127,0.6645696186691477,0.4741943951973847,-0.2960403165681772,-0.3521572649478912,-0.447275698184967,-1.1033178567886353,-1.9431874926835293,3.723085872873664,-7.410335293212532,-0.3835797607898712,-0.0474785603582859,0.9642490826673804,0.2580263614654541,1.0413684165745971,0.3369995926927775,3969
1726744915891455200,9.779221894848346,-0.1783919890791177,3.7223791859090327,0.0582531090328702,-9.12397987077236,-3.594439034694433,-0.5540001392364502,1.1969835758209229,1.942774534225464,-0.4811505929937232,0.7039364195607355,0.4332884840969179,-0.2919396173431682,-0.8089969754219055,0.0846408233046531,-0.1782944351434707,-2.591354463806748,3.675537939757109,-7.334623926407098,-0.3560306429862976,-0.0697110369801521,1.3093521215125918,0.2897891998291015,0.8399804595723748,0.332206001740694,3970
1726744915931223000,10.028349800407886,0.1866524524241685,3.5235508502617474,-0.3242013763202354,-9.09173822785914,-3.661368252368271,0.2092284858226776,1.0623544454574585,1.091942548751831,-0.4793590706633441,0.7244433000144406,0.4023179597773538,-0.2890280486518781,-1.294769048690796,0.926055669784546,0.6746863126754761,-2.2079081041723487,4.085813269606232,-6.6163704426229,-0.3201977908611297,-0.0711741372942924,2.447065381468087,0.2483181655406952,0.5793700233487412,0.0681376207826426,3971
1726744915970990300,9.829648598271609,0.6963935341536999,2.8787165306925773,-0.4374943588273599,-9.12892141882777,-3.555527704758942,0.6209200024604797,1.0961958169937134,0.6179027557373047,-0.4868044847411124,0.7309216081311043,0.3834515112992132,-0.285901959531642,-1.481151461601257,1.8725448846817017,1.5387002229690552,-3.480000754609704,3.9409634846448895,-5.863207558020949,-0.3606623113155365,-0.1865029484033584,1.2778623198799788,0.106490321457386,-0.1129131346103735,-0.0720565843246644,3972
1726744916010759400,9.315769101563095,2.823272875890136,2.181781144747138,-0.4005103436926379,-9.228658388864991,-3.2926895460158585,0.8808397054672241,1.0866669416427612,-0.0608610212802886,-0.5044720074338136,0.731842144424342,0.363713515232198,-0.2786169579624837,-0.690384030342102,2.5581185817718506,2.3781726360321045,-3.4581980881243943,3.1815871323555704,-3.98079923594892,-0.3892983794212341,0.2210752069950103,0.0630533900206442,0.1683673560619354,-1.129958919501677,0.2566549583298154,3973
1726744916050527000,9.694946113315224,2.651394214227796,1.1994532384231686,-0.0397295418500434,-9.347826035559176,-2.964278552643955,0.9535677433013916,0.5051374435424805,-1.3739992380142212,-0.5275436617413175,0.7222554657694368,0.3598377150313859,-0.2656341943393959,-0.0161928460001945,2.9854023456573486,2.919225215911865,-4.340128222414851,2.474439564475417,-1.4360142156153917,-0.4089962244033813,0.1767067313194275,0.1120358768518082,0.2069997638463974,-0.8646395384021103,0.2513446134946309,3974
1726744916090294500,8.398722645705938,0.8513666537225246,0.7697939936682582,0.7321641549106687,-9.43458018990457,-2.5735256693884727,1.1517471075057983,-0.4718154370784759,-2.648012638092041,-0.5530865546754002,0.6960392937469411,0.3830699638522758,-0.2507629463252707,-1.3168128728866575,2.5104410648345947,3.1172690391540527,-6.030573710694909,2.5322353353619573,-2.0044810425579547,-0.396643728017807,-0.0039346455596387,0.5028010533332824,0.0075140711851418,-0.660257660280913,-0.2159249615998007,3975
1726744916130063400,6.351610083645582,-0.8960492605358361,0.6869383080661297,1.7840369412995871,-9.401412664318084,-2.145006826840341,1.3958070278167725,-1.2938789129257202,-3.293235540390014,-0.5774188593231693,0.6528349133021302,0.4279853860504484,-0.2392124854449745,-2.169487476348877,2.2039802074432373,3.193960666656494,-5.1992514816135165,0.969666869932413,-1.4969358634375034,-0.3207088112831116,-0.1031277328729629,-0.2609903754519299,-0.203560322523117,-0.4918892717618495,-0.247926073755417,3976
1726744916169831000,5.100975231778621,-1.795930062058568,0.4739141276754439,2.9498271257042883,-9.191509684687851,-1.72772760957852,1.642522931098938,-1.7251280546188354,-3.649121046066284,-0.5985655466484697,0.5964407583718594,0.482024909723901,-0.2315807216847096,-1.994972944259644,1.5774990320205688,2.9330551624298096,-4.447343565508723,-1.565603595341742,1.7567600811868904,-0.252018541097641,-0.16104257106781,-1.0549830273639411,-0.3347813785076141,-0.3770597638698295,-0.0901223338705487,3977
1726744916209598500,4.563182360041141,-2.867654453930258,-0.2507167821861803,4.265586776171625,-8.724322965571284,-1.3643217290624976,1.788733959197998,-1.8310112953186035,-4.366668701171875,-0.6176637437840306,0.5265298311833417,0.54067308412292,-0.2212025854369299,-1.3133885860443115,1.4219279289245603,2.557769775390625,-2.817695952540636,-3.2101942181587217,3.990248032295704,-0.2564053833484649,-0.2109071910381317,-1.3930496647663413,-0.3340530395507812,-0.3784575018385425,0.1586626217365264,3978
1726744916249367300,2.8630887534499165,-5.173708459556102,-1.269188745689392,5.762770915281772,-7.84880328284502,-1.1649659354750066,1.350572109222412,-1.4861583709716797,-5.10730504989624,-0.6339894606005952,0.4447009243954669,0.6013633025040543,-0.1966230577635501,-0.0456841588020324,1.3407819271087646,2.3050224781036377,-1.8839140504598617,-4.851054714536667,4.416186795222759,-0.25569948554039,-0.1904218345880508,-1.7412860332012174,-0.2576346397399902,-0.4420023012384772,0.3346632221670821,3979
1726744916289135000,-0.6170879422485828,-6.960863679006695,-1.4132733914971352,7.202040333300829,-6.55754708225429,-1.1399922377381473,0.6036215424537659,-0.5327853560447693,-4.996459007263184,-0.647261628367422,0.363911040483494,0.6524509054412124,-0.151423218492281,1.1366229057312012,1.337749719619751,1.8284218311309808,-0.6360545085251331,-5.764646646025777,4.6014510081589215,-0.2540923357009887,-0.1908534616231918,-1.5659132458128031,-0.214653730392456,-0.4165846225937828,0.3552414248913526,3980
1726744916328912400,-4.593177100810409,-6.837905407857894,-1.566709218496084,8.229520509776473,-5.216600675821304,-1.1101577290318905,-0.195294052362442,0.3042324483394623,-3.641921043395996,-0.6586645165524446,0.3025817845003117,0.6819432195586969,-0.0977687260710724,1.6671617031097412,1.0894639492034912,1.2514262199401855,0.1744476353675127,-6.111058867773413,5.563308665645122,-0.2611064016819,-0.0737200304865837,-1.3794200756035744,-0.1514429152011871,-0.592778115247935,0.4052814305519684,3981
1726744916368680200,-5.229616224738956,-6.138794431439042,-1.787004851194471,8.800865522503852,-4.1882945699155325,-1.0831937342606484,-1.0054998397827148,0.3783917427062988,-2.3976190090179443,-0.6651718604486745,0.2707807299296078,0.6941939975198143,-0.0481534996117073,0.9942357540130616,0.7154268622398376,0.6707962155342102,0.8548761231482028,-5.329798600456118,5.9782654313087455,-0.2588716447353363,0.1638016104698181,0.253288240109384,-0.0603879876434803,-0.5264126689366996,0.4392902292681858,3982
1726744916408449500,-5.3314375998348,-7.022948671519756,-0.928146234281361,9.13537687857747,-3.3783620426043868,-1.1410430619653311,-1.658352971076965,0.5252972841262817,-1.812600016593933,-0.664697603872177,0.2596934417102989,0.7005257463809628,0.000526857719147,0.5654798746109009,0.0741727352142334,0.3465782105922699,-0.4850532151967286,-6.271973652350902,6.55172875136435,-0.3482501208782196,0.2685310244560241,1.188412935101241,-0.0016772348899394,-0.5286639915274456,0.3168532055145129,3983
1726744916448217300,-7.475009717696905,-7.454339854633807,0.1911034404836595,9.346528396964072,-2.773839275157452,-1.0576551691826432,-1.974493145942688,1.2174583673477173,-0.9266868829727172,-0.6660423587311542,0.2641769781447675,0.6957987723899665,0.0496215582167116,0.719601035118103,-0.8106480240821838,-0.0139730125665664,-1.3877403063118456,-7.309167998111247,6.42024581297636,-0.3519963920116424,0.4253640174865722,1.1089225612137463,0.0075817955657839,-0.3292527414256707,0.0304224600954679,3984
1726744916487985700,-8.934985823658108,-7.5726394863218065,0.6612906565904617,9.42519919809699,-2.6134914768129587,-0.7111205631643533,-1.416558027267456,1.3915197849273682,0.4766053557395935,-0.6756666780370009,0.2821803890791955,0.6757449853602153,0.0849564628178503,0.0356924571096897,-1.4170918464660645,-0.81539386510849,-1.333736913445592,-5.790078608924151,4.482016819483041,-0.4954488277435303,0.3041239976882934,1.2927192588806151,-0.0436537526547908,-0.0614553208739729,-0.092867979316879,3985
1726744916527754500,-7.287634796217083,-7.415867208376526,-0.0687152973730117,9.317470060262083,-3.0204578282445667,-0.4816522476468235,-0.4436820745468139,0.2512021660804748,1.689934253692627,-0.6840491645487393,0.3082146181008124,0.6554091697756852,0.0867144671988338,-0.0489790216088295,-1.8197567462921145,-1.6394628286361694,-2.4180595056056973,-5.476205551731586,3.4426714331686497,-0.5585886836051941,0.0547761991620063,1.121407948777452,0.0191292930394411,0.7390038647376,0.1510831903250422,3986
1726744916567522800,-5.243104651865363,-6.326324835741519,-0.260465365197137,9.03776581465304,-3.758651107251644,-0.6014471228612587,0.2766969799995422,-0.7229374647140503,2.2776005268096924,-0.6826234055538027,0.3356395160097035,0.6465379993692134,0.0579664641653818,0.287104994058609,-2.0432791709899902,-2.214950561523437,-3.334210473927856,-4.38144895157963,1.8036720544874667,-0.5110684037208557,-0.1881251037120819,1.1351105301111937,0.1579834818840026,1.0455958250112831,0.3107765159493312,3987
1726744916607290600,-3.328657515975833,-5.697269392323494,-0.670815952239558,8.612959270626305,-4.611414768290519,-0.8498018155585974,0.4304378032684326,-0.9181997776031494,2.442174196243286,-0.6756233930667719,0.3616165940628825,0.6423093282610985,0.0143231873427842,1.017082691192627,-2.1045258045196533,-2.447583198547364,-4.559121101951599,-3.725718559464812,0.6658347297608852,-0.4486446678638458,-0.2124273031949997,-0.1930458615220151,0.2319106161594391,0.4800019596891477,-0.0262705234812106,3988
1726744916647059000,-2.54413035581708,-4.594798564532399,-0.7219546763896941,8.090448139172793,-5.449177259552479,-1.0106989914141595,0.2571992576122284,-0.4312440156936645,2.5089869499206543,-0.6690581166460674,0.387989582140915,0.633241970577396,-0.0288091007904606,1.7925608158111572,-2.293290853500366,-2.4329185485839844,-5.192525972750783,-2.5205115798205138,-1.0835814184039831,-0.4318053126335144,-0.1080436632037162,0.1366092958252411,-0.0622429735958576,0.4648915208514779,-0.78020425545834,3989
1726744916686827800,-1.8570289661437271,-3.8993238987892864,-1.1965384469550102,7.473825476348399,-6.253586931788921,-1.09770522082448,-0.4995363652706146,-0.0112848104909062,2.705569267272949,-0.6632810385930452,0.4213901764676753,0.6151403973612617,-0.0639595361668834,2.041781187057495,-2.1895880699157715,-2.392494440078736,-5.462618340405822,-1.068745376060903,-2.865618856449425,-0.3949346542358398,0.0673036947846412,-0.7690739357654005,-0.332025796175003,0.2286573096618987,-0.5918196820119396,3990
1726744916726596000,-0.7278589319974184,-3.339170142161846,-0.2052688900887966,6.7289253931790585,-7.017398636177182,-1.2837757817074655,-1.1725810766220093,0.3875350952148437,2.976839542388916,-0.6531455316914271,0.4673939386719837,0.5890647275883829,-0.0891438370373253,1.8358404636383057,-2.135705947875977,-2.4070730209350586,-4.769046293413639,0.174997085943818,-4.389190359486639,-0.4024583101272583,0.2358730137348175,-0.8868814730875193,-0.4114384651184082,0.26505225459598,-0.1364191800806205,3991
1726744916766364200,0.5070329918146134,-2.6461715111434456,0.7320237965919077,5.861392617553472,-7.712789715290069,-1.5255515709385274,-1.456218719482422,0.7948419451713562,3.1259562969207764,-0.6408180390051447,0.5207043688160756,0.5537584723669032,-0.1075669053435262,1.4417437314987185,-1.9596587419509888,-2.4642722606658936,-3.548828207120299,1.3083067041128873,-5.165069810548425,-0.3998535573482513,0.2494376003742218,-1.318935796285421,-0.2998367846012115,0.4373818383635953,0.3778711533179506,3992
1726744916806133200,1.4375006547808646,-2.124472865116596,1.4867980619132517,4.910425771915913,-8.292997833430766,-1.812260434612632,-1.5260564088821411,1.014019250869751,3.233414888381958,-0.6267773921048366,0.575589153344396,0.5109762177291457,-0.1214517341338894,1.0683763027191162,-1.7158231735229492,-2.422281265258789,-2.577713476467133,2.028487356567383,-5.937346560943126,-0.3664788901805877,0.1557333916425705,-1.5563647884838283,-0.0929229408502578,0.6702640905104578,0.6696135907124727,3993
1726744916845898500,2.806269426380098,-1.873950290328264,2.174580565718561,3.858588860557973,-8.76662890638113,-2.104251038081944,-1.2863874435424805,1.1705145835876465,3.443978309631348,-0.6118142415169372,0.6284013029631567,0.4608673824914068,-0.1356329986504671,0.6751677989959717,-1.4741219282150269,-2.2453408241271973,-1.921015992885828,2.6825568297326563,-6.577467588254809,-0.2921298742294311,0.071027398109436,-1.317632458601892,0.1021649688482284,0.7869349519528448,0.6525658636692911,3994
1726744916885666300,5.019264332297444,-1.3892191466927528,2.194064579997957,2.7229855784937738,-9.1234222368896,-2.3492390673577783,-0.8948141932487488,1.017546534538269,3.417169570922852,-0.5973103338212505,0.6748450750835288,0.4054158119747185,-0.1531098509053778,0.1784077882766723,-1.1661843061447144,-1.828843593597412,-1.5771879424124955,3.6291251481503246,-7.275847912311553,-0.1893714070320129,-0.0376506224274635,-0.9706426561620086,0.1993862986564636,0.9204689045865088,0.5077059591727331,3995
1726744916925434600,7.480253463569283,-0.6919201881319283,1.6167022066771983,1.6156177724413572,-9.336942237973211,-2.5261998545899984,-0.4606342315673828,0.4245526790618896,2.920264959335327,-0.5835183639056636,0.7094574897464051,0.354218037672051,-0.1752312834233047,-0.2455823570489883,-0.5941271185874939,-1.105331540107727,-1.3320873926728962,4.397671479845047,-7.521040816509723,-0.0464096516370773,-0.0476322807371616,0.822266231444478,0.2042357921600341,1.1027926070913672,0.334633046224527,3996
1726744916965203500,9.383265597730874,-0.5684867006868124,1.581938644070923,0.6542750056747346,-9.429548625478148,-2.612641874246299,0.0307438243180513,-0.3127901256084442,2.22352933883667,-0.5705634819421429,0.7293951128506859,0.318104435078558,-0.203099841248133,-0.6279443502426147,0.0986200273036956,-0.0936520546674728,-2.54989198808372,3.923094065955281,-7.276832247173786,0.0173839200288057,-0.1861717104911804,1.5079298433996735,0.222115010023117,1.101359505548328,0.3181788280950859,3997
1726744917004971800,9.961210447114706,1.4384218612790107,1.7254153871133922,-0.0822855940965935,-9.481740585008264,-2.502033966104686,0.5181801915168762,-0.1129070743918418,1.4998470544815063,-0.5651027314737023,0.7361261905439661,0.2927224959089402,-0.2304138636337162,-1.0223335027694702,0.5995479822158813,0.8822214603424072,-2.874261304849386,3.926810456129908,-6.95498105070889,0.1202635690569877,-0.0095327347517013,1.7524224903739989,0.181700512766838,0.3676599577639252,-0.0257629484184086,3998
1726744917044739800,10.925400346940757,2.118387407723069,1.1183759606704116,-0.4322128016952425,-9.525898875686526,-2.2892905023515224,0.6281229853630066,0.574228823184967,0.408314436674118,-0.5700330485051569,0.7362255266010502,0.2733007551743833,-0.2415390069183265,-0.7891955971717834,1.644186019897461,1.5800424814224243,-2.5520915439546106,3.679035134223103,-5.566310770070553,0.1547992527484893,-0.3679291605949402,1.1487911188088358,-0.1542396545410156,0.3597131634779274,-0.2912426894451491,3999
1726744917084509000,10.253476068133114,2.3611446092069146,0.2189841117084026,-0.3235245365045964,-9.594626374953984,-2.0022154357135293,0.938901424407959,1.1123446226119995,-0.5140233635902405,-0.5868409307091145,0.7310425466560232,0.2601179966663096,-0.2313723713481226,0.0879474058747291,2.045783281326294,2.092773675918579,-3.6865485785931353,2.660266671991348,-3.166186734127998,0.1585876941680908,-0.5615394711494446,1.0903421447105706,-0.2561729848384857,-0.0434744092004839,0.4240944867672398,4000
1726744917124277000,9.428924356099962,2.7525930735111235,-1.116774662953615,0.0938629725704435,-9.670189857721327,-1.6275789900004862,0.9687430262565612,0.8768200278282166,-1.3057641983032229,-0.610372440314909,0.7192289709189166,0.2563066945908265,-0.2108603364017761,0.5409473776817322,2.4720404148101807,2.366687059402466,-3.3811464126259088,2.6799048539191483,-3.142806735323369,0.2590326964855194,-0.2091378569602966,-0.3126061790619045,-0.099030427634716,-0.7938497728426009,0.4757906986696645,4001
1726744917164045000,8.800176955717802,1.9559207175284623,-1.872951780810207,0.8521967478711158,-9.679165775859357,-1.3258509825013578,0.5329414010047913,0.2111374586820602,-2.4740707874298096,-0.6314398926717659,0.7022223848461562,0.2729163085848234,-0.1835320314991537,1.0860763788223269,2.593227863311768,2.766597270965576,-4.231235301497579,1.7424030545324083,-0.6095581312656402,0.3205550014972687,0.0766250267624855,-0.0417672171235317,-0.1139043122529983,-0.9630209291119128,0.0657556666827062,4002
1726744917203813000,7.705318356496095,-1.302491880354285,-1.6737060965336858,2.015439805076271,-9.520048980614542,-1.2153477037779987,0.1265680640935897,-0.5910875797271729,-3.577763557434082,-0.64485106728717,0.679606797706024,0.3163859826715574,-0.1490023450109336,-1.0072275400161743,2.2999699115753174,2.7577507495880127,-4.1905280280560255,2.462657649005949,-1.6998440157443284,0.2854583859443664,0.0143900979310274,-0.0747608885470312,-0.3070541322231293,-0.6332127822931856,-0.3233903887309133,4003
1726744917243582200,5.702288097268343,-4.193711334267259,-0.4580465503275394,3.408397699905932,-9.103834908366204,-1.2936106547623871,-0.0568466484546661,-0.7777668833732605,-3.971103191375733,-0.6496743054088998,0.6509612573026478,0.3771010879842647,-0.1093966338287017,-1.979371428489685,1.9564807415008545,2.731149435043335,-3.4771161390841003,1.1060087926588953,0.5232844539135694,0.2392534911632537,-0.1479227095842361,-0.5850870492886752,-0.4109752178192138,-0.3719646326879039,-0.1298864447104744,4004
1726744917283350300,4.636276822346448,-4.90888204960525,0.6803600987195968,4.801666121989489,-8.438492930558324,-1.3806643765762447,0.0777713805437088,-0.0995781645178794,-4.23705530166626,-0.6523919146652571,0.6173614065192459,0.4350392894073828,-0.063170887664747,-1.586448073387146,1.6362043619155884,2.5650761127471924,-2.881176783326268,-0.90723657111302,2.999261310958862,0.1625465601682663,-0.2094455957412719,-0.9291435747556388,-0.3293793797492981,-0.3736910911543294,0.2372050107168033,4005
1726744917323118300,3.18958923702538,-6.426510718590021,0.3414063762843609,6.283668181797862,-7.425442261451482,-1.2444693149745465,0.3871086239814758,0.6319102644920349,-4.9955220222473145,-0.6607178058063451,0.5720411533301556,0.4860238631258144,-0.001305350903974,-1.0883066654205322,1.3774006366729736,2.5466110706329346,-2.271787578886747,-2.6634648835107684,3.159287622264028,0.0978691354393959,-0.2000798285007476,-1.3279362643428143,-0.1615195125341415,-0.4038025536384433,0.4774089475212618,4006
1726744917362851300,-0.9439362163484096,-8.041734669408202,-0.5796890627026557,7.684810990518331,-6.031681964197754,-0.8560841106984763,0.7310172915458679,0.972689926624298,-4.9268646240234375,-0.6719630413495552,0.5124211178844529,0.5301629383327118,0.069408598194246,0.2973672151565552,1.2400214672088623,2.288704872131348,-1.4769740025132894,-4.629624963241815,3.6523651539623736,0.0520557910203933,-0.2159172594547271,-1.3361394445426762,-0.0761823952198028,-0.1976527159966528,0.3907402795022353,4007
1726744917402617900,-5.105339856728911,-7.302296943297982,-1.6314496939539909,8.641126795968413,-4.620228481604158,-0.3934459217317402,0.8223517537117004,0.7222246527671814,-3.741417646408081,-0.6807992394738134,0.4518985268740946,0.5620034520231436,0.1282662441040243,1.451248288154602,1.1772483587265017,1.927135944366455,-0.62766778845191,-5.49270426658988,3.986753760439157,-0.0088902376592159,-0.2085660248994827,-1.3443750657074152,-0.018536377698183,-0.2201419582403264,0.4173940027479082,4008
1726744917442384400,-6.1023021453440185,-6.55974780716896,-2.2864742758870125,9.157005357539653,-3.507571190841496,-0.1288264325298369,0.4082954823970794,0.1936140954494476,-2.656490564346313,-0.6821230895440695,0.4059462833565072,0.584616057996909,0.1677493569254795,2.227092266082764,1.042970061302185,1.39774489402771,-0.0525303977042436,-6.073786829477548,5.028137959104776,-0.0680328384041786,-0.1297251880168914,-0.3201131936911493,0.015885479748249,-0.1017818742025177,0.2866261720930226,4009
1726744917482151000,-6.662127400669455,-6.0234103949368,-1.7330407674252986,9.44882791096568,-2.623847158871591,-0.0738336815663613,0.115730345249176,0.0482473373413085,-2.1682114601135254,-0.6761755518316872,0.3740648612087203,0.6031914702524981,0.197540157295542,2.2067906856536865,0.7260785698890686,0.8432968258857727,-0.3628261809319257,-5.874999118101597,5.70835426543951,-0.1526033729314804,-0.1021914556622505,1.020801356298849,-0.0278037507086992,0.0821910568140912,0.0681915337938116,4010
1726744917521918700,-9.245996477156876,-6.582565203654766,-1.948040193411708,9.612311084726452,-1.9422890825390813,0.0374672937231953,-0.3557149171829223,0.6492686867713928,-1.233850359916687,-0.6718033980911523,0.3521769498348492,0.6116053430302587,0.2249236235907827,1.842711925506592,0.0937722697854042,0.3275883197784424,-1.2689812404185532,-5.8064721098423,6.277194601869582,-0.2402916997671127,0.0221804268658161,0.3619458544334396,0.0136454179883003,-0.2174007332407869,0.196800227353163,4011
1726744917561685000,-9.94756536812186,-6.682220340627431,-2.3176041581660507,9.633027125018836,-1.804176935269684,0.3465776049098,-0.9625061750411988,1.1202259063720703,0.4712541103363037,-0.6766041934158329,0.3523903826615583,0.5984567465272661,0.2446983694361179,0.7763804197311401,-0.5753090977668762,-0.3729314506053924,-0.9746230310350656,-5.030009598195552,5.759202993667126,-0.2801797091960907,0.0479081310331821,1.941241765443236,0.04211001470685,0.4596388610202819,-0.1306819881354924,4012
1726744917601451500,-7.090337031137943,-7.597676896944642,-2.647854934185743,9.522097729837894,-2.256408223447204,0.6392691597227007,-1.1679236888885498,0.6978646516799927,1.6606605052947998,-0.6859266003354766,0.3753230142647381,0.5714358920037378,0.2491954666699714,0.2550021708011627,-1.2821598052978516,-1.0920095443725586,-2.0938211217433214,-4.897368721944093,4.761662612903118,-0.2676914632320404,-0.0844305232167244,2.343531795626878,0.0969386994838714,0.9685924456339328,-0.1275054221922997,4013
1726744917641219300,-5.343287612104415,-7.257850483328103,-2.216533893698454,9.29850875468254,-3.059362728439272,0.5902725987004116,-1.192454814910889,-0.2662314176559448,2.438204288482666,-0.6887604236915372,0.4137556298817722,0.5465443736081196,0.2360182012062414,0.8159560561180115,-1.9461402893066408,-1.664647102355957,-2.749984936839342,-4.970484811559319,3.654651803594827,-0.1414739787578582,-0.0491198413074016,1.2743763774603605,0.263068825006485,1.1127581207886337,-0.0230886192091973,4014
1726744917680985900,-3.0936300319612022,-7.449199569135904,-1.2763397864878177,8.912139785599708,-4.0859149764150375,0.2224418874794617,-0.8782227635383606,-0.8145779371261597,3.0686230659484863,-0.6853295939778963,0.4605941677360112,0.5258437336715281,0.2041198238992605,1.1077228784561155,-2.154254913330078,-2.047189474105835,-3.5858646830946204,-3.748937814749777,1.8820704684197904,-0.1885231733322143,-0.1689920872449875,0.2567306173819117,0.1423873305320739,0.4707973838943988,-0.741546315762028,4015
1726744917720752400,-1.0118635051488876,-6.11388035493493,-0.6631412528932095,8.313729071292281,-5.19917081759274,-0.1446028975281864,-0.2642757296562195,-0.6422174572944641,3.3111720085144043,-0.6837570379978362,0.5042623210989401,0.5030827045407583,0.1584411002751443,1.2239941358566284,-2.5660431385040283,-2.261492967605591,-5.026929167836904,-2.6398998835280536,0.1668937859218567,-0.2823297679424286,0.1331364661455154,-0.2427957616622559,-0.0856459885835647,0.1457620683675166,-0.9499204053245484,4016
1726744917760519000,-0.2825152113765478,-4.129000084903836,-1.2875754662513732,7.565077526634931,-6.2296624508440495,-0.3623286432059481,-0.2108488380908966,-0.4381900429725647,3.1892073154449463,-0.6851144695840734,0.5401891999237641,0.4760979390408248,0.110202187836734,1.7075045108795166,-2.5196001529693604,-2.2517285346984863,-4.209328590115905,-1.6712848607361317,-1.2855321238555013,-0.2980508506298065,0.2209095358848571,-1.2007250119246542,-0.1313934624195099,0.2300994530279189,-0.2353562045123428,4017
1726744917800286500,-0.021328034710884,-2.733033802038431,-1.2123638656616211,6.706686673364043,-7.134518118169903,-0.5379470028532669,-0.5429072380065918,-0.0759103000164032,3.230879545211792,-0.6841893452024262,0.5749582642364907,0.4436785524618442,0.0667626140430002,1.3055355548858645,-2.461453676223755,-2.2899301052093506,-3.670605159530044,-0.2944765750661492,-2.550056530995666,-0.2793191969394684,0.3814114034175873,-1.5543198386527597,-0.0079138306900858,0.1948657338929362,0.183099911041744,4018
1726744917840049200,1.273023209285736,-2.6164906586289405,-1.378608905351162,5.727772667136788,-7.920092741554975,-0.7969726541034877,-1.29157292842865,0.1025020852684974,3.282294988632202,-0.677081306807773,0.6145517593700012,0.4036835802507599,0.0304425713769341,1.098345398902893,-2.3114633560180664,-2.122494697570801,-3.685031159767509,0.1615134811230003,-3.9329476437106727,-0.2616486251354217,0.3163854777812958,-1.230897447348386,0.1089918166399002,0.555599308193475,0.2570691651538945,4019
1726744917879815700,2.5903116767555474,-2.9040315892130133,-0.0278701498307287,4.632546403646469,-8.542647717037797,-1.3164740823470056,-1.8138293027877808,-0.0062989853322505,3.435173749923706,-0.6579343643418324,0.6614444450753079,0.3600176987392571,-0.0010187993846395,0.6128228902816772,-2.261208295822144,-1.7782481908798218,-3.280951761949062,1.3396087280884383,-5.5702790891796345,-0.2222362905740738,0.2027699947357177,-1.4847579343877733,0.2094197273254394,0.6972413831546902,0.3291102642150595,4020
1726744917919582200,4.387770555816591,-2.5765350803375244,1.624832613901794,3.374231810931861,-8.998833149668574,-1.9508935370162128,-1.6259618997573853,-0.2125775665044784,3.672915458679199,-0.631819782507432,0.7080546350451338,0.3132515358891012,-0.0365516685465644,-0.10210482776165,-2.040369033813477,-1.5314369201660156,-1.6355407626599072,2.368608661477268,-6.319847748681903,-0.1707824766635894,0.228583350777626,-1.045391023154184,0.2544392049312591,0.5390261033268645,0.2074975989889353,4021
1726744917959349800,7.021767352780699,-1.6963269475340843,2.6593136090502143,2.026669493490457,-9.267770502069592,-2.484238197173178,-1.094704508781433,-0.3327734172344208,3.482151508331299,-0.6060809646712909,0.7456514636082926,0.2658284948744012,-0.0774922448706932,-0.71757972240448,-1.6150864362716677,-1.283560276031494,-0.8714894042968749,3.117756757479906,-6.702136754974722,-0.163069263100624,0.2310753762722015,-0.787130839851126,0.1572572290897369,0.5691967851849272,-0.2033956252965144,4022
1726744917999116300,9.184988758486508,-0.5044090730518103,3.1712182985544204,0.8139453431490808,-9.367184231501817,-2.786350381684303,-0.4769835770130157,-0.133850559592247,2.8231961727142334,-0.5870344051813919,0.7698955220026018,0.2220928013039743,-0.1154396273071046,-1.0614309310913086,-1.1521296501159668,-1.0234014987945557,-0.7965519444733857,3.581713700895011,-6.842988994732499,-0.1441026031970977,0.1715792566537857,1.1397297143444418,0.0215780939906835,1.014766240853071,-0.1852247577086091,4023
1726744918038882800,10.541736545163392,0.5763081880927086,3.513418163304031,-0.055581921628816,-9.380237774342298,-2.8598014023423195,0.1219757050275802,0.3641615509986877,1.830387830734253,-0.5783045128092771,0.7820012415363389,0.1851576317886496,-0.1405514180609156,-1.3441240787506104,-0.5564023852348328,-0.4923580288887024,-2.3232857109338045,3.8356612816959617,-7.010880632585287,-0.1045226231217384,-0.0104837976396083,1.2911829892240465,0.0092169949784874,0.9926073813412338,0.0355709654324455,4024
1726744918078650000,10.977862355583904,1.1463684217065573,2.9599817322328685,-0.4526528015252202,-9.42012963974774,-2.688240136066079,0.7976445555686951,0.9314002394676208,0.6746965646743774,-0.5844229549557456,0.7826943121408004,0.1563704290053179,-0.1462452674924647,-1.5111557245254517,0.1008749231696128,0.1297148466110229,-2.4717922648370263,4.591365667474269,-7.027948671764135,-0.0699324831366539,-0.1750662177801132,3.278928439427912,0.0060933427885174,0.995105481767282,0.0152810826968401,4025
1726744918118417000,10.211401013469697,0.917066329601407,1.6473592107474804,-0.411185795757547,-9.514345800536873,-2.340630667357892,1.1263785362243652,1.0310118198394775,-0.2746368944644928,-0.6019620352419751,0.7745630149438781,0.1392518903091275,-0.1352878857540496,-1.5269842147827148,1.1118292808532717,0.8853932619094849,-3.070297671690583,4.525372561606765,-6.033247898340225,-0.0772164463996887,-0.2232063263654709,1.9294253631822764,-0.0025492804124951,0.1753319256550632,-0.057647822916368,4026
1726744918158183400,8.731687356859444,2.108100406986475,0.7139750758126377,-0.1011890228759031,-9.622301148343086,-1.889827220026404,1.2502943277359009,0.7052034735679626,-0.9425495862960817,-0.6244472720733774,0.760465369958829,0.1343383585644761,-0.117094649724746,-0.9805207848548888,1.592923641204834,1.591838002204895,-3.644809039494395,4.408245480829477,-4.420176741641759,-0.1080527678132057,0.1489364206790924,-0.5776560590377077,0.0921591594815254,-1.1219088840369134,0.1893526512935757,4027
1726744918197950000,8.437186524134875,1.7947054886996745,-0.5340871490873396,0.4617616253279149,-9.690184598001837,-1.4343962590247392,1.059522271156311,-0.3335598111152649,-1.9571467638015747,-0.6458589823752894,0.74208667515642,0.1498039416737868,-0.0986528031474896,-0.2028508782386779,2.1887078285217285,2.070528507232666,-2.822534624743461,3.895163271978497,-2.593224933853745,-0.1419213861227035,0.2314475774765014,-0.2276295192504301,0.2472648173570633,-1.0708243742920458,0.5126585035461932,4028
1726744918237717500,7.358019415041804,0.2056944220244884,-0.7011587027288972,1.386951932413131,-9.643488897800443,-1.1179853539176283,0.7683781385421753,-1.4851582050323486,-3.0264694690704346,-0.6604412381062136,0.7198402191801018,0.1970569704090886,-0.0825595484857173,0.6315595507621765,2.2612335681915283,2.4394497871398926,-3.7739188190102575,2.824504463511705,-1.9052990760549904,-0.0458472520112991,0.1634138971567154,0.3692296912986785,0.2429004311561584,-0.582325146827288,0.2868573322340846,4029
1726744918277484000,5.802193409609794,-1.865259618872404,-0.2261012502372264,2.594870655234158,-9.39990752045214,-1.03863563060984,0.452226847410202,-2.0187153816223145,-3.63291072845459,-0.6653157146339804,0.6936343334153323,0.2680057669774311,-0.0663272661896051,0.2326521277427673,2.219426155090332,2.596762418746948,-3.8252369183152912,2.1358301254332064,-1.6130010140717028,0.0370472073554992,0.0063203871250152,-0.1580477777738124,0.0063997320830821,-0.6174780375447124,-0.1500350055795163,4030
1726744918317250600,4.4368779933348295,-3.183872028422356,0.623841654292494,3.896589213128388,-8.927794450849294,-1.132010591334477,0.4367946088314056,-1.735249161720276,-3.930793046951294,-0.6635289947720072,0.6627407414451676,0.3442254872482464,-0.0448634450824431,-0.8512142300605774,2.092653274536133,2.6678338050842285,-3.454963343986869,1.2060190266795456,-0.3239269798256456,0.0755853503942489,-0.0904605388641357,-0.6960141063820571,-0.191447913646698,-0.5555050905713811,-0.0988014884185511,4031
1726744918357017000,3.1427655265301464,-4.384522075414657,0.5973522912956774,5.239782813966274,-8.198203580492734,-1.2265779767140743,0.528155505657196,-1.1755361557006836,-4.349534511566162,-0.6612863791692128,0.6240788315603616,0.4160092351882683,-0.0127334283848413,-1.4529496431350708,1.8130687475204468,2.65213394165039,-3.140086078187823,-0.7441469267144799,1.6666338200598954,0.0601633414626121,-0.117116704583168,-1.1079372034382071,-0.2290365844964981,-0.4815395079873502,0.1425773191178683,4032
1726744918396795000,0.8997586364477872,-5.605265646886825,0.1803716185890138,6.576435907119512,-7.160768411713838,-1.282302932675928,0.4789282083511352,-0.7164027094841003,-4.588719367980957,-0.6585347855011351,0.5770075049120158,0.482121970471519,0.0308675903213443,-0.753671407699585,1.6279641389846802,2.60738205909729,-2.4971008936166763,-3.138592332498729,2.487615856912732,0.0222100429236888,-0.1269427835941314,-1.3350050336852668,-0.1718902885913849,-0.4296560298845172,0.3467399923972785,4033
1726744918436562000,-2.1211264772981404,-6.253382349127531,0.1571475409984588,7.702908372744917,-5.917990703088045,-1.3464670695506036,0.3050598502159118,-0.4452824890613556,-4.1382365226745605,-0.6521181089511799,0.5272243214827195,0.5391523277431226,0.0780465217207505,0.179322063922882,1.5331426858901978,2.294483661651612,-1.814281711307168,-4.524664705598354,3.470606903320551,0.0073318518698215,-0.125072106719017,-1.2686967243887484,-0.081053078174591,-0.4178617298575118,0.511378546738252,4034
1726744918476329000,-4.401967131212354,-6.061355217927694,0.1329435124598443,8.472111122521758,-4.733651739427447,-1.4093521264001727,-0.108996458351612,-0.125388815999031,-3.1876220703125,-0.6429243870792819,0.4851268941822169,0.580093837848617,0.1216196919461585,0.7359853386878967,1.440775752067566,1.7879220247268677,-1.03091950327456,-5.144983884853124,4.626678972917795,-0.019021475687623,-0.1404849588871002,-0.943125338356942,0.0300978869199752,-0.408248244468309,0.6441740290295332,4035
1726744918516096800,-5.0977211984187365,-6.176524734896421,0.5489477413497865,8.935926903900503,-3.766894911722839,-1.459492121836543,-0.533749520778656,0.1685424447059631,-2.31584906578064,-0.6323023826713686,0.4572326119683629,0.6044433211816856,0.1605627516122494,0.8454399108886719,1.0884567499160769,1.1876118183135986,-0.6767343094378709,-5.490673053023219,5.464252079087496,0.0232969298958778,0.0149396453052759,0.0157389448579109,0.1156344637274742,-0.5191790278887376,0.5784537487540393,4036
1726744918555863600,-6.164505211278796,-6.679919662469625,0.9758090259492396,9.227736597844958,-3.012556261339784,-1.3941954738005995,-0.683988630771637,0.7001362442970276,-1.6518261432647705,-0.6247367898413658,0.4392870633001334,0.6149073622357885,0.1965193055475198,0.7921697497367859,0.6590532660484314,0.6148989200592041,-0.7418594002991914,-5.798655883133411,6.306472134280204,-0.020702576264739,0.0346083901822567,0.8138796575017273,0.0868573263287544,-0.488192572668381,0.3522693868106231,4037
1726744918595630600,-8.894971793177723,-6.308478213405609,0.8693522461377083,9.411970883211492,-2.5330092423439026,-1.081238581604883,-0.8724585771560669,1.4156737327575684,-0.6221534609794617,-0.6261001104064606,0.4297877399043232,0.6086134452142884,0.2299367806276921,0.6183249950408936,-0.0169646274298429,0.0964949131011962,-0.7330968326508999,-5.876290911477804,6.815750859194994,-0.0274405479431152,0.1107187494635582,0.932227073854208,0.0614251010119915,-0.3425575556134805,0.1710594725002534,4038
1726744918635397600,-9.025813511052728,-7.213679333168268,0.0492727841477841,9.462906120678785,-2.5117174479901787,-0.5613330295398831,-0.9316771626472472,1.6992813348770142,0.6479980945587158,-0.6377066553285713,0.4336176958199504,0.5836057864898978,0.2543822245556663,0.185150921344757,-0.666839063167572,-0.4845782220363617,-1.2833148861974475,-5.663115778309106,6.476355238211155,-0.0673671141266822,-0.0378006510436534,2.077441649350524,-0.0292792581021785,-0.0565264953028177,-0.1903401096946559,4039
1726744918675165700,-8.056867941132188,-7.710466825300455,-0.8716741132140159,9.340757412347196,-2.9824867017686367,-0.1593284104351885,-0.9319294095039368,0.8442877531051636,1.9140681028366089,-0.6512057916250805,0.453445404227667,0.5500097762771196,0.2603986047366178,0.0545926466584205,-1.5617800951004028,-1.1765038967132568,-2.4307523984402417,-5.454012424623966,5.247254172760248,-0.0598012432456016,-0.2431472986936569,0.6313961613252759,-0.0425409227609634,0.5951078003045172,-0.2284077370813116,4040
1726744918714932700,-5.610776519262791,-6.394851844000816,-0.1650759959101677,9.019221857702732,-3.847243290679157,-0.1508088486293796,-0.2815556824207306,-0.2726207077503204,2.697845697402954,-0.6597592002106615,0.4859344216309637,0.5211111680878837,0.2388068012544595,-0.0666802525520324,-1.980382204055786,-2.054318189620972,-1.4358172317385671,-4.3478488797947765,3.338858007472753,0.0639686957001686,-0.3909558951854706,0.5011818181009963,-0.0151932518929243,0.9234663328368216,-0.1705189724153838,4041
1726744918754699800,-3.215045165321231,-5.934266715106368,-0.4245978697121143,8.5201471314162,-4.842932490618527,-0.3514229625817388,0.541600227355957,-0.9629627466201782,2.9463982582092285,-0.6668844749769548,0.5157188605400763,0.501947848044363,0.1932552512600006,0.3575053811073303,-2.18235731124878,-2.621583938598633,-3.42161578565836,-3.6385511481434105,1.899388682967424,0.1042127907276153,-0.2354081273078918,-0.650587622398883,-0.0751332715153694,-0.0743618701589293,-0.6835669319368899,4042
1726744918794466600,-1.0851187109738587,-5.590393071925639,-1.7255846062004565,7.866843381926417,-5.823962758347392,-0.6038239349951967,0.8418155312538147,-1.5815110206604004,2.9262514114379883,-0.6719665655632674,0.5388962243291759,0.4902828902461863,0.1329452291510025,0.9944379329681396,-2.304749011993408,-2.8479788303375244,-4.988669287547469,-2.638315829207003,0.2399373948227614,0.0132593652233481,0.1493072062730789,-0.4341132650217041,-0.2778592705726623,-0.3329093277044594,-0.9655882953818888,4043
1726744918834234400,-0.2634738262981176,-4.640520451265573,-1.7968202888965603,7.083505723813175,-6.718170190408825,-0.9276317088879644,0.497780442237854,-1.61729097366333,2.9720797538757324,-0.6693154507436913,0.5612405530828832,0.4819803888717813,0.0687073861819999,1.602321982383728,-2.326561689376831,-2.8408143520355225,-5.286541642531752,-1.4325779575563966,-1.0199207010068,-0.0568215362727642,0.3534984886646271,-0.4878177480066195,-0.3378894329071045,-0.0146070832922589,-0.4108051624095067,4044
1726744918873997600,0.5288683915257454,-3.511310085108876,-0.8779542163968086,6.133596278274059,-7.557682740208506,-1.1961722439911215,0.2669096291065216,-1.094529151916504,3.281341791152954,-0.6625298011395166,0.5873330733147079,0.4647877708745011,0.0081565693798842,1.4850499629974363,-2.242497205734253,-2.8088860511779785,-5.132500835376978,-0.1779234947845339,-2.199094390858709,-0.0727862268686294,0.2595814764499664,-0.3964902213310822,-0.3327329158782959,0.3856929329847917,-0.0345072908568428,4045
1726744918913764400,2.0766572209745644,-2.546725633007288,-0.6011022914789617,5.023646492904424,-8.320853808605671,-1.3025873035527764,0.2333149015903473,-0.5668752193450928,3.431889057159424,-0.6567008092063117,0.6140354687789532,0.4351711327445816,-0.0482749732741892,1.4763154983520508,-2.1985323429107666,-2.686971664428711,-4.978234402772784,0.600778027960658,-3.760931034882367,-0.0786894336342811,0.1683771908283233,-1.0171961714137343,-0.217427521944046,0.3705297410465776,0.3045858628819696,4046
1726744918953531400,3.693348906257748,-1.74098325086236,-0.6448467406593262,3.808731773716211,-8.945235999515653,-1.2832334915243089,0.1211138144135475,0.0123514207080006,3.5107972621917725,-0.6518380109292233,0.6401314184833143,0.3945357631457878,-0.0983893656834737,1.2306740283966064,-2.090693473815918,-2.549783945083618,-3.449647701922059,1.7697388052254914,-5.064485283771157,-0.0981980115175247,0.0757836923003196,-1.3563055958673358,-0.0696761384606361,0.4477451922720298,0.4473294145453721,4047
1726744918993299500,5.729539676809311,-1.0763216565340756,-0.5373568184077739,2.548262925577164,-9.39037981365025,-1.2237286516975612,0.0770161151885986,0.3900532722473144,3.382629632949829,-0.646293587397177,0.6651998867398804,0.3462685478932292,-0.1411092990883812,0.8957246541976929,-1.859417080879212,-2.3733534812927246,-2.223017995020747,2.682929462437332,-5.684023541781306,-0.1150033101439476,-0.0096989721059799,-1.371282069594413,0.1412378847599029,0.5091739128334447,0.6149675160285085,4048
1726744919033066500,7.585906379652023,0.0735299311131238,-0.6308334859412164,1.366611739695817,-9.642554831820728,-1.1506018214926124,0.1201576367020607,0.5462871193885803,2.910873413085937,-0.6406482110111408,0.6859061177656419,0.2969800733276237,-0.1757994862370868,0.5003482699394226,-1.5620540380477903,-2.0448246002197266,-1.5675813251554964,3.336316506296396,-6.208550689232349,-0.027450842782855,0.0706734135746955,-0.8119535848099738,0.2160753309726715,0.4901144075764342,0.2796488804263062,4049
1726744919072833500,9.360321359995009,0.526177837267518,-0.6624198798161,0.4123607212884351,-9.739514153838156,-1.0687375580806284,0.258060097694397,0.4568738937377929,2.0868051052093506,-0.6362374834342902,0.6996456122558924,0.2549244324105338,-0.2017706266206571,0.1834582090377807,-0.9812498688697816,-1.3700851202011108,-1.6653174767643213,3.7637744416147454,-6.45025399774909,0.0905866175889968,-0.0277398824691772,0.8193566276080906,0.1443746984004974,0.8233531498983502,0.2321536638776771,4050
1726744919112600300,9.697160282233355,1.4647446355372666,-0.5860683884762227,-0.193975324391853,-9.764242352381348,-0.8901060611572116,0.67617267370224,0.3897499740123749,1.1363366842269895,-0.6378768631202317,0.7032730433663988,0.2253659379017303,-0.2184723394656241,-0.4910946488380432,-0.743933379650116,-0.5061293244361877,-3.0157535960763693,4.086273288333416,-7.146900045359134,0.2102330178022384,-0.1741187870502472,0.5393744418404997,0.1923929154872894,0.7244953007832169,0.3960071870544925,4051
1726744919152368400,9.606145547834036,1.615643637534976,-1.5485785185217855,-0.464934190949425,-9.77867302879393,-0.5759762161919847,0.8811894655227661,0.3070051074028015,0.2991339862346649,-0.6477492375359974,0.6975852926801038,0.2067398712351792,-0.225951783808814,-1.5644372701644895,-0.1813799440860748,0.1718471199274063,-1.803209113150835,4.961915136134624,-7.33124422084093,0.2799535691738128,-0.2425982803106308,2.51162333996594,0.1663773953914642,0.5832614778293297,0.1326604760010726,4052
1726744919192135400,9.051448303046822,1.626311162021756,-1.9821651658535,-0.4314243547312915,-9.794429985374212,-0.2311248505529016,0.9129464030265808,0.1240289881825447,-0.4224748611450195,-0.6612487025646228,0.686536719614152,0.2011253846216563,-0.2257569271051763,-2.232604503631592,0.6241559982299805,0.805546224117279,-2.3511422706305978,5.212252417483925,-6.55426382279992,0.308930367231369,-0.1071302816271781,1.4150303181670605,0.1408270597457885,-0.1143959935792721,0.0310130327000282,4053
1726744919231902500,8.057166631817816,2.0222084224283696,-2.670604526132345,-0.1542061720506288,-9.805011000621318,0.0916001330718398,0.6874893307685852,-0.2860057055950165,-0.9739158749580384,-0.6753703464151031,0.6724408754356918,0.2077329098698639,-0.2203301132157675,-2.192477941513061,1.3278151750564575,1.6235750913619995,-3.2549171569824216,4.901613519906998,-5.103620777851343,0.2501349151134491,0.1564025282859802,-0.2157775707520544,0.1785994321107864,-1.0209146804802118,0.2831528516929597,4054
1726744919271669500,8.03211402362585,1.472799347177148,-3.279029269453883,0.3758734036294743,-9.79624083418846,0.2505138617589138,0.0997792109847068,-1.2500261068344116,-1.760056734085083,-0.6835022701911558,0.6577889824014844,0.2335401523770931,-0.21353506734302,-1.4468622207641602,1.932545781135559,2.561107873916626,-4.424978588965535,3.967248264980316,-3.0613261374667284,0.2164722084999084,0.0854991227388382,0.4669571846770122,0.1967192739248275,-0.94012133423537,0.6001292817283421,4055
1726744919311437300,7.283937695264816,0.0576297666698694,-2.8648662845164536,1.2439093430042265,-9.727063837587831,0.0856470972857903,-0.672778844833374,-2.2941484451293945,-2.5948235988616943,-0.6798781010378047,0.642710950488208,0.2873253336077909,-0.2052625311989929,-1.4222700595855713,1.725572109222412,3.273369550704956,-6.08887041684091,3.125061527535319,-2.64518454593271,0.3909417688846588,0.0701359957456588,1.0343019853197035,0.0805196613073349,-0.7340493110701442,0.3953060530478134,4056
1726744919351204400,6.200087396791577,-1.9840870738267893,-1.2283528774321075,2.3273108747966584,-9.512270747828484,-0.5203116851804778,-1.4277632236480713,-2.8403005599975586,-3.0722835063934326,-0.6603949343316027,0.6280274030744921,0.3634695223107911,-0.1932616262288504,-1.7696000337600708,1.7333526611328125,3.6589035987854,-5.522709528753161,1.8668872200742364,-1.5190037567302583,0.5972426533699036,0.0421084091067314,-0.0291117473896592,-0.1663109064102172,-0.7659512737002223,0.2359449459194205,4057
1726744919390971100,5.0427042445957655,-2.9806536411225792,0.9615981297671794,3.412119058516621,-9.082980336385964,-1.423829126172513,-1.6927565336227417,-2.520716428756714,-3.3407206535339355,-0.6304470091081894,0.6126719088263762,0.4441038347524054,-0.1730359703825609,-1.6712236404418943,1.258424162864685,3.64140248298645,-4.949917824348807,0.052688218614459,0.3304138576269149,0.7800171971321106,0.0216424744576215,-0.6623845893070102,-0.3356805145740509,-0.6685378512397409,0.2979562521417625,4058
1726744919430738200,3.922305253665149,-3.901321794608235,2.224018988756835,4.478649973398447,-8.397094752243161,-2.3666240635313094,-1.697435975074768,-1.873915791511536,-3.7220711708068848,-0.5998027114497668,0.592743418348559,0.5189600048323424,-0.1399020538361752,-2.219473361968994,0.9683523774147034,3.358876943588257,-3.6177450914800167,-1.021770712787658,0.8645720991890877,0.8866741061210632,-0.0116071784868836,-1.0581044473201036,-0.3617471158504486,-0.7028592961017042,0.4770606090076267,4059
1726744919470510800,1.8469710979878904,-5.04469278806448,3.1699606997087595,5.523278853073716,-7.448999078127741,-3.190011846351623,-1.5911226272583008,-1.174474835395813,-3.83600640296936,-0.5730758891721627,0.5662463178332294,0.5848165972718454,-0.0945444186153922,-1.8938159942626955,0.6962944865226746,3.221264362335205,-3.4192169078230856,-3.013295681530237,1.1680541838139296,0.9223799705505372,0.0511669367551803,-1.1705137057952582,-0.3270393013954162,-0.7410370510656387,0.4169968931891024,4060
1726744919510278000,-0.4728308624833822,-5.345339868459106,4.187897095030546,6.412994818934798,-6.36619682740271,-3.809912507933378,-1.3263875246047974,-0.6203784942626953,-3.4625067710876465,-0.5510997956610694,0.5367797638268739,0.637274641548045,-0.0451398777362355,-1.3370016813278198,0.6688689589500427,2.932589530944824,-2.3208833259671926,-4.681289976288378,1.702086826235056,0.8611470460891724,0.0894299522042274,-1.2826112679727375,-0.2917042076587677,-0.7967121765363961,0.3491480033870786,4061
1726744919550045200,-1.8064315823286767,-5.6672045089274645,4.501315394192933,7.085795880576968,-5.334002481886744,-4.184532294772565,-0.9105602502822876,-0.3022624850273132,-2.89221453666687,-0.5353947281465218,0.5068514161129414,0.6756133610672599,-0.0008775305882153,-0.8746071457862854,0.6629205942153931,2.473952293395996,-1.4772130719661711,-5.6362476451277725,2.368265254867077,0.7253847122192383,0.0229540392756462,-1.2411613594703377,-0.1768862158060073,-0.6555014787297696,0.4811029432009905,4062
1726744919589812200,-2.384367663884163,-6.104190151047706,4.5215702467143535,7.561379841160773,-4.4289507074669,-4.40230907651782,-0.7008164525032043,-0.1408727467060089,-2.41236424446106,-0.5237175431852668,0.4789517035719809,0.7036054008523515,0.0355622112833176,-0.6205945611000061,0.6724385023117065,1.9448022842407229,-0.5934054533660411,-6.574491787314415,2.9421675508618352,0.575410783290863,0.0265063811093568,-0.330211832248792,0.0219731945544481,-0.606824979974702,0.5730984322659671,4063
1726744919629580500,-3.206699946302176,-6.768543702340126,4.339603321757912,7.923575322973727,-3.591017243552208,-4.526799379539489,-0.9137271046638488,0.1947119981050491,-2.142280340194702,-0.5140974098147139,0.4547200802076706,0.7239006759745331,0.0700088954434162,-0.0816107392311096,0.5477830171585083,1.4917997121810913,-0.9312854090899229,-7.933554280674457,3.555126430481672,0.3718177080154419,-0.0360560566186904,0.9704034405786544,0.1637739539146423,-0.6687973058935255,0.4581470150273293,4064
1726744919669347800,-5.176849680191278,-6.534971093308926,4.9573669713109725,8.280483804294466,-2.7636595341876147,-4.468350989963114,-0.9167959094047546,1.1572668552398682,-1.8224520683288568,-0.5099482188757297,0.4348421383059209,0.7339855709370194,0.1101377856437198,0.4028518199920654,0.115822821855545,0.8901004195213318,-0.7254191376298665,-9.173903885370493,4.406370334607362,0.2313320934772491,0.0232326164841651,0.6388140363663435,0.3337272405624389,-0.7192430793434381,0.4404432352282106,4065
1726744919709115000,-8.467508012640476,-7.01203097166419,3.105378337422013,8.661738791364431,-2.2218065734043715,-4.025950044795871,-0.4414376318454742,1.5078516006469729,-0.5607415437698364,-0.5232012670473931,0.4181991640734731,0.7282690329996664,0.1448938771528121,-0.0778428986668586,-0.0179123412817716,-0.2352759093046188,0.3170908501952886,-8.560728148129582,4.165110093683004,0.151508629322052,-0.0961425900459289,1.6856972708396614,0.3063133955001831,-0.3761888262541964,0.0176315296969492,4066
1726744919748882200,-8.254548568049072,-7.3624962681949135,1.737909834766388,8.819430522242188,-2.2482782546140254,-3.651475803907216,-0.8141210079193115,0.9636178016662598,1.142780900001526,-0.5367895633550596,0.4257005388696154,0.7106001026582577,0.1602607693267965,-0.1137095466256141,-0.4406259953975677,-1.1596651077270508,-1.1124714128017426,-8.25041073759198,3.759772220236063,0.2071214169263839,-0.2835772335529327,1.4494792618662118,0.1170348227024078,-0.0047968942999112,-0.2374947691773064,4067
1726744919788650200,-6.293323898893594,-6.316342370909452,3.231682119606435,8.788382473027706,-2.739427010206878,-3.380870810554921,-0.3550008833408355,1.0409326553344729,2.159410238265991,-0.5495013286067845,0.4533977422433206,0.6832327072867794,0.1602247074977383,-0.1779734939336776,-0.8569099307060242,-2.4383633136749268,-0.8572451903671026,-6.9073384250462055,2.882207295417785,0.3464094698429107,-0.3548494875431061,0.6205265383951366,0.1512273102998733,0.1974422698500566,0.2172467482554726,4068
1726744919828417300,-4.422983615756035,-6.141193893796205,2.553372815936804,8.580215523409843,-3.654831836336851,-3.031913580499589,0.8817232251167297,0.6943411827087402,2.925458669662476,-0.5714186151383647,0.4823664494620497,0.6495438209329838,0.1374635562436713,0.3396957814693451,-0.8314608335494995,-3.4007456302642822,-1.5592109716951843,-5.816005661863088,2.616265033179521,0.397885113954544,-0.5007988214492798,0.2312914210251532,0.1165957376360893,-0.1608279465442523,-0.0298239667626447,4069
1726744919868176400,-1.3467238207906485,-5.939239242821931,0.0215925308659672,8.093582930067182,-4.870580376000702,-2.6347142975836992,2.496101140975952,-0.2206585705280304,3.0964980125427246,-0.5990133230951921,0.5001998423201061,0.6197847665204556,0.0827640241375854,1.1893974542617798,-1.2528117895126345,-4.028892993927002,-5.315272646975517,-4.311022539439797,1.665358977818489,0.426324725151062,-0.1427879184484481,-0.329492687661387,0.0198125541210174,-0.6329725437965243,-0.3812503839600831,4070
1726744919907943700,-0.2468307345330715,-5.125989261525869,-2.7895483009427786,7.363743637907505,-6.077976097860932,-2.2369284469515085,2.9038960933685303,-1.1145119667053225,2.9790525436401367,-0.6212332202056341,0.5028849216097316,0.6009645292942699,0.0041904215923704,1.629684567451477,-1.5554465055465698,-4.411794185638428,-7.005263377225399,-1.8111267544075849,-0.0433376219451427,0.4244379699230194,0.1308252960443496,-0.637146176219359,-0.0827194079756736,-0.5085729877982288,-0.3197331083323806,4071
1726744919947712000,-0.1701882243573665,-4.089412755402923,-3.1746552872657774,6.697679191043973,-6.8923413469225165,-1.9511814140468835,2.4441978931427,-1.0043139457702637,3.165212869644165,-0.6302857343451247,0.5043477544383247,0.5874656643944829,-0.057072955163557,1.7898857593536377,-1.682844161987305,-4.402614116668701,-7.120173950996994,0.3407210243687033,-1.1534032887794077,0.4213199019432068,0.2426304817199707,-0.8761894717466086,-0.1303831189870834,-0.2692114018357359,0.0045053925485379,4072
1726744919987479000,1.2051678166776896,-2.967417142930626,-2.8762580316245554,5.669782250460982,-7.8594620395034545,-1.500941007425636,1.4910818338394165,0.0305744968354702,3.5320844650268555,-0.6381480521226499,0.5168677895405297,0.5562143298549596,-0.1274380682158047,1.8836148977279663,-1.6212334632873535,-4.032854080200195,-6.749565445625781,1.7598276520639655,-2.206122974321246,0.433756947517395,0.2265144437551498,-1.0420195739597082,-0.0118143474683165,-0.0470878093580948,0.4882246848396956,4073
1726744920027246300,3.0851521264731883,-1.7757827615648507,-2.4636872843146325,4.5062630797281855,-8.642585762605071,-1.0815268239617346,0.6717007756233215,0.6129137873649597,3.569624185562134,-0.6421678368652839,0.5430166673020098,0.5101719530926995,-0.1802164770663672,2.037548303604126,-1.497664213180542,-3.518366813659668,-5.819827265977859,3.0386651005864143,-3.368763900914788,0.4546115696430206,0.1288521885871887,-1.1874305730003862,0.1367731839418411,0.2068065479848533,0.5714951252551749,4074
1726744920067013400,4.596317736923695,-0.6641600745469332,-1.8839678264737127,3.2937735418602823,-9.201446556812524,-0.8092095467988402,0.4580071270465851,0.4422788619995117,3.3204286098480225,-0.6394930601927942,0.5723067951439134,0.4623019963150757,-0.223137660811003,1.9651808738708496,-1.3952271938323977,-3.0090138912200928,-4.612168217006325,4.433703747212887,-4.535802770206332,0.4507131278514862,0.0534238442778587,-1.3875900841861963,0.2600610852241516,0.1805459887752309,0.5046960367670282,4075
1726744920106781400,6.039304714161157,0.6232903040200471,-1.860278323328495,2.1551498890616,-9.547377717044949,-0.6109870315575971,0.5706877708435059,-0.290685623884201,2.7508480548858643,-0.6310998617816427,0.5929824932359954,0.4237020562601513,-0.265633884503674,1.521284580230713,-1.2120851278305054,-2.432680606842041,-3.238800134918093,5.836065284073353,-5.386432341825961,0.4425956904888153,0.057835578918457,-0.7039603892114012,0.3456120789051056,0.2292107240272685,0.399126159325242,4076
1726744920146548700,7.490304317462444,0.9966998382866382,-2.1138789903879163,1.2168087162412702,-9.721619600707292,-0.4241246261771768,0.5116144418716431,-0.5070454478263855,2.0768163204193115,-0.6203904135600291,0.6031577827758118,0.3972719819607237,-0.3057636896375902,0.988350749015808,-0.8132563829421997,-1.6590774059295654,-2.2605030915454027,6.623198827338219,-5.79802459949255,0.4220770299434662,0.1868208795785904,0.1274500478764064,0.3113744854927063,0.1213905469080433,0.0385746818596497,4077
1726744920186315800,8.711604938295483,1.1246510954171418,-2.329394549202919,0.5503642936168238,-9.787022339466214,-0.2858219795706682,0.260969340801239,-0.3541231453418731,1.2930980920791626,-0.6109253221919283,0.6086434170651699,0.3796393769051476,-0.3349589148570315,0.3753059506416321,-0.2415033131837844,-0.6378512382507324,-2.374579844841361,6.416711209109425,-6.067417878967524,0.4134822487831116,0.1720129400491714,1.0921527012638748,0.0890426784753799,0.2076726998275145,-0.2580967911685817,4078
1726744920226083000,8.876996576026082,1.6064701509982346,-2.166298913455009,0.2101959346948191,-9.801373520901798,-0.2434647834976203,-0.011448954232037,-0.1613035649061203,0.4345855414867401,-0.6046038538316887,0.611984142020385,0.3713336222045352,-0.3493435762934598,-0.3303587436676025,0.1952562779188156,0.4614405930042267,-2.935685203105211,6.15461217829585,-5.974082592666149,0.4607908427715301,0.179033413529396,1.2307030938200652,-0.0671752542257309,0.1505829491853248,-0.0535560692238621,4079
1726744920265851100,8.857859329357742,0.9377963984191418,-2.0798235760509964,0.2044930468780919,-9.80053297842443,-0.2795127781575545,-0.1571637690067291,-0.1805793792009353,-0.3985972106456756,-0.6023920365837693,0.6121546188801207,0.3735209606319964,-0.3505320423772736,-0.966083824634552,0.8293133974075317,1.4093056917190552,-3.119288497091829,5.799678211918473,-4.950467274925113,0.497068703174591,-0.046663150191307,2.283779483845085,-0.0751471295952797,0.2158516954341903,0.3131369614703581,4080
1726744920305618200,8.313889814811944,0.047376668202877,-2.0658768837630745,0.4877941479353234,-9.787437350007892,-0.3721688134904951,-0.3308019936084747,-0.3674880266189575,-1.0349191427230835,-0.6027430957074582,0.6075525039090955,0.3871114623324911,-0.3431113851444836,-2.482574939727783,1.0234428644180298,2.2115392684936523,-5.729538507765532,5.2537756834834815,-5.905201364141703,0.5186786651611328,-0.3296191990375519,0.8498633364874869,0.0040989499539136,-0.2925493881295435,0.5972829889191315,4081
1726744920345385500,6.892754019376636,0.8185451650947332,-1.4466425771355629,0.9617239481039344,-9.743529819220305,-0.5559571451878175,-0.5338762998580933,-0.641452968120575,-1.4376232624053955,-0.6019132583472125,0.5996015618465864,0.410881848583027,-0.3306878618257483,-3.729491233825684,0.8285666704177856,2.7754721641540527,-6.052639412030577,4.937844524717331,-5.847039098030328,0.5999866127967834,-0.0521540194749832,-0.2566203071415424,0.2840391099452972,-1.2725918321311471,1.2005879415415226,4082
1726744920385152500,6.2359659349024295,0.6454805085182189,-0.7368061354976146,1.5957669706761837,-9.638699325436352,-0.8481552904605865,-0.683077335357666,-1.2507435083389282,-1.9972296953201287,-0.5975214427664257,0.5866388901262113,0.4462047721402761,-0.3157912754939784,-3.6748976707458496,0.8622334003448486,3.516974687576294,-6.150698219722509,3.493457617554068,-2.9634757118284702,0.7963459491729736,-0.0142308548092842,-0.2166687839707359,0.396805852651596,-1.1132872592292726,0.9619557110331952,4083
1726744920424920800,5.098268310907483,-0.3929816652208566,0.1894914752423763,2.388101151324064,-9.432821948060392,-1.2203445622172209,-0.5506892204284668,-2.046522617340088,-2.47635269165039,-0.5888135761366532,0.5629270252683981,0.4953114374958366,-0.3017919123233343,-3.277782201766968,0.479478508234024,4.472213745117188,-6.929540319982171,1.6880939567178488,-2.973149841363728,1.0029608011245728,-0.174415573477745,0.5037878358809277,0.2643706500530243,-0.7939795367021113,0.5558860892456025,4084
1726744920464689000,3.652670566649735,-1.194966740658879,1.303042938365787,3.190407275409996,-9.125240684488416,-1.6497539969295263,-0.2076576799154281,-2.9149415493011475,-2.56521224975586,-0.5733576543774536,0.52595935874188,0.5545095096674947,-0.2952067819236706,-4.216607093811035,-0.0058160508051514,4.8127312660217285,-7.402327927845716,-0.1208192132934927,-3.443082352057099,1.164921760559082,-0.1924254149198532,-0.6136109868530184,0.1063656285405159,-0.938513241451606,0.2469596033434383,4085
1726744920504456000,2.892496926502884,-1.2518787144482135,1.7247005168423055,3.855860604637861,-8.761122125658392,-2.1320143665373323,-0.0925795063376426,-3.354768753051758,-2.5199122428894043,-0.5503573912858325,0.4788877816265132,0.6159293557236195,-0.2973287314118925,-4.088552951812744,-0.3807841539382934,5.18158483505249,-6.222755155673623,-2.4942285530507564,-1.7655571356266735,1.2208378314971924,-0.1108568087220192,-0.9915731429226696,-0.0636260658502578,-1.0441069016277789,0.0686070649252971,4086
1726744920544223200,2.51791659489125,-1.8887410322248928,2.3019348798692225,4.396687144982814,-8.318638470643759,-2.764015800279379,-0.3863355815410614,-3.3137385845184326,-2.5656497478485107,-0.5199924184262382,0.428293461719186,0.6763802869422232,-0.2977957349775592,-3.1095504760742188,-0.4369512796401977,4.890543460845947,-5.6456543558985,-5.289979800286889,-1.1900456508696078,1.1992506980895996,0.0376313365995883,-1.1339716622743754,-0.1151122599840164,-1.063565196944028,0.2008853960412554,4087
1726744920583990300,1.869623659300804,-2.825789242625236,3.134415631335973,4.819775779175759,-7.778578823018074,-3.52616629345715,-0.8328714370727539,-2.790247917175293,-2.42712664604187,-0.4865522412440731,0.3808769771599067,0.7312435852242803,-0.288933281919548,-2.979321956634521,-0.1734740287065506,3.7213053703308105,-3.951154623791575,-6.410668421813845,-1.2591349691867828,1.0741288661956787,0.0797248259186744,-1.0221296092279255,-0.0975855216383934,-0.909385638905689,0.2829492736785672,4088
1726744920623758600,1.1447025343209505,-3.1837370038658377,3.9261686510950327,5.138132703784108,-7.154276711606979,-4.311187082351744,-1.3348430395126345,-1.9048582315444944,-2.164248466491699,-0.4563027796709634,0.343195050312378,0.775903684866987,-0.26828810832217,-3.226550340652466,-0.0528393797576427,2.757269382476806,-2.714793211948872,-7.284549105161428,-1.2398685431808232,0.8717190027236938,0.0169398002326488,-0.8460691318362951,-0.0005628892686218,-0.7743210426386445,0.4341062507590278,4089
1726744920663526000,0.5108727161079645,-3.622356969189644,5.107670930024981,5.42360559592247,-6.429100735083222,-5.041980606496334,-1.7896935939788818,-0.8911643624305725,-1.8866208791732788,-0.4335307220989207,0.3180652216641688,0.8098789884319505,-0.2344817731060451,-2.803861379623413,-0.2204383313655853,1.7313437461853027,-1.6245125881671905,-8.077835325837135,-1.2887906872600317,0.6682627201080322,4.72065294161e-05,-0.8282797195803373,0.07388386875391,-0.9295909531969576,0.3361208005642518,4090
1726744920703293200,-0.0858031372308731,-4.524027576738596,6.079568335488438,5.80181054777205,-5.634570651826262,-5.546260500210523,-1.8770262002944944,0.3174305558204651,-1.7537992000579834,-0.4253075793206617,0.3029138488169954,0.831278399708426,-0.1906119513955575,-2.3410966396331787,-0.2570589482784271,1.150698184967041,0.040645898643136,-8.802870432585477,-1.981596572185308,0.4886833131313324,0.0801839232444763,0.3497772046687081,0.094893954694271,-0.7764838466957211,0.251222667615395,4091
1726744920743060200,-2.0619126563072205,-5.849202998065948,7.062040326458216,6.359057477042079,-4.802750994616747,-5.715452699267864,-1.8395925760269165,1.5976879596710205,-1.521947979927063,-0.4349819994905298,0.2942328223557762,0.83954395167301,-0.1392257976259682,-1.740461826324463,-0.0663061812520027,0.8286728858947754,0.3844990835577249,-9.592176059192418,-1.922846861574799,0.3360898792743683,0.011870733462274,0.8558407303966581,0.1396752148866653,-0.5439906303990631,0.4557944240191951,4092
1726744920782828300,-5.47289715783596,-6.084840138411521,7.247738254636526,7.044091997313499,-4.158602319224179,-5.4089907951146365,-1.1216466426849363,2.5485639572143555,-0.6516565084457397,-0.4646887106460314,0.293651780657461,0.830391727312316,-0.0910089088433,-1.1655128002166748,0.1782456636428833,0.502265453338623,0.5993570552468299,-10.357678785407543,-1.3636698410250243,0.2701125741004944,0.1257417052984237,0.5851331534527242,0.2738418281078338,-0.5744712915217504,0.4427790577646344,4093
1726744920822595600,-6.212216810524463,-6.00367693594098,5.749896820661426,7.579008436831831,-3.989421810604632,-4.77635515512228,-0.1162416115403175,2.286826133728028,0.3045706450939178,-0.5022928076980353,0.3009968209028048,0.8080391391568856,-0.0646198551042833,-0.5175179839134216,0.8791235089302063,-0.4547896087169647,1.3619085304409264,-10.66124905977249,-0.9647741294547916,0.1903029382228851,-0.0486561395227909,0.9068171035919338,0.2452536672353744,-0.3084058778278529,0.1404089895023033,4094
1726744920862360800,-5.403503303614259,-6.134471892064809,4.066612894573807,7.808330402681231,-4.247236003705859,-4.142629089544713,0.914396345615387,1.3678101301193235,0.8794671297073364,-0.5332945130795426,0.3086422573851874,0.7848281681336337,-0.0661948041267553,0.5746195912361145,1.3464423418045044,-1.801673173904419,0.2080757642030715,-10.429591344451904,0.0366232189983129,0.1475731879472732,-0.1042039096355438,0.9745165749859064,0.2649317979812622,0.0240526282360311,0.1734440478155389,4095
1726744920902127900,-4.980455585953593,-5.557237236776948,2.4508351092651486,7.761020954495668,-4.78346907878071,-3.613219723010063,1.451038122177124,0.7060732245445251,1.3466236591339111,-0.554484372324882,0.3139244613285796,0.7652936500014058,-0.0912366617093151,1.187411546707153,1.301565647125244,-3.296861410140991,-2.010966897445917,-7.652509141850471,0.9966559991449117,0.1876790970563888,-0.1748783588409423,0.6775844234611839,0.3868882954120636,0.3058640478579327,0.3057125653569586,4096
1726744920941896200,-4.012955538666248,-5.241143580925464,1.3381702197179195,7.523754751643538,-5.482186379706859,-3.0836931598365305,1.669634461402893,0.72153639793396,1.8491206169128416,-0.5711878705593185,0.3219311833421441,0.7440328686360166,-0.1285299961875043,0.792084276676178,0.9656863212585448,-4.194122314453125,-3.925548473370075,-4.94538018091917,1.948902363198996,0.2252427637577057,-0.1609093397855758,0.2563579298783093,0.2915455102920532,-0.0934847412420436,-0.2508597525871359,4097
1726744920981663500,-2.52074188144505,-5.021041278842091,-0.1249858314536511,7.125089780089259,-6.277495046120881,-2.4487806609533727,1.8154362440109253,0.7684921026229858,2.233632802963257,-0.587562300134734,0.3337945421957852,0.7165432812228257,-0.1729666560387723,1.2971391677856443,0.6296018362045288,-4.442671775817871,-5.718322117224336,-3.074273005062341,1.844988984259963,0.2302516996860504,-0.0657323449850082,0.15639588238094,0.029071731492877,-0.1572510196392424,-0.559214393418096,4098
1726744921021430800,-1.417227682080865,-4.091909248393774,-1.35235335111022,6.556829873895645,-7.071355267292261,-1.7816566220343113,1.6576619148254397,0.7079038619995117,2.4642093181610107,-0.6003839362008219,0.3487308402949889,0.6850007372831873,-0.2206806189810433,1.4635009765625,0.307930052280426,-4.25231409072876,-6.981795992398261,-1.764583029897511,1.3159341302514076,0.2420020699501037,0.0713856443762779,-0.6285303235653787,-0.1129722371697425,-0.170803890303988,-0.3245601996952668,4099
1726744921061197800,-0.7878776396304369,-2.8298019853979346,-2.033930424404144,5.823631334435939,-7.802398674544691,-1.1740009633891284,1.2969698905944824,0.6016384959220886,2.7558789253234863,-0.6073335262642535,0.3688036738160423,0.6510309065209354,-0.2669992888380603,2.289781332015991,0.1810091733932495,-4.099711418151856,-6.625280894309282,0.3373132617518306,1.0234843848377466,0.2161284834146499,0.116021417081356,-1.1793832409493623,-0.135431170463562,-0.0164930911183939,-0.0101431375697837,4100
1726744921100965000,0.6589385405063629,-1.5938164211302994,-1.996090669222921,4.905334586256743,-8.46257698597908,-0.7020245988432318,1.034118413925171,0.3184066116809845,2.9826881885528564,-0.6052527189138136,0.3940151070886981,0.6168836111010325,-0.3128509820220509,3.1292104721069336,0.109955184161663,-4.012060165405273,-6.14124007102549,2.1292928326189515,-0.0141330817054957,0.1735497713088989,0.0972155779600143,-1.600732484129071,0.0175627004355192,0.1859795033323578,0.2954598687487654,4101
1726744921140733200,2.9369655983045697,-0.8783411698877811,-2.0566449450373647,3.8700481199443337,-9.005670302212238,-0.3016442016731947,1.0711616277694702,0.0656464695930481,2.916809320449829,-0.5961116008011997,0.4184044075925212,0.5833672305285794,-0.3595431435196526,3.146573305130005,-0.1374706923961639,-3.729727983474731,-5.950324115937948,4.249581690049172,-1.6532238649971782,0.1508857607841491,0.0405366867780685,-1.4890741901516913,0.1749342978000641,0.3084040877295658,0.3782014447182417,4102
1726744921180500500,4.273327599556744,-0.4137380375236272,-2.336608133843541,2.841042341336608,-9.385578550848363,0.0987777513499371,1.1691917181015017,-0.1509672701358795,2.713413715362549,-0.5834530536292317,0.4364620076746716,0.5517831569613519,-0.4057322643159676,2.773666381835937,-0.4696906805038452,-3.020488739013672,-4.541454512357712,6.3349301670014855,-2.7433330777347087,0.1632794439792633,-0.0371585600078105,-1.3708265809118747,0.2097245007753372,0.5437948155660182,0.2073138947187922,4103
1726744921220267800,5.659070886832476,0.0227677121251821,-2.85254573212564,1.845105450246483,-9.616782677182554,0.5324146858304739,1.1850910186767578,-0.1561848074197769,2.519043445587158,-0.5697436097235384,0.4496272610046952,0.5202785143927418,-0.4500420257583769,2.004065990447998,-0.4905716180801391,-2.0414581298828125,-2.512691261458397,6.965795290189981,-3.148319361265004,0.1929326206445694,0.002192948013544,-0.7385964529804885,0.1756396293640136,0.5249946188323199,0.0392612347851274,4104
1726744921260034800,7.588893871030211,0.0636035803824663,-3.8700130486309527,0.952869610518962,-9.713581840202211,0.9532768761456012,0.9588213562965392,-0.1721962839365005,2.067681312561035,-0.5567612324323838,0.4593601181507183,0.4902904115470798,-0.4884879073933079,1.136579513549805,-0.4593852460384369,-0.8094167709350586,-2.607663209050893,6.887301014667749,-3.905365517041087,0.2373475432395935,-0.0081012323498725,0.9899263255637138,0.0997665002942085,0.8219470824927091,0.0772113961048424,4105
1726744921299803100,8.897277147510648,0.2253063004672527,-4.40758614013791,0.2889749454425647,-9.72774246750176,1.2074361269358544,0.3372618854045868,-0.3545715510845184,1.40583336353302,-0.5428228293735559,0.4658714125149746,0.4705334400740038,-0.5166289779756845,0.0545212738215923,-0.5782018303871155,0.2455122172832489,-3.05102013976872,6.6875950194031,-5.152416665202379,0.3010439872741699,-0.0967250689864158,1.2624882251374423,0.0462604239583015,0.9587104455016552,0.0634828400796279,4106
1726744921339570200,9.780698397141697,0.92289810449481,-3.837825181731581,-0.0969009154942352,-9.73326152318418,1.1935791587579994,-0.4052004218101501,-0.1488415747880935,0.5997458696365356,-0.5292903001342006,0.472995576933499,0.4641331523253986,-0.5298183732871484,-1.0928279161453247,-0.3668462932109833,0.9083870649337769,-2.599440155106783,6.534092556908727,-5.272506687438487,0.3419758975505829,-0.1730730384588241,2.923646974787116,-0.0109750824049115,0.7580752065628766,0.1803649513862095,4107
1726744921379337500,10.068336942881343,0.8094657865822315,-2.7959190050184723,-0.1319507659622933,-9.763330498233437,0.9112330934032796,-0.9710451364517212,0.0775406658649444,-0.3982642889022827,-0.5207962049783161,0.4808720381433988,0.4714892636691461,-0.5246248814482098,-1.6904628276824951,-0.0600472800433635,1.7086883783340454,-4.086311866778135,5.509374830883741,-4.629328902904689,0.3377554714679718,-0.1366947889328003,1.720079140651971,0.0711123049259185,0.0777036000685766,0.3183232050018384,4108
1726744921419104500,8.899097933197021,1.3980927735000848,-1.7070874110013246,0.2097918839385733,-9.793510532441736,0.4621022919917479,-1.293255090713501,0.1227597743272781,-1.3458802700042725,-0.5198657783502095,0.485523846503552,0.4906179112180535,-0.5032894974093226,-1.894571304321289,0.1263604611158371,2.4827561378479004,-4.424462456136942,4.4885184564620255,-3.521397763881087,0.2485875189304351,0.0310279745608568,-0.7469586231343448,0.2642877399921417,-0.8750875018540769,0.4760554505530744,4109
1726744921458880500,8.062550662943721,0.7155044773370027,-0.9158768275558948,0.9257312090288848,-9.762594000652433,-0.0718804149070056,-1.441628098487854,-0.2873923778533935,-2.3545429706573486,-0.5243369465956158,0.4810896517638076,0.5217447920967571,-0.4705378977103012,-1.94836688041687,0.4009998440742492,2.8621315956115723,-3.800587630227208,4.142911121356487,-2.414559973052144,0.2150912135839462,0.0463674627244472,0.4205969269750639,0.3637666404247284,-0.7434992764607071,0.4626625562230125,4110
1726744921498649000,6.628502194443345,-1.6092273407518862,0.1836310587763786,1.9934668965905904,-9.57827846674323,-0.6730956606745719,-1.4320666790008545,-1.0074962377548218,-3.143892288208008,-0.5285818363794431,0.4601180739827279,0.5679873983355639,-0.4316050690291903,-1.969677686691284,0.3338838219642639,3.2555253505706787,-5.0176814470201725,2.9106296723037954,-1.8483020543307065,0.3420668244361877,0.1203985288739204,0.500127779003419,0.2261884957551956,-0.6765354989301413,0.1032907169960439,4111
1726744921538416600,4.50011917014569,-3.468903606534004,1.5808137316942217,3.169706140425801,-9.181758106002212,-1.3485760245285927,-1.385552167892456,-1.5220504999160769,-3.2998292446136475,-0.5270846085539066,0.4253936858633436,0.6227346575394251,-0.3916931944862779,-2.0949652194976807,0.1638624221086502,3.535062313079834,-5.003346632197499,1.866563102686405,-1.9381511059515173,0.42870032787323,0.1125644296407699,-0.1612047805000096,0.038796093314886,-0.7347786482580005,-0.0985801372854504,4112
1726744921578184400,2.370684590968489,-3.27252646343112,3.5358208415091035,4.203044979801774,-8.635634043771027,-1.9825825144827365,-0.9588161110877992,-1.2245756387710571,-3.049487829208374,-0.5226254022919724,0.3863177767715235,0.6721920512117731,-0.3546535846996671,-1.9112781286239624,0.0032418395858258,3.710397243499756,-3.892348214557767,0.1768956130415201,-0.6555956598192453,0.4697232544422149,0.0766410306096077,-0.9755606041461228,-0.1518768221139907,-0.5966113732678815,-0.2060971941391006,4113
1726744921617951700,0.909182882875204,-2.937660887092352,4.419209942436218,5.111336466795206,-8.026136702781915,-2.3718681016646324,-0.2727699875831604,-0.6654912829399109,-2.91188383102417,-0.5249250309776797,0.3454781650332771,0.7082206279476596,-0.3217485281413622,-2.046126365661621,-0.0933362022042274,3.694059371948242,-2.6070775181174275,-1.1591177209034562,-0.5794570075124502,0.4648481607437134,-0.0236886739730834,-1.229229075744748,-0.2099479138851165,-0.3595799655523151,0.0049854893743031,4114
1726744921657720600,-0.5580062232047319,-3.2050247065663338,3.814379716475308,5.93508329218626,-7.418346165710687,-2.431727673213184,0.4329524636268616,-0.2902511358261108,-2.705353021621704,-0.5367092299340608,0.3011922837089873,0.7302511975544508,-0.2965797649902262,-2.209477663040161,-0.1711234152317047,3.538499593734741,-2.276722697201371,-2.6096035294637083,-0.8792010746527462,0.441289871931076,-0.0763948485255241,-1.3374104873917996,-0.1997446715831756,-0.3185667314341291,0.0027231345037114,4115
1726744921697488100,-1.6210253305733202,-3.2956168316394088,2.5065152031719684,6.641365767669678,-6.818986772376299,-2.3588223037391898,0.5556475520133972,-0.4042364358901977,-2.474562406539917,-0.5498401486635878,0.2553170942354189,0.7450366770768586,-0.2782252089878196,-1.952077388763428,-0.1579906195402145,3.3505632877349854,-2.359609654724598,-4.509890038053691,-0.4358879830766469,0.3429420888423919,-0.1521158963441848,-1.4287011161230505,-0.1678053140640258,-0.2761936254058964,0.0687650730651803,4116
1726744921737255700,-2.359216271492839,-3.214671655833721,1.9300832425691183,7.20463093431592,-6.20202216424644,-2.408024726064503,0.1735971868038177,-0.7081999182701111,-2.2740042209625244,-0.5561704559633963,0.2124767308470961,0.7600189001938031,-0.2605749074512981,-1.822007298469544,-0.1050410121679306,2.9850411415100098,-1.8622966774135827,-5.757586790642142,-0.2847054879624396,0.2023218423128128,-0.1798639893531799,-1.156766846928373,-0.0809953361749649,-0.2925712163688614,0.1871441631975583,4117
1726744921777023200,-2.610547240054608,-3.8902766689807176,2.336421086838841,7.646001075130701,-5.536143010821938,-2.657094471696019,-0.3664807081222534,-0.7625389099121094,-2.1689600944519043,-0.5550816757259045,0.1758184882533645,0.7775358392383238,-0.2375081610721972,-1.7809067964553833,-0.039974395185709,2.4777448177337646,-1.083566220834851,-6.9053545577526085,-0.4070307949699461,0.0871522799134254,-0.0776535347104072,-0.5362247821705416,0.0532072596251964,-0.3063953417230397,0.3844238263644278,4118
1726744921816790800,-3.4118308892250058,-5.980296060353517,3.2818110091269013,8.026505536094307,-4.805881401596963,-2.9409365477621554,-0.7318139672279358,-0.1664860844612121,-2.0647735595703125,-0.5543739410952434,0.1464091236648936,0.7927864831408273,-0.2066967093525252,-1.6069903373718262,0.1037419214844703,1.8985756635665887,-0.8216741107702255,-8.257322124415635,-0.1714619706202298,0.0131004536524415,-0.0809768959879875,0.9430923859354108,0.1495775580406189,-0.1071291535146068,0.514141764373891,4119
1726744921856556300,-6.673256112927198,-7.224158641606569,3.8229534835532304,8.388550795781612,-4.127648670294881,-2.960592265346646,-0.6934656500816345,0.8834969997406006,-1.3656350374221802,-0.5646853423155078,0.127588287331294,0.7966614223642547,-0.173730354958301,-0.6675317287445068,0.078517310321331,1.2271016836166382,-1.283547525909543,-10.17215153762102,0.3090355540335178,0.0088418880477547,-0.1727510243654251,1.3095466211713849,0.3143400549888611,0.1596966774920001,0.8008923848304897,4120
1726744921896323800,-9.546669861036538,-7.498235110461711,3.551590365310013,8.616222656336426,-3.884846460625529,-2.615157364198565,-0.1346028000116348,1.397246479988098,0.2744078338146209,-0.5847587446027278,0.1275077173955572,0.7855429372377527,-0.1572298531720584,0.3457523286342621,0.3892942667007446,0.1158676147460937,0.0466267266184091,-10.868534550380708,0.4008983566295355,0.0464229770004749,-0.3088726103305816,2.190850732517988,0.3712988495826721,0.4123361348364502,0.2919228537290357,4121
1726744921936091600,-7.709597056728601,-6.244130536657571,2.293957617379725,8.613107739186287,-4.170496755157411,-2.142823053060472,0.3531811237335205,1.1457998752593994,1.1387429237365725,-0.602892048795615,0.1424990476400348,0.7674292112873424,-0.165128736247508,0.5671539306640625,0.4404089450836181,-1.2523154020309448,0.3034340807646513,-9.222710294115544,1.0897574766904117,0.0723344460129737,-0.2103889882564544,1.7195160999417305,0.1782805621623993,0.3559424127675593,-0.4484133738571778,4122
1726744921975859200,-7.350689510545134,-4.975144035542011,1.363662680631876,8.447832421311736,-4.67438618824929,-1.7189023519575597,0.700127899646759,0.788056492805481,1.605575442314148,-0.6143316910417921,0.1597664685774143,0.7497428252977251,-0.1869677932729742,0.5788305997848511,0.391893595457077,-2.4616947174072266,-0.1891314097583293,-8.341398583984375,1.5281033012479543,0.0720621645450592,-0.1822380274534225,0.1271433291479479,0.1294041126966476,0.6396601318016648,-0.4429712924011051,4123
1726744922015626800,-6.122043203124403,-5.116565599620342,0.306263751232624,8.112372970733047,-5.3386137750744815,-1.3634535679258406,0.8103942275047302,0.4441824555397033,2.1215462684631348,-0.6184014854127228,0.1803714102648458,0.7327911998568492,-0.2192324303750809,1.0763545036315918,0.4650578796863556,-3.389040231704712,-1.40666186440289,-6.980338194805383,1.3244365856587883,0.0175172388553619,-0.2585532367229461,0.1522453477059025,0.0597634240984916,0.4726061138167977,-0.8204785443101078,4124
1726744922055395300,-4.141033052524924,-5.038091782364249,-0.3892962547063827,7.591376920017599,-6.117690268611908,-1.0560526293568313,0.8987262845039368,0.262870728969574,2.525119066238404,-0.6155509550338301,0.2053642102694079,0.7153105900527563,-0.259332488055108,2.0256054401397705,0.2772491574287414,-3.983229637145996,-4.213742314904928,-5.436517099943757,0.9640829323202372,-0.0369325391948223,0.088988609611988,0.0674194854088127,-0.1321866065263748,0.2141612581292167,-1.0441073400191965,4125
1726744922095163000,-2.392258124873042,-4.892760351365804,-1.5697089848339556,6.902036226984858,-6.919632089430094,-0.8068352188829332,0.4815854132175445,0.1187446266412735,2.799347400665283,-0.6064707350021793,0.2348747337919863,0.6971162086517557,-0.3017551582333608,2.988323450088501,-0.0042912843637168,-4.266045570373535,-6.709933692461251,-3.5506419785439967,0.3537531956275925,-0.0222989004105329,0.279404729604721,-0.4287097985429689,-0.2636853158473968,0.1450871191148646,-0.6259846576705574,4126
1726744922134930700,-0.9320978945165872,-4.793178279629349,-1.2876304113090038,6.028156712681055,-7.698418660110235,-0.752379406074062,-0.2104224562644958,0.0934784710407257,3.240653276443481,-0.5890915285810013,0.2754821442462077,0.6800516602683475,-0.33854182573025,3.520071029663086,-0.4751749634742737,-4.325493812561035,-7.381487968912721,-1.0854548110604283,-0.6249152748733758,-0.0085769454017281,0.3896307051181793,-1.0296360393352806,-0.2761382460594177,0.0953189617987256,-0.2790091212180443,4127
1726744922174698200,1.5576462065964936,-3.7534021006822575,0.1328057114243507,4.923756962653994,-8.442960431361199,-0.802134932237491,-0.146136075258255,0.1969343572854995,3.5558412075042725,-0.5649563522434947,0.3251795530107393,0.6596633674005109,-0.3740679753242099,3.438358783721924,-0.7811652421951294,-4.210714817047119,-6.491081682699918,1.086608949531615,-1.6754169921047986,-0.0203070938587188,0.326436311006546,-1.303112204209715,-0.2161594927310943,0.3264517490629106,-0.0790237701558973,4128
1726744922214465500,3.886016965709626,-2.496431616052985,0.3830349292892962,3.7030034543097017,-9.053046970415116,-0.7074494003709405,0.4402387142181396,0.3288823366165161,3.4295194149017334,-0.5419021861410693,0.3712257218727806,0.6310795086300132,-0.4126404242122319,3.022383213043213,-1.0870884656906128,-3.859228610992432,-5.872262386614084,2.751417015469074,-3.002505407446623,-0.0288059152662754,0.20328389108181,-1.6267850631438194,-0.1144796013832092,0.5908933244146406,0.0440902623767731,4129
1726744922254234400,5.263747042399644,-2.143108007481694,-0.4749965160846709,2.487031919544936,-9.476550615149735,-0.4243255190441384,0.9627832770347596,0.1152083575725555,3.224071264266968,-0.5215890209174673,0.4064259055729344,0.597036484639261,-0.4542140110677563,2.226013898849488,-1.386575698852539,-3.428091526031494,-4.746729832187294,4.221211920133233,-4.294504535359144,-0.0537257641553878,-0.003982703667134,-1.4451460549674928,0.0008151330985128,0.8335396859351545,0.095048264231719,4130
1726744922294002000,6.791998812207579,-1.357343999004364,-1.4064695567011831,1.2442892822325229,-9.727212306147813,0.0591323212865041,1.4302337169647217,0.1725172996520996,3.268073081970215,-0.5023739557609128,0.432176767635086,0.5569634926502511,-0.5006350874325993,1.48554265499115,-1.453456997871399,-2.594149351119995,-3.410626189610362,5.7353977551877495,-5.019605693081021,-0.0520451553165912,-0.1092143282294273,-1.203708630845323,0.1075307950377464,0.8824907638479024,0.0182564441041729,4131
1726744922333769500,9.842398189729453,-0.6122539462208747,-2.985249736741185,0.0202166074368404,-9.788755446869134,0.5917965568646788,1.1341416835784912,0.3936215937137604,2.860100030899048,-0.4850114228188459,0.4555180236516231,0.5121817090220561,-0.543081078076955,1.012653112411499,-1.3025039434432983,-1.7058557271957395,-2.3796312830120323,6.979218250864744,-5.311095653551817,-0.0149613376706838,-0.0792651548981666,0.769891681889072,0.0820377469062805,1.108182775697112,-0.1036849952769465,4132
1726744922373537000,12.072074473595618,0.1703542285740375,-3.6625533704996105,-0.9141961809925736,-9.722770524308086,0.895753930851072,0.4303629100322723,0.2987108528614044,1.8294893503189087,-0.4695467104605795,0.4752786478034201,0.4779534159616538,-0.5702601797272933,-0.1634779125452041,-0.8297119140625,-0.3316994309425354,-2.498805651707947,5.649139275404811,-6.0231128732949495,0.0495664626359939,-0.1790739297866821,1.4066058964319526,0.0848353654146194,1.4086045229032635,0.0712543736968422,4133
1726744922413304600,12.053928576052188,1.6172206775933504,-3.073382193702459,-1.4251692887350915,-9.66143898051083,0.8921146975658834,-0.3576049506664276,0.3993827998638153,0.7458716630935669,-0.4581716695742379,0.4909135265996286,0.4620808585990987,-0.579278748154591,-1.0360506772994995,-0.6111720204353333,0.6766219139099121,-3.1027818911880254,5.737736427268386,-6.575567307591438,0.1454466581344604,-0.0251529049128294,1.6740036181755362,0.0757843703031539,0.8674967544641345,0.0964682048990856,4134
1726744922453073200,12.035345456135271,1.3488625863850117,-2.1063743138462305,-1.4965186609387398,-9.672005382710696,0.6189768978003413,-0.8486352562904358,0.275827020406723,-0.4085772335529327,-0.4529160832749087,0.5021878458190236,0.4650250850560072,-0.5713371169806855,-1.4995355606079102,0.1727685034275055,1.2526259422302246,-3.311312413421273,6.114861182665824,-5.8625300971508025,0.2044083625078201,-0.1264140307903289,1.1863087293636052,0.0556109249591827,0.3028651583028957,0.1678866876830347,4135
1726744922492840700,10.9630248519361,1.2451660650670529,-1.2765192347079517,-1.1432066697400065,-9.736351890414952,0.258684345265571,-0.9547455310821532,0.0411518886685371,-1.425751805305481,-0.4560014041173792,0.5038488593660051,0.4826459323536831,-0.5524961263943137,-1.3193551301956177,0.6866227388381958,2.037664890289306,-4.727298571008443,5.599179604971408,-4.699425644698739,0.1427916586399078,-0.1593812108039856,0.0452370943243382,0.1247700825333595,-0.3640206514135002,0.2780372622448951,4136
1726744922532576000,9.72434581080079,1.2680915981024503,-0.4525158042073249,-0.3836674185065552,-9.798632113239169,-0.0999460188111756,-0.902476727962494,-0.3602175712585449,-2.514677047729492,-0.4663786621018729,0.4916132457835885,0.5132370266429221,-0.5266831067562339,-0.8384363651275635,1.5094207525253296,2.728748321533203,-3.4916280640393493,5.193583957371115,-3.375546692922711,0.1619161367416381,0.1299961060285568,0.3955266369959339,0.2486416697502136,-0.6863413650862872,0.4274417879011482,4137
1726744922572342300,8.585618843758105,-1.2424527144551276,-0.1264320482065901,0.8207505661845207,-9.760998255893588,-0.4686764096850529,-0.939120590686798,-1.030927300453186,-3.641707181930542,-0.4816577093810478,0.4600514460637948,0.5587920125316242,-0.4940748496090267,-0.6106551289558411,1.5753577947616575,3.337007522583008,-5.598558258202671,4.390782889375091,-1.843662996353209,0.2284770607948303,0.2012991607189178,0.0320861075749271,0.1732036173343658,-0.5753479282258078,0.1163108690235763,4138
1726744922612108500,6.799048730719089,-4.261026628649234,0.1621662459433078,2.3360281419984994,-9.477650685346124,-0.9420768522173164,-1.121442794799805,-1.6970843076705933,-4.359974384307861,-0.4951894773556656,0.4096117145298528,0.6166447889628428,-0.454703105575329,-1.9349554777145384,1.3966659307479858,3.690207242965698,-5.481584906682372,3.277624663352966,-3.156817432758212,0.2515501081943512,0.1384063810110092,-0.1291410879695788,-0.0079273572191596,-0.511322724897787,-0.1754096853327006,4139
1726744922651875800,4.337521839308739,-5.64110209942162,1.444273071525246,3.888654912997782,-8.855787783780693,-1.6197981268659234,-1.2909237146377563,-1.8162188529968264,-4.521324157714844,-0.500935902915681,0.3480644779608335,0.679292159974959,-0.4080152141106271,-2.2002146244049072,1.1276097297668457,3.8939425945281982,-5.246460976555944,1.0392787508189678,-1.3646370786219837,0.2583798766136169,0.1549823880195617,-0.8129303939528763,-0.1413237154483795,-0.4267375851545482,-0.3222038092948496,4140
1726744922691642000,2.014228529590368,-5.833223923167586,2.712535496149957,5.261003296649456,-7.940918671962619,-2.331109098035842,-1.176391363143921,-1.2772985696792605,-4.355847835540772,-0.5046321262156914,0.2857479760596463,0.7329403649588039,-0.3556586369762908,-1.6508477926254272,0.9102920889854432,3.925118923187256,-4.347361680799723,-1.2825339649528265,0.4140606936067342,0.2403532266616821,0.1758234053850174,-1.0822990504432468,-0.2214721292257309,-0.3420623925076797,-0.2169959335658699,4141
1726744922731408100,-0.3434527874201536,-5.97340746988356,3.4928161047801374,6.401980672967434,-6.871784296584129,-2.8219921884298325,-0.7059971690177917,-0.5115374326705933,-3.920757293701172,-0.5137682103080958,0.2272108945069418,0.7695822007851224,-0.303580001669168,-2.1374008655548096,0.6963050961494446,3.65218997001648,-3.804911923167109,-2.587778066624701,0.313901150775887,0.1814281195402145,0.1636227667331695,-1.4231350064285098,-0.2384732514619827,-0.4203818229196593,-0.0546158987414091,4142
1726744922771174400,-2.2475427799463272,-5.661325972282886,3.2283278407424687,7.286288057783246,-5.836078728076815,-3.003421060986817,-0.1944240033626556,-0.0916622132062912,-3.2776858806610107,-0.528190466359004,0.1740596521494778,0.7891990223008459,-0.2605433404868087,-1.7073662281036377,0.6326706409454346,3.281684398651123,-2.9337580344349146,-4.724476207064092,0.7531605465143919,0.1051130816340446,0.1176517829298973,-1.5268530089259147,-0.2001362591981887,-0.3755510763399303,0.1232125564371235,4143
1726744922810940700,-3.2738246865481138,-5.370986350890994,2.640356395123898,7.911992437207698,-4.932161802905798,-3.040487932099402,0.0306202173233032,-0.1362632662057876,-2.6575303077697754,-0.5411391844311072,0.1274325649731968,0.7992388109016343,-0.2283566650464266,-1.3540241718292236,0.6198639869689941,2.819523334503174,-2.486825583317876,-6.013056174182892,1.7667209187090396,0.0158886536955833,0.0568986721336841,-1.3919507636137305,-0.1255198717117309,-0.3760635924393311,0.2711337116678245,4144
1726744922850697700,-3.505249177634716,-5.415582448464631,2.3202152174472808,8.32298146828413,-4.146410069388151,-3.11538973608762,-0.0233041066676378,-0.3346000015735626,-2.2703261375427246,-0.5477285778155871,0.0870830943192113,0.8070050863805495,-0.2028613964387697,-1.292463779449463,0.4890579879283905,2.315835952758789,-1.7578981453061102,-7.114173249277472,1.972370917069912,-0.0421641692519187,0.1514262706041336,-0.7989565944623201,0.0152564384043216,-0.4040179499547928,0.4755069863574579,4145
1726744922890465000,-4.1436698307693005,-7.430148831707239,2.0119731518790123,8.614094412136078,-3.3801208689704536,-3.246932003447413,-0.4769020676612854,-0.14907768368721,-2.074635505676269,-0.5509466897831058,0.0530193929859519,0.8140862378641563,-0.1758134869674552,-0.6644456386566162,0.5035403966903687,1.8747715950012207,-1.2168617616027593,-8.739282634294032,2.4648387924373147,-0.0749245956540107,0.0969006717205047,1.208197758958116,0.1073497533798217,-0.036598216987797,0.5076039966356009,4146
1726744922930231300,-7.634739676403999,-7.809977000844478,3.0784242795228955,8.853089046216011,-2.67767402612716,-3.259336434729397,-0.8613219857215881,0.6446434259414673,-1.2777068614959717,-0.5593490586382688,0.0330495628171121,0.8155290517314397,-0.1447368837128783,0.6366099715232849,0.1805465221405029,1.2945083379745483,-1.647113711553812,-11.162685839015245,3.815564834606647,-0.0985518991947174,0.0301595218479633,1.3513916664712131,0.245663121342659,0.0663855986166978,0.6353012790050357,4147
1726744922969997600,-9.68443582521677,-7.36278385296464,3.554035712635517,9.058202453482153,-2.328046787855774,-2.949499501185119,-0.6800887584686279,1.420220136642456,-0.1085638925433158,-0.5783437335967642,0.0338330840590817,0.8057530259575714,-0.1230280257340329,0.4855128824710846,0.0363927073776721,0.0007093275198712,0.2329769812256097,-10.431641847240924,3.720342711645365,-0.0582399405539035,0.0042228251695632,2.5849641782477497,0.3049575984477997,0.5167712726272642,0.2850338614002801,4148
1726744923009763800,-9.391208665689826,-7.889535690727829,2.8346611158669,9.15852277636528,-2.492620241071284,-2.465505731913447,-0.0198064930737018,1.2972732782363892,1.2418938875198364,-0.5994394702406384,0.0509100479027495,0.7893756827405553,-0.1223381722870416,0.1649457812309265,-0.2658934295177459,-1.5239005088806152,-0.2820125225514173,-9.583163900697231,4.206194968265295,-0.0517311505973339,0.0328096635639667,1.302066932940483,0.2324898391962051,0.5278345184333623,-0.3566624341377988,4149
1726744923049530000,-7.309246324044466,-7.012289914861321,1.5101523417547345,9.059256930971143,-3.1472055548042057,-2.048249164874852,0.614647626876831,0.7816216349601746,2.090728044509888,-0.61151625263357,0.0763864286871346,0.77369035034359,-0.1470242986138787,0.2261430919170379,-0.5774725079536438,-2.845581531524658,-0.7756921117961406,-7.92476365597546,3.152164053994417,-0.0354390330612659,0.0305427648127079,0.4107300878793001,0.1439921259880066,0.8527036744799464,-0.533453052434884,4150
1726744923089297200,-5.135537426593899,-7.651328407633304,-0.0152430157087743,8.764846114617585,-4.042401121120155,-1.7340204261124132,0.5825622081756592,0.5100581645965576,2.6569247245788574,-0.6142754855563594,0.106649082926847,0.7596291272240592,-0.1850813440151537,0.953619658946991,-0.5952991843223572,-3.6061415672302246,-2.491028880226612,-6.690013770982623,2.2958231189906595,-0.0398251116275787,-0.104150615632534,0.8739567442584782,0.1140474677085876,0.8114575449213385,-0.4457700562741607,4151
1726744923129063400,-3.5822014844119545,-7.73048611550033,-0.2996810118414461,8.249249292597174,-5.090015446346998,-1.4872915445186197,0.3427356779575348,0.4739138484001159,3.377803325653076,-0.6102523716451377,0.1477753661494237,0.7443071995504609,-0.2275112772135316,2.196335554122925,-1.0638060569763184,-3.827027559280396,-6.022294542649388,-5.346191516852379,0.9714519997835158,0.0057926243171095,0.1051466986536979,0.4614015963764861,0.0110459169372916,0.5182482133120299,-0.6279458747409283,4152
1726744923168829700,-1.1862433359771969,-6.698864016914367,-0.1564917074382305,7.435408944192528,-6.267084711265563,-1.2683579939536749,0.3332665562629699,0.5033027529716492,3.964000225067138,-0.5993289815209529,0.1996188929972412,0.7244449997229279,-0.2759284832047599,2.7836267948150635,-1.5270321369171145,-3.915540218353272,-7.468287715965509,-2.885117629906535,-0.448918071976304,0.0020158365368843,0.108083076775074,-0.2051136264618486,-0.1720589101314544,0.456436594380252,-0.7277581750366836,4153
1726744923208595700,1.4667086290866136,-4.477078778558969,-0.3482464514374733,6.352005804964899,-7.410431739324331,-0.9528518556665628,0.6465610265731812,0.7647436261177063,4.047940254211426,-0.5855473406060382,0.2537152509449326,0.6958523522459894,-0.3294730121029203,2.596273422241211,-1.7110768556594849,-3.9564270973205566,-7.255704118949175,-0.8536554953120649,-1.3822346946328878,-0.0422127321362495,0.1564202308654785,-1.389967480842024,-0.2349758595228195,0.3062404068896547,-0.5083054229032248,4154
1726744923248362000,3.102090986314416,-2.977577302417159,-1.4860136335372924,5.146831558546424,-8.327693299236893,-0.5744963528977707,0.5752025842666626,0.7642375230789185,3.772083759307861,-0.5713043560875163,0.3035468923604112,0.6611735373875578,-0.3798950078587265,2.14221739768982,-1.7698193788528442,-3.977996826171875,-6.3055433289974925,0.9235314339622854,-2.6732646852523088,-0.0621036663651466,0.1731489151716232,-1.723254701948166,-0.1679429113864898,0.4792984510622918,-0.2037522201818414,4155
1726744923288128300,4.395990394890308,-2.3359920477718115,-2.1912428005754947,3.883009600587189,-9.000253537860512,-0.2967809247520752,0.1793957650661468,0.761600136756897,3.6327407360076895,-0.5533018174482062,0.3510328688278637,0.6260251921861397,-0.4227595074677541,2.037304878234864,-1.7619551420211792,-3.7828481197357178,-5.585837308317423,2.168375719729066,-3.789968621057272,-0.0508980304002761,0.0712536424398422,-1.5843677709139885,-0.0582660362124443,0.908251301113516,0.0393673711738781,4156
1726744923327895300,6.2566743764102455,-1.5228823517292738,-2.0507412739515303,2.571495624865592,-9.46081820848882,-0.2252470628269948,-0.3817350566387176,0.973611295223236,3.4881279468536377,-0.5306755027245642,0.401919066659806,0.5915618882403624,-0.4548617748529129,1.956353545188904,-1.7050141096115112,-3.3334836959838867,-4.657150099027157,3.4568045879393816,-5.0083624145329,-0.0241922084242105,-0.0083340555429458,-1.6148045563623308,0.0588655546307563,0.930085970172286,0.106882795804413,4157
1726744923367661800,8.033383605170249,-0.9291361221015452,-1.482666661196947,1.3170216332271694,-9.70979823001027,-0.3945370414366945,-0.8786004781723022,1.0867544412612915,3.124722957611084,-0.5055828000536354,0.4553071654926123,0.5592952493161785,-0.473571810899683,1.6876845359802246,-1.6100611686706543,-2.6325249671936035,-3.4043472554713485,4.523014015781879,-5.60805498534441,-0.0078647397458553,0.0306277554482221,-1.1211447677966206,0.1273413449525833,0.9915063612967728,-0.1292062621602788,4158
1726744923407427800,9.855247149908545,-0.4612169970571994,-0.6224303992550819,0.2044396544567309,-9.777136320745944,-0.7322381699949503,-0.9656269550323486,0.8560900688171387,2.6538455486297607,-0.4787031021232089,0.504887319825908,0.5314344265922741,-0.4832281929403514,1.0489351749420166,-1.3354300260543823,-1.697605013847351,-2.4239245982468125,5.695076266193389,-6.296422449430823,0.0370920859277248,0.0353326387703418,0.7940233027786016,0.0341141633689403,1.228017800258845,-0.3013652934002689,4159
1726744923447194000,11.493423521769046,0.0096276600450277,0.0948665875218808,-0.6611576047953218,-9.723203655028342,-1.0920520904336124,-0.8225467801094055,0.4419848024845123,1.8861433267593384,-0.4528678587507349,0.5423895273245463,0.5113636313974701,-0.4891130770598991,0.0487725734710693,-0.7987827062606812,-0.6039624810218811,-2.564571963082254,5.504648971405625,-6.844410551968217,0.0731719136238098,-0.0776606351137161,1.733987400625646,0.0208912286907434,1.3567283513240516,-0.1053475764606148,4160
1726744923486960400,11.888429386293888,1.5307172831386326,0.8967467412807046,-1.213732158340141,-9.63493909612,-1.3657104069419204,-0.527174711227417,0.0758039653301239,1.0094064474105835,-0.4325321963773616,0.5646387364577765,0.500814285489985,-0.4932382468090832,-1.0504573583602903,-0.4159591495990753,0.3861279785633087,-3.3289971231937407,5.65488454105854,-7.303697457745671,0.0978948399424552,-0.0706058591604232,1.0902080700021235,0.0609528943896293,0.9059520842604338,-0.1546993806613609,4161
1726744923526727400,12.475215713781118,2.034842863073945,0.8833762414455413,-1.367616386693716,-9.592738953772187,-1.5097589585229754,-0.2840271294116974,-0.3715269565582275,-0.2739928066730499,-0.4220078220538459,0.5694969219828996,0.5026425557177244,-0.4949071911452539,-1.740243434906006,0.4076158404350281,1.0763012170791626,-2.7254139746844768,5.844189553818106,-6.546303219184279,0.0789548531174659,-0.1584497839212417,1.187663724169135,0.0868724361062049,0.5193914650630206,-0.1066510054756887,4162
1726744923566493700,11.716588134032488,1.6101801114320755,0.8107121333815157,-1.0505698870968072,-9.622375382623076,-1.5737138365611434,-0.2515507638454437,-0.53193199634552,-1.49961256980896,-0.4227402164499199,0.5567352413074017,0.5198874379998711,-0.490972126929638,-1.7906666994094849,1.1968308687210083,1.8657320737838743,-3.862116157901287,5.196477340725064,-5.300356232872605,0.0353997200727462,-0.3542145490646362,1.101511627370119,0.1860276013612747,0.4234591114731505,0.2468784826649352,4163
1726744923606306600,10.22678095343113,1.2552730330616235,0.9921605874218046,-0.28815089744227,-9.654281509971618,-1.697701012366265,-0.4881762862205505,-0.4234468340873718,-2.659611940383911,-0.4330342126632903,0.5324483854020637,0.5505064743096916,-0.4753131970745983,-1.6041468381881714,1.7090210914611816,2.6274733543396,-4.85942272990942,4.705718607363105,-4.300675917470455,0.0343758501112461,-0.0376854315400123,-0.1877490520218387,0.4342923164367676,-0.4427252452181652,0.586969209773466,4164
1726744923646075000,8.887807308375836,-1.5976432859420775,1.2930322703525423,0.936200872856006,-9.568166238051653,-1.934978321134299,-0.65482497215271,-0.6276373267173767,-3.858289480209351,-0.450535928603269,0.494664743278249,0.5949480883671743,-0.4453774606004942,-1.240297794342041,2.0070066452026367,3.38574767112732,-5.462822923067212,3.1331209153503177,-2.2731854629859325,0.0878540128469467,0.0866274014115333,-0.0974812452659942,0.4996622204780578,-0.4296160266676917,0.2783814908389933,4165
1726744923685842700,6.488304034680128,-4.494405176413059,1.8084429221510887,2.4628674923643468,-9.22571707471609,-2.2340119749829173,-0.600951611995697,-1.0710058212280271,-4.527313709259033,-0.470017764171824,0.4404386911698965,0.6480097772152096,-0.4064238985467661,-1.2108360528945925,1.9503666162490845,3.848369598388672,-5.662394478297233,1.8584850101709365,-1.2532191692717372,0.1478901207447052,0.0487149618566036,-0.231512132837437,0.2140023857355117,-0.3136000854700803,-0.4118381587190553,4166
1726744923725611000,3.8223528873115775,-5.044357857021689,2.7518749883696434,3.982296488769352,-8.588377202555536,-2.5595903752774,-0.282901793718338,-1.3240212202072144,-4.608874797821045,-0.485078478752331,0.3735597186722309,0.7006824751868751,-0.3663279790672603,-1.253130316734314,1.6869782209396362,3.920621395111084,-4.629584631231427,0.5484054511666298,-0.4804588731437921,0.1627466827630996,0.0266217347234487,-1.3677195548072456,-0.0987427979707717,-0.3718826900254934,-0.6090684115199372,4167
1726744923765380000,1.962946670642495,-5.457571578410268,3.244826847861707,5.333233835601806,-7.732983777534962,-2.8156673693224787,0.1787571310997009,-1.1770058870315552,-4.5190205574035645,-0.4978888633940116,0.2993925731066606,0.7442601478211035,-0.3294657560838929,-1.7427157163619995,1.3875676393508911,3.72294020652771,-3.46025735874176,-0.9013793695174156,0.4460498230636119,0.1389355659484863,0.0237283054739236,-1.1905801961377265,-0.1940900683403015,-0.2112933562763966,-0.2089358516311273,4168
1726744923805148200,0.6540525220304727,-6.983974505481124,3.0877886124566194,6.502963259151578,-6.728964556145668,-2.933063037908077,0.7074160575866699,-0.8641805648803711,-4.358345031738281,-0.5123589465520654,0.2210161195423021,0.7750461122548716,-0.2965528464858797,-1.914439558982849,1.1241466999053955,3.473660469055176,-3.850955881461501,-2.996238748267293,1.0093050528377294,0.0807309299707412,-0.107838362455368,-1.013548681756854,-0.1665201336145401,-0.024582670858968,0.061799773230357,4169
1726744923844911400,-1.2332850731372833,-7.344431619194149,2.2695208029985428,7.448482945299149,-5.671496068641543,-2.9196956068128346,0.9743079543113708,-0.6340712904930115,-3.9338724613189697,-0.527519369984027,0.1424841271444652,0.7928185890426813,-0.2699264297513927,-1.2051215171813965,0.888861358165741,3.2137868404388428,-4.066690635985136,-5.381503068730235,2.1213164469122887,0.0390166081488132,-0.1562229245901107,-1.2264752469919622,-0.1478730738162994,-0.0713918687716592,0.1113574387341272,4170
1726744923884679400,-3.3348230528682468,-6.395903398880362,1.8005714581236243,8.135348188129067,-4.648250168734789,-2.894872131201625,0.7703643441200256,-0.395879179239273,-3.291899442672729,-0.5399032631617076,0.0726083002840991,0.8014520764149916,-0.2467937243050731,-0.9134706258773804,0.689852774143219,2.650702476501465,-2.363127891978621,-6.160269765666127,2.892042460733652,0.0234739687293767,-0.1267861574888229,-1.2981221408374606,-0.1954555809497833,-0.0780059074833989,0.0526699797048699,4171
1726744923924447500,-4.81143582085371,-5.712223800349236,1.6410490046873687,8.600258779007197,-3.7231753047227856,-2.888577707232535,0.3735730946063995,-0.146952748298645,-2.69854998588562,-0.5500245949497808,0.0174887425735975,0.8043448411676704,-0.2240455319589797,-0.7232937812805176,0.5387428402900696,1.946487665176392,-0.4153244299322366,-6.863885652288794,3.5174715303480624,-0.0028860867023468,-0.0430588908493518,-1.059385938498005,-0.1946941763162613,-0.0858361809839494,0.2918789049894549,4172
1726744923964215600,-5.431514177089929,-6.829094324892759,1.5922221376761794,8.859413573062419,-3.077364249075949,-2.86548938485086,0.1073978096246719,0.1826929599046707,-2.4050192832946777,-0.5581834751712146,-0.0151369259857964,0.8036604831194425,-0.2057474434389868,0.0007882686331868,0.5081197023391724,1.3609689474105835,0.0885118116676807,-8.514389590802788,4.127826949471235,-0.0306582953780889,-0.0064693833701312,0.8633502292439341,-0.1195343062281608,0.0662852937471121,0.4981825632197782,4173
1726744924003984600,-7.941767397746443,-8.037405115771293,1.1495260089546442,9.129439889743924,-2.348341972387582,-2.703511939477921,-0.248087927699089,0.7194151282310486,-1.4901376962661743,-0.573449412918022,-0.0450060326436235,0.7973802133801725,-0.1825237176186476,0.5967499613761902,0.0644563063979148,0.7166748642921448,-0.9291215090543032,-9.538280218353869,4.668266536325216,-0.0639892145991325,0.0578182190656662,1.2176082691211252,-0.0461072623729705,0.0461612508313963,0.4633468486927449,4174
1726744924043752700,-9.837734874093533,-7.094100183063745,1.1602899795532229,9.298441534665226,-2.0062606194511057,-2.3841757945738733,-0.7306520342826843,1.23367178440094,-0.0902391970157623,-0.5922483430606639,-0.0483509365534672,0.7869061728423948,-0.1663814432449113,-0.331474632024765,-0.3788275718688965,-0.3480507135391235,-0.1641425144523382,-8.370655073606967,3.6732173878550527,-0.0317503251135349,0.2323301136493683,1.6942052792049944,-0.1338698118925094,-0.0122984136242419,-0.1165924533107783,4175
1726744924083520800,-8.919674272757769,-7.224404725322127,1.312480336535722,9.365746307653188,-2.143807241792232,-1.9640031939581035,-0.6787230372428894,1.236555814743042,1.137986183166504,-0.6112322585675435,-0.026435020440132,0.7742334841054569,-0.1620463214823557,-0.7074282765388489,-0.5390440821647644,-1.301689863204956,-0.0638683687984943,-8.003064454752206,3.577480885630846,-0.1141107901930809,0.268115758895874,0.7383976424727589,-0.2068473994731903,-0.0328463719072984,-0.3914103242509066,4176
1726744924123289000,-6.574215892982482,-7.159715687790513,0.9950526556015014,9.285649857631324,-2.696165083846449,-1.636399133054912,-0.1413195133209228,0.7250874638557434,1.877118468284607,-0.6211879130413093,0.0058806806964939,0.7638053126946942,-0.1751927472411693,-0.187079906463623,-0.6278125643730164,-2.391587734222412,-0.7696236055374145,-7.621741078621149,3.200655989962816,-0.2345252633094787,0.0677148848772049,1.00830369377546,-0.0343059748411178,0.8660798734035342,0.1201271119766402,4177
1726744924163057200,-5.227559292209148,-7.661229623922705,-0.0392306250177323,9.056336075088382,-3.473603454788029,-1.4447246146850288,0.0114280479028821,0.3798873722553253,2.432814359664917,-0.6212007505384581,0.040229667693657,0.7563346002617404,-0.201119706800489,0.2777511775493622,-0.769525408744812,-3.115518808364868,-2.882172808626294,-6.424706884038448,2.461763038253784,-0.1713548302650451,-0.1534316688776016,1.3652594483040272,0.1379077285528183,1.0531368880406022,0.1852335803358815,4178
1726744924202825200,-4.14574079182446,-7.2464032066404815,-0.1343115859426558,8.609132405814528,-4.498952172192931,-1.3463527955211698,-0.0063322191126644,0.1970343589782714,3.395642042160034,-0.6128075005603593,0.0854505078731746,0.7492283381326456,-0.2362671140536039,1.0534389019012451,-1.050997257232666,-3.584329605102539,-5.137928121122718,-5.08769898609817,1.3913175802767277,-0.0859624817967414,-0.0827709734439849,0.6635433308880776,-0.056637804955244,0.6015392581241205,-0.594998238982819,4179
1726744924242593300,-1.1487164461374282,-6.3852575017035,-0.2020529967822134,7.851585022518038,-5.731498409661651,-1.2934253613233566,0.288320779800415,-0.0413808487355709,3.960290908813477,-0.5950195875915308,0.1397254356976449,0.7392043962854661,-0.2828523872141312,1.7955856323242188,-1.169270634651184,-3.897971153259277,-6.461198585611581,-3.13686477805376,-0.1130623155564069,-0.1102137938141822,0.0259011778980493,-0.2450650948337279,-0.2208746075630188,0.2971320032120682,-0.4891259445283561,4180
1726744924282362400,1.2629413757324215,-4.65242540859282,-0.6964135540284216,6.840833278003335,-6.916656873011589,-1.2382508788511155,0.5617419481277466,-0.3994749188423157,3.856630325317383,-0.5691043614203813,0.1910335437108367,0.7256992566357607,-0.3361355804707505,1.991402268409729,-1.4885022640228271,-4.087989807128906,-7.360833887940645,-0.9144280900523066,-1.2003016719460486,-0.1054904833436012,0.1743176877498626,-1.523555136424303,-0.265446275472641,0.2569041290516033,-0.2849616912132129,4181
1726744924322130700,2.25822550200224,-3.4051515575915574,-0.9140053345955907,5.713718422821164,-7.880068774202465,-1.1951360328111795,0.5802902579307556,-0.5783525705337524,3.6430397033691406,-0.5371479465061946,0.2340923091289191,0.7114321963919422,-0.3879912775797276,1.6641831398010254,-1.4396146535873413,-4.210269451141357,-5.899868186420202,1.1676035174369812,-2.125998467248678,-0.0864883363246917,0.217112049460411,-1.8016668521448969,-0.1751099526882171,0.3915977000491693,0.1315864718277007,4182
1726744924361898800,3.4392484729826447,-2.6254332590192555,-0.941215778408572,4.480022138534486,-8.650208512568474,-1.1285712645355612,0.3557223677635193,-0.2482441365718841,3.727130651473999,-0.5030242333160723,0.2767228727111608,0.6935168155803682,-0.4352303689014303,1.5795787572860718,-1.4456676244735718,-4.118453025817871,-5.384181932550669,2.5723569178700445,-3.168711868691444,-0.0552863553166389,0.1910465210676193,-2.13407071454525,0.0038082636892795,0.6192923934902995,0.2898170588225126,4183
1726744924401666800,5.576526459136605,-1.5353110406696795,-1.0081365205150097,3.14465207092911,-9.226775059336424,-1.0715268965382128,-0.0257844757288694,0.2327745705842971,3.700349092483521,-0.4702853678922912,0.3262959656608742,0.6694502285882313,-0.4734965534455553,1.4601809978485107,-1.3509548902511597,-3.648836851119995,-4.259620853504538,4.321201403626799,-4.3484290177702905,-0.0270663183182477,0.0570748560130596,-1.5018199822172522,0.1515782624483108,0.9158964821044356,0.2846656491423956,4184
1726744924441435000,7.952640089416503,-0.5047159470438957,-0.4581482571363449,1.822884850610048,-9.576369418251511,-1.0680063942618667,-0.0001154388301074,0.3213069140911102,3.355923891067505,-0.438943728764443,0.3761245052699354,0.6426379444403113,-0.5028670757616855,1.3487343788146973,-1.2497715950012207,-2.800337553024292,-3.3616274731636047,5.778471757760643,-4.924165543454885,0.0046341978013515,-0.0155708277598023,-1.2374540293850005,0.2293638586997985,0.9839088919050992,0.0245820475211716,4185
1726744924481203200,10.28015481622219,1.1092582959741353,-0.6381611254155636,0.6758611067999154,-9.733322313460707,-0.987950568511337,0.3144300580024719,0.3091866672039032,2.5677101612091064,-0.4133768443809055,0.4157866803548242,0.6144045046571877,-0.527966096073815,0.8372059464454651,-1.0554829835891724,-1.6916136741638184,-2.48793617490828,6.3583484519898885,-5.37457297720611,0.0372863337397575,0.0725920125842094,0.3165865904675796,0.1821665316820144,1.035179571871832,-0.2640550419858656,4186
1726744924520972300,11.698740342652798,1.5399100588977337,-1.252256315588951,-0.0880594921897631,-9.770276371848585,-0.8392290566831827,0.4379400312900543,0.1051607653498649,1.4008235931396484,-0.3976631400285215,0.4386364239429436,0.591934845359274,-0.5468776433620282,-0.3589824140071869,-0.7438489198684692,-0.5889119505882263,-2.5051047518521545,6.7787009392172095,-6.158493403643369,0.0703296959400177,-0.0890743806958198,1.3629942798510193,0.1755798608064651,1.3667438416428863,-0.1427087269451935,4187
1726744924560740400,11.049802971678972,2.3720845208942887,-1.5803075357377527,-0.4393003122707828,-9.773758953267336,-0.6715892016343772,0.3604028820991516,0.3199489414691925,0.499699592590332,-0.3934478846579706,0.447773083849031,0.5777030245751454,-0.5576353849123743,-1.3069865703582764,-0.3882119953632355,0.2906400859355926,-2.481474285417795,7.5176529276371,-6.458738332977891,0.0980238914489746,0.0768369883298873,0.7996721223205328,0.2048777043819427,0.5541683986075222,-0.3417133233416825,4188
1726744924600508400,11.387938363468646,1.5673124450862406,-2.2141642419576644,-0.4619996353348717,-9.774487267541884,-0.6452603629615158,-0.2241377085447311,0.5554986000061035,-0.344570130109787,-0.3986736622456541,0.4533477977671106,0.5721668443560975,-0.5551218714030202,-1.3938783407211304,0.4719287455081939,1.2228062152862549,-2.701551453059912,6.53958706267178,-5.495393067282438,-0.0357746370136737,-0.0917761176824569,1.1480039139539002,0.2262044250965118,0.339821920104511,-0.411499099490419,4189
1726744924640281900,10.82781441745758,0.9137941760629414,-1.6282313164293765,-0.1468321909502148,-9.772040458911658,-0.8099639453627169,-0.574000895023346,0.6450026035308838,-1.1804864406585691,-0.4107318416344825,0.4549186704047134,0.5782263154294788,-0.5385189341573213,-1.7172465324401855,1.117029905319214,2.302551984786988,-4.321683634185791,5.865061076933145,-5.060726808020473,-0.2127532362937927,-0.0462644584476947,0.7701572009574621,0.4272937476634979,-0.0408954392576823,0.0520584510772489,4190
1726744924680050200,9.4960151940763,0.7630769603729247,-0.7620530241526663,0.4984300351748242,-9.732206461173297,-1.0982414465930312,-0.8805211186408997,0.290719598531723,-2.0665361881256104,-0.4266231519315425,0.4474822734685719,0.5964514604882065,-0.5118574645549803,-2.0053677558898926,1.3630207777023315,3.311563968658448,-6.497685611009597,4.891536362528801,-2.580932730774581,-0.2136042267084121,0.2723344564437866,1.1824791611380874,0.7345049977302551,-0.4479856134317815,0.4415895922517404,4191
1726744924719818500,8.38926215892136,-1.0253361501842737,0.5277073849223554,1.4784402756735682,-9.587263152709603,-1.4384016952738166,-0.7628775835037231,-0.3251565098762512,-3.001877784729004,-0.4438642856878174,0.4238584914621078,0.6274408782630757,-0.4792144724432339,-2.72610092163086,1.0060745477676392,3.9790289402008057,-7.754420533317327,3.969488152861595,-3.421187915635109,-0.1348153799772262,0.3079899549484253,0.6853512580703943,0.5233466625213623,-0.3224711184615269,-0.3080746731121093,4192
1726744924759586800,6.993024073377251,-3.1606139024317264,1.1859316396795212,2.715613880681992,-9.267837722086906,-1.7038270940311253,-0.3559312522411346,-0.9684727191925048,-3.7668843269348153,-0.462297065435515,0.3791055660999647,0.6656951062226526,-0.4465540389296564,-1.9029165506362915,1.020598530769348,4.299511909484863,-7.110971238365769,1.069899514532089,-0.4438216256201267,-0.0342901311814785,0.163476750254631,0.701379359742254,0.0549332462251186,-0.0862419579064007,-0.6027460035653784,4193
1726744924799356200,4.927325468790531,-4.536707025569677,1.920754419340193,4.092230150911211,-8.703526261258125,-1.916414636570215,0.01121879927814,-1.120582938194275,-4.302769660949707,-0.4806949694100724,0.3156328300044351,0.7057519919071584,-0.4137901436365289,-0.6792075634002686,0.787647545337677,4.277885437011719,-6.232937526991963,-1.0963237033382058,1.4071797507971524,0.0505901575088501,0.0677261799573898,-0.7311413146689534,-0.2751041948795318,-0.0858432957113254,-0.5667408068675548,4194
1726744924839124500,2.474681556537748,-5.349743071854114,1.93554983741194,5.493520259147882,-7.86355544629693,-2.038650292532891,0.2175474762916565,-0.5769557356834412,-4.539769649505615,-0.5037109725141535,0.2431020782005066,0.7381352307442266,-0.377270407314809,-1.4098373651504517,0.56209397315979,3.784491539001465,-4.099485236606002,-1.4171362044051288,1.100361288291216,0.0874692946672439,-0.0406911112368106,-1.0920243256438522,-0.363041341304779,0.0557118361853761,-0.1218045528027229,4195
1726744924878887000,0.0550999559313058,-6.53654696432352,1.2995675173401833,6.795459766316413,-6.775663178956508,-2.0205216383852065,0.1842326521873474,0.1508520692586898,-4.385922431945801,-0.5337289742163455,0.1722293562288405,0.7572020743458894,-0.3348364898144123,-1.360827922821045,0.324220210313797,3.4880130290985107,-3.433748706522584,-3.571960076382756,1.0004290879428386,0.0958746522665023,-0.1758104115724563,-1.4406721244238316,-0.324152261018753,0.0994200404420029,0.0723036452877568,4196
1726744924918655200,-2.454336687645316,-6.51002720618844,0.848902309435606,7.842038026493787,-5.578446613544226,-1.8851422770805653,0.0011352766305208,0.5221103429794312,-3.806076765060425,-0.5653545548334199,0.1107697784410739,0.7640978732723699,-0.2902735631572257,-0.2904603481292724,0.2825854420661926,3.3196582794189453,-2.730171398344636,-5.574198892971873,1.392797589701414,0.0885093510150909,-0.2155297994613647,-1.843177112532407,-0.2595745623111725,-0.018755686305114,0.109738897621585,4197
1726744924958423300,-4.120105415308475,-6.309281346482038,0.7892636871613562,8.570177528998256,-4.442479466603696,-1.7282390662319955,-0.2177621871232986,0.5327005982398987,-3.06241774559021,-0.5920459674604966,0.0627766989499042,0.764313257738951,-0.2477213685915784,0.0348599515855312,0.2663438320159912,3.1305854320526123,-1.966958828893304,-6.6201213195890185,2.0592343770086763,0.0975414216518402,-0.2260194271802902,-1.5431434878610073,-0.2162622511386871,0.0742616703206207,0.2189913999657146,4198
1726744924998191900,-5.084797419437765,-6.07046323801279,0.9951498323656618,9.036426675003767,-3.462200017242133,-1.5895102483689785,-0.1659190654754638,0.4318500161170959,-2.525057315826416,-0.6118019696714269,0.0253870501760247,0.7618385444708734,-0.2113193454869526,-0.4189245700836181,0.1234840974211692,2.6681361198425293,-0.9278940130859612,-7.256297993189096,2.096419321542978,0.0994877442717552,-0.06210957467556,-0.8608967716772109,-0.0967359319329261,-0.1341034322178456,0.3847442904904484,4199
1726744925037960000,-6.399070923000574,-7.965852037689089,0.7382043849229812,9.354263375130294,-2.5644454140931368,-1.4462892336532474,-0.1473997682332992,0.5510804653167725,-2.24947476387024,-0.6279131359943831,-0.0074992479589747,0.7574192959653514,-0.1788430956659337,-0.3434082567691803,0.0148648330941796,2.076416492462158,-0.6416787781476974,-8.980959054803847,2.510157943588496,0.0198746621608734,-0.0424626506865024,0.9208874222595244,-0.0534452535212039,0.0616959292633924,0.2987469275954179,4200
1726744925077729500,-9.973776498699188,-8.160618822985887,0.230844280045852,9.551648233971,-1.8847025704890488,-1.1765539358075707,-0.0913252606987953,0.8639187216758728,-1.1633646488189695,-0.644945231428249,-0.0308213915993696,0.7476881695468282,-0.1551063737020929,0.0870568454265594,-0.2761923670768738,1.1927597522735596,-0.944745194643736,-11.10126077171564,3.0800936740398406,-0.0422178395092487,-0.0872888192534446,0.963068494580686,0.0808462724089622,0.1417907261842861,0.544528463602811,4201
1726744925117497900,-10.954134273993969,-7.779326426514983,-0.3798468007724732,9.609639235168697,-1.7519900903061032,-0.8693281346097588,-0.3071325719356537,0.7432644367218018,0.4717899262905121,-0.6584847319099165,-0.030667797525511,0.7371450913357361,-0.1485744329554107,-0.2928172349929809,-0.3787137866020202,-0.2328646779060363,0.4540308849453925,-10.460158332151174,1.9726351209640505,-0.1098179593682289,-0.1446107029914856,2.9468472331106663,0.0859047248959541,0.8059010067727417,0.2622968184079974,4202
1726744925157266200,-8.885620027464627,-7.53123137113452,-0.1711888527672737,9.544772502982616,-2.1432884786151347,-0.6884789616368711,-0.2347671836614608,0.255797415971756,1.5526162385940552,-0.6632406631556307,-0.0096422970491283,0.7314435628430428,-0.15814270516961,-0.2418866902589798,-0.4151503443717956,-1.750060796737671,-0.0682557901024818,-9.4036052059263,2.437105566859245,-0.0821736007928848,0.0438945479691028,0.8721261678304523,0.0538365505635738,0.5575428069440648,-0.2992739471442066,4203
1726744925197034500,-6.457643523478508,-7.55978292735815,-0.0766916100144386,9.349689491343495,-2.876242834055424,-0.6934937210589647,0.0437271893024444,-0.1027813255786895,2.277848720550537,-0.6567330661833464,0.0199331159698376,0.7314102875229909,-0.1826017970690711,0.1939449459314346,-0.308630108833313,-2.955117464065552,-0.5446072279274463,-8.329781795948744,1.8944909740537403,-0.062880627810955,-0.0331237986683845,0.8640751094523816,0.0927244648337364,0.9053436700385064,0.0261077546845306,4204
1726744925236802800,-4.6853187934130425,-8.328985677134991,-0.8889034073691815,9.007150896158814,-3.812309632202983,-0.7126677926063537,-0.2394962608814239,0.0798967257142067,2.8862464427948,-0.6460276836386438,0.057674898991697,0.730075032256371,-0.2152027042793045,1.0226681232452393,-0.3754969537258148,-3.592332601547241,-3.4758997490316625,-7.1192848932027815,1.1520488054305311,-0.0151151400059461,-0.0658401995897293,0.8147291870031506,0.1936524361371994,0.7646499818433076,-0.0837638316893018,4205
1726744925276571400,-3.026580110517144,-8.318893322187662,-0.7798094839870929,8.421913551679253,-4.967130240434408,-0.7545745049655437,-0.5860713124275208,0.1097745671868324,3.820297956466675,-0.6312497144330013,0.1127648828994373,0.7250908040130848,-0.251100089570784,1.9214357137680047,-0.7550649642944336,-3.935415506362915,-6.1148237732648845,-5.416147681131958,0.0223194569010287,-0.004913461394608,0.0606660544872283,0.9334835036560892,-0.097634457051754,0.5889979391220956,-0.8387435381885617,4206
1726744925316339500,0.537436897906661,-7.319602298364042,-0.585067906196788,7.507680399677157,-6.248189456659556,-0.8747965560834854,-0.4247091710567474,-0.1583311408758163,4.195693492889404,-0.6075305920708381,0.1780579980184731,0.7161686688871068,-0.2937762017448722,2.499384880065918,-1.057308554649353,-4.145308494567871,-7.993575910916924,-3.017333558744192,-1.1586954038381576,-0.0618530176579952,0.1247754096984863,0.327542211180739,-0.3409744501113891,0.4401475402172655,-0.6698256990931928,4207
1726744925356108800,2.535140993675589,-5.020923205420375,-0.3937526495933532,6.374880484595894,-7.379245742943882,-1.038279949039966,0.0116199366748332,-0.6039532423019409,3.9617323875427246,-0.5753197746727439,0.2364827325696549,0.7049918162686533,-0.3406899437360559,2.637735366821289,-1.3125412464141846,-4.204584121704102,-8.221939845389127,-0.8856459399431943,-1.79195355964303,-0.0735850483179092,0.1851437985897064,-1.03505002720803,-0.421493798494339,0.3552596912004053,-0.4157772882662713,4208
1726744925395877000,3.762717041516304,-3.234877408516407,-0.5890926316682249,5.14775218052268,-8.2722525670439,-1.1139324983302503,0.5264285802841187,-0.7867535948753357,3.695049285888672,-0.5387342893194771,0.2810612986488931,0.6912302792107812,-0.391114458320927,2.404615640640259,-1.3535147905349731,-4.119534015655518,-6.965666110852361,1.2212380769908429,-3.1313685187250373,-0.0918730348348617,0.1682182550430297,-1.5977867860659956,-0.3758045136928558,0.5436584758352488,-0.1313260307932272,4209
1726744925435804400,4.518862156799435,-1.977959530857205,-1.6740625087559222,3.871168648406863,-8.946483369228243,-1.0699912114035337,0.2136959135532379,-0.3869641423225403,3.6046276092529297,-0.5031032693760419,0.3208634346352564,0.6720126671595451,-0.43855761507688,2.2890565395355225,-1.3953131437301636,-3.5301995277404785,-6.164309396445751,3.213600811731815,-4.315314683675766,-0.0928758606314659,0.1236323341727256,-1.9733665039785204,-0.1870815157890319,0.8131426484640687,0.2139917102485895,4210
1726744925475413800,6.437043803042173,-1.250398705023527,-1.31409741634354,2.5570734240204094,-9.401253674364089,-1.1172145887408405,-0.2357557415962219,-0.0443490594625473,3.487668991088867,-0.4676981202750431,0.3666430564370149,0.6500268915673558,-0.473599296086104,2.063384294509888,-1.5145506858825684,-2.846357583999634,-4.11090270267725,4.698905420216918,-4.514403423824906,-0.1017697677016258,-0.0109998229891061,-1.7217748386539518,0.000943576102145,1.1355072743438184,0.2299512401962652,4211
1726744925515182000,8.276486843612789,-0.0449637618422508,-0.6191103879868984,1.3036118242949246,-9.643322893583774,-1.2154461957164109,-0.2503495216369629,0.1352601200342178,3.065272331237793,-0.4342980466161024,0.4117040790670469,0.6264744682227236,-0.4994143712125272,1.2607688903808594,-1.2841789722442627,-1.762891411781311,-2.1100889504551885,7.09146282029748,-5.945982287341356,-0.1116792038083076,-0.0767664015293121,-1.7223782113745807,0.1262395828962326,1.1473710228778422,0.1090171957509126,4212
1726744925554950400,9.5002260897696,1.3203145372927187,-0.2779028952755034,0.2417804654061794,-9.721868022510408,-1.263813044000417,-0.0203693248331546,0.2651336789131164,2.447842836380005,-0.4075573186332087,0.4491143297502306,0.6022730689442104,-0.5190959378335873,0.7556130886077881,-0.7920419573783875,-0.8525549173355103,-0.8753057477146386,6.151126674267649,-6.600100275823474,-0.0741128325462341,0.0029921745881438,-0.1161508378899656,0.1512855440378189,1.285997841671109,0.0031192593942949,4213
1726744925594718700,10.94001690131426,0.971063877248764,-0.8299592701651155,-0.5406529373437166,-9.71319313314557,-1.2377331385873258,0.1199822723865509,0.1650770902633667,1.6525589227676392,-0.3892164406406866,0.4748986966169544,0.5810146760137416,-0.534232023560405,0.0378570742905139,-0.5907312035560608,-0.2310651093721389,-2.120118177038431,6.715265116617084,-7.740599513235688,-0.0653137937188148,-0.1641092151403427,1.7692559901446103,0.2236537188291549,1.7407561641082168,0.3052780463972129,4214
1726744925634487000,10.91830425119996,1.4738655151039362,-1.0918152860030532,-1.0372843621313572,-9.672956984347104,-1.236245676508546,-0.1577840745449066,0.325478047132492,0.9898430705070496,-0.3778532219137414,0.4921098336172244,0.5664440848147038,-0.5423982399396844,-1.238047480583191,-0.0379150249063968,0.3350386619567871,-2.375370118436217,6.977382852131128,-7.68434571109414,-0.0328733436763286,-0.334459125995636,1.0319042765282094,0.2893363535404205,1.2060546094495803,0.0873811636699363,4215
1726744925674220000,11.618873609733582,1.8024755381792783,-0.6177285782396793,-1.235371377892047,-9.625079965406655,-1.414949069624394,-0.6187512278556824,0.5416368842124939,0.0552357211709022,-0.3727101703013177,0.5066221319069952,0.5616728068552974,-0.537535890966421,-1.297235131263733,0.9825472235679626,1.2449268102645874,-2.8216858989596365,5.836400215116143,-5.503339057850837,-0.0555965863168239,-0.3351935744285583,2.4151985632166264,0.154563620686531,0.952075610597059,-0.2053223738417029,4216
1726744925713987000,11.01138936213255,1.8426123182564973,0.6338135977305471,-0.9898603476554156,-9.613891047394276,-1.6624221937142312,-0.4458735883235931,0.830206573009491,-1.0949435234069824,-0.3803742073323375,0.5122342064697041,0.56778170473266,-0.5201494626592771,-1.180439829826355,1.5607458353042605,2.0347554683685303,-3.6684336607098578,5.125904505851865,-5.116723420530557,-0.0332934372127056,-0.0729411542415618,0.7399285053018481,0.0746214315295219,0.1776988557158038,-0.1341454721281305,4217
1726744925753753900,9.897449630343914,0.6462614297628402,0.2748046369992196,-0.31435828342624,-9.629007952505347,-1.831334845177829,-0.3664288222789764,0.4945549964904785,-2.1570072174072266,-0.4012378437214316,0.5039704253810265,0.5825683682717537,-0.4956169552200458,-1.8520565032958984,1.9534446001052856,2.479676008224488,-4.648855733412504,5.070891643682122,-4.7581236251220105,-0.0899504944682121,0.0218561515212059,0.140420332880225,0.514624297618866,-0.1361750051943585,0.8300291935961693,4218
1726744925793520600,8.84466024056673,-1.0768699380666016,0.5640931419029832,0.7230179947722702,-9.583760113024711,-1.9491386561729007,-0.2106187790632248,-0.2510789036750793,-3.188457727432251,-0.4255445443623606,0.4759207013863295,0.6106372905528705,-0.4685438294304321,-2.087441682815552,1.938703179359436,3.1342766284942627,-6.692509094929695,2.921213025638461,-2.968426027712226,-0.0657203719019889,0.2132372409105301,0.1695220155335962,0.669360876083374,-0.4235652021961286,0.2283475495929829,4219
1726744925833287400,7.834829118028282,-3.598070084673166,0.8133759457632899,2.059957576716691,-9.369076913380622,-2.0365140111565587,-0.0603397488594055,-0.9587618708610536,-4.108205795288086,-0.4495705909366944,0.4252974298367856,0.6503502239474811,-0.4405145983908709,-1.7949557304382324,1.7311261892318726,3.4857048988342285,-7.089043484196067,1.3925193572819232,-1.536363764593005,0.0325386673212051,0.3653914630413055,0.7443189222805202,0.2656060755252838,-0.3652946899373084,-0.5393286664700135,4220
1726744925873046300,5.97292407028079,-5.534581752854585,1.366775990346819,3.591163666285574,-8.864744997218251,-2.165691595211625,0.0877764970064163,-1.297940969467163,-4.7773261070251465,-0.4718165025949344,0.3553369387287678,0.695812619397264,-0.408619181740324,-1.339269995689392,1.616913080215454,3.601473331451416,-5.956368072277307,-0.4628104037284851,0.161277334279567,0.1150235533714294,0.220713123679161,0.0420887041628593,-0.2180213034152984,-0.1309486853808164,-0.5757819722615182,4221
1726744925912813300,3.347530558750033,-6.378074312201142,1.7610323516786095,5.154878086879849,-8.012723678979278,-2.3224730793766675,0.2260149121284485,-1.084175944328308,-5.083958625793457,-0.4938812752698025,0.2732011551522377,0.7374105359580264,-0.3710365648034909,-1.236635684967041,1.223990797996521,3.2369182109832764,-4.656086853709817,-1.4537170455664394,0.8569207807183266,0.1649463027715683,0.0309294238686561,-0.7224418753847479,-0.4662204086780548,0.0607996654102578,-0.1891293456654064,4222
1726744925952580000,0.6835662012845277,-7.134110121890902,1.816255787859112,6.582686199685931,-6.852067204201221,-2.4264777898609635,0.3290649056434631,-0.4911069571971893,-4.955606460571289,-0.5184184780228703,0.1888433497136235,0.7668468734721966,-0.3279120498606309,-1.503204584121704,1.0041767358779907,2.885763168334961,-3.299290551716089,-2.6310569441199303,1.3988766173541545,0.1972519755363464,-0.2875189781188965,-0.8948970948260278,-0.5527230501174927,0.3784558578707278,0.0324910191309871,4223
1726744925992348000,-2.0930244184076785,-7.203841829764842,1.4722887673065066,7.723290651038289,-5.550070998409391,-2.3912128536038098,0.4258676171302795,-0.0001044788077706,-4.344886302947998,-0.5448886900798354,0.1110741933848098,0.7807563319899171,-0.28491832785158,-0.6942317485809326,0.8153671026229858,2.74842381477356,-2.8023849861621857,-4.76504261073023,1.751964079082012,0.212309643626213,-0.4475217461585998,-1.452108441326022,-0.5432661175727844,0.1303929329278878,0.1671644012904725,4224
1726744926032114700,-4.486658507809043,-6.496342379707098,1.0879799456238746,8.495749187740683,-4.324551298576593,-2.300194319812208,0.328725516796112,0.0088847065344452,-3.412680387496948,-0.5668757366167967,0.0461940409495809,0.7843107682676262,-0.2477391272935132,-0.2028660625219345,0.7319111227989197,2.6244304180145264,-1.9254817401230333,-5.738766354838013,2.68639246237278,0.2500570118427276,-0.4213716983795166,-1.8958432654455304,-0.4687084555625915,0.00689935503421,0.2149011897763237,4225
1726744926071881500,-5.207657490909099,-5.912158343672752,1.284522800682485,8.93423412850797,-3.3170404356792567,-2.3123843776911497,0.2296418398618698,-0.3577007055282593,-2.590588331222534,-0.5783916216363247,-0.0039955752735904,0.7860552336705936,-0.2180928151733073,-0.5483355522155762,0.5405763387680054,2.2946226596832275,-0.8155728712856769,-6.298972718435525,3.2124493036091324,0.2852968871593475,-0.3976400196552276,-1.6363083860315382,-0.3653252124786377,0.0334829185284557,0.4482817103015258,4226
1726744926111648500,-5.089857040914893,-6.568845890381932,1.8031702424451708,9.15790610577166,-2.483930154137313,-2.4765397516250607,0.2795466482639313,-0.6419416666030884,-2.2033166885375977,-0.5796557554083819,-0.046254154087445,0.7900183203655528,-0.1942444582294632,-0.6222928762435913,0.3082573711872101,1.843720436096192,0.413816947978735,-7.536224941638111,3.8054374083459375,0.3272959887981415,-0.2017097771167755,0.1223633831287268,-0.2058822065591812,0.1784660589623264,0.5462537530254572,4227
1726744926151415300,-6.450273871493339,-7.9336109792977565,1.890834497372806,9.27049495859742,-1.7792162431448697,-2.657578163559734,0.2004441171884536,-0.3706066310405731,-1.6751590967178345,-0.5779163524853955,-0.0826898399779618,0.7928815557709792,-0.1746825759327901,0.2067715227603912,0.1296424865722656,1.2937206029891968,-0.2693278130233287,-9.660274612906576,4.779817862796783,0.1937585920095443,-0.140571117401123,0.8591585497077554,-0.0088341748341918,0.0912322039417456,0.583315326908417,4228
1726744926191182000,-8.767958109158277,-7.303149176213145,2.21056387937814,9.337478244546055,-1.3782258973829449,-2.661272049641609,0.0358114764094352,0.3493584394454956,-0.4697029888629913,-0.5810053973142069,-0.1016463896169396,0.7907939847568183,-0.1635407818027779,0.1296074986457824,-0.4452155232429504,0.2989433705806732,-0.8653998552501201,-9.863227042746542,4.151847292006016,0.1616396605968475,0.2620150148868561,0.2761258391330018,0.1407224535942077,-0.0413244783247122,0.0332462807779666,4229
1726744926230948900,-8.76952053616941,-7.61398038149178,1.7378242023095487,9.392612687268851,-1.4551058695763348,-2.4149345054529605,0.0455241128802299,0.8725134134292603,0.8712419271469116,-0.5905755957023842,-0.0967228587079042,0.7834360733764364,-0.1676102488708025,-0.3213024139404297,-0.5224601030349731,-1.1797723770141602,-0.3948731780558824,-8.80659500606656,3.4401369462549685,-0.0773792266845703,0.1438450068235397,0.3597685834595933,0.090694822371006,0.067317358474899,-0.5374403319727629,4230
1726744926270716000,-7.378199448761343,-7.737436665290594,1.0333689422532917,9.363891619697212,-2.0391360302232204,-2.080833045354485,0.1907360106706619,0.8729090094566345,2.162879228591919,-0.5984703575711147,-0.0711759618509865,0.775259275489995,-0.1890512141436899,0.2568672001361847,-0.6316640973091125,-2.4904661178588867,-1.3544576299130917,-7.786174684974551,3.485381278604269,-0.2530357241630554,0.0563464164733886,1.192943710398674,0.0238728877156972,1.2088771195244044,-0.5486766693234444,4231
1726744926310482700,-4.7744291554957625,-7.3531111847341055,0.10009469743371,9.182004774239658,-3.003456716822088,-1.6853557639256118,-0.028506975620985,1.2564363479614258,2.881448984146118,-0.6035525497898959,-0.0290844917050895,0.7649073924830165,-0.2231481918046797,1.3606712818145752,-0.8053867220878601,-3.1123976707458496,-3.448420205953717,-7.325772511431574,2.764297539830208,-0.2717815935611725,-0.0552998892962932,1.0319522073231635,0.1288028210401535,1.2234272575981917,-0.0459082944170571,4232
1726744926350250500,-3.627234804359078,-6.678329762929677,-0.4581469419620931,8.820556311401724,-4.102161470077932,-1.2411378324642777,-0.5475208163261414,1.384992003440857,3.3256638050079346,-0.6092872825697151,0.0282704396975581,0.7499874693261781,-0.2559072293062323,2.5466203689575195,-1.2793024778366089,-3.342978000640869,-5.775253964757919,-5.822544123721122,1.7546680773437022,-0.2429794520139694,0.1256323158740997,-0.0165261999451962,-0.0324319601058959,0.4992878210479393,-0.698710067467764,4233
1726744926390017500,-1.8127736448317768,-6.258854058536887,-0.6823601864956319,8.223397058460115,-5.261295557594299,-0.9299842633634804,-0.4442882835865021,0.9085566401481628,3.5682132244110107,-0.6075965392825007,0.0925751504082922,0.7340611980081398,-0.2888084637288545,3.1190693378448486,-1.7226670980453491,-3.492699146270752,-7.234210664543509,-3.441906294015049,-0.2125379312437027,-0.2193115949630737,0.2641918957233429,-0.0508193697023903,-0.271115630865097,0.3809401124345138,-0.434094852582179,4234
1726744926429784300,-0.4626923303067684,-5.517268799003959,-1.325108785831928,7.403782802829146,-6.373833021369576,-0.8536148710407316,-0.3619157373905182,0.1290709227323532,3.639681339263916,-0.5920534772536681,0.1523187861037386,0.721332957285213,-0.3255004300760372,3.038225173950196,-2.252563953399658,-3.659672975540161,-8.301808331874012,-1.0432378637082873,-1.909622492212057,-0.1715040206909179,0.4078175127506256,-1.264783788728714,-0.3213403224945068,0.115964521537628,-0.0520853390841744,4235
1726744926469551000,0.6467687947630882,-4.746903435188532,-1.1180407373666763,6.368840619909763,-7.388406369999051,-1.009806353423372,-0.6382039785385132,-0.1610330194234848,3.871817827224731,-0.5633135597213156,0.2108900903763744,0.7120471647129988,-0.3622044525248847,2.5125069618225098,-2.4082016944885254,-3.7485198974609375,-6.836319015449285,0.7634519311651587,-3.1375191503092643,-0.145393967628479,0.5007542967796326,-1.4221307978220283,-0.238221526145935,0.1984385874110273,0.2510460324068553,4236
1726744926509318000,2.757808177810907,-4.436074567997455,-0.4295068306721746,5.11537492853105,-8.269954811495541,-1.2693288848124444,-1.091854453086853,0.341390460729599,4.14928674697876,-0.5294623853790213,0.2770209018574018,0.6985536369034467,-0.3936393428451558,1.877886176109314,-2.4245471954345703,-3.5311532020568848,-6.0761243325144045,2.386369943617284,-4.498039733523131,-0.1510901004076004,0.3544920086860657,-1.6014909012809395,-0.0834490209817886,0.5451270505504683,0.4778241407260298,4237
1726744926549085000,5.0415007140249015,-3.5844489710778,0.5445968526639045,3.698083241303265,-8.942163167941569,-1.591311890963465,-1.3603389263153076,0.8951601386070251,4.261931419372559,-0.4961619694801122,0.3529972044103678,0.6756680380385203,-0.4155585707836824,1.2365258932113647,-2.359365224838257,-2.949768543243408,-4.708818326944113,4.125833437566459,-5.966147708013653,-0.1053920835256576,0.1467298418283462,-1.3959241972893477,0.0461520627140998,0.8989843641396611,0.4682838667035102,4238
1726744926588851700,7.623865815690159,-2.070824277037382,1.5479742690183222,2.2502708897359667,-9.340838076367971,-1.9635177485287187,-1.2205476760864258,0.959294855594635,3.93921971321106,-0.4633531612757179,0.4283653492373206,0.6454569452304981,-0.4303397394932154,0.7432818412780762,-2.057011127471924,-2.1521925926208496,-3.005906740322709,4.257261138635873,-6.192161864489316,-0.05654763802886,-0.0175016298890113,-1.2349363474756478,0.1371986865997314,1.0348339002393183,0.3814584737528115,4239
1726744926628618500,9.493853047606349,-0.0470019896715879,2.0416095807299017,0.989009722175449,-9.482071424397825,-2.298387854912132,-0.8445311188697815,0.7521923780441284,3.0945191383361816,-0.4339211487836775,0.4898956828042075,0.6141558331501688,-0.4410525570377245,0.1500682979822158,-1.8000706434249878,-1.371306300163269,-2.4593776044219733,5.563745888018608,-7.038460713428258,0.0250385720282793,0.0404830202460289,-0.6994795174703001,0.1727166920900344,0.9855704684417694,0.1130678045822773,4240
1726744926668385300,11.012827285981178,0.2785854707121848,1.995996415068209,0.0787611645638011,-9.47561128847301,-2.5252640350446103,-0.421629935503006,0.3832497298717499,2.017852306365967,-0.4116632630705347,0.530858013610695,0.5890181721442856,-0.449200040194495,-0.591903805732727,-1.2626804113388062,-0.8753352761268616,-1.824389556084573,6.193633690607547,-7.632278839248419,0.0585032179951667,-0.0500913858413696,1.2965981461405751,0.1387821584939956,1.3838384765677154,0.0989509159597568,4241
1726744926708153300,11.217626220470668,0.5637240163296461,1.983286278837919,-0.4856177172116935,-9.436036818453667,-2.625979494725168,-0.1360828876495361,0.2926186621189117,1.1952855587005615,-0.3979935222035092,0.5538208176790697,0.5719879372186062,-0.4557559029682842,-1.6117901802062988,-0.6524929404258728,-0.2305540591478347,-2.3693089187011123,6.598396394515037,-8.264173890006541,0.0603850334882736,-0.2720984518527984,1.1961805734280495,0.2076625227928161,1.2854513137042525,0.198249932971131,4242
1726744926747954700,11.578487823331356,1.22225046890378,1.7513406864866614,-0.7493645882975309,-9.402640160286426,-2.6831343373596668,-0.1593891978263855,0.6805917024612427,0.4158799052238464,-0.3945799230331273,0.5687427904100687,0.5597619255137837,-0.4555271438848752,-1.7155674695968628,0.5512100458145142,0.5286940336227417,-1.878970456577837,6.455209574329853,-6.811913472989201,0.1241825670003891,-0.2253576815128326,3.5223236465543506,0.1623460203409195,0.936082361042872,0.1576794924506917,4243
1726744926787722800,11.058003813791274,1.4946113660126925,2.290646593135595,-0.6519057192601263,-9.395327206924556,-2.7337235378682614,0.1133905723690986,1.0088711977005005,-0.408489853143692,-0.4033421004740627,0.576785550793339,0.5538046015721992,-0.4448978513912435,-0.9981799721717834,1.2462505102157593,1.6660637855529783,-4.7543484904974695,5.468451284343004,-5.767095208221674,0.1522115617990493,-0.1264797896146774,1.350832571283728,0.1295409202575683,0.2201232170072384,0.1248211972101591,4244
1726744926827491000,10.288103144878148,1.7259464252501726,1.610154684729874,-0.2543030797077342,-9.438267353984712,-2.650434721545875,0.390628844499588,0.6214281916618347,-1.2462772130966189,-0.423065940516765,0.5732988808211318,0.5535909585266778,-0.4311386902146363,-1.2437477111816406,1.7219208478927612,2.382873058319092,-4.538223275351524,5.570836723062396,-5.386348170673847,0.0871431231498718,-0.1564328968524933,0.4180047185247764,0.3790285885334015,-0.1752301457810215,0.8346719779007137,4245
1726744926867254300,9.550559269690511,1.0744798280596732,1.3016644896194338,0.4494224413018673,-9.47827846185565,-2.476020988447964,0.5360087752342224,-0.1805440783500671,-2.387549877166748,-0.4461486562051014,0.5512308201533105,0.567790909080857,-0.4179827680318068,-1.6532305479049685,2.111659049987793,3.0467541217803955,-5.3187037904679775,4.644515658381581,-3.9967856173709033,0.1528831571340561,-0.0700007155537605,-0.0006201058013655,0.5854761004447937,-0.4021433517219498,0.6446207498837262,4246
1726744926907022600,8.206601991003751,-1.1317302400231362,1.1196119322061535,1.507422186138481,-9.419666113889216,-2.273318003324419,0.6859923005104065,-1.159648895263672,-3.5072052478790283,-0.4692555198013745,0.5057483476802133,0.6001046355612678,-0.4048362593467318,-2.2767205238342285,2.0199685096740723,3.709584474563599,-6.85367288583219,3.1346301508694885,-2.6649472310230133,0.2399867624044418,0.0704590529203414,0.830438724245131,0.3299727141857147,-0.4721029866002499,-0.1073362660598009,4247
1726744926946790700,6.623994946151972,-4.199479396274685,1.1138333488047123,2.814695601680875,-9.143406455776097,-2.1554610008373856,0.6919251680374146,-1.945464849472046,-4.198487281799316,-0.4867198398165472,0.4376524457533435,0.6468061996041863,-0.3914153232658997,-2.092933654785156,1.844237327575684,4.275872230529785,-8.288995027530193,0.3751689451545477,-1.0594809963703156,0.2817680537700653,0.0582890324294567,0.1400480563685763,-0.0316063649952411,-0.4396173057980835,-0.3964771791864186,4248
1726744926986559000,4.072748620849848,-4.697919331789016,1.8102151925206185,4.178867693139613,-8.598429225492477,-2.185057974460721,0.5653315186500549,-1.5966342687606812,-4.364522933959961,-0.4996973782584415,0.3594002903701818,0.694433857848587,-0.3726870286381993,-1.4089553356170654,1.3351049423217771,4.2034454345703125,-6.8865078184634445,-1.7858379993721842,0.7280460520673543,0.3045694530010223,0.0147472461685538,-1.1627412451628596,-0.3560469150543213,-0.5300647617034614,-0.3867158828243613,4249
1726744927026327000,1.8794062176465989,-5.013908942744136,1.9741670067064463,5.513588064664602,-7.794320582029223,-2.2403714270122346,0.3951364159584045,-0.5901266932487488,-4.363954067230225,-0.5184003384461142,0.2847330527327192,0.730174118622185,-0.3421020307204347,-1.7795003652572632,1.15465247631073,3.5904958248138428,-3.7353222541123614,-2.58878636688441,1.3605968633204697,0.2611280977725982,-0.0619415156543254,-1.4526526312053205,-0.4210475981235504,-0.2397725961824879,0.0095111107184726,4250
1726744927066095400,-0.0372778835147619,-6.222074772194028,1.614821215236187,6.747327311310172,-6.772305100700259,-2.1862867856033144,0.4591304957866668,-0.0877605006098747,-4.247425556182861,-0.544237455089488,0.2146147362420034,0.7519375780707631,-0.303868425550475,-1.3550512790679932,1.0443718433380127,3.1296803951263428,-3.250628519877792,-4.296118984818459,1.5564473522007465,0.1491318643093109,-0.2155980169773101,-1.5824517081595957,-0.3076387345790863,-0.1431683346804231,0.3055488992278464,4251
1726744927105864400,-2.3387948302328585,-6.399253878352046,1.2934309142813083,7.748045737588405,-5.638343156102299,-2.085013545909524,0.4547085762023926,-0.0235591065138578,-3.809587240219116,-0.5681840307190315,0.1477807016182595,0.764504392679536,-0.2661971283468488,-0.6031519174575806,0.8505911827087402,2.900538921356201,-3.4104145926862954,-6.2854059653759,2.667326527374983,0.0767670199275016,-0.1952067613601684,-1.9142530746221544,-0.1854436844587326,-0.2658725580029189,0.2853079291013069,4252
1726744927145632800,-3.70233826839924,-6.694920832246542,0.9860779065072536,8.480417178574204,-4.52161467037797,-1.9513900883615016,0.23150035738945,0.3835162818431854,-3.3132524490356445,-0.5892308632211168,0.0898970402459152,0.7690329817292926,-0.230897876809185,-0.8570246696472168,0.587832510471344,2.5936760902404785,-2.2573609941273927,-6.945147638958693,2.9399346772432327,0.0518479533493518,-0.213121011853218,-1.5034760788612067,-0.0902583077549934,-0.0210696212367154,0.3641530090888962,4253
1726744927185401000,-5.991409575042129,-7.696949172079563,0.7979520205296575,9.028303574302791,-3.439979125344753,-1.6812616264797746,-0.1373169124126434,1.1455954313278198,-2.8096065521240234,-0.6139733757489091,0.045293127708276,0.7639823440629679,-0.1931737768421618,-0.9189714193344116,0.3880397975444793,2.14710545539856,-0.6326333019047975,-8.218854738855361,3.603542378604412,0.0588508695363998,-0.0723516941070556,-0.1402724579752888,-0.0266242455691099,0.1155888657588046,0.3707579237792641,4254
1726744927225169200,-8.703817353159188,-9.344364496928453,0.0244763426739722,9.374642146292327,-2.6104832349076865,-1.213197101615369,-0.3225732445716858,1.4311789274215698,-1.551104187965393,-0.6420105809799554,0.0192372707687175,0.7493235389429123,-0.1611414298728518,0.1504917442798614,0.2670103013515472,1.6105287075042725,-0.9879922156959772,-10.673598838257789,4.901095633512735,-0.0717283710837364,-0.0192530862987041,0.9828482769362628,0.1248795166611671,0.1071857699395157,0.5524108508830889,4255
1726744927264937500,-10.68251396611929,-7.80784700307846,0.3344062882639467,9.516236728850007,-2.2623145248815417,-0.7025153780348599,-0.3062819540500641,1.4153845310211182,-0.2723064720630646,-0.6659731731168549,0.0152429044937567,0.7318373933442546,-0.1437403624254521,0.4589787423610687,-0.2686329185962677,0.5152759552001953,-0.9479419448584318,-11.607623901444672,4.931087451672553,-0.1271380186080932,0.2020244300365448,0.4492530760843306,0.4273845255374908,-0.0121688895100378,0.6343712316133081,4256
1726744927304705300,-10.043435141336918,-8.409111937773227,-0.518033730311133,9.5111759383291,-2.3695843746416267,-0.304972761574015,0.0100517719984054,0.7012633085250854,0.8223307132720947,-0.6807115567975033,0.0244161145799598,0.7176023525681426,-0.1451985859875658,-0.176028311252594,-0.4141270816326141,-1.1880731582641602,-0.2756482482165098,-10.210416678607464,4.4177989065945145,-0.171202003955841,-0.0271331761032342,1.5315246539987624,0.3532432317733764,0.5761282284159213,-0.1968410890865139,4257
1726744927344473600,-9.154738581651449,-8.555091603547334,-0.7726502598822116,9.365876071512698,-2.904006162510812,-0.1322091155043803,0.2953650951385498,0.1829833686351776,2.0463757514953613,-0.6822154153904082,0.0432475887860487,0.7105423527253389,-0.1668569574780662,0.9393674731254578,-0.6578274369239807,-2.608389377593994,-1.948946202340722,-9.0871269346714,4.250570701086521,-0.1117568686604499,-0.0051890006288886,1.6022089864224194,-0.0018197512254118,0.9073672848206012,-0.4908069198852404,4258
1726744927384242000,-6.432308006691932,-8.498843062102795,-1.1512380735695362,9.005027328133583,-3.882920753259957,-0.0530461195408832,0.2445916682481765,0.0610121451318264,3.2042136192321777,-0.674103903035224,0.0771805772873979,0.7048033470211794,-0.20707354416991,3.096559762954712,-0.8828567862510681,-3.3750805854797363,-3.628177053645253,-8.787811395141482,2.7210312295556065,-0.083482801914215,-0.0313690491020679,0.5931799375144764,-0.1521566361188888,0.96760927981548,-0.2424865313163027,4259
1726744927424010000,-2.8885055187791586,-7.709963551953434,-1.5787936240434646,8.379457388743758,-5.09437597964406,-0.0491137439614394,0.0503358021378517,-0.2578186988830566,3.65136194229126,-0.6574764227715784,0.1239512170431684,0.6979542963680433,-0.2553833036730868,4.662997245788574,-1.2704797983169556,-3.66713547706604,-5.536455145511031,-6.3269520277291535,1.3839432521164416,-0.0960160419344902,0.1479861438274383,0.2106577252539806,-0.2984598875045776,0.4849174234552308,-0.6337565337810664,4260
1726744927463778300,-0.1012450365126133,-6.847192876163125,-1.9257471130609511,7.5482584937810895,-6.256271640828252,-0.2306804495199583,0.1713345795869827,-1.046165108680725,3.636032104492188,-0.6283955330341265,0.1697044190108398,0.6949545596837552,-0.3055445755066612,4.160241603851318,-2.423523664474488,-3.628997802734375,-9.607334465357662,-2.240989412780106,-1.17635264108181,-0.2401306331157684,0.3481881618499756,0.2367788029276765,-0.5590068697929382,0.3868822158345952,-1.024974696460739,4261
1726744927503547400,2.0038006590783595,-4.195271423190832,-1.6220318772673603,6.56399961939454,-7.2692141733855005,-0.4927959748106077,0.0126589220017194,-0.8171935081481934,3.4452598094940186,-0.5902961071555892,0.2101249006319938,0.6935222628942577,-0.3555630038520819,2.9741029739379883,-2.8639848232269287,-3.438175678253174,-8.422339668136834,-0.3373812124215066,-2.1053626525856552,-0.3807306587696075,0.394363671541214,-1.0043930962029843,-0.554262101650238,0.4693178859263658,-0.3410362277977168,4262
1726744927543315700,2.5097762507945296,-2.686538592845201,-0.8427310003895312,5.502120914232731,-8.091559315285085,-0.650951852601394,-0.3670028150081634,0.1393572390079498,3.4407601356506348,-0.5583533046835982,0.2568231689627111,0.6835430985519394,-0.3937669144109756,2.274242162704468,-3.0645694732666016,-3.199748277664185,-7.667758733430504,0.2508060679048299,-3.35839039093852,-0.3662022650241852,0.4561202228069305,-1.7490205729760229,-0.3291956484317779,0.389073515333794,0.1629285538190044,4263
1726744927583083800,3.5108202557653185,-1.8497195199131964,-0.1979285372633487,4.352486768728494,-8.758540292471647,-0.7171051905319095,-0.6738376021385193,1.0424975156784058,3.493104934692383,-0.5352399303395292,0.3143166995458542,0.6616397820051371,-0.4206615883951924,1.4401897192001345,-3.154123067855835,-2.936002016067505,-6.157813604685664,1.540534036014974,-4.872817925794422,-0.3188774883747101,0.3306500315666199,-1.7667178499691187,-0.1442457437515258,0.7294884328953921,0.4102779236650094,4264
1726744927622852000,5.26813797083497,-1.3600766388386487,0.2046399445354938,3.1337142050683497,-9.260003375199435,-0.7762552986368536,-0.8058634996414185,1.6461189985275269,3.451417922973633,-0.5179740710645551,0.3790387768230246,0.6292118980007614,-0.4383205724429383,1.7391295433044434,-2.9895620346069336,-2.450718402862549,-4.716501867184043,1.926899790227413,-5.757788450694084,-0.2074657678604126,0.2257366180419922,-1.8565417671486728,0.0690453797578811,0.8377652677409351,0.587435731306672,4265
1726744927662620400,6.741021489164233,-0.5145020125210285,0.5608638045929372,1.942299750063568,-9.56718248771131,-0.9310680400121956,-0.8378737568855286,1.5072613954544067,3.1725966930389404,-0.5016247228590521,0.442625222986274,0.5929200363626999,-0.4482203266900222,1.11987566947937,-2.6827800273895264,-1.8996340036392207,-3.381047043904662,3.4811046241983767,-7.274784666994214,-0.1298219859600067,0.1555136740207672,-1.540824105002731,0.2385058254003524,0.9558700344439596,0.5231244045136496,4266
1726744927702388500,8.42576029023528,0.4605512266248464,0.8753812971688807,0.8478803459767251,-9.704263976758718,-1.130812175330147,-0.5190568566322327,0.7549456357955933,2.713019847869873,-0.4818090197467851,0.4941154490326874,0.5599154394628987,-0.4584807890896264,0.6035487055778503,-2.099415063858032,-1.41185462474823,-2.255610935589671,3.767585232074559,-7.474185541832447,-0.0751392915844917,0.0406123772263526,-0.9219798936713486,0.3376398384571075,1.1396512422807514,0.370461571181193,4267
1726744927742156800,10.09725207172036,0.6334703372508287,0.7297393389165401,-0.0519295868334593,-9.725900054505466,-1.2548176905095576,-0.1830863356590271,-0.2190182358026504,1.969587683677673,-0.4594635439655823,0.5254223258592994,0.5365717809665503,-0.474252485827019,0.1015335172414779,-1.3307766914367676,-0.839219331741333,-1.960374774327874,4.153794334420562,-8.14981452037692,0.0035806384403258,-0.1508864015340805,1.332425976977497,0.3130700588226318,1.5882302915610371,0.347857159858942,4268
1726744927782002400,11.249397323262691,0.3923229090511798,0.893094356252998,-0.693811627901718,-9.698436293518542,-1.2764657509550452,-0.0251053348183631,-0.5074965357780457,1.2319316864013672,-0.4384215161652652,0.538535726161224,0.5244624976602114,-0.492651047983654,-0.5311283469200134,-0.5753279328346252,-0.1442384123802185,-2.5589468166768548,4.584271909821033,-8.998100159218907,0.1163765117526054,-0.3578308820724487,1.8045678342834115,0.3109456300735473,1.615485962755233,0.3997458621261641,4269
1726744927821773800,12.186224584388732,0.3890916720449924,0.8673372530534863,-1.0292444096691906,-9.664676647257805,-1.3057752859391272,-0.2051593363285064,0.0049262465909123,0.3685681819915771,-0.4266400308278495,0.5457558625126931,0.5183884140704327,-0.5014002214782091,-1.211293339729309,0.4982054829597473,0.534709632396698,-2.2608824462518093,4.712323120194673,-8.516033850878477,0.2152532190084457,-0.3729456663131714,3.751278532657027,0.2959137260913849,1.2450193500727411,0.4856499389808624,4270
1726744927861544200,11.893003854602574,0.7695417724728584,1.5506886425435542,-0.9636232789192348,-9.660859134796262,-1.381897279372066,-0.0622524321079254,0.3808300197124481,-0.6496124267578125,-0.4281158773382221,0.5476908436782281,0.520088347609229,-0.4962456417394983,-1.816568613052368,1.4281773567199707,1.3522804975509644,-4.296954266598821,4.3635535216659305,-7.798110621961951,0.2222355604171753,-0.2151041328907013,1.8589895986922085,0.2450507581233978,0.3331260391950607,0.0089954716510459,4271
1726744927901315300,10.508705213177205,1.7208219218432903,1.3553345588780938,-0.4704156911004334,-9.69605670490563,-1.391246999258548,0.0672802627086639,0.2385802268981933,-1.824790000915528,-0.4436502612706021,0.5381035491440416,0.530451156218258,-0.481913414035128,-2.035343885421753,2.117280960083008,2.090060472488404,-4.400266172513366,3.71145564083457,-5.848322123578191,0.0589867681264877,-0.1000777557492256,-0.4397639111945405,0.2914502620697021,-0.5969700505124405,0.1931413577857427,4272
1726744927941087700,8.882854069882631,0.9273463160753248,1.0693734448313712,0.4745838070979342,-9.703741414189338,-1.3351299752391874,0.2212252616882324,-0.3247150778770447,-3.0512561798095703,-0.4681613127243216,0.5104176658278239,0.5545687396794604,-0.4612508632376282,-2.1853015422821045,2.241498708724976,2.63104248046875,-4.373564043548703,3.417886536002159,-4.229132191738486,0.0335028171539306,0.0775056332349777,-0.0246676228957949,0.3124696314334869,-0.4263662310915067,0.1797462532322853,4273
1726744927980859000,7.296820557713509,-2.2949854991227387,0.633368192050606,1.8029411098644137,-9.55511503329873,-1.272620181442797,0.2473217397928238,-1.1896381378173828,-3.977326631546021,-0.4938947753755984,0.4606142941913406,0.5939023849916087,-0.4372440676166669,-2.489560127258301,2.379331588745117,3.039482355117798,-4.974322782287001,2.8481451590791345,-3.1746918198838827,0.1221793442964553,0.0004805016797035,0.6972275738250464,0.1088629737496376,-0.08165830164426,-0.1184224634832236,4274
1726744928020630000,5.373654693317413,-5.016687759807706,0.9222564455904066,3.293055456718802,-9.13364201760888,-1.3793990328155457,0.0289255939424037,-1.753254771232605,-4.352411270141602,-0.5115776873195687,0.3943141052628388,0.6440855269954086,-0.4098273021873937,-2.4412410259246826,2.1417481899261475,3.457145929336548,-6.825785346475243,1.1198080393001435,-1.8973551313132049,0.2006306797266006,-0.0997106581926345,-0.0707518264356069,-0.1658628731966018,-0.0387426542711211,-0.4812337299738079,4275
1726744928060401400,4.024044211174547,-5.613357767927647,1.5236113966561853,4.39217259016782,-8.622863994047044,-1.5891519364506006,-0.1547101140022277,-1.5102577209472656,-4.4706244468688965,-0.5208103195423921,0.3410652593881431,0.6816881175829347,-0.3843596484470011,-1.647341251373291,1.8181993961334229,3.7057461738586426,-6.344947118625044,-1.0646595680519937,0.3138490917950868,0.2280603051185608,-0.1445118933916092,-0.761649850179255,-0.4020020961761474,0.0662506471254164,-0.4856880790341645,4276
1726744928100172800,1.925130442467332,-6.027435412669181,2.204965913240612,5.802006362605095,-7.682811925655603,-1.8658872492514549,-0.2170728147029876,-0.4769814908504486,-4.5851922035217285,-0.5378668354076939,0.272006655584026,0.7219045341918588,-0.3399494218882998,-1.3394896984100342,1.605620503425598,3.541766166687012,-4.455319366693496,-2.226562974151224,1.3130232112407685,0.2313720732927322,-0.1891236454248428,-1.4728392407961188,-0.4718902707099914,0.0902209719394333,-0.0968009987837169,4277
1726744928139944200,-0.8012719587326049,-6.602230273589491,2.0085184813804924,7.085155244585871,-6.516798892280459,-1.8714501440756024,0.0639892891049385,0.5121210217475891,-4.345290184020996,-0.5667028254769677,0.207503974548219,0.7432089213803668,-0.2888436747191845,-0.8328239917755127,1.45563805103302,3.2058868408203125,-3.268317321303486,-3.57704424777925,1.7457751613140104,0.2212148904800415,-0.195621833205223,-1.9882528152041137,-0.3494511842727661,0.070009415137046,0.3049763783032074,4278
1726744928179715300,-3.135822575524449,-6.529224074089527,1.2512370555438102,8.092866306230425,-5.302022120258211,-1.6013883176892996,0.3791433274745941,0.8039604425430298,-3.73004412651062,-0.5995458092747508,0.1480485420060965,0.7481508622586851,-0.2426863824301857,-0.2936265766620636,1.356852412223816,2.742588996887207,-2.534074241226912,-4.809055939979851,2.607479669177532,0.2248938083648681,-0.2009044289588928,-1.9877771605163808,-0.2123404890298843,0.1073978874533902,0.4330179075330496,4279
1726744928219486500,-4.530568376684188,-6.33473610573411,0.4754793311655521,8.772495168066024,-4.192269318765401,-1.2800802881903943,0.4836410880088806,0.5219473838806152,-3.019284963607788,-0.6261923132440774,0.0954869813991884,0.7457534205810928,-0.2064396048492529,-0.3923504948616028,1.192529559135437,2.2964651584625244,-1.9997592747330664,-5.605086783188582,3.4041759905576705,0.1932156533002853,-0.1928649395704269,-1.6567394719026982,-0.0988910794258117,0.0625789180764229,0.4527547640623524,4280
1726744928259257900,-4.899944709911942,-6.954470763099193,0.1650784801281988,9.19155001669824,-3.2279192599415776,-1.125302398932725,0.4254976809024811,-0.0261765886098146,-2.535054922103882,-0.641023735597771,0.049796733513864,0.7449125724268936,-0.1780842341730563,-0.533331573009491,0.870471715927124,1.936310052871704,-1.278413085630536,-6.737938136196136,4.354280081886053,0.1588553637266159,-0.0046891253441572,-0.116117182215536,-0.0870187729597091,0.087791927294759,0.2928298673050478,4281
1726744928299029000,-6.197103997066617,-7.820992900377512,0.5416622605167329,9.45636181360185,-2.3542148099437354,-1.097866110474616,0.4543101787567138,0.0591761209070682,-2.2582502365112305,-0.6483880285100542,0.0084043667423878,0.745590343100687,-0.1536799098782766,-0.0677804052829742,0.6223451495170593,1.5474108457565308,-1.4358505494862794,-8.35940244270861,5.580162769812345,0.0235142931342124,-7.30454921722e-05,1.4987772535204886,0.0004513161256909,0.1444225725252181,0.6778657246205956,4282
1726744928338800400,-9.452492278692128,-8.460315470787883,0.0389174674153327,9.617393502557276,-1.6583289330512283,-0.9623306818254292,0.354125440120697,0.4638581871986389,-1.2916158437728882,-0.6576884955600321,-0.0241077590409357,0.7405970730826194,-0.1355752597983793,0.1199993416666984,-0.1230481341481208,0.8041744232177734,-2.132065804463625,-9.555796585822105,5.978180091112852,0.0234135128557682,0.1237764135003089,1.147795824161172,0.1356274932622909,0.1689607649216428,0.5144198141302914,4283
1726744928378571500,-10.861503921091556,-8.463623864683509,-0.733290966983512,9.65826853378117,-1.5263323460526763,-0.7473722454365342,0.1402046978473663,0.4895377159118652,0.5691624879837036,-0.6660944583851569,-0.0316528627010198,0.7328734382518973,-0.1349552088828716,-0.5910345315933228,-0.5787579417228699,-0.6482201218605042,-0.8702806130290031,-8.933425734734534,5.299603953200578,-0.0564646311104297,0.0025724486913532,2.011741827341169,0.0769561827182769,0.4464862051868811,-0.0511762248826213,4284
1726744928418343000,-8.626697873121499,-7.686905916970968,-0.872892329897359,9.576748188436031,-2.022329856850952,-0.6053779960367828,-0.0799511894583702,0.1817140877246856,1.9075167179107664,-0.6677013875971773,-0.012151178787449,0.7285039721968576,-0.1526738231393731,-0.1865302324295044,-0.9252353310585022,-2.04239559173584,-0.8544833244383334,-8.048814983057975,4.974435595011711,-0.0742769613862037,-0.0635558664798736,0.877740865907073,-0.0115288663655519,0.7692625902052969,-0.2565387663379311,4285
1726744928458357000,-6.056002166461944,-7.130045941191911,-0.3654910892922431,9.344290262648462,-2.9082433616891503,-0.6298984701134264,-0.0433307513594627,-0.2455985397100448,2.697953224182129,-0.6592443976887391,0.0231623819930621,0.7290949111120842,-0.1824309367334214,0.3291805386543274,-1.1467103958129885,-2.791501998901367,-1.385975634726882,-7.302126847428083,4.029566481727361,-0.0498400628566741,-0.1864468306303024,0.5613051551522686,0.039309024810791,1.302578827985376,0.0165336651573772,4286
1726744928497886500,-3.8922985301971433,-7.287157241833209,-0.2661514480095356,8.936431346291304,-3.973969389928877,-0.7198102117069065,0.1809024959802627,-0.2537010610103607,3.1215081214904785,-0.6435083682979148,0.0632949698167276,0.7298587909611746,-0.2218034706960238,1.228378176689148,-1.3082102537155151,-3.2480356693267822,-3.239946382343769,-6.070746731129288,2.7388497948408124,-0.0503395162522792,-0.2531902492046356,0.0900652607879135,0.0967908650636673,0.6556571076828986,-0.2447938401442952,4287
1726744928537657900,-2.067983500653505,-7.323908471125364,-0.8228967844329774,8.318045765447616,-5.1368625377178185,-0.7701447798673063,0.1884332150220871,-0.2387197017669677,3.5935659408569336,-0.6238912120613993,0.1085316976791942,0.726283227349708,-0.2673820760903926,2.164329767227173,-1.7595866918563845,-3.3728809356689453,-5.9599026761442415,-4.58951857830286,1.2607377282083034,-0.0656745359301567,0.0625984072685241,0.0015830993355804,-0.05895422026515,0.3901550634928047,-0.6647614014409482,4288
1726744928577429000,0.0031043957561254,-6.498587528285384,-1.3308324241757392,7.446753345027566,-6.327450040379167,-0.824398348102346,0.0470732599496841,-0.3420355916023254,3.8778600692749023,-0.5983946522285443,0.1595059671293231,0.7187422793738658,-0.3160557604867151,2.2498879432678223,-2.1866822242736816,-3.4963297843933105,-7.744677137938141,-2.2758809856802222,-0.6797581142384559,-0.064251959323883,0.2108432650566101,-0.8086252441048621,-0.2189609557390213,0.3615016543298959,-0.4678652029000222,4289
1726744928617200000,1.3807020782381296,-4.639025244271755,-0.8995886867083609,6.35750790951252,-7.407251940244436,-0.9408042749982328,-0.1255189329385757,-0.3273721039295196,3.946414232254028,-0.5664705924112312,0.2135948115760116,0.7087629545164758,-0.3621373899976358,1.737047791481018,-2.404891967773437,-3.694005966186523,-6.977602047839761,-0.1126490585803985,-2.261694639417529,-0.0857664197683334,0.2782983779907226,-1.634149892823398,-0.24508136510849,0.3712707321396097,-0.0987606175520457,4290
1726744928656971500,2.945215832516551,-3.1004426345854994,-0.4913934510689228,5.1058852156519885,-8.310621168404817,-1.016803738030046,-0.0417196601629257,-0.0752048268914222,3.9464688301086426,-0.5327951635079025,0.268301201330079,0.6927171334197861,-0.405322978854864,1.4036344289779663,-2.340118169784546,-3.7955474853515625,-5.840615202462673,1.156827856400609,-3.33004341737628,-0.1245247572660446,0.2632406949996948,-2.059435306408256,-0.1214812994003295,0.5001857928009703,0.2777602171354927,4291
1726744928696742700,4.736185641819239,-2.025764069083333,-0.9484007945418356,3.773106333583593,-8.990705957314372,-1.049410487928614,-0.2403228431940078,0.1335253119468689,3.751725912094116,-0.499972122899588,0.3222991068160929,0.6705433088914712,-0.4433089589051482,1.4239580631256104,-2.1914048194885254,-3.693517446517944,-5.015853647071123,2.222943760740757,-4.5012940591439605,-0.1282055675983429,0.1578326076269149,-1.90074857314378,0.0194255746901035,0.8714028219919652,0.392257807925716,4292
1726744928736514000,6.648486997851729,-1.4762614703297614,-0.6225273568235338,2.445288727184385,-9.425435344940423,-1.1627988936342295,-0.3995763063430786,0.0735782384872436,3.468647718429565,-0.4662165417995639,0.374675337254936,0.6472284257395443,-0.472605352909847,1.3740514516830444,-2.0044169425964355,-3.357401132583618,-4.2981899458736175,3.352780734363198,-5.549188370355964,-0.1263082325458526,0.0463882721960544,-1.7067384514331816,0.105391226708889,1.0305844991665334,0.3249995044279843,4293
1726744928776285400,8.414305999284982,-0.2813514282941818,-0.112520317634195,1.2055956136357038,-9.646504446229338,-1.2891346783921125,-0.3068871200084686,0.1547432690858841,3.0322961807250977,-0.4330598563708175,0.4201541821448606,0.6238573892910174,-0.4967207989846496,1.137364149093628,-1.7590680122375488,-2.729506254196167,-3.670525664553046,4.357718824163079,-6.319579453134536,-0.0991454124450683,0.08528833091259,-1.1706021877963095,0.1249131709337234,1.0273336076118051,0.0474682189438492,4294
1726744928815943700,10.457017111516,0.2322469133853912,-0.1677555903829634,0.1877532350066117,-9.705056588441131,-1.3953588184915482,-0.2766932845115661,0.3048225045204162,2.238145351409912,-0.4066290327853872,0.4577153943685006,0.6013652143577131,-0.5133316634238639,0.6264428496360779,-1.3490170240402222,-1.7366304397583008,-3.1937732447117564,5.515967653277516,-6.9402107670784,-0.0919105261564254,0.0711935758590698,1.2468410125419496,0.0415167920291423,1.350397979258746,0.0071869392331136,4295
1726744928855704600,11.34456917734146,0.4493798442691564,-0.0102769177339971,-0.484918848227337,-9.683815062969922,-1.4693398543730378,-0.0589721277356147,0.3334908783435821,1.3622868061065674,-0.3902013088696007,0.483600174645949,0.5839917417724935,-0.5223288494531416,-0.3978778719902038,-0.837832510471344,-0.5753989219665527,-3.12249576870054,5.846251747044921,-7.527803734773397,-0.0585207678377628,-0.0951332002878189,1.686732020714879,0.0583899989724159,1.5854790931567548,0.179731932445988,4296
1726744928895471400,10.849468615382907,2.1382167283087967,-0.0528686897478997,-0.8467935736533254,-9.659301383960246,-1.466701468693465,0.0782753750681877,0.443550169467926,0.6305051445960999,-0.384421690212341,0.4987167974553252,0.5710188406107248,-0.5267247612543567,-1.3508027791976929,-0.1624688357114792,0.5166404843330383,-2.5617571979224683,5.836637531003356,-7.376383923771977,-0.0121367601677775,0.1371338814496994,1.8008378539748489,0.0713247433304786,0.7489810688726604,-0.009073121730829,4297
1726744928935238100,11.003324129098653,1.9561504346311087,-0.1726326949000358,-0.898745879208669,-9.656651161712407,-1.4531798699498175,0.1515202820301056,0.4632011950016022,-0.1749330759048462,-0.3881035563398887,0.5050990984153636,0.5647711531385002,-0.5246752184982572,-1.7648504972457886,0.8326811194419861,1.3217312097549438,-3.0437358279794453,5.846593107828498,-6.1600219283849,-0.0009648333070799,-0.1145858466625213,1.2477901299603282,0.0317241176962852,0.4354677118379622,0.0372525458608171,4298
1726744928975005000,10.269278032898905,2.232029568994045,-0.8881472552396357,-0.6790040810007602,-9.684282680481672,-1.3870928021885454,0.1622067540884018,0.3185782134532928,-0.8832224011421204,-0.4003952968547467,0.5023639544712623,0.5642273527473413,-0.5186151371925325,-1.7261459827423096,1.3749531507492063,2.1510684490203857,-4.360664814487099,5.373462385615706,-5.211182742425799,-0.0774410441517829,-0.1762823462486267,0.4254013315821066,0.160437598824501,-0.0655036190172424,0.5647948238989338,4299
1726744929014772700,9.91817443846464,1.6939754159718752,-0.9822397896490992,-0.1380103034632746,-9.706170687162876,-1.3934063692495229,-0.1990664005279541,-0.204125091433525,-1.9514293670654297,-0.4152433376951236,0.4873653458430026,0.5775110166991637,-0.506486912835312,-1.2830058336257937,2.0747761726379395,2.794114351272583,-4.2473394640803335,5.051873054957389,-4.718385196712613,-0.0794933140277862,0.0272486414760351,0.171156375269778,0.4439948797225952,-0.4272769161956384,0.7315466075342149,4300
1726744929054539500,9.058733783879877,-0.7012468194037675,-0.3323495018646121,0.8213879142399877,-9.650381579923629,-1.5381196683496237,-0.490117073059082,-0.6561753153800964,-3.122455358505249,-0.431793301603005,0.4557855712651424,0.6088364222201678,-0.4849042486379529,-1.1883302927017212,1.99580979347229,3.612958669662476,-6.885498349159955,2.3224755635946988,-2.28070650614053,-9.82079654932022e-07,0.1397234499454498,0.7142417639248073,0.326950192451477,-0.3176861492073163,0.0593115822769701,4301
1726744929094306600,7.205043606770039,-3.5502246299147604,0.7305320967294275,2.1245614201828835,-9.401807216593625,-1.8062765378974377,-0.6016547679901123,-0.87440425157547,-3.901178121566773,-0.4500660869161214,0.4085668455678633,0.6520487754967088,-0.4531511954411141,-1.7453594207763672,1.9598461389541624,4.074018955230713,-6.29228754158318,1.511865283152461,-1.1311115236029028,0.0594850927591323,0.1424902230501175,-0.2445028578410856,0.0680791735649108,-0.3196419594502076,-0.0217949398365803,4302
1726744929134073300,4.77685784394741,-4.158813039365411,1.9516355875551696,3.558854218833148,-8.897666439089178,-2.0824192916326223,-0.3486351072788238,-0.7461584210395813,-4.269171714782715,-0.4705937257072222,0.350798669345925,0.6950641201369493,-0.4151718775389931,-1.3248190879821775,1.6124231815338137,4.081663608551025,-5.493054979723691,-0.3013303864836693,0.6698924807190895,0.0764036178588867,0.0056389621458947,-1.1498938193537294,-0.1593610495328903,-0.2376058648689649,-0.0774850162812974,4303
1726744929173840100,2.769806658640504,-4.775860065081715,2.2259712918683885,5.001173964333534,-8.13517283156216,-2.2310589703962207,0.1115653216838836,-0.5232447981834412,-4.504429817199707,-0.4954979670422818,0.2844430733087421,0.7299619755368117,-0.3751392948551599,-1.4484353065490725,1.37004554271698,3.715306043624878,-3.489211650547385,-1.8526916675917804,1.7505289317123591,0.0572564266622066,-0.0882086902856826,-1.3759145517006517,-0.241950586438179,-0.076200059071253,0.1161817079522646,4304
1726744929213607000,0.6248690976440906,-5.919252101325989,1.661895685622096,6.34599984254837,-7.132739418059587,-2.241143726558984,0.4482874274253845,-0.3923314809799194,-4.500926971435547,-0.5224763872583591,0.2109298905859534,0.7548344925764282,-0.3357856992196593,-1.5701007843017578,1.0518884658813477,3.1991894245147705,-3.1336943313241004,-3.312347601687908,1.81138715890944,0.0289837419986724,-0.1556573659181594,-1.7502601977735757,-0.2167198061943054,-0.1284748791458085,0.4071767062466591,4305
1726744929253373700,-2.108769684550166,-6.427755165693164,1.0985326115593317,7.431530056932568,-6.000396599096059,-2.222161524321884,0.481963187456131,-0.4529220461845398,-3.93286657333374,-0.5451600519324671,0.1381629407702548,0.7708499907342082,-0.299168670045358,-0.6836355924606323,0.9836629629135132,2.9087975025177,-2.668531226989627,-4.782556932371855,2.0054653774201867,0.039568293839693,-0.1684073358774185,-1.618822413701564,-0.1616840660572052,-0.0406552875259891,0.4978006877627223,4306
1726744929293140500,-4.185921995565295,-5.867689671871066,0.9596969723209738,8.131118587735294,-4.967718853977322,-2.3188553272709247,0.2568479776382446,-0.7270324230194092,-2.9440298080444336,-0.5564229029922776,0.0774388731281899,0.7824525169743003,-0.2686353719328191,-0.3862148225307464,0.8877053260803223,2.591620683670044,-2.1648872930914163,-5.521285633429884,2.447431730562448,-0.0352309830486774,-0.1642387062311172,-1.6568597372815013,-0.1434909850358963,-0.1630696975890547,0.3001758096210658,4307
1726744929332907300,-3.861759015026689,-5.609723210817575,1.5425021212175487,8.532396372136473,-4.095621546915173,-2.567968912044168,-0.058718342334032,-0.8214499354362488,-2.449950933456421,-0.5574483121161226,0.0307431672134945,0.7937158441480582,-0.2414980784763914,-0.3083463907241821,0.8089959621429443,2.09305739402771,-1.027486021694541,-6.445780651727318,3.4769349372982976,-0.0984963774681091,-0.0317063704133033,-0.5313175747761503,-0.1137897446751594,-0.1811917575991712,0.4330846526263281,4308
1726744929372674000,-3.90481957359612,-7.459476633000373,1.8696561002656813,8.799317124018073,-3.260711522474885,-2.8478368237823246,-0.3213600814342499,-0.5785874128341675,-2.262338876724243,-0.5564263811696946,-0.0080785041620946,0.803202342210591,-0.2125804518668414,0.0924508050084114,0.7451876997947693,1.689306616783142,-1.1370265928655865,-7.664476058498025,4.253326137274503,-0.2088089436292648,-0.0815472975373268,1.350408792913705,0.0047700754366815,0.101504719495261,0.7919462773088365,4309
1726744929412440800,-6.716248282435536,-8.062927679562568,2.5462416488826274,9.00525529167056,-2.49490279905051,-2.9751030212581155,-0.5518593788146973,0.2337947189807891,-1.6514873504638672,-0.5610830113506621,-0.0363508030922528,0.8064531308058223,-0.1830242273603529,0.8640644550323486,0.1894097477197647,1.170629620552063,-1.8279829044014213,-9.319018458747864,5.587195737189054,-0.1204403638839721,-0.0007990282028913,1.2632979340851307,0.2569098472595215,0.2056962121227756,1.0490790640171617,4310
1726744929452207600,-9.437447854295373,-8.38765823085606,2.789524920067191,9.185157100790738,-2.036096954788268,-2.7672289171069857,-0.6033100485801697,1.1295859813690186,-0.4007928073406219,-0.5768394667776479,-0.0442226380088359,0.7994584170852586,-0.1617612827449451,0.0979222729802131,-0.260919988155365,0.0394119173288345,-0.3091068657040596,-8.626199860471486,5.262720621961355,-0.0776788666844368,-0.0831356793642044,2.330013265623152,0.2301656752824783,0.7196537790361791,0.384323069403693,4311
1726744929491974400,-9.426271211242677,-8.237301080650091,2.3202248620584607,9.288603446739913,-2.124205300221592,-2.319476089517772,-0.2403912544250488,1.3604021072387695,1.062763810157776,-0.596747625658425,-0.0293149174542114,0.7857486907327195,-0.1600994520661417,-0.682171106338501,-0.9004812836647034,-1.3667504787445068,-1.1506348469793797,-8.140174000850319,4.6079555677473545,0.0073314816690981,-0.1312391608953476,1.4573010415330527,0.1461821645498275,0.926516952579096,0.0965137976064812,4312
1726744929531741200,-7.564851316663622,-7.725029603660106,1.4419047349587082,9.22642609976828,-2.736733533339202,-1.885131025034189,0.3460889756679535,0.8694345355033875,2.1930627822875977,-0.6092452011471016,-0.0001541552043365,0.7720847791451739,-0.1808460677215153,-0.6781388521194458,-1.2715426683425903,-2.627429246902466,-1.096674124211073,-6.942868003588915,3.367653893846273,0.0805791541934013,-0.1569144278764724,0.8423382016796618,0.1546346247196197,1.3864581575468182,0.0984407744805328,4313
1726744929571508000,-4.811744448411464,-7.775598930424452,0.1071943003058433,8.935606585904955,-3.716269763118029,-1.5857643398389218,0.8297377824783325,0.3855466246604919,2.8866093158721924,-0.6082435421661233,0.0338916911802563,0.7613821840251261,-0.2217843205383856,0.084791824221611,-1.1998422145843506,-3.3883590698242188,-3.2127082468062635,-6.116487907084823,2.087512376987934,0.1263364404439926,-0.1863675862550735,0.2488434991275891,0.1578643321990966,0.873483939114958,-0.2803379404027015,4314
1726744929611274800,-2.53694891988039,-7.12616822297573,-1.2664623894654214,8.420548693066834,-4.844390872733294,-1.3403745978944004,0.7429143786430359,0.2177639901638031,3.2946903705596924,-0.5983457108994504,0.0724671665905785,0.7503922920714936,-0.2713711038421207,1.325966477394104,-1.4379801750183103,-3.698373317718506,-6.130270348721743,-4.6976060280561445,0.5943786823123693,0.0865294188261032,0.0590257458388805,0.0772502211447339,-0.0781718268990516,0.5918372542012482,-0.667347107085213,4315
1726744929651041500,-1.1491349638104438,-5.468376465541124,-1.941431881187856,7.692187656766175,-5.972464636075497,-1.1533717245973647,0.246114432811737,0.225718006491661,3.524811267852783,-0.582536163258149,0.1183766679048595,0.738100640686696,-0.3191330017129813,1.9155155420303345,-1.582001805305481,-3.8818650245666495,-6.493547780552506,-2.2254531132131814,-0.7959306707698851,0.0476344414055347,0.1565228551626205,-0.9473514316193758,-0.2419732958078384,0.4504708909088745,-0.5320089911064133,4316
1726744929690808300,-0.2589829446196556,-3.568226150551438,-1.182441021084785,6.753854082730412,-7.027612571677565,-1.080977300320193,-0.1387512236833572,0.2903212904930115,3.774555921554565,-0.5613113892836142,0.173198669767542,0.7246493817071987,-0.3602985863648344,2.185685157775879,-1.56472909450531,-3.9564127922058105,-5.418213966012001,-0.2619900174811482,-1.9552213370874525,-0.0307018775492906,0.2210995405912399,-1.9132091185271736,-0.3255513608455658,0.2807877299968153,-0.3542384583938867,4317
1726744929730576100,1.6408505595058205,-2.7346219480127094,-0.7895289139688014,5.623606774741411,-7.964915633621811,-1.05146223282665,-0.1595860123634338,0.3155924677848816,3.8212969303131104,-0.5362920260308194,0.2319380249531069,0.7069755343186274,-0.3984736999694681,2.4592509269714355,-1.5086508989334106,-3.8226897716522217,-4.940629186999797,1.054953874334693,-3.043796033734083,-0.0818546563386917,0.231475293636322,-1.993214821525663,-0.2113503217697143,0.5149706164134666,0.1764974988357164,4318
1726744929770343000,3.340743967349827,-2.517497784957289,-1.1424502984147518,4.3631981323570015,-8.718340384030341,-1.0599156614605336,-0.1850008368492126,0.0845940187573432,3.811412811279297,-0.5069118211415702,0.2884012224124904,0.6861963220529796,-0.4347409754741059,2.5253496170043945,-1.5410149097442627,-3.4952800273895264,-4.7403065211415285,2.3095219739973545,-4.371717831160128,-0.0810263603925705,0.148333728313446,-2.0863111845046283,-0.0482001304626464,0.8069689282651991,0.4353995785051957,4319
1726744929810109700,5.668913066411018,-2.3079513636797664,-1.3466380422033368,2.980739565840364,-9.270109758672117,-1.1621863877590746,-0.3569438457489013,-0.1897918134927749,3.860015153884888,-0.4699058456569747,0.3422072028121802,0.6649430400586738,-0.468970834331921,2.105804443359375,-1.584813117980957,-3.073422908782959,-3.8216935466200113,3.4803871235787867,-5.2688277066648,-0.081824779510498,0.1199907585978508,-1.9406758021235464,0.0648830458521843,0.8771029333297162,0.3778484300294891,4320
1726744929849871400,8.802488155269621,-0.914352978989482,-0.5986334171473979,1.5482440258704124,-9.59349883222878,-1.3183740707494318,-0.3800257742404938,0.051355630159378,3.5935964584350586,-0.4288042105707452,0.3936373079056143,0.6420810231547267,-0.498907418389533,1.305262327194214,-1.4966329336166382,-2.5189976692199707,-2.953845129173994,4.322060066282749,-6.07719634566009,-0.0373794585466384,0.2025314271450042,-0.998689843060076,0.1123317927122116,1.0165822772990911,0.2670058363491669,4321
1726744929889654500,11.793429381650686,0.1332820967644453,-0.4543113093219697,0.3662717548085376,-9.690934539586303,-1.4567103821635246,-0.3717395663261413,0.5437269806861877,2.531088590621948,-0.3979724671274248,0.4392058990877328,0.6175514044920268,-0.517055428245643,0.3722076416015625,-1.1389530897140503,-1.6606483459472656,-2.6753607807487247,5.1900815022081135,-6.78330814075172,0.0319531112909317,0.0295991245657205,1.337517016506195,0.0558157935738563,1.7451887397281824,0.3958402329897508,4322
1726744929929422000,12.276298238545657,0.8922288254648446,-0.240646346809715,-0.3278856908561661,-9.678798111590742,-1.54393113110736,-0.031825128942728,0.702045202255249,1.3021275997161863,-0.384155635117288,0.4707536782707201,0.5975864419439391,-0.523168969466059,-0.6079946160316467,-0.7437552809715271,-0.5531502366065979,-3.173538558195532,5.5059062779903405,-7.171895370405912,0.1085665747523307,-0.1671497076749801,1.4353331014834343,0.1147889047861099,1.6970388951957225,0.6022196050710976,4323
1726744929969189600,11.34706742389798,1.8930302538514137,-0.8514413263939321,-0.6035363867580891,-9.668798111101983,-1.5233072991430758,0.1143020838499069,0.5067706108093262,0.3413218557834625,-0.3839568217394627,0.4863793329432806,0.584039554597156,-0.5243186655505613,-1.583778977394104,-0.2077449709177017,0.5250027179718018,-3.1119284897178408,5.670085617321729,-7.235957800471782,0.1803905516862869,-0.1652452647686004,3.1251141345053908,0.1173588186502456,1.322024556080997,0.4053215433666482,4324
1726744930008957000,10.8308340575397,1.743916966226697,-0.795924752485752,-0.5471386461012065,-9.676057288450002,-1.4983191344894469,0.0783480703830719,0.2777833044528961,-0.4870331585407257,-0.3899094315291379,0.488415332392121,0.5812430476481932,-0.5211311698115622,-2.1029248237609863,0.685958206653595,1.4135267734527588,-3.640589668233692,5.725420551052689,-6.097482177841663,0.1992382407188415,-0.1401536464691162,2.1835225815869865,-0.0153363589197397,0.6094882808998227,-0.0807877202216535,4325
1726744930048724500,10.003222373414038,2.155646002015472,-0.7155566459156573,-0.1928318899777718,-9.687056821370124,-1.514642054389417,-0.1950126141309738,0.2249737381935119,-1.2962020635604858,-0.4012643393844192,0.4806710072606455,0.5883711712085357,-0.5116265710531016,-2.2987284660339355,1.3417569398880005,2.345571994781494,-5.109009485152363,5.420222967746853,-5.087740487152337,0.0978221297264099,-0.050634603947401,0.0218446926958626,-0.0334548354148864,-0.5072357113124802,0.057063849015953,4326
1726744930088492000,9.445456388705969,1.4773644631356,-0.2906850738286972,0.5220538892053067,-9.64937327966392,-1.6695676815547047,-0.6120241284370422,0.2715555727481842,-2.3751535415649414,-0.4187674240804949,0.465197558680219,0.6072194778804677,-0.4893972276306439,-1.670506477355957,1.9136985540390008,3.2087433338165283,-5.478152594146132,4.430944219371677,-2.968597877147793,0.0366487130522728,0.1509703695774078,0.6059437766933813,0.0083109810948371,-0.6268227159298956,0.1607269703878089,4327
1726744930128259000,8.369097322770953,-1.5282862565994262,0.4948012867510318,1.6653012562818823,-9.469030156517029,-1.9325187991529704,-0.7357445955276489,0.0986510068178176,-3.4970271587371826,-0.4425715437262907,0.4363178949325292,0.6388722325310296,-0.4534307167485011,-1.1309382915496826,1.8604782819747925,3.900354623794556,-6.279143982371688,2.9922628303736447,-1.4788468106478452,0.1201096326112747,0.1770838946104049,0.3640032618872821,-0.194242462515831,-0.4410291088247671,-0.2665314603030681,4328
1726744930168026600,6.258704420933127,-4.266753189602494,1.413975110025704,3.0993317507341502,-9.045156509426237,-2.179370868735015,-0.5096742510795593,-0.1109935119748115,-4.170933723449707,-0.4702366121397487,0.3912171113771596,0.6768058503149679,-0.4095857543389605,-1.0165449380874634,1.7692363262176514,4.156550407409668,-5.677603153344989,1.7793863390147684,-0.9026697015888988,0.190572902560234,-0.0392667092382907,-0.2534652771767228,-0.4772913753986358,-0.0928797519530635,-0.2255050561760552,4329
1726744930207794200,3.575340366470813,-4.963404497909545,2.089524447462708,4.589934757888317,-8.359578968319296,-2.2848009358473123,0.0392794981598854,-0.1319338232278823,-4.429660320281982,-0.5000229107753109,0.3327670245732914,0.711167024078121,-0.365355504115635,-1.167819619178772,1.3740952014923096,4.209432125091553,-5.025958276978135,-0.0120016956999897,-0.179564539989829,0.2169793546199798,-0.1265486776828766,-1.3154285188168289,-0.5064025521278381,-0.1602483382917009,0.1190105290368665,4330
1726744930247561500,1.3849755177736285,-5.6057478774458165,1.850948184925317,5.992906535601615,-7.441303847450017,-2.209629521137476,0.5710058212280273,-0.0787257552146911,-4.4989776611328125,-0.5309769956019216,0.2639860776736121,0.7368657309833225,-0.3246594030209847,-2.113369464874268,1.077205777168274,4.015476226806641,-3.851913328316808,-1.3447994285993277,1.0355349611807614,0.1941318958997726,-0.2103756815195083,-1.4501786423072218,-0.3861292898654938,-0.0180848207141796,0.3831397048380225,4331
1726744930287329000,-1.0653653782337904,-6.050672495871782,1.1244823147214948,7.206043139201403,-6.337973772481083,-2.018267721978575,0.8321954011917114,-0.0014247905928641,-4.260804176330566,-0.5606914690033638,0.1901661020833064,0.7528212736680476,-0.2876143810135849,-1.760109305381775,0.6643824577331543,3.731743335723877,-3.5781554238915443,-3.9621459734052418,1.1258879437357188,0.1681192517280578,-0.2311045676469802,-1.864331836502999,-0.2597788870334625,-0.177546112839505,0.512898595912382,4332
1726744930327096600,-3.538386892604828,-5.806387938690185,0.5625906283855437,8.11460409078598,-5.189581735992431,-1.841692426932603,0.7519266605377197,-0.116815336048603,-3.5898985862731934,-0.584063875775837,0.1208682746361811,0.7611117137080422,-0.2548906244674676,-1.4276834726333618,0.5558763742446899,3.122910499572754,-2.4468501312822104,-5.372258270522952,1.709759260559082,0.1525622606277465,-0.2138739973306656,-1.894924543165416,-0.147993803024292,-0.1469628133262507,0.5843065664354712,4333
1726744930366863600,-4.999108848497271,-5.432789019331335,0.480282785924524,8.686330211785435,-4.173646159099042,-1.816246435508877,0.4778436124324798,-0.4491695165634155,-2.744144916534424,-0.5963211356450696,0.0640628638751813,0.7671367196449169,-0.2275926757195503,-1.0497848987579346,0.5258280634880066,2.438356637954712,-1.333538760524988,-6.40200639193058,2.223831064969301,0.0983061715960502,-0.1704826951026916,-1.214075930276513,-0.0442618131637573,-0.0884545924545731,0.6685555330269038,4334
1726744930406631200,-4.750770047488809,-6.318197643387317,0.9140352913424372,9.005566841837764,-3.3373186690762635,-1.983047501645982,0.2166757583618164,-0.704718828201294,-2.196143627166748,-0.5976747839197177,0.0199568757687745,0.7750541980571056,-0.2041511165646991,-0.5196778178215027,0.5437402725219727,1.7846002578735352,-0.8262684528231621,-7.612458871012926,2.6197920382618904,0.0387849062681198,-0.0163258779793977,-0.1315057347416877,0.1319594830274582,-0.056163032285287,0.8513693571362644,4335
1726744930446398700,-5.733915992197394,-7.479539762341976,1.3175209610514342,9.19203926151991,-2.6159105206534266,-2.198587025858462,-0.0534221231937408,-0.4302764236927032,-1.793960690498352,-0.5957551093150439,-0.0145691320077662,0.7822304538087869,-0.1816011606744698,0.5040255784988403,0.5157861709594727,1.2930418252944946,-1.016523313653469,-9.216994254556298,3.292491393095254,-0.1675349175930023,0.0572687350213527,1.1014829857975243,0.2772708535194397,0.0703187550808535,0.6164574623253196,4336
1726744930487411000,-8.586835818332434,-7.634427541714906,1.7924667698621748,9.321855143478512,-2.067625773257017,-2.2356933521986004,-0.2097731083631515,0.3250712156295776,-0.9551865458488464,-0.5998046803832403,-0.0356650203433693,0.7827621873646287,-0.1620053032326564,1.0236849784851074,0.1656897068023681,0.6440480947494507,-0.885568198531866,-9.533604043236377,4.074697416830063,-0.310907244682312,0.2193890362977981,0.8587870129816234,0.3522448539733886,0.1522235468660481,0.3284141351770609,4337
1726744930527178500,-9.810202724045514,-8.145455156123637,1.3352172151312232,9.38343744716644,-1.9902479345440864,-2.039710761371255,-0.1097219586372375,0.6882122755050659,0.6609079837799072,-0.6092061745353363,-0.0344236602624144,0.7764092473894686,-0.1577074373290605,0.3904367089271545,0.0507015027105808,-0.5230404138565063,0.595209287917614,-8.663688171866536,4.019966294211149,-0.4309587776660919,0.1222575902938842,2.5027327620238062,0.2436630725860595,0.67976439784877,-0.0845868841757532,4338
1726744930566945800,-7.742091213098168,-7.851390376728773,0.5709751565016806,9.31119054160118,-2.483630294407904,-1.8176063256852328,-0.0567002035677433,0.4463830292224884,1.9075798988342283,-0.614275110705589,-0.0108837388925692,0.7697750820099915,-0.1731876096160617,0.207027718424797,-0.6106374859809875,-1.6725841760635376,-1.820064386361837,-8.52348708949387,4.05265743445754,-0.332203596830368,0.1870027184486389,1.0225135670442134,0.180268332362175,1.1001643044143914,-0.0048661024908011,4339
1726744930606713300,-5.298067829674482,-7.797879735815525,0.4671553010649978,9.059809304156898,-3.334709655621648,-1.72336356915012,0.0421853624284267,0.1253727078437805,2.69427227973938,-0.6095601173974042,0.0257184836779309,0.7662934456477972,-0.201418807823931,0.2360420674085617,-0.83523029088974,-2.8208048343658447,-1.709313854879141,-6.948204688441753,2.868534159374237,-0.1671812981367111,-0.1163934916257858,0.9965732892975212,0.2476451694965362,1.692990788848698,0.4288234149852767,4340
1726744930646481700,-3.505897996932268,-7.545552157431841,0.3888882584273815,8.594773625594376,-4.422762958742678,-1.655121953703463,0.1524802595376968,0.1803301274776458,3.4378092288970947,-0.5984395973242539,0.071902928125237,0.76106353269923,-0.2397547447558258,1.0780233144760132,-1.1410993337631226,-3.482608795166016,-4.099377684578299,-5.8445583871304985,2.1249007351398466,-0.0447919517755508,-0.022985590621829,-0.0248091137257171,0.2253685891628265,0.7979610806189477,-0.2393612389026209,4341
1726744930686249200,-0.8031564573049544,-6.765666101077199,0.0745778327308595,7.858121730810403,-5.659941824448109,-1.5444684528544543,0.436434656381607,0.1047544404864311,3.872349500656128,-0.581989860396265,0.1254368138009066,0.7503409746943961,-0.2873010698282891,1.9582462310791016,-1.3428171873092651,-3.819436550140381,-6.027993631073832,-4.142287436500191,0.644631782734394,-0.0470033958554267,0.1595541089773178,-0.0272350508145638,-0.0440344475209713,0.5936459841236472,-0.7462793356332927,4342
1726744930726016500,1.1286334430515763,-4.854090721231699,-0.4574151205562055,6.889847192019224,-6.837543588808178,-1.3958471865303814,0.8497211933135986,-0.2329089790582656,3.799102544784546,-0.5590263420486687,0.1750752686445194,0.735198646102032,-0.3410588582887497,2.2914984226226807,-1.678458333015442,-3.98256778717041,-7.077680963182449,-1.6967241301581262,-1.1454033760666846,-0.0671214908361435,0.315641850233078,-1.1041712750334292,-0.2891589105129242,0.43730654463768,-0.6500684938956052,4343
1726744930765784000,1.9832593908309928,-2.840266680788994,-0.8376853343725204,5.786972459602356,-7.824405339169502,-1.2083101332914084,1.1433627605438232,-0.5520820021629333,3.5989389419555664,-0.5295850802714018,0.2144484046873986,0.7180658419734288,-0.3974078155846163,2.092235565185547,-1.8525117635726929,-4.033232688903809,-6.496206186106801,0.2595186589315533,-2.1859558000832795,-0.0769204273819923,0.4490522146224975,-1.9194265317372976,-0.3486925661563873,0.4194669365644454,-0.2185020272798836,4344
1726744930805551600,3.111760439674556,-1.5538526595324278,-1.606878877929598,4.602657461339235,-8.608636731252073,-0.936661476105079,1.0387601852416992,-0.387664645910263,3.4846346378326416,-0.4977878329971048,0.2484923695486648,0.6971427293718919,-0.4521625677644943,1.9111013412475584,-1.8309413194656368,-3.954965114593506,-5.667027398794889,1.7026242941126226,-3.3619036597564813,-0.0873220786452293,0.421721488237381,-2.0242188854679464,-0.2084366381168365,0.6528069058835506,0.2660130807184614,4345
1726744930845319000,4.81927016774118,-0.9515811781436204,-2.2106452740512785,3.385508407227695,-9.177237413707376,-0.6978600995749235,0.3920945525169372,0.1254926472902298,3.3187029361724854,-0.4673781740272044,0.2865543578071172,0.6734000031655464,-0.4959602373904205,1.860013961791992,-1.769407033920288,-3.618064165115357,-5.055778830224275,2.9063854588627813,-4.494890329581499,-0.0679342672228813,0.2750926911830902,-1.695002274801582,-0.0167081169784069,1.0688795968998224,0.4985771154953166,4346
1726744930885086200,6.4209589296817775,-0.4000105409443378,-1.6497463981449605,2.201907548583298,-9.535177576163411,-0.634321620317921,-0.1958541870117187,0.6847703456878662,3.0764944553375244,-0.4402584299942653,0.3320540993391266,0.649677979836517,-0.5232887142985532,1.5476810932159424,-1.7433041334152222,-3.05891227722168,-4.1366888858407735,4.213782062393427,-5.563818368732929,-0.0215410236269235,0.1387663781642913,-1.576702935374528,0.1473993510007858,1.1971418196756392,0.4506566958045587,4347
1726744930924853800,8.059093800488114,0.6348807885706425,-1.0948901634037491,1.1208740610964596,-9.716985511165856,-0.703005134313181,-0.4350278079509735,1.1722064018249512,2.6205029487609863,-0.419484482923751,0.3816496284786596,0.6246493811865458,-0.5368328308033239,0.9847884774208068,-1.472262978553772,-2.2485408782958984,-2.872982370954752,5.6579246394068,-6.26642010987699,0.0135741252452135,0.1093395575881004,-0.7421037304490804,0.2402243018150329,1.1226247772213072,0.2981218362333253,4348
1726744930964643300,9.718160400164129,0.356768196067214,-1.0882979985971004,0.2779310253914445,-9.766879715147612,-0.8373888356439769,-0.3672621548175812,1.0543904304504397,1.887653470039368,-0.40610050293049,0.4254585140434865,0.6013983703835205,-0.5407287308844902,0.4010241031646728,-0.9312130212783812,-1.1742857694625854,-2.561108378624916,5.922365849432349,-6.470013760229945,-0.0152452941983938,0.0024691778235137,1.4539217743583022,0.3129176497459411,1.474894858151674,0.3482669097036123,4349
1726744931004411400,10.326851100945472,0.6071604224741458,-1.0704620437856762,-0.2915551529278047,-9.75884896890521,-0.9221132377274334,-0.076078787446022,0.648197591304779,1.2219045162200928,-0.3974797223571836,0.4544183437761419,0.5835397673883276,-0.5431347656542775,-0.583983838558197,-0.5732723474502563,-0.0276627242565155,-3.1454820920124646,5.894692829608917,-7.238653615427017,-0.0247351452708244,-0.2948813140392303,1.7196502477154134,0.3873243331909179,1.5104313048265874,0.3261587574657053,4350
1726744931044179700,10.68544125174284,1.7455793464809657,-1.3779939883232115,-0.6259036283235997,-9.740417240157722,-0.9502170501835644,-0.0968324393033981,0.4020387232303619,0.5353002548217773,-0.3934959769295438,0.471267950430967,0.571274106101156,-0.5447140377011765,-1.416094422340393,0.3568644523620605,0.7774174809455872,-2.312419156743586,6.282208630639314,-6.773128692042827,-0.0522964894771575,-0.3262219429016113,3.277813463923335,0.3644318282604217,0.8913412289753556,0.2955708913751877,4351
1726744931083947800,11.14051959991455,2.065835382708907,-0.921212343364954,-0.6399993736933917,-9.735510763415691,-0.990258407062292,-0.0147776175290346,0.0971274450421333,-0.4486774802207947,-0.3945866898200971,0.4750709173468862,0.5699094236052932,-0.5420444644460086,-1.7776854038238523,0.9810249209403992,1.652461051940918,-4.84855734476298,5.534996178874373,-6.046899407073855,-0.0357629656791687,-0.379612922668457,2.3419842739239334,0.3649637699127197,0.3440400857888162,0.3807845200140028,4352
1726744931123716400,10.432762960225345,2.1078286043077705,-1.1738242185827343,-0.2559098573172464,-9.750571554425358,-1.0155239273525771,-0.2101132124662399,-0.1033398061990737,-1.5402501821517944,-0.4043275134285626,0.4639882703023908,0.5800794742584039,-0.5336123328652236,-1.8939478397369385,1.4962151050567627,2.426747560501098,-5.495009620922803,5.386935615172982,-5.11720389752388,-0.0212571211159229,-0.451402485370636,0.3796394050994888,0.3244714736938476,-0.4074160314278677,0.3653937663976103,4353
1726744931163484700,9.717976275768876,0.5865642091691494,-0.9788299812056124,0.5723025691805407,-9.716404496407508,-1.197649842263013,-0.7180798053741455,-0.2819219827651977,-2.779491424560547,-0.4204265541904326,0.4404687155455052,0.6058468948215623,-0.512033666756139,-1.7697163820266724,1.879044771194458,2.976029872894287,-5.619146288201213,4.678323235437274,-3.429292896157503,0.090710662305355,-0.2399625331163406,0.4445009861864149,0.2388024777173996,-0.4846563248336314,0.2824121345945634,4354
1726744931203252700,8.10190067655742,-2.486290161266923,-0.0532711330689489,1.8258067294061184,-9.509559150782229,-1.550844856018573,-0.981720805168152,-0.4577820301055908,-3.774667739868164,-0.441167910651819,0.4029597745645652,0.645518786012002,-0.4757098543129655,-1.6855906248092651,1.7769856452941897,3.7480316162109375,-6.9148185516685245,3.4124072278082367,-2.190694811303913,0.2226319015026092,-0.0841337591409683,0.4632422923397272,-0.0248788837343454,-0.2525125430291518,0.0677158882392337,4355
1726744931243021000,5.7625242470443245,-4.649927746558189,1.2821920196473595,3.283817088252306,-9.029193801140783,-1.9648383296079928,-0.8511276245117188,-0.6314858794212341,-4.24130916595459,-0.4629632897176863,0.3527128228435449,0.6897626670516463,-0.4306810053131185,-1.5117114782333374,1.5507725477218628,4.209979057312012,-6.451034334471822,1.2705693863928318,-0.9722820208668708,0.3181366622447967,-0.112015925347805,-0.338374607373029,-0.3058177530765533,-0.134300069034798,-0.1593728523651137,4356
1726744931282789000,3.2758871720358727,-5.000326992115378,2.222137412793934,4.732716504403949,-8.279859534916282,-2.283787521021068,-0.3685184717178345,-0.6168068647384644,-4.420940399169922,-0.4851479676642251,0.2917869405311982,0.7289040655426556,-0.3849553308172656,-1.908153414726257,1.0521422624588013,4.0688347816467285,-5.301451626893877,-0.3329311011448502,0.4510275384109467,0.3458296954631805,-0.0444610826671123,-1.5554237082414328,-0.4529728293418884,-0.3341988925909623,-0.1122396283961366,4357
1726744931322557400,0.9657178400456904,-5.539307612332701,2.2928104931712148,6.057972005230188,-7.312916536989808,-2.447984103748202,0.0766280144453048,-0.4856056869029999,-4.376895904541016,-0.5081535948472594,0.2234408774696737,0.7582127841459684,-0.3420051590054585,-2.278502941131592,0.7740107774734497,4.140244007110596,-4.196549772563577,-2.1110633484452963,0.9571773907154798,0.3013167679309845,-0.0975748598575592,-1.6666138001851736,-0.4921357333660126,-0.1443342092551756,0.0927466910247691,4358
1726744931362325800,-1.386348559692502,-5.72025337754786,2.0952494009807703,7.15278267365694,-6.224268482846021,-2.5033102696508167,0.399850457906723,-0.4981476664543152,-4.015506744384766,-0.5290843165619405,0.1531458579507185,0.7772899366881618,-0.3040336672508566,-2.0727076530456543,0.4880309402942657,3.914383411407471,-3.682401395785808,-4.652162666003406,1.10042850830853,0.2568480670452118,-0.1128764450550079,-1.9743195669196545,-0.4091510772705078,-0.2254428959263488,0.4040907594626769,4359
1726744931402093800,-3.193753955489397,-5.638381150025129,1.9279878777250647,7.939661365377902,-5.144056248614191,-2.582802324038744,0.4830155670642853,-0.7235574126243591,-3.4256086349487305,-0.5422034460152764,0.0864503762948815,0.7900712643913784,-0.2726338830554075,-1.3440362215042114,0.3448179364204407,3.421596050262451,-2.9097032051086424,-6.431459280908108,2.0263526826262472,0.2202582210302353,-0.0917048901319503,-1.953908500923216,-0.3165982067584991,-0.2314080331421457,0.5361220889810473,4360
1726744931441862100,-4.363605544114113,-5.506968938785791,2.199500341311097,8.420728141286968,-4.189696545667946,-2.776352719283104,0.4291890859603882,-0.9517017006874084,-2.72004508972168,-0.5451168229345545,0.0283231416668909,0.8004701110194231,-0.2475740750122643,-1.0853732824325562,0.2886326014995575,2.6725847721099854,-1.458604233086109,-7.24243371848762,2.0925930412530898,0.1858475655317306,-0.0852545574307441,-1.1963218815948813,-0.2131804823875427,-0.0093272523263469,0.7270415511999279,4361
1726744931485691600,-4.3591397968769074,-6.384834892377257,2.326011628766358,8.677380597132444,-3.4019130140617486,-3.0496590805485844,0.2472769021987915,-0.9106686115264891,-2.154766798019409,-0.5412609425670757,-0.0190602244046309,0.8093985754394992,-0.2270399982132319,-0.1557949483394622,0.2481331378221511,1.7169750928878784,-0.6242822376668453,-9.308481867164373,2.737799993526936,0.1556494683027267,0.0626193284988403,-0.0343167960863094,-0.0443314388394355,0.0551827160110464,0.8170625253215432,4362
1726744931525124900,-4.973468211284279,-7.470469151657819,2.464181789833307,8.82932998496592,-2.742896147622168,-3.2695322500512,-0.1878372728824615,-0.2611749470233917,-1.6729975938796997,-0.5389367376268587,-0.0534472383472824,0.8147656976052972,-0.2069962782693633,0.311647355556488,0.1747717261314392,1.119644284248352,-0.7830717006534338,-10.329064100819826,2.9687784944117066,0.0187063496559858,0.0771226435899734,1.152627043709904,0.1028513014316558,0.2362880785349756,0.6931552098196,4363
1726744931564893000,-8.189021910649538,-6.569107756188512,3.0985274486139414,9.01083104597628,-2.2192582040958104,-3.1702041530758143,-0.6674359440803528,1.1020922660827637,-0.8311961889266968,-0.5511564435284687,-0.0682200106275474,0.8105439249908831,-0.1859869268692363,-0.0073884348385035,-0.1486541032791137,0.1516985148191452,-0.5566238289356231,-9.915738151228428,2.98195946302414,-0.0623449198901653,0.1881718635559082,0.6135175364159047,0.2358669191598892,0.1280947207218035,0.3492641405800357,4364
1726744931604661200,-9.272002440550922,-7.653948234742879,2.457419456091523,9.215437672764065,-2.068755069547892,-2.6393779054805635,-0.7593743801116943,2.018929004669189,0.516534149646759,-0.5788721837294577,-0.0568599323365909,0.7945676603499016,-0.1741724416152219,-0.2795208692550659,-0.1046035066246986,-1.0245720148086548,0.4155225828528404,-9.58642903997302,3.1248610365271565,-0.1657138466835022,0.0608636140823364,1.7623808436781168,0.1153528541326522,0.6701853261858225,-0.3283096884218975,4365
1726744931644429600,-8.454988138285279,-7.625307246670126,1.3352210145235062,9.293408216673136,-2.4412632710605857,-1.960406630770862,-0.5655773282051086,1.7890444993972778,1.7817355394363403,-0.6065809621027216,-0.0235016581258908,0.7742096586516782,-0.1791833096028728,0.0527675822377204,-0.4471691250801086,-2.087949275970459,-1.2857470817804335,-9.060856182861327,2.7067659728378057,-0.1118765920400619,0.1642274707555771,0.9769760969672352,0.0318371914327144,1.082280272677541,-0.1785479650921188,4366
1726744931684197600,-5.839321655520797,-7.962339061132073,0.5991897358559072,9.135091047373413,-3.2405797118112445,-1.4896832619607447,-0.1935751587152481,1.0254395008087158,2.6474530696868896,-0.6194007116408047,0.0205977138133932,0.7586359071529779,-0.2009730116945103,0.4477114379405975,-0.4733521044254303,-3.0957491397857666,-2.009490395152569,-7.443703309807181,1.890209935733676,-0.1091561615467071,0.0362147279083728,0.5995619301691651,0.1144993230700492,1.222351006668806,0.0570093697492033,4367
1726744931723966000,-3.467629933336377,-7.671726468017697,-0.1132172138571739,8.73322757203877,-4.296139443084598,-1.2017980479836463,-0.0065199555829167,0.6868588328361511,3.243088722229004,-0.6190481344885685,0.0699623255346441,0.7459087881889997,-0.2355946216627088,1.3261175155639648,-0.686835527420044,-3.756791830062866,-4.399176623710989,-5.891344688224792,1.1875988422393795,-0.0690872371196746,0.1699978560209274,0.39796307036262,0.0770681425929069,0.8321550266437232,-0.4170962619103491,4368
1726744931763734000,-1.2899287513792514,-6.585473784577846,-1.0336791772462428,8.084375541260838,-5.455116586473584,-1.0271304862551391,0.2722590267658233,0.1686911135911941,3.563761949539185,-0.6081762606322835,0.1211240226606294,0.7332789713980401,-0.2788417499584087,2.312305688858032,-0.9562112092971802,-4.126184940338135,-7.245194999894499,-4.302331283462047,-0.068995794814825,-0.1043380051851272,0.3492742478847503,0.0258985552135272,-0.1957474201917648,0.5417450434293598,-0.8631193430975079,4369
1726744931803502300,0.300334945705533,-4.936813428103924,-1.6287864660941065,7.206982465878129,-6.580791764241456,-0.9606911709900944,0.2832697033882141,-0.1759475171566009,3.674647092819214,-0.5866042158287098,0.1699992554695764,0.7211670214888364,-0.3269765759215428,2.618885040283203,-1.2692062854766846,-4.372463226318359,-7.946781426516175,-1.501978679910302,-1.463328338998556,-0.1797056198120117,0.4308891892433166,-1.025115858497098,-0.346717894077301,0.4927803023174404,-0.4652823833325877,4370
1726744931843269600,1.5526742634028194,-3.204091809630394,-1.3393641056776049,6.159049283960461,-7.572958050751685,-0.94171137990579,0.1258534491062164,-0.0191528834402561,3.693232774734497,-0.5596414758485209,0.2192498267180247,0.7070667802971562,-0.3725420439156536,2.6159942150115967,-1.461156725883484,-4.433911323547363,-7.463951148065925,0.4333008161276578,-2.325323354241252,-0.2142882645130157,0.4115027189254761,-1.6385890443146227,-0.2638776898384094,0.5583563518166542,0.1403064698427449,4371
1726744931883037700,3.1250369776159523,-1.9377175368398427,-1.2352969974815844,4.998189395564794,-8.389521102118492,-0.8968893646217883,-0.0393933914601802,0.290448397397995,3.5930609703063965,-0.5331873525272931,0.2707689246586013,0.687322936605749,-0.412289405365968,2.56541395187378,-1.5046669244766235,-4.186361789703369,-6.271202667978406,2.2089994065403937,-3.5071403982087967,-0.2111577689647674,0.3383036255836487,-1.9593129903152584,-0.0922821909189224,0.7433389713324606,0.4656850093167275,4372
1726744931922806300,4.560013666877151,-1.191001928681135,-1.3249813600599765,3.805627085699141,-8.993184914648532,-0.9001295155867933,-0.263895034790039,0.2211714386940002,3.3239970207214355,-0.5066299723754467,0.321702339357739,0.6651326469775322,-0.4443335804069623,2.5660860538482666,-1.5327295064926147,-3.588907241821289,-4.993806650435924,3.918055487266183,-4.707172897824645,-0.1408696323633194,0.1401160508394241,-1.6532127590812742,0.076257050037384,1.2330965648278591,0.6259618613168597,4373
1726744931962574600,6.2151300676226615,-0.9420411963820456,-1.0807809740304946,2.639675427122414,-9.392530269682409,-0.9914009281609208,-0.2942544519901275,-0.0734447911381721,3.021335363388061,-0.4769775699103966,0.3671419245488444,0.6447900339786733,-0.471110427743915,2.209391117095948,-1.5602971315383911,-2.707209825515747,-3.702807054954767,4.741121929177641,-5.721684871655702,-0.0414539724588394,-0.0079851066693663,-1.2995217785023152,0.2144777625799179,1.328974082957953,0.613126345141232,4374
1726744932002371000,7.535384983682632,-0.5090250424146652,-0.6354898603796959,1.5345988007470963,-9.624732759404182,-1.0862400431539865,-0.134146362543106,-0.1778675615787506,2.7883565425872803,-0.4453948012064658,0.4042581966734831,0.6260656036195552,-0.4962264263936196,1.3821618556976318,-1.3926396369934082,-1.6405339241027832,-2.3540473444223404,6.178471777310967,-6.547856878367066,0.0312591791152954,-0.0195089671760797,-0.4947399119526147,0.2615224719047546,1.365798231355846,0.2562799510049633,4375
1726744932042140400,9.504753796327114,-0.1207335808366537,-0.7248889762759209,0.513034460719116,-9.72796458581984,-1.1286728252138942,-0.0658076032996177,-0.0991770848631858,2.410381555557251,-0.4162624982536277,0.4359554101792189,0.6062088579105784,-0.5188249307174587,0.1315217763185501,-0.773440957069397,-0.5572407245635986,-1.8000082712829113,6.041793023845553,-7.081231349140405,0.0794563516974449,-0.0171168446540832,1.1702595118384809,0.2442124783992767,1.5166117470271885,0.1960294073774479,4376
1726744932081909800,10.996340261560675,0.9346715443968772,-0.538545589800924,-0.2926127904882654,-9.735755678087472,-1.1400889761108906,0.0169050358235836,0.0662011951208114,1.6838339567184448,-0.3937152995027102,0.460371547971332,0.588376068453987,-0.5355929607973503,-0.9532734751701356,-0.3914433717727661,0.3643755614757538,-2.937292930562794,5.588086548548937,-7.372080673620104,0.0893104672431945,-0.2185601592063903,1.2292271760486069,0.1715285032987594,1.473788212084025,-0.0352246133799198,4377
1726744932121679000,11.211134520363808,2.3502818544089794,-0.4552000748552381,-0.7593963721640408,-9.708861825942993,-1.154003227433935,-0.1131447553634643,0.6298207640647888,0.7538526058197021,-0.3842988880451027,0.4787547071497559,0.5741356285802023,-0.5417348766113961,-1.5295192003250122,0.3026907742023468,0.9170771241188048,-2.5372800515308973,5.717503786578774,-6.669732030454278,0.147111639380455,-0.027827912941575,2.634801975867152,0.1069364100694656,0.7962237354323267,0.1301859756463207,4378
1726744932161448400,10.787646073198315,2.34019066850543,0.3768003457486629,-0.8174418069627135,-9.69487889329791,-1.2294349735803902,-0.0205937847495079,0.977250337600708,-0.207487478852272,-0.3893328816654005,0.491009301402471,0.567092234951218,-0.5345430036171253,-1.67692232131958,0.8965601921081543,1.5612568855285645,-4.20959805470705,5.370187309467792,-5.765605261924862,0.1191216632723808,-0.0223204419016838,0.2574013927829451,0.0954353585839271,0.1664372560597024,0.1545872437900863,4379
1726744932201217500,10.30747536934614,1.6667004555553198,-0.2937688651882111,-0.5136941667368635,-9.714210201233625,-1.2412129435271024,0.0302154198288917,0.5681986808776855,-1.171741008758545,-0.4063394681759927,0.4920919466225562,0.5666831260286426,-0.5211563318859889,-1.7877540588378906,1.68741774559021,2.35244369506836,-4.652311426824331,4.932961428850889,-4.891790045028925,0.0301867928355932,-0.1852863281965255,1.129733951639384,0.3074696063995361,-0.0171705017561907,0.7199754852712154,4380
1726744932240987100,9.424364500838518,0.6478291174709796,-0.2090029620505869,0.1527416433228645,-9.72619406901598,-1.2442783224470912,-0.0607447549700737,-0.2092480063438415,-2.22775936126709,-0.4257568548831879,0.4746136015333277,0.5815345782641336,-0.5052629673662078,-1.487678289413452,1.9886609315872192,3.264487028121948,-6.524668895003199,3.262638691145181,-3.397219887809455,0.0566342435777187,0.1195259466767311,0.6562327156137675,0.3903958201408386,-0.4749864330820739,0.3869622588008642,4381
1726744932280756200,8.403162673979997,-1.6615800438016652,-0.0884684109173715,1.1895053334478287,-9.640697805777192,-1.3462569339312611,-0.4102658033370971,-0.967361867427826,-3.2678661346435547,-0.443837196024202,0.4376914256756182,0.6140571751639504,-0.484116229558502,-0.7098016738891602,2.2349774837493896,3.8778505325317374,-5.961148876813054,1.4248948557078838,-1.3904744074508546,0.0905914679169654,0.1337733119726181,0.8904897267125547,0.1195479482412338,-0.3012662717388942,-0.2061520295988768,4382
1726744932320525600,6.342629489332437,-3.4358699364602563,1.2050840839169918,2.500953769652545,-9.338843103158473,-1.6436720466673371,-0.6623831391334534,-1.1215907335281372,-3.90402889251709,-0.4589006707678895,0.3860811575112424,0.6593521781016578,-0.4534383629359334,-0.2147360295057296,2.197928667068481,3.943336248397827,-5.221774863588809,0.3269482273429632,-0.3303042597725987,0.0682410299777984,-0.0039945226162672,-0.4607217608861625,-0.2343266159296035,-0.1854973458386026,-0.4261880249803885,4383
1726744932360295000,3.902896788839996,-3.756050569364428,2.5584479272440075,3.90519249856174,-8.776696126887202,-1.972167065060884,-0.5070697665214539,-0.4973634481430053,-4.178232192993164,-0.4780724132035133,0.3295068253151245,0.7014112824051798,-0.413393481223743,-0.381952166557312,2.0117905139923096,3.730024337768554,-4.133131485620141,-0.4313765700668096,-0.2365412495784461,-0.0200766827911138,-0.0700419098138809,-1.4674534561045467,-0.3176894187927246,-0.2102233341583982,0.0367522430723067,4384
1726744932400064300,2.1524860766798257,-5.005756615948677,2.672605929082632,5.334032292503118,-7.955253486785292,-2.105328896446526,-0.0158125199377536,0.0129561424255371,-4.4440765380859375,-0.5070907417862706,0.2688419373491852,0.731481998263395,-0.3681263485805823,-1.3941893577575684,1.7103354930877686,3.315801858901977,-3.443028576043248,-1.3967876822508871,0.2627356482166796,-0.102014772593975,-0.2760794162750244,-1.5641180329591036,-0.257407397031784,0.0717273067045258,0.3652167658628896,4385
1726744932439833600,-0.1886789898157119,-6.219547299543023,2.008683462683857,6.658860507827997,-6.915791780614852,-2.000454125129431,0.6093589663505554,0.0290083456784486,-4.37044620513916,-0.5400372339895004,0.2002365589647179,0.7495999560296012,-0.3261366908479614,-1.2143943309783936,1.387802243232727,3.0477311611175537,-3.7146997373223294,-3.790492352670431,1.424842248737812,-0.1088145449757576,-0.3830058574676513,-2.0015712925910947,-0.2078150808811187,-0.0458039572597481,0.4233662090253084,4386
1726744932479602700,-2.514524322104454,-6.217704886546731,1.1008758136846124,7.708893876895308,-5.773054993408918,-1.848016953779012,0.7894531488418579,-0.3066945672035217,-3.9359593391418457,-0.5663807005938583,0.1284600902213471,0.7600793674467008,-0.2915308336625106,-1.3854215145111084,1.1589306592941284,2.741077423095703,-2.794959804597497,-5.015042330688238,2.770934201365709,-0.0275078564882278,-0.2649589478969574,-1.5630752459079027,-0.173369750380516,-0.0068858756397734,0.4712581332739442,4387
1726744932519372300,-4.132507800763845,-6.736160020607709,0.7777135346211492,8.41962456395924,-4.669217553439736,-1.8651295627519489,0.6364386677742004,-0.7269959449768066,-3.2078537940979004,-0.5796784070249377,0.0625761155917894,0.7688818974017549,-0.2624457889659662,-1.4060369729995728,0.9438778162002563,2.30431604385376,-1.791420475679636,-6.138363054284453,3.690038758796453,0.0243191681802272,-0.1929937154054641,-1.0094086593426763,-0.1403262466192245,0.0834973536396864,0.5258993856523185,4388
1726744932559141400,-4.720830836299061,-7.339670688402652,0.9248127059444784,8.840654512056707,-3.704931792023778,-2.070438492590189,0.2525187134742737,-0.7943825125694275,-2.644496440887451,-0.581831786998126,0.0084367844463034,0.7781335412877869,-0.236450617772097,-0.8465624451637268,0.6494279503822327,1.8508167266845703,-1.2256249137729405,-7.793467764592171,4.413577489507198,0.0261561647057533,-0.0327413976192474,0.4086508339198306,-0.0833148583769798,0.1356542601227294,0.5125650531090795,4389
1726744932598910700,-6.814191939315199,-7.519116570448875,1.673177542614937,9.11277517066896,-2.860346176743507,-2.2239940004460514,-0.1261208355426788,0.0666170343756675,-2.065981864929199,-0.5853882195112542,-0.0310638646153871,0.7825772618537484,-0.2095914235206604,0.1205508857965469,0.3487844467163086,1.2699023485183716,-1.124417871183157,-9.204106715932488,5.305488919585943,-0.0271242950111627,-0.0017435094341635,1.1529387400075792,0.0943651869893074,0.2187908176260068,0.6853700358361006,4390
1726744932638680000,-10.379922181397676,-7.078969249427318,1.5514622572645544,9.331262438771128,-2.274877507726103,-1.980623489369452,-0.3521730601787567,1.3136829137802124,-0.808226466178894,-0.602986361913268,-0.0491356492845539,0.7736726560133163,-0.1882121551477699,0.3030810356140136,-0.2310514003038406,0.2825019359588623,-0.4319061468988657,-9.42601986683011,5.231650945436954,-0.0309307742863893,0.350757360458374,0.8212650915779173,0.1384300887584686,0.0209359438204905,-0.0141779391939518,4391
1726744932678449400,-10.16213633956313,-7.944550306463241,0.4546890565931796,9.42277752390802,-2.2984432383611795,-1.448731073847413,-0.3168591856956482,1.5032589435577393,0.9525667428970336,-0.6258239368429048,-0.0372423226832634,0.7566225876953234,-0.185687198901908,0.2251601219177246,-0.4446740746498108,-1.013482928276062,-0.055778585845232,-8.761460563832522,5.438743543821573,-0.135816216468811,0.1210476756095886,1.4077788857340812,0.0634511411190033,0.4791675546916201,-0.1723664451792836,4392
1726744932718218800,-7.363956403875351,-8.306993625557421,-0.4131671788331121,9.334386123749614,-2.823051634354889,-1.034428242047876,-0.0722119733691215,0.7247310876846313,1.801731824874878,-0.6377651297449406,-0.0089379629279793,0.7434119146428799,-0.2012826191340667,0.2344518899917602,-0.9567896127700806,-2.122386693954468,-1.83665896281004,-7.579568993324041,4.376765469938516,-0.1368633061647415,-0.0984409973025322,1.555238122541457,0.1247447729110717,1.4166523664109407,0.0826781736107543,4393
1726744932757988000,-5.939741347125172,-8.109560835921764,-0.8159003496743739,9.07569777816236,-3.595691080582142,-0.9344103361774236,0.1508118063211441,-0.1975947171449661,2.3983912467956543,-0.6324982481989544,0.0223891577252589,0.7396893902219912,-0.2287015663170544,0.3296918570995331,-1.456755518913269,-2.956169366836548,-3.472974801495671,-6.243409236645698,2.614934661358595,-0.0126002700999379,-0.1713618785142898,0.6101910223416984,0.1807833313941955,1.1946177080255,-0.0216033605039468,4394
1726744932797757400,-4.314111153104901,-7.5934689238607875,-0.2462510349489748,8.60497060995996,-4.591522027079761,-1.02117946889624,0.393316775560379,-0.299787312746048,3.17807936668396,-0.6135449497635,0.0587593884684665,0.7406841416376156,-0.2673892153386869,1.047194480895996,-1.5910440683364868,-3.5091683864593506,-4.295049309760332,-4.823103462293743,1.3306886317908764,0.0111980214715003,0.0210118368268013,0.4562432272326201,-0.0390816554427146,0.6796845375455915,-0.7789289748255163,4395
1726744932837526500,-1.3798779023736714,-6.681911128547787,-1.1568880621552466,7.896745183715224,-5.736363969871402,-0.95180563454926,0.4231884479522705,0.1038935706019401,3.532484292984009,-0.5933075481626628,0.1031118405092185,0.7334142968567461,-0.315369019503577,1.9657400846481323,-1.7613232135772705,-3.6822898387908936,-6.8092848780512805,-3.421551488250494,0.105189974746108,-0.1145330965518951,0.15972900390625,-0.1012317386396229,-0.2869104444980621,0.4664915764592587,-0.7697599452681839,4396
1726744932877295000,-0.137685884681344,-4.759038694140314,-1.623752709710598,7.007398635688424,-6.808696264508367,-0.8416767420962452,0.0393787398934364,0.2451830506324768,3.6108086109161377,-0.5723046033873871,0.1533114087433781,0.7207004800384225,-0.3599360372529512,2.2425954341888428,-1.9223098754882808,-3.6660780906677246,-6.834271435269713,-1.3511514279745518,-1.0160101034343243,-0.2323997467756271,0.1856225579977035,-1.0644397147562354,-0.3710851669311523,0.4866167381864041,-0.3587577989818528,4397
1726744932917064200,1.0476730696767569,-3.238895996508002,-1.2866437383592129,5.949679972815513,-7.7539307039737695,-0.8051406168594956,-0.2936910092830658,0.3590695559978485,3.71367073059082,-0.5483299214512132,0.2093693307724348,0.7051349021439152,-0.397848653346377,2.252789258956909,-1.9695426225662231,-3.580073356628418,-6.065718089312314,0.1571548475220799,-2.4271852074779567,-0.2606218457221985,0.1478417813777923,-1.6196880906201898,-0.3098795413970947,0.6572503682237119,0.1779741655258461,4398
1726744932956833500,2.8910268539503217,-2.836520479997992,-1.392336986452341,4.765929330436885,-8.524414725732802,-0.8891879233989864,-0.6403971314430237,0.1983462274074554,3.615886926651001,-0.5200541105241818,0.2677496135179432,0.6882195228469263,-0.4291943237568874,2.191063404083252,-2.0097930431365967,-3.3815600872039795,-5.300740263754129,1.473440275429189,-4.065151297588646,-0.169902354478836,0.1175821051001548,-1.9426298588007689,-0.1643813401460647,0.8605760152902454,0.4149147166201845,4399
1726744932996603000,4.328966192409396,-2.9929882220387456,-0.7057703612428158,3.4990254808142778,-9.086955669757725,-1.1638022254578768,-0.8472546339035034,-0.201612502336502,3.6262576580047607,-0.4836950206808549,0.3244882362919437,0.6738284537219543,-0.4546445815829549,2.005838632583618,-2.0905919075012207,-3.0474517345428467,-4.529650092795491,2.540895319418609,-5.294277789741754,-0.0953782871365547,0.1306695342063903,-1.8877135888732968,-0.0555624030530452,1.0452170548267663,0.2848680581130087,4400
1726744933036354300,6.446475648254156,-2.2081249617934224,0.4121054678857326,2.0993279024660585,-9.467947621977329,-1.4564261583946645,-0.4923419654369354,-0.3104864954948425,3.8265416622161865,-0.4396089741404189,0.3772310798262184,0.6572319056684118,-0.4821689462213903,1.2638599872589111,-2.128381490707397,-2.595554113388061,-3.485575339871645,3.997649248462915,-6.408644222509861,-0.0943675860762596,0.0373813100159168,-1.5046484836414455,0.0372752249240875,1.2210040490392595,0.2349800646763294,4401
1726744933076123000,9.455980705329775,-0.503846178472042,0.4218986937560141,0.6702955085620284,-9.653853055426476,-1.588772289483249,-0.1754493117332458,0.1492494642734527,3.5023086071014404,-0.3989292791766672,0.4270589603709946,0.6313679511537438,-0.5097553816223678,0.2474414557218551,-1.7975939512252808,-1.869113564491272,-2.4258289705634115,5.5465679587244985,-7.165312484884262,-0.0878022164106369,0.0813246816396713,-0.3511707779189572,0.1418448835611343,1.2573911942593752,0.2229355527479201,4402
1726744933115891500,12.241735459208488,0.3159779205173254,-0.0072843117892742,-0.4758807881059125,-9.663689389786123,-1.59907478004992,0.173151358962059,0.0987543836236,2.4175620079040527,-0.3697752113268789,0.46615282528207,0.6035160897201258,-0.5307882839586909,-0.7660583257675171,-1.1508201360702517,-0.8069549202919006,-2.562484635414183,5.505528676849603,-7.464263282755017,-0.0420659258961677,-0.0743138939142227,1.1506718179889022,0.2525309920310974,1.6466062004230917,0.3271885754374787,4403
1726744933155660000,12.186426828962563,1.5952268724501133,-0.3228032364927232,-1.1843219394605606,-9.6294188713938,-1.429003898461908,0.6580820083618164,-0.2978739738464355,1.3254446983337402,-0.3530046927611719,0.4835055460068806,0.5823068836937331,-0.5500261134886125,-1.6683077812194824,-0.6523868441581726,0.2605117857456207,-3.0206857917815446,5.2969397024273865,-7.945307846832275,0.0504078716039657,-0.09531881660223,0.5800657870605588,0.2827660143375397,1.198955079642683,0.038126899276243,4404
1726744933195428900,12.851767053204776,1.5258850406765936,-1.7398258975207803,-1.5631059333071111,-9.614247021225092,-1.137256602229178,0.576490044593811,-0.8087799549102783,0.4986552894115448,-0.3431283522769832,0.4831986060851222,0.569651699383346,-0.569455025282951,-2.3316869735717773,0.534959614276886,0.8079763650894165,-2.1833628609806297,6.0889960890471935,-7.191752163520455,0.0439658239483833,-0.1295655369758606,2.118277809868753,0.3085789382457733,0.8344850039612501,0.023516327118955,4405
1726744933235197200,13.77911570736766,2.508994745028019,-1.85321963698864,-1.624351990777999,-9.628153381502628,-0.9113353847339748,0.2739979922771454,-0.6006283164024353,-0.4373804330825805,-0.3380021840937655,0.472214673544471,0.5687516824719285,-0.5824855346161689,-2.3286492824554443,1.0804100036621094,1.3775954246520996,-4.342367818035185,5.874585276603699,-6.502773289537429,-0.0529451295733451,-0.065969631075859,1.3228845339111983,0.3811813294887543,-0.086155932723917,0.2465925235967151,4406
1726744933274966000,14.289123915600776,2.844764576730132,-1.8539609568752349,-1.1145808792363852,-9.697269587826728,-0.9439631043553351,-0.5515662431716919,-0.0540879406034946,-2.449892520904541,-0.3486375026198863,0.4537475884969363,0.5850144028798978,-0.5747375337164209,-1.311634540557861,2.038022518157959,2.365151643753052,-4.665263847377896,4.24031468001008,-4.47920351562798,-0.0866710841655731,0.2610192894935608,0.4260152622293681,0.551517128944397,-0.8153044296078383,0.4828934068143367,4407
1726744933314734600,11.764923418134453,-1.1578501851856708,-0.7771966711401939,0.249030947991088,-9.722299984186888,-1.259071548561752,-0.918233036994934,0.3021636009216308,-4.388838291168213,-0.3821065300222926,0.4189365436190033,0.623447636532833,-0.538330618202712,0.2720408141613006,2.460763692855835,3.145024061203003,-6.439895100820064,3.2521243113934992,-1.9924667796373363,0.0029320111498236,0.2464564442634582,0.8396174714788794,0.3351013660430908,-0.4384712045028806,-0.0176262301840353,4408
1726744933354503400,8.294252217406035,-5.554090755444765,-0.1455282687447965,2.123218042749911,-9.448425175383688,-1.5458252742908891,-0.5537881255149841,-0.0317173190414905,-5.147089958190918,-0.4286131123242658,0.3649809948189622,0.6675357871823963,-0.4873146795271534,-0.1669149845838546,2.363058090209961,3.416898727416992,-6.025034781268238,3.673374624243378,-3.0790625774264333,0.1611014008522033,0.0359915234148502,0.6309473215792327,-0.0537667758762836,-0.0529490569411544,-0.2798461382977664,4409
1726744933394271700,5.799578258675337,-7.031198028948903,0.1157480475090444,4.023981959593296,-8.772479385975002,-1.7382691695980728,-0.1194761618971824,-1.1509562730789185,-5.508039474487305,-0.4675645274869998,0.2894024417810041,0.7105443594444939,-0.4390403526834479,-1.82344937324524,1.9860843420028689,3.476778268814087,-5.884930145007371,1.95585963499099,-2.3785125081151723,0.3010505735874176,-0.0226735342293977,-1.1139064871061592,-0.3309076726436615,-0.1923623179709538,-0.2484143504627048,4410
1726744933434040600,2.9868361291497942,-7.798509265890717,0.7583614761583507,5.759630279168486,-7.652320341280102,-2.106895122849941,-0.164400041103363,-1.984421133995056,-5.739649295806885,-0.4896353466546621,0.1941838247408195,0.7547942768778874,-0.3909416007965871,-1.9910080432891848,1.5746304988861084,3.5359463691711426,-4.660107195267081,-0.2204778573974966,1.0313533646471795,0.3370262086391449,0.0072218463756144,-1.6094325079351663,-0.2986701726913452,-0.2733002055193297,0.2906422941328958,4411
1726744933473809200,-0.0667325260579586,-8.954467938241361,1.948966660606861,7.110473810237646,-6.209507551565766,-2.655854993028939,-0.2445414811372757,-1.6245934963226318,-5.146275520324707,-0.4999322105718446,0.0974232310879801,0.7911508278748303,-0.3386102281827586,-1.7951900959014893,1.3044729232788086,3.412248611450196,-3.903039704442024,-2.096112155289948,2.538952076396346,0.2991935312747955,-0.0586971417069435,-1.6267906161017716,-0.2315300554037094,-0.2484141677996143,0.234015749688819,4412
1726744933513578000,-3.184800833705068,-7.660254641410708,2.728576238107681,7.979639155501126,-4.815182021644711,-3.051194619552791,-0.1223146393895149,-0.7543855905532837,-3.9309194087982178,-0.5094034638733621,0.0188350545041957,0.809452207696257,-0.2914456433600521,-0.944795548915863,1.043174147605896,3.2579221725463867,-3.4643794071078298,-4.355975487627089,2.709772168916464,0.2431842237710952,-0.1032222956418991,-1.6566123383916913,-0.2704431414604187,-0.3252084710035473,0.1462415863796137,4413
1726744933553346300,-4.13643403429687,-7.095705280172824,2.278079372507334,8.500465110346674,-3.682541681039333,-3.2173546113073823,-0.3245521783828735,-0.1213929578661918,-2.852537155151367,-0.5212315727756042,-0.0357669212840469,0.8141008281630604,-0.2535315189345263,-0.042266521602869,1.06696355342865,2.9665768146514893,-2.111367299827933,-5.608194101554155,3.386221816194057,0.1754039824008941,-0.1307026594877243,-1.5271284648664294,-0.2765274345874786,-0.2539158339558169,0.2739319092852995,4414
1726744933593115100,-4.672009814506769,-7.197453590032458,2.36758837851882,8.826548245292901,-2.7696079211980105,-3.2544916250467297,-0.5867415070533752,0.2195002138614654,-2.142385005950928,-0.5343629404629184,-0.0708680057962442,0.8129640918303772,-0.2202802543344602,0.7207251191139221,1.029802918434143,2.4854393005371094,-1.397546245533228,-6.574158025315404,4.367079942226409,0.1117565855383873,-0.1169345080852508,-1.0277186614066365,-0.1362641751766204,-0.2790302918702363,0.5859837058674544,4415
1726744933632883700,-5.902533021715283,-8.393002514493466,2.664116040895879,9.068267335900664,-1.9939425512783229,-3.156124774318933,-0.886529803276062,0.7597171068191528,-1.6471675634384155,-0.5509524712538412,-0.0918483705226984,0.8077632432540609,-0.1885043218410927,0.7551552653312683,0.8595258593559265,1.9281902313232424,-0.9950456413388252,-7.210821021127701,5.198673389464616,0.0295016355812549,-0.064619243144989,0.7390247613951564,-0.0092073148116469,-0.1664436675341799,0.5214753951976075,4416
1726744933672652500,-8.458006024801731,-8.87358822888732,3.189507111699879,9.282658274599909,-1.4288110062383117,-2.8215476595327256,-0.8391138911247253,1.3687890768051147,-0.7668781280517578,-0.5743353829772307,-0.0979517178950689,0.7964071588834063,-0.1621108308096947,0.8073572516441345,0.2444896101951599,1.274012804031372,-1.5132196203708648,-8.478639647507666,6.462258908319473,-0.0597021989524364,-0.1424445658922195,1.27388274872452,0.1799060851335525,0.0101906516645627,0.6878128989435732,4417
1726744933712420900,-10.33298974983096,-8.133456090772151,3.000622954700887,9.449230646547674,-1.2956582349419592,-2.2811656480848788,-0.3069301247596741,1.5501718521118164,0.4196115434169769,-0.6001791656019575,-0.0890619441637598,0.7799840060576221,-0.1532253371110322,0.0179222486913204,-0.3950545191764831,0.2583199739456177,-0.2475654785484075,-7.985978879916668,5.89332621743083,-0.102403312921524,-0.0576234981417655,2.243880311916024,0.246168166399002,0.2620554108675569,0.3019424722337164,4418
1726744933752189700,-9.404733333173391,-8.64053467529416,1.7287328410983085,9.488082062989474,-1.71468678008914,-1.7906828090548514,0.3997733294963836,0.928541898727417,1.7554312944412231,-0.6164283103451913,-0.0687216808006506,0.7658829857460464,-0.1694602029492192,-0.3340592086315155,-0.9570675492286682,-0.9230090975761414,-0.8413543782740831,-8.00102271979153,5.6657133935868735,-0.1751279085874557,-0.0474109463393688,1.3457064604416489,0.18260258436203,0.6101986576588824,-0.1394843398049008,4419
1726744933791958300,-6.617170068567991,-8.519229432049393,0.2354081538952886,9.328453226569296,-2.597497496606409,-1.5502731936104597,0.7001206278800964,0.1175247579813003,2.6309854984283447,-0.6149384648649118,-0.0403059192264668,0.7598798377886823,-0.2069026739024886,-0.2918521165847778,-1.2667373418807983,-1.9912729263305664,-1.113432951310277,-7.091812948909402,4.323188193529844,-0.256692886352539,0.0058227758854627,0.6399958665620535,0.1724302917718887,0.831506499607116,0.159526124964375,4420
1726744933831727000,-4.495478358602524,-8.457811963534354,-0.639900370298326,8.960362841498851,-3.70577905650288,-1.4660986804947256,0.2134930938482284,0.1311946511268615,3.298020839691162,-0.6020249769664705,-0.0017704972944476,0.7581207634219584,-0.2506302990227811,0.3359242081642151,-1.5778683423995972,-2.797646999359131,-2.9512568662464616,-6.230152864709496,2.95868380137682,-0.1926615834236145,-0.0127439778298139,0.952892479937896,0.06210308521986,0.979817896264419,-0.1141571707215625,4421
1726744933871486500,-2.1449960131853816,-7.772365355330705,-0.5722469300031662,8.334755492708087,-4.97361609532237,-1.4019219763994215,-0.3008089065551758,0.3509972393512726,4.0034894943237305,-0.5855564157309534,0.0562949775074662,0.7538627204764271,-0.2926527139414234,1.3032100200653076,-1.799818515777588,-3.263033151626587,-4.905830845341086,-4.948531338426471,1.4764496863782406,-0.1538082957267761,0.0909279435873031,0.9594133330740034,-0.2634119093418121,0.7600070514082908,-0.3973980568910017,4422
1726744933911255000,1.048461589705944,-6.931782545951008,-0.5793979708015918,7.431052502548694,-6.251439982888102,-1.367237178117782,-0.3278447985649109,0.3960040509700775,4.153863430023193,-0.5645098575625821,0.1239811797696425,0.7445390289613262,-0.3340941635218997,1.996954202651977,-2.1948366165161133,-3.478311777114868,-7.558861136338114,-3.29290085067898,-0.2678747646708041,-0.1248146221041679,0.1062394008040428,0.147869899967499,-0.4022648930549621,0.4916965256687253,-0.0624685713034356,4423
1726744933951023900,3.04490253367126,-4.385701056066155,-1.0641431429624555,6.354284271290898,-7.348580555567145,-1.3385869838252662,-0.6829434633255005,0.8214568495750427,3.926697254180908,-0.5426172186812376,0.1928183556874274,0.7287455141277145,-0.370563882745876,1.93635642528534,-2.360703945159912,-3.667592287063599,-7.270688922113179,-1.092775947728753,-1.7090069808870554,-0.0686310306191444,0.1962961703538894,-1.3089181140094994,-0.4242296516895294,0.357877910874784,0.0386051500631496,4424
1726744933990792400,3.52223246113956,-2.7062773125380275,-0.6024737259626388,5.203286436218023,-8.19377465813458,-1.3993775526136158,-0.978594183921814,0.8724049925804138,3.773020505905152,-0.5216543051184569,0.263546435412176,0.7084431349222859,-0.3956367102490989,1.604265570640564,-2.274139404296875,-3.795401811599731,-6.041472705850005,0.686128160727024,-3.170955848225951,-0.0436528399586677,0.2342947721481323,-1.971293497096747,-0.2910308539867401,0.4041463621074334,0.4028924165235832,4425
1726744934030608600,4.914689859101176,-1.9314549693137408,-0.0840656459137797,4.024211384434998,-8.797858741903305,-1.604295583438128,-1.115955114364624,0.6148608326911926,3.433692455291748,-0.4978993815150666,0.3315830872695209,0.6869126331564088,-0.4126739510847357,1.4397351741790771,-2.2348275184631348,-3.712813854217529,-5.562863259965181,1.814585662689805,-4.367929252532124,-0.0168196223676204,0.2736551165580749,-2.1575708325982093,-0.0429522395133972,0.5280971879575401,0.6116462626513093,4426
1726744934070379000,6.094626203888654,-1.491784618154168,0.7670294973909855,2.862680172649026,-9.181566382822394,-1.9168452830724416,-0.9704341888427734,0.3450839817523956,3.247140645980835,-0.4687274611667206,0.3904411378927314,0.6672987553566367,-0.4272735679231905,1.0972355604171753,-2.036599636077881,-3.407705307006836,-4.290234602954984,3.412267527076602,-5.663495717537403,-0.0171582624316215,0.2164701521396637,-1.8071604811251163,0.1513883769512176,0.7440618057142943,0.5408357465647161,4427
1726744934110149600,7.686283985680341,-0.4146282643616199,1.3650797078229486,1.7148481081306934,-9.39815629287064,-2.2145719459757207,-0.7169976234436035,0.1739901751279831,3.027500629425049,-0.4376700145140602,0.4419080552807569,0.6462422258794601,-0.442191356894317,0.803591251373291,-1.8537336587905884,-2.9574997425079346,-3.431037109476328,4.859157941493391,-6.337354179278016,0.0087537113577127,0.147929161787033,-1.2415421754814684,0.2186924815177917,0.7945989837747067,0.3556490193115547,4428
1726744934149920000,8.986391016724705,0.6407423740804195,1.672996340829134,0.9118371237110346,-9.474598896560073,-2.360281708767265,-0.3416586220264435,0.0648893490433693,2.685066938400269,-0.415874079047859,0.4734753028048703,0.6294140243451251,-0.4546514310183612,0.5949099659919739,-1.3701289892196655,-2.050229549407959,-2.2924422443807124,5.502802466756105,-6.315155791473388,0.0659052953124046,0.2114090770483017,0.2588892201879061,0.1166354790329933,0.8603820270881056,0.0558104422882199,4429
1726744934189690600,10.680824697858094,1.248007425972819,1.2827315333515406,0.0230516847322927,-9.507102989801764,-2.405162760762125,0.0872697383165359,-0.097228892147541,1.968339800834656,-0.3929174398263651,0.5032262552154283,0.6077766928855353,-0.4722145373813517,0.1766013652086258,-0.7772418856620789,-0.8416470289230347,-2.624122176420689,5.328699699303508,-6.778272484672069,0.0963227897882461,-0.0139785083010792,1.5104552702240646,0.0421433635056018,1.1900204433631152,0.1425750358292367,4430
1726744934229461200,11.364120265507696,2.357650337350369,0.8111481867112219,-0.5837787797017022,-9.512571776601671,-2.310966035325825,0.3261771202087402,0.0045690229162573,1.1788184642791748,-0.3792500277341207,0.5193183296411026,0.5900296145142431,-0.4882038003308734,-0.9755111336708068,-0.3281049132347107,0.1073216572403907,-3.420601640179753,6.387495636019111,-7.671078817763924,0.138185441493988,-0.1317321360111236,0.7179441986393184,0.0311414860188961,0.8209519339755177,0.0921218371246941,4431
1726744934269231600,11.936529692596196,2.761913275042176,0.1706266157746314,-0.8316244268983602,-9.506230298620462,-2.26061575813964,-0.114345759153366,0.3989250659942627,0.155526265501976,-0.3763900666543297,0.5284974353042408,0.5796117536869487,-0.4930225445638688,-1.7639714479446411,0.5520870089530945,0.6924034357070923,-2.6414623105391857,6.738994951772689,-7.136307924196124,0.146353468298912,-0.2435665130615234,2.2200934858761725,-0.0237164553254842,0.6659989073466509,0.0057213322222931,4432
1726744934309002200,11.895166585594415,1.5300029973894356,0.8975218173064291,-0.6120428242208436,-9.492219308924676,-2.3861166995085776,-0.3650957942008972,0.8119244575500488,-1.008711814880371,-0.3847703687755702,0.5317728000852611,0.5821303815289615,-0.4798891942626414,-1.5030527114868164,1.4991860389709473,1.532024621963501,-4.343724785602093,6.182599086374044,-5.205170934790373,0.1830151230096817,-0.2609423398971557,1.87927294665575,-0.0602305941283702,0.3764130634641274,0.1481342956578824,4433
1726744934348772600,10.226337885838747,0.8176683822602033,1.428975403019786,0.0534660848188912,-9.474804063743353,-2.5289623050406576,-0.2854390442371368,0.7782052159309387,-2.051921367645264,-0.4051654008126809,0.5241419519149291,0.595160829207507,-0.4548625869954339,-1.0689077377319336,1.8971171379089355,2.552642822265625,-6.148809044975042,5.545783530348539,-4.133110735093057,0.1810320168733596,0.0176853630691766,-0.0879715581779833,0.1642584949731826,-0.7492490721590817,0.5965958103725686,4434
1726744934388543200,8.782151469683647,-0.7596364645302295,1.784465834236145,1.0798642245117571,-9.401505018776655,-2.572158472688496,0.0683162882924079,0.2446061819791793,-3.091695785522461,-0.4327442904673033,0.4987609332954223,0.6183697205075066,-0.4261324392400403,-1.5194042921066284,1.8428773880004885,3.352823495864868,-6.683420364066958,4.547210883927345,-3.219221866483986,0.1786118745803833,0.266715943813324,-0.6656619304772466,0.2714898884296417,-1.0114871461171655,0.1968322299266234,4435
1726744934428313900,7.221795419606566,-3.457752097922564,1.4136401789829134,2.3753625196516515,-9.189768978500366,-2.464993982999027,0.524616003036499,-0.5895329713821411,-3.915398359298706,-0.4630617977920744,0.4502526332279717,0.6503478181091741,-0.3998676122260801,-2.29495620727539,1.7498915195465088,3.850011825561523,-5.984288929381966,3.38442616494894,-2.3872297753170133,0.2423927187919616,0.2416280210018158,0.4891233872450888,0.0379170179367065,-0.4633097315527498,-0.3292543123282492,4436
1726744934468084200,4.888157826006412,-5.269655974182486,1.6709224571645258,3.7544609620854255,-8.751686773315072,-2.341448267351091,0.9251728057861328,-1.461123824119568,-4.251910209655762,-0.4868449030503801,0.3801598156386721,0.6891002474009761,-0.378947738975768,-2.05379319190979,1.2334976196289062,4.129162311553955,-6.9402680502235885,0.4580860055550932,-0.3547872513830661,0.3291181325912475,0.1133609488606453,-0.1364810389362275,-0.2498256415128708,-0.2274054099046625,-0.2718965857991017,4437
1726744934507854600,2.7999527905792,-5.5821296859711405,1.8781554869331416,5.038513222646713,-8.097739465224743,-2.282625783765316,1.1860239505767822,-1.8806500434875488,-4.309142589569092,-0.5015397568029191,0.2964140462169925,0.726993972386845,-0.3634230916515168,-2.4808292388916016,0.7717559933662415,4.074362754821777,-5.946856147566438,-0.9846782688423992,0.1601297716796398,0.3591377437114715,0.0238233599811792,-0.6507838756233454,-0.416839599609375,-0.3319882673367857,-0.0338716963670449,4438
1726744934547625000,1.1580161894023415,-6.100675420925021,1.8560460925862192,6.193230370503664,-7.236973114994168,-2.3324928074792024,1.237831711769104,-1.8757166862487795,-4.355412006378174,-0.5102606085162106,0.2061777325417792,0.7592198479243975,-0.3474337242860999,-3.0765769481658936,0.4180801808834076,3.88586950302124,-4.82808943401277,-3.0067414375811814,0.2553074709773063,0.3596201539039612,-0.1245195269584655,-0.8455805446017534,-0.4406244158744812,-0.1725259100573137,0.2125359036833979,4439
1726744934587395600,-0.767837891164422,-6.781458128970861,1.7323577535972,7.173675239560008,-6.201998783370852,-2.498802144576609,1.0639636516571045,-1.7212852239608765,-4.169421672821045,-0.5152392529364264,0.1159808357182895,0.7835508238580433,-0.3272998250888055,-2.104926347732544,0.2365900427103042,3.5601227283477783,-3.718946873372793,-5.424263767570257,0.6429466061264276,0.3513787090778351,-0.2580950260162353,-1.1801586092360317,-0.3963046669960022,-0.0972510623724665,0.2655764063342474,4440
1726744934627165200,-2.6619056713700293,-6.784640850660204,1.943622084708512,7.888297088843584,-5.124716172850132,-2.7717165839150546,0.7409059405326843,-1.4394046068191528,-3.5644991397857666,-0.5160250343274325,0.0350606012461596,0.800055600997727,-0.3039734567375661,-1.3614593744277954,0.2597100436687469,3.035362720489502,-2.775764105740189,-6.430839687705039,1.0776461831361055,0.282709538936615,-0.2871141135692596,-1.3022900741718708,-0.3140617311000824,-0.2006910425129346,0.2575549759094603,4441
1726744934666935800,-3.743641754168272,-6.187537127298116,2.1652090723916886,8.33467424416542,-4.153618977853656,-3.0742575152322646,0.3092482089996338,-1.0342044830322266,-2.834815502166748,-0.5147302351671504,-0.0288702729257445,0.8098827217445675,-0.2798380898208009,-1.0691421031951904,0.2489942461252212,2.4532511234283447,-1.6905670688331127,-7.38773650791347,1.1392477760463953,0.1516144722700119,-0.2504640817642212,-1.382899880543351,-0.1552485525608062,-0.29317961232448,0.3679512323280796,4442
1726744934706706000,-3.814817231109738,-6.523224541413784,2.376654020766914,8.611751063880323,-3.287914878959953,-3.3463062776520847,-0.1763612776994705,-0.6268125176429749,-2.370057821273804,-0.5149271004039162,-0.0757850023496707,0.815396083214376,-0.253448306229729,-0.687103807926178,0.2432571500539779,1.869199514389038,-0.3248211521863937,-8.601831142890452,1.4141998586922884,0.0188422035425901,-0.1276216208934784,-0.1641086304490454,-0.0134353078901767,-0.1490122566693462,0.2812144857752137,4443
1726744934746476500,-4.757012741270661,-7.40196727783978,2.6323078209638595,8.822816073027253,-2.467680153343081,-3.498409979264438,-0.6598297953605652,0.0784767270088195,-2.0338852405548096,-0.5211578212424135,-0.1089512336300895,0.8163938353161675,-0.2236634429137747,0.4903228282928467,0.2899730801582336,1.260576248168945,0.0919675050795078,-10.43823525415659,2.559009945040941,-0.1286690533161163,-0.0135725922882556,0.7674277759935706,0.134165957570076,-0.1381803902000188,0.3648443158213049,4444
1726744934786247200,-7.089715684369206,-7.094684120431542,3.1343466577529906,9.065530604413151,-1.6864992348723111,-3.3380031442090865,-1.1208795309066772,1.2519235610961914,-1.5922291278839111,-0.5415608890263506,-0.1266299454929842,0.8087988924474163,-0.1911048079170729,1.001950979232788,0.1057113260030746,0.3310724198818207,0.3359013491272926,-10.896865157330035,2.8536189143151045,-0.1386753171682357,0.2297904640436172,0.1882234646005555,0.3314424157142639,-0.1451597550928127,0.2866600378300063,4445
1726744934826017500,-9.702622054770588,-8.18715027155876,3.075159432508052,9.333464917251469,-1.1494880880970506,-2.781270009680092,-1.0046364068984983,1.9761031866073608,-0.3929461240768432,-0.5752163718323371,-0.1254767001277541,0.7912401097283843,-0.1652896916702697,0.288297563791275,-0.0023917050566524,-1.0381125211715698,0.436924267321825,-9.729826288038492,2.9096026673436164,-0.2313905507326126,0.0277383998036384,1.1769542602367695,0.2016141265630722,0.2752143868438899,-0.4536258478084579,4446
1726744934865782300,-9.787381235906482,-8.275467437437177,2.047393278697878,9.48930254469514,-1.2661740740433334,-2.126102658275515,-0.2616974115371704,1.4735345840454102,1.3100968599319458,-0.6035749715378235,-0.1046212256157001,0.772952435464197,-0.165215428382073,0.2565974295139313,-0.2668963074684143,-2.2911131381988525,-1.0883388420641422,-8.780644572252035,2.761155150151253,-0.254992812871933,-0.0777470394968986,1.02880265725106,0.2224718779325485,0.8312257829695939,-0.1541398105498403,4447
1726744934905552600,-7.4160104162395,-7.663319289678335,1.2825893484018742,9.441356552171706,-2.013146287311613,-1.7258160768687725,0.4487553238868713,0.6700893044471741,2.497988700866699,-0.6123311547426821,-0.0723694408682457,0.7633837794707262,-0.1925060007051331,0.7995613813400269,-0.4700455665588379,-3.2309775352478027,-2.395348492103815,-7.655079869121312,1.9691069468379017,-0.2227046489715576,-0.2672389447689056,0.5964934459766372,0.3437050282955169,1.4146965561680496,0.0015716338017169,4448
1726744934945323300,-4.549076677799224,-7.184950082290172,-0.1950514474570751,9.186496240440013,-3.10832169739753,-1.4550024092018603,0.5992948412895203,0.5104349255561829,3.105031490325928,-0.6080346290631564,-0.0342541807530604,0.7569749854771542,-0.2368744398962571,1.864490985870361,-0.6596740484237671,-3.775590419769287,-4.228970863696933,-6.149492935585975,1.5365993269145488,-0.1682358980178833,-0.289003849029541,-0.1514837978820316,0.2239404320716858,0.757328479848802,-0.5536554441167041,4449
1726744934985093600,-2.5078736320436,-6.6045818051517005,-1.2483856116354464,8.721126215356588,-4.305046679900586,-1.2565483136944473,0.3266880214214325,0.174323096871376,3.426701784133911,-0.596478638509381,0.0115664976864632,0.7509542926511394,-0.2831026238146589,2.8103156089782715,-0.914760410785675,-3.968061685562134,-6.102271750205755,-5.015790518707036,0.9366969127446412,-0.1601351797580719,0.1220561563968658,0.0332428649781737,-0.0977816432714462,0.4459632772913202,-0.8831697590880095,4450
1726744935024864300,-0.4360147512614726,-6.556940348532796,-1.5283705738820137,8.026832283830641,-5.503701461422443,-1.204011486249417,0.1377991288900375,-0.0436927564442157,3.663773536682129,-0.5751925341244466,0.0616855713431371,0.7467143977745878,-0.3282775968967698,3.5363290309906006,-1.4088419675827026,-4.087188720703125,-8.60295693204999,-2.6891435146465894,-0.8040245453763752,-0.1408083438873291,0.353086918592453,-0.3676795757798478,-0.264371782541275,0.4312043553050607,-0.4655024923566728,4451
1726744935064635000,1.051654248267412,-5.6144262739419935,-1.4901859507858752,7.113769929173588,-6.643287091121077,-1.1964083908345549,-0.3690197467803955,0.3595498204231262,3.903509616851807,-0.5502691670231078,0.1196482931216169,0.7393809149859206,-0.3690582305125996,3.4598958492279053,-1.9114370346069336,-4.060441493988037,-9.295604265412688,-0.3500160914584994,-2.388131546462327,-0.1475545763969421,0.4238138198852539,-0.7570336616206914,-0.3494111895561218,0.524355882537365,-0.266340814835485,4452
1726744935104305700,2.7133494428813454,-4.391791774156689,-0.9983914446353912,5.97835077150464,-7.68141900999248,-1.1939488688532265,-0.8785759210586548,1.050061583518982,4.256174087524414,-0.5271945323295653,0.1915048356828426,0.724016814373033,-0.4014866522367415,2.869211196899414,-2.207512378692627,-3.78310227394104,-8.625627613541484,1.5782032569348812,-3.876806654293835,-0.1935204863548278,0.4038014113903045,-0.9657242697864772,-0.3413256704807281,0.6203721515510231,-0.0192624667834723,4453
1726744935144072200,5.3981783091992135,-2.699811915916204,-0.55985141268,4.649686923539639,-8.535876615467668,-1.2998442884549497,-1.0395087003707886,0.8357166051864624,4.135371208190918,-0.5021497650435772,0.2709593313995924,0.7020360780241008,-0.4261126140193468,2.0376555919647217,-2.303417682647705,-3.2406015396118164,-6.455050584375858,3.527329784278572,-5.381004471558332,-0.2190287709236145,0.2611192166805267,-1.0548046751223503,-0.2440873086452484,0.9193030026122928,0.2949037509696558,4454
1726744935183839000,7.735736291113495,-0.6077835228085517,0.350502559801191,3.343282545916736,-9.092176034754514,-1.5248584741078317,-0.4855238497257232,-0.1159475222229957,3.3242077827453613,-0.4692960501832282,0.333774030997654,0.6828916754244208,-0.449460938474618,1.2315648794174194,-2.21125864982605,-2.561473846435547,-4.158021596726775,4.590142263159156,-6.108747668221593,-0.2314196676015854,0.0543941706418991,-1.0896126613922417,-0.1052922382950782,1.1224652027454227,0.3316924261953681,4455
1726744935223605800,8.317969777601958,0.894928732073307,0.628629911482334,2.2687410507977006,-9.39688846489191,-1.6497572117999195,0.0210453532636165,-0.5668235421180725,2.405037879943848,-0.4358042773778391,0.3698406969133415,0.6688288801332622,-0.4753529963085565,0.6261906623840332,-1.868016242980957,-1.7243863344192505,-2.421969372525811,5.201584308475256,-6.658024641525745,-0.2493594884872436,-0.0147257344797253,-1.146387053341791,0.0405948683619499,0.9560425414666532,0.2322265281844884,4456
1726744935263372500,8.747219272512197,1.5040215839147566,0.6339573901154101,1.4577657364353536,-9.562604512271283,-1.6130363776460288,0.2488807439804077,0.1017108783125877,1.7912214994430542,-0.4128895323214917,0.3934030263870877,0.6538165069334222,-0.4972727895909103,0.1004056707024574,-1.1966664791107178,-1.013743281364441,-1.6775240473866462,5.451863137635589,-6.959701649489999,-0.2655425369739532,0.0061657223850488,0.1991305334642529,0.0588054209947586,1.0078156179975717,-0.0894484714632853,4457
1726744935303139300,9.357671137747168,1.5721932028651238,-0.1540859614707529,0.9293154972564428,-9.648285484427213,-1.4890854421980677,0.2478152960538864,0.8518579006195068,1.1307765245437622,-0.4068806516512557,0.4151677801959348,0.6352621039718234,-0.508454571454837,-0.5255175828933716,-0.7622667551040649,-0.3385847210884094,-2.721338980330527,5.838728950324654,-7.711506689742207,-0.2830395102500915,-0.1486578583717346,1.1114351285565645,-0.0351085141301155,1.273018386980146,-0.2719907120896503,4458
1726744935342906000,8.810367510342598,1.986799255394936,-0.5656650673948228,0.6603459230862557,-9.685054833897947,-1.3906962335079909,0.0808334052562713,1.1674190759658811,0.5996221899986267,-0.4126570796493775,0.4349676349146565,0.6178259741663749,-0.5087320799003054,-1.3057870864868164,-0.1558226943016052,0.3092658519744873,-2.5108570317685603,6.133346687427163,-7.848095426836609,-0.2023189812898636,-0.2205127775669098,1.4029608179278672,-0.1107385605573654,1.0021453172761947,-0.0285142107547726,4459
1726744935382672600,8.751288129386305,1.862368573606014,-0.4272646047033369,0.5917847933616489,-9.693653735417127,-1.3613541114285588,-0.0229370202869176,1.0815424919128418,0.0741860941052436,-0.423211377454028,0.4506289321800601,0.6052630051739943,-0.50148036643116,-1.7750773429870603,0.8549858927726746,1.0553935766220093,-2.466430737803876,6.045518181848526,-6.792375828826427,-0.162954956293106,-0.3441013097763061,1.6630504086151718,-0.1277408301830291,0.6609572599176317,0.1596841102713719,4460
1726744935422439400,8.85098476741314,1.3204454701960089,-0.5293266566872596,0.7342017982181162,-9.685187520366906,-1.3522162807270883,-0.0857917964458465,0.668328583240509,-0.587171733379364,-0.4361056094162527,0.4569708956210282,0.6001011949582391,-0.4907831660866226,-1.6024214029312134,1.711107611656189,2.0931363105773926,-4.3137230305701495,4.913483405920863,-5.3869619186580175,-0.2543061673641205,-0.2709087431430816,-0.6925210766345262,0.0540053211152553,-0.2647985355632379,0.2611162851202301,4461
1726744935462206200,8.100383842253684,1.87418176099658,-0.0157611943639814,1.1533557963758707,-9.635586161851885,-1.4126801017791033,-0.323256105184555,0.1941184550523758,-1.5340193510055542,-0.4494634652632941,0.4506326569426809,0.6074181798655949,-0.4753483748586239,-1.272039771080017,1.82906174659729,2.750135660171509,-3.9975568940043447,3.9603988374769687,-2.867179822155833,-0.2935385406017303,0.2790315747261047,-0.809782743576914,0.2768428027629852,-0.9983447559494524,0.2322097414464689,4462
1726744935501972700,7.368434426072239,0.0475233831971883,0.8107881212271749,1.9595244411088528,-9.481425527709725,-1.559874111779034,-0.3841687142848968,-0.1000138074159622,-2.674476861953736,-0.4657296345182531,0.4282498857129294,0.6293913592408855,-0.4511811255756507,-1.5492442846298218,1.8484262228012085,3.0734150409698486,-3.800703365561366,3.699982060661912,-2.634847276313603,-0.2536455690860748,0.3387882709503174,-0.0420495411962503,0.2873116433620453,-0.2538481572807766,0.0033675419168052,4463
1726744935541738500,5.179058003890514,-2.3140718923866745,1.2175592423476278,3.0993425643891093,-9.154302528321743,-1.6622826391130685,-0.0718879550695419,-0.1382362097501754,-3.382476329803467,-0.4891161852940003,0.3901131888559595,0.6576963769181277,-0.4195383612799427,-1.8373668193817136,1.670307159423828,3.3003783226013184,-5.4407361789435145,1.3769766279742122,-2.14597771769911,-0.1742055267095565,0.1189192533493042,0.3892979717394337,0.110750675201416,-0.1741586440919898,-0.2055914731066674,4464
1726744935581505000,2.757426192755997,-3.417215504872799,1.250013943489641,4.32761536232233,-8.64402544001937,-1.6501453343346717,0.365628033876419,-0.3762663900852203,-3.5824270248413086,-0.5148437668382311,0.339577900392483,0.6847049347473976,-0.3883323592192342,-1.7771480083465576,1.1843308210372925,3.309978485107422,-6.502312101766467,-0.0471159714400768,-0.5543893478818237,-0.1112590730190277,0.0330596044659614,-0.0154329213908407,-0.0722793936729431,-0.3376257617671042,-0.3963134399920702,4465
1726744935621271800,0.7616337758272885,-3.939464770519733,0.7756909427523613,5.491871322897076,-7.97812232119739,-1.535999461325258,0.6761234998703003,-0.2560754120349884,-3.5198144912719727,-0.5401210175760203,0.2816430540936163,0.706393211945801,-0.3604928651323201,-1.9803754091262813,0.9576742649078368,3.083620071411133,-4.770500583875179,-1.1300938709929584,0.6719529203802347,-0.0915973410010337,-0.0160624366253614,-0.373311115393415,-0.2424941211938858,-0.2204208847795613,-0.4148823852531612,4466
1726744935661038600,-0.7658020014226437,-4.431435802280903,0.056275575581938,6.511735179150104,-7.197051438972354,-1.4036124137043953,0.5368673205375671,-0.1381459236145019,-3.2770442962646484,-0.5634753259969025,0.2245069892509799,0.721914765973037,-0.3330633425707938,-1.5826562643051147,0.877954363822937,2.6821956634521484,-2.963637039870024,-2.517352823528648,1.2751771724492311,-0.0903472825884819,-0.0979737341403961,-0.4556985258966684,-0.2701669335365295,-0.0227807040374958,-0.1084110374181531,4467
1726744935700805000,-1.756160361728072,-4.839222237923741,-0.461096585547924,7.371012167605757,-6.341700099527835,-1.2733525873705744,0.2029552459716797,0.3015050888061523,-3.071197509765625,-0.5863548432102551,0.1748086435936409,0.7310026334579532,-0.3021012520521793,-0.2039209306240081,0.9536186456680298,2.577254295349121,-2.582175716573,-4.2152118029356,1.5688088211238382,-0.1158865615725517,-0.187600240111351,-0.7883705377139151,-0.196535512804985,0.0516484044050565,0.0408525682303356,4468
1726744935740572000,-3.668556410306692,-5.123348391628265,-0.6888039558075368,8.080470350515842,-5.438970922836661,-1.1375227058194577,-0.2583208680152893,0.5807558298110962,-2.7252659797668457,-0.6095601164822736,0.1350536517700235,0.7346822625967104,-0.2654031856923594,0.8180983066558838,0.96599543094635,2.447841167449951,-1.9964730926692484,-5.596859053069353,2.213084045505524,-0.1703985333442688,-0.1663527935743332,-1.0126137389943004,-0.0915075242519378,-0.0770745083848014,0.0384442512798588,4469
1726744935780338700,-5.281736288076639,-5.00830630043149,-0.3197567084036767,8.60144477392137,-4.603215679743886,-0.9979512996524572,-0.4645456671714782,0.7317197918891907,-2.1995925903320312,-0.6303053467282058,0.1070691888121111,0.7344505062615744,-0.2276700783400621,0.7561424970626831,0.8442569971084595,1.95654296875,-0.6407534799963236,-5.6399839090466495,3.254700883883238,-0.2724762856960296,-0.0595068894326686,-1.2650443393610418,-0.06389681994915,-0.3122018360447138,-0.2207387185570783,4470
1726744935820105200,-6.43425154197514,-5.277301520499587,-0.4717511774878948,8.958787555006145,-3.908052856428921,-0.7985230253506451,-0.3908924162387848,0.7474902868270874,-1.6552131175994873,-0.6490379307040536,0.0876151554309774,0.730093779731109,-0.1950293127095247,0.5080179572105408,0.8066419959068298,1.4334992170333862,0.5634107125967741,-5.962091126099229,3.805965816134214,-0.3990528583526611,0.0632219836115837,0.1957596687916666,-0.0758595764636993,-0.1714506455086171,-0.2665482470410876,4471
1726744935859871200,-7.083147411894798,-6.19217355492711,-0.9594353257101028,9.166102271708846,-3.4278780609235167,-0.6345042834084481,-0.3499601185321808,0.4296174347400665,-0.9173757433891296,-0.6619112603405539,0.0756655960532949,0.7256896244104584,-0.1718217114401863,0.6909997463226318,0.5091814398765564,0.8370140790939331,-0.4932371061742305,-7.220902854681015,4.647492628365755,-0.5023489594459534,0.1140947788953781,0.2855083470442332,-0.0276421215385198,0.0009314099442184,-0.0142257535411859,4472
1726744935899638000,-7.715486699289083,-5.65391481924355,-0.8457821315884589,9.240293881601094,-3.235606307312846,-0.564103151840344,-0.3806964755058288,0.2761342823505401,-0.0565098486840724,-0.6676840878348307,0.0742908658872262,0.72335476981727,-0.1594890757866339,1.190546631813049,0.069474920630455,0.257032036781311,-0.5231868387579918,-7.210887656623124,5.066896436566114,-0.6009173393249512,0.1334873437881469,1.0361663178868592,0.098806582391262,0.3996764866843819,0.062099281333317,4473
1726744935939404500,-7.124614563792943,-5.427903000855445,-0.9304116219300776,9.191559369048475,-3.3826094709157943,-0.4935389386650174,-0.4842628240585327,0.42522993683815,0.8782719969749451,-0.6705910154965188,0.0870651684323136,0.7194325118816931,-0.158569377695232,1.1920547485351562,-0.3601290285587311,-0.5914739966392517,-0.7793629092633724,-6.502070694226026,5.215592960083485,-0.7443376183509827,0.0575482100248336,1.1468097357332705,0.2476308792829513,0.6412177365072071,0.0420144105173647,4474
1726744935979171300,-5.665061651679873,-5.5014504676252605,-1.3227449793100357,9.01874021166563,-3.828902747346461,-0.4149963304890319,-0.7469683885574341,0.4355879724025726,1.6118749380111694,-0.6718040690532633,0.1145835624146545,0.7127619042043646,-0.1658927246091953,1.7715983390808103,-0.8805670142173767,-1.3374853134155271,-1.5483195753246546,-6.173125155586004,4.960830263507366,-0.8070340752601624,-0.0332562439143657,0.5907665562298149,0.3467807471752167,1.0409625391874462,-0.054023143312917,4475
1726744936018938000,-4.393329651248455,-4.425178495451807,-0.7980441557925194,8.710372766152023,-4.486338482074439,-0.4153670634975656,-0.8858059048652649,0.3775330185890198,2.140910387039185,-0.6686153909877526,0.1540739117852684,0.7052935958485402,-0.1782568547998646,2.3503806591033936,-1.5166070461273191,-1.9797165393829343,-1.7383417964428662,-4.7259319588303565,3.4776609134852885,-0.857951819896698,0.0313026122748851,-0.6367359879832715,0.2123866379261016,0.8110190073736011,-0.7408736771974712,4476
1726744936058704600,-2.228497887736559,-3.838670984905958,-0.8832043189447373,8.28028974302709,-5.234304674816132,-0.4573981694214046,-0.7962390184402466,0.2729468047618866,2.24287748336792,-0.6622733012845093,0.1979690278136653,0.6957938496438737,-0.1951234217649999,2.3484325408935547,-1.6361843347549438,-2.361330270767212,-1.3055612047970295,-2.827244702130556,1.6221370912075042,-1.0272748470306396,0.1026838272809982,-0.0945300581770483,-0.0319144912064075,0.7414720084168016,-1.0105294800661504,4477
1726744936098471400,-0.4224316315889358,-3.955867623788118,-1.3905600399076938,7.81916802303791,-5.887742864340543,-0.6045582040864974,-0.7447837591171265,-0.104807935655117,1.9462414979934688,-0.6514668636194725,0.2370408124665004,0.6889379819921782,-0.2115823321606819,2.7445764541625977,-1.896456718444824,-2.1049931049346924,-3.586578968843817,-2.3382794280566275,0.2777893336321227,-1.2315170764923096,0.1932171881198883,-0.2101361673315986,-0.1442502737045288,0.6322551162421703,-0.7461295518990606,4478
1726744936138425600,-0.1105588083028793,-3.843253636521101,-1.2026980655632913,7.335809336799382,-6.455853132930398,-0.8235450192086398,-0.9274137020111084,0.1069684773683548,2.0388858318328857,-0.6379251823407648,0.2739233275147072,0.6833411459517582,-0.2259695657589531,3.269437551498413,-2.0645973682403564,-1.3814516067504885,-4.410001384586096,-2.0249090596891937,-2.279199900969863,-1.4394069910049438,0.2210104912519455,-0.3497018378775566,-0.2372877299785614,0.4958249307103455,-0.680702920807898,4479
1726744936178199600,0.3055804451435804,-2.3775755195260047,-0.5833025770246982,6.763000096738338,-7.032684468114375,-0.986695965340361,-1.1691101789474487,0.7838647961616516,2.304683446884156,-0.6274819758112256,0.3189417324532694,0.6697638864168983,-0.2365564062539133,1.649405598640442,-2.409111499786377,-1.1022123098373413,-3.01021349760592,-0.1281032328218221,-3.443991868117452,-1.609101414680481,0.2597676217556,-0.3485188021054491,-0.3238329589366913,0.6197295427985489,-0.5585870552999899,4480
1726744936217972500,1.4768939230144025,-1.346506378647685,-0.5058114871956407,6.139211780068278,-7.567406846365333,-1.102193983611092,-1.3347196578979492,1.0672844648361206,2.1948204040527344,-0.620769197900236,0.3691646557970743,0.6480074917855139,-0.2417631479612602,0.9338789582252502,-2.122636556625366,-1.1186952590942385,-1.7485165689766409,-0.4502741627603769,-4.942537066447734,-1.7725425958633425,0.152910053730011,-0.4673772732526063,-0.3540297150611877,0.671103244748339,-0.348947147052735,4481
1726744936257746400,2.1362883905947205,-0.9636790276944636,-0.2916867982171475,5.554784582927823,-7.976119749203324,-1.302402302374691,-1.466586947441101,0.9129027128219604,1.870840311050415,-0.6127320308265003,0.4171638805709392,0.6264010942945417,-0.2411541839756575,0.775486946105957,-2.031752586364746,-1.0287981033325195,-2.287754963347316,-0.4518472572959959,-6.801208539101481,-1.8962252140045168,0.1408960521221161,-0.0738788313157623,-0.3188169300556183,0.8741673182692378,-0.2005465194757096,4482
1726744936297520400,2.282174532866478,-0.9937181921273468,0.2967630785681307,5.041089210614562,-8.251490934044122,-1.6342238348424434,-1.605175256729126,0.7160570025444031,1.6285419464111328,-0.6007716744480225,0.4609374051775367,0.6089818842018524,-0.2361167584439483,0.5179834961891174,-1.4677590131759644,-0.8954026103019714,-1.588007442590594,-0.0471305844873189,-7.196539982318877,-1.8744630813598635,0.151263028383255,-0.5640980372738092,-0.2845577895641327,0.8720468189839273,-0.0269124266974977,4483
1726744936337294300,2.1374021970555184,-0.3157850282937288,1.3169322013780471,4.5600785488069056,-8.438763564193248,-2.040430307817459,-1.6396719217300415,0.7765622735023499,1.5833173990249634,-0.5862823440043317,0.5028496981458804,0.5926003489865371,-0.2285609687503432,0.0354421213269233,-1.126579523086548,-0.83343505859375,-1.8591414282530545,0.0513470331385731,-7.134398291182517,-1.7514885663986206,0.260187417268753,-0.2667339606052264,-0.3094518184661865,0.7983866856198757,-0.0143872505460982,4484
1726744936377068300,2.86895793774426,0.0138654437452554,2.2076722495898604,4.133932865130901,-8.555779585811495,-2.4247972894281147,-1.5152350664138794,1.0337309837341309,1.4003170728683472,-0.5734585621323727,0.5425834029103704,0.5737887266232689,-0.217979646352898,-0.249185100197792,-0.5602886080741882,-0.9187002182006836,-0.9063941289395092,0.5570522834807634,-7.258108842003345,-1.606773018836975,0.1922317147254943,-0.1825637948710471,-0.261672168970108,0.8631870015062392,0.3381342227458954,4485
1726744936416842200,3.017303748127818,0.6396177539646625,2.544008775264025,3.800784029582143,-8.617995511227846,-2.7303078842058777,-1.3380918502807615,1.2727091312408447,1.2436071634292605,-0.5649687812237835,0.5784989240505741,0.5518568253386288,-0.2039689652992659,-0.1668494641780853,0.2014057338237762,-1.021091341972351,-0.8505307874202728,0.8425006256997585,-6.894969357338547,-1.4587568044662476,0.2004764974117279,-0.2817348198548891,-0.1622176468372345,0.6948106488764285,0.4062925438232719,4486
1726744936456616000,3.75033189945668,0.6798270147562027,2.7344766943231225,3.5551252614378925,-8.645784266385435,-2.963421935814619,-1.1988003253936768,1.5275014638900757,1.0600756406784058,-0.5602878977482255,0.6107014213871885,0.5273862441315179,-0.1870426069156375,0.6518152952194214,1.0253933668136597,-1.1185814142227173,-0.3111334030956029,0.892088247950375,-5.141673737391829,-1.2827507257461548,0.2792424857616424,1.614739820563048,-0.1150221899151802,0.716551209910959,0.3155402232198044,4487
1726744936496390100,5.000393043088913,-0.3419195865035057,2.678727919094265,3.461614034047723,-8.632297592824697,-3.1098347323089834,-0.9794793128967284,1.87258529663086,0.6681191921234131,-0.560757407864658,0.6378984934440243,0.5016402674340565,-0.1642977577105421,1.5661687850952148,1.65765380859375,-0.9996855854988098,-2.73279297901988,0.5045025965541601,-4.819795652920007,-1.2558575868606567,0.0008114681113511,0.6903115838915109,-0.0398333668708801,0.3726743883924558,0.4623645231245085,4488
1726744936536163800,4.375917328676581,1.6452034940183162,2.4039383335337043,3.5647520447000858,-8.592728383502363,-3.102895580695569,-0.7467523813247681,2.3188893795013428,0.2189711183309555,-0.5690283172187173,0.6580194760882098,0.4745671952482505,-0.134175974912921,1.921738862991333,1.496108889579773,-0.9573855996131896,-2.3601696266949177,-0.0044625323668122,-3.090567137259245,-1.2772319316864014,0.170926034450531,-0.377442917968519,-0.1073521897196769,-0.2389680566002614,-0.0670632147504715,4489
1726744936575937800,4.525118294584751,2.34940390253067,2.022593037831783,3.900825535523891,-8.493972825717925,-2.967553921052813,-0.6673381328582764,2.8114101886749268,-0.4078180491924286,-0.5831868189563373,0.6714388396757399,0.4477421479353322,-0.0926823954379516,1.6931626796722412,1.6785885095596311,-1.5124815702438354,0.2941898670792579,0.8196674471229314,-0.3065314622581005,-1.3352655172348022,0.3020824491977691,-0.7695344659492374,-0.1560520529747009,-0.3067358622564002,0.3051650510094128,4490
1726744936615711700,5.2163306267082685,1.138918105700612,1.424728559230268,4.492008052143454,-8.301323178705573,-2.6608848038896915,-0.3243110775947571,3.037933588027954,-1.1050578355789185,-0.6022995592489787,0.6748064670926899,0.4246217218940533,-0.0395977361481524,1.0503945350646973,1.084717035293579,-1.868659734725952,-1.7501146518230437,-0.0908490224435925,-0.6983277170866727,-1.3273626565933228,0.3024442195892334,-0.9551124940749256,0.0577290095388889,-0.1340049128799699,1.040473513561487,4491
1726744936655485700,6.932978477737307,-1.413238320183754,0.5399639321662485,5.26906969872713,-8.010189776587486,-2.06013249489218,0.1196765005588531,3.456197738647461,-1.8435932397842407,-0.6280580368752027,0.6647290178156564,0.4039466047325551,0.022484152033427,-0.1590650528669357,0.7822816371917725,-2.2724809646606445,-2.558175832304358,0.2770309347465634,-0.9858125335693358,-1.275869607925415,0.0064042611047625,0.747061645117402,0.1753990203142166,0.3740922923663631,0.814872102605179,4492
1726744936695259600,7.593260249546169,-3.291869461804628,-0.6824212690331042,6.202429576003551,-7.53635762810707,-0.9505739738624542,0.6130820512771606,5.329163074493408,-2.4438247680664062,-0.6641585792708944,0.6367045054763876,0.3782501258357987,0.1021161777562422,-0.2899002730846405,0.3099608719348907,-2.4517924785614014,-4.3116269350737335,-1.266648413556814,0.7640615874961018,-1.1125788688659668,-0.0693706572055816,0.6337890478111803,-0.0274349711835384,0.2322485390868969,0.0924270945484284,4493
1726744936735033600,5.456911653196811,-3.9693227331668135,-4.880453827500343,6.986801837861537,-6.846483266589045,0.6932943990945816,-0.3544135689735412,6.109412670135498,-2.7351303100585938,-0.7010368924256349,0.5965231112657425,0.3298666436149818,0.2095125500832594,-0.1997584104537964,0.1393447071313858,-2.6388649940490723,-3.6362832032114265,-1.6641478484630583,0.920721637238562,-0.9903903007507324,0.0098892087116837,0.0653932813774095,-0.2443933188915252,0.0411553049034206,0.0514897067120065,4494
1726744936774806500,2.0195716441839933,-4.626436396333575,-2.7980706300944087,7.33771663172543,-6.137146079710125,2.159566682590544,-1.0804978609085083,5.713711738586426,-2.42193603515625,-0.7126177533546242,0.5615951252861936,0.2729535748099099,0.319817356656344,-0.2461844980716705,0.0238860771059989,-3.162688732147217,-2.636010767135024,-0.9751982005745172,1.0044222492322326,-0.927537202835083,0.0770294666290283,-0.1891745547803118,-0.2710089683532715,0.0962812674922403,0.1294564283959101,4495
1726744936814580500,-0.4805068039387464,-3.618891338905692,0.6745864837542176,7.059323468714952,-5.679888049411773,3.7516938354596494,-0.1013794466853141,6.224226951599121,-1.1093740463256836,-0.7202524357079091,0.517989284327111,0.201007345429562,0.4153547022911609,-0.2547558844089508,-0.0600905306637287,-3.360192060470581,-2.321724452966452,-1.2999638231813906,1.0719900570705532,-0.9095090627670288,0.1607120633125305,-0.2525701732342131,-0.2416429072618484,-0.0991099241800606,0.0241481724488199,4496
1726744936854347300,0.6057932257741689,-3.5832068620622155,-0.1666986286759376,6.191644562616944,-5.35120554562211,5.403565847456455,1.7683249711990356,4.50184440612793,-0.3693851828575134,-0.7414135361899027,0.4542802312558274,0.1346264557002511,0.4751959635846918,-0.2374807596206665,0.0959917530417442,-3.5171217918396,-1.1952329903796317,-0.4940957688301801,0.9414864851087332,-0.9019089937210084,0.1724186837673187,-0.3163771855005994,-0.2638203501701355,-0.1872480802297592,-0.0630525041046552,4497
1726744936894121200,0.2435685178667306,-3.8381346860721695,-1.3774977292388677,5.369637274369597,-4.685223516345024,6.736918145498633,2.696021795272827,3.022280693054199,-0.4183074533939361,-0.7651443787231741,0.3815699278218942,0.1044852339851565,0.5079777229260509,0.0514328032732009,0.3879013359546661,-3.6177823543548575,-0.9420324285537004,-1.0115262360185384,0.7825152358144521,-0.8723942637443542,0.1376055479049682,-0.2035484412380494,-0.2435290068387985,-0.1926888830441981,0.1186229270919226,4498
1726744936933895200,0.1762505931362509,-4.132450809879601,-2.767206120753288,4.526260742618144,-3.8745077297016977,7.789193740534782,2.593430519104004,3.067544460296631,0.2306399196386337,-0.7891169267949566,0.3085150000755254,0.0876363864205605,0.5238634237567358,0.2728858590126037,0.6830299496650696,-3.730779647827149,-1.4100067909166216,-1.0339771372795103,0.4943669869869947,-0.8185175657272339,0.1172684505581855,0.3727669255141169,-0.1800703555345535,-0.149744653463969,0.2572290684233419,4499
1726744936973669000,0.8008671773239969,-2.4166122294068333,-4.082880138763785,3.36369697291404,-3.209013483941555,8.634706407532095,1.78309166431427,3.48771595954895,0.4943864941596985,-0.8100220329185445,0.2381763006661499,0.0549957423975104,0.533021348978348,0.7358865141868591,0.8909241557121277,-3.756294250488281,-1.7454472445338964,-0.6873281841665506,-0.3587172843083739,-0.7881510257720947,-0.0068635717034339,0.7542774947803467,-0.0580202639102935,-0.0109724576835287,0.5025235515661537,4500
1726744937013443000,-0.3850716227486729,-2.4333728100717065,-4.900438630908727,2.33410141171962,-2.7451354509815573,9.120667969745398,1.38444983959198,1.8705896139144893,0.905606746673584,-0.8253124934726644,0.1854051143980185,0.0245007712085192,0.5328076361238988,0.5641142129898071,1.2955307960510254,-3.522666454315185,-2.2026640660390258,0.468267500090599,-1.4851120085224507,-0.6229438781738281,0.0345312282443046,0.2453013147423975,-0.0628057494759559,-0.0598688051677774,0.2386214716522954,4501
1726744937053217000,1.591799528349936,-0.1050553885810077,-4.632645187845826,1.8500148495979607,-2.207892906603217,9.37406230057776,1.8587571382522583,0.1435888111591339,0.671978235244751,-0.8400922187774675,0.1470236757131209,0.0209734911834396,0.5217175822702349,0.5200508832931519,1.6075366735458374,-3.180565118789673,-2.471599080352485,2.107697086882592,-2.077571997731924,-0.5291656255722046,-0.051589198410511,-0.0962178194677457,-0.1617881208658218,-0.0596996317464858,0.1538854887288995,4502
1726744937092991000,1.218708558513224,0.6206399356417358,-7.0624442310839886,2.646430746601522,-1.8126530871920288,9.267204684880376,0.62140291929245,-3.3624913692474365,-0.3083637058734894,-0.8442029376030924,0.1509497269406637,0.0686895166442205,0.5097228925272664,0.4976867437362671,1.7355226278305054,-2.6200602054595947,-2.539808400964737,1.793479161775112,-2.172392261894047,-0.4636925756931305,-0.1195356920361518,-0.1011324977825395,-0.2030825465917587,0.0899975658465642,0.2649110194943845,4503
1726744937132765000,-0.802838477396965,1.6777660394489764,-3.803030347204208,3.822076408457756,-1.4788975179217756,8.90926393790245,1.051565647125244,-2.643537759780884,-0.3466359376907348,-0.8358772164143016,0.1692854113271536,0.1307532663616659,0.5055248672921522,0.221373900771141,1.7568172216415403,-1.916247725486756,-1.5230316970720883,2.7582138360023496,-2.168849474720657,-0.4067362546920776,-0.090682253241539,-0.3926306963587179,-0.1315235346555709,0.0887374188507907,0.3974433573374524,4504
1726744937172539000,-1.3039181137651203,-0.3544209022887051,-1.5509902558386326,4.198208645686507,-1.0952682029359042,8.794646794119476,1.393985629081726,0.2821744680404663,1.2830864191055298,-0.8409283932018458,0.1603678180409288,0.1608724727075321,0.4911636830822424,1.4867687225341797,1.586090922355652,-1.2846518754959106,-1.8075120710417627,0.7156272269338368,-0.9108885177493096,-0.3690784871578216,-0.0614949129521846,-0.2657322910157032,-0.0433527491986751,0.1148632366316858,0.4380510793946683,4505
1726744937212135700,0.6652604370042682,0.2302170149929821,-2.5695669948905704,3.60075800858289,-0.929772666439414,9.074163992723822,0.789813220500946,2.472682237625122,1.712017059326172,-0.8642906041086521,0.1311246137044921,0.1419603177317839,0.4643872162393577,1.233479142189026,1.1855292320251465,-0.9848112463951112,-1.3866960579559209,0.6896569193750619,-1.4783260016441344,-0.3222136199474334,-0.0820943191647529,-0.1371914887605234,-0.0034204381518065,0.1750133246925659,0.4493776523120701,4506
1726744937251902700,1.7386770197466015,-0.0704012776985764,-1.911707481792569,2.6383725278303025,-1.00040534174107,9.391941656139492,-0.1088857501745224,2.03726863861084,1.2086989879608154,-0.8847839681804424,0.1069473730575573,0.0985216189514589,0.442733734237521,1.3782649040222168,0.7502928972244263,-0.6680943965911865,-0.6605009675174951,0.2059638866156339,-0.6614151597529649,-0.253551721572876,-0.158254474401474,0.1769835653196088,-0.0431414991617202,0.1693380007361993,0.4040251103479415,4507
1726744937291669200,3.492956390033662,0.6206557177327573,-2.0516963827192782,2.2574669387198982,-1.2447940168842673,9.461749936380984,-0.4375099539756775,-0.1028025522828102,0.1436778604984283,-0.8909557693344246,0.1084399672013915,0.0763267548072459,0.4342957475581095,1.3480340242385864,0.1653466969728469,-0.4231405556201935,-0.4356105543747544,0.3587660918861627,-0.6177069509297609,-0.1867267489433288,-0.1204858571290969,0.0908830525773577,-0.1293103098869323,-0.0596212829803815,0.2083221949785016,4508
1726744937331436300,2.765992653310299,0.6643178954571485,-0.7443868729501962,2.3960560558512807,-1.2631675857037306,9.42516354226172,-0.0627471059560775,-0.4133266806602478,-0.8120546936988831,-0.8866424473567821,0.1131697099548252,0.0815046826093361,0.4409249442854073,3.5583064556121826,0.0793921053409576,-0.2345340102910995,0.3079159023538231,-2.3107488854438065,-0.1434030932843685,-0.1477523297071457,-0.1028409078717231,-0.1010327637351118,-0.1792272627353668,0.0002418156782834,0.2545886186508461,4509
1726744937371203600,0.5575909204021096,-0.4807318448662757,-1.48501059397459,2.539009359541536,-1.3238973642155527,9.379291433402896,-0.8671380281448364,-0.0496865771710872,-0.9320079684257508,-0.8770100461964438,0.1210259183541387,0.0845100053837861,0.4572353539578423,4.906559467315674,0.204322263598442,0.0607615448534488,0.057348903901875,-1.6969851191818712,-1.1008493640691042,-0.1020120680332183,-0.0731992945075035,-0.2295654557490721,-0.1317368596792221,0.0037261301131075,0.3829813359385356,4510
1726744937410971000,-1.0688055818155406,-0.6419353832572698,-0.0818061765491962,2.5521631478860973,-1.6397387988716363,9.325669148808718,-0.9645915031433104,0.2710694968700409,-0.4767726361751556,-0.8676246115866773,0.1373112826718271,0.0752914978934507,0.4719156641567549,1.7678302526474,0.2335161119699478,-0.0342736206948757,0.0749687317445874,1.5913792571112513,-2.1622926004230973,-0.0782873928546905,-0.071340762078762,-0.0713669124269159,-0.0658628419041633,0.085784743057657,0.3462554237507284,4511
1726744937450738200,-0.5590551477357745,-0.6350669587925076,1.200382920488715,2.391367459643632,-1.913410778579116,9.316147287225723,-0.8360133171081543,0.9557957053184508,-0.261551022529602,-0.8626901581396315,0.1463920815270026,0.0598166194560072,0.480371609498275,-2.722627878189087,-0.0550829321146011,-0.4910981655120849,0.608379735136032,2.2316908385589715,-2.7192297330915927,-0.0616975612938404,-0.0944081768393516,0.0725980114247184,-0.0210956260561943,0.0813909742112737,0.3147704809563234,4512
1726744937490505700,-1.1343765167482196,0.0171964878641068,0.9594067572027444,2.11300659146756,-2.106287073954195,9.34179552322328,-0.1643011569976806,0.6340036988258362,-0.0086711179465055,-0.8606579572979203,0.1482285001868421,0.0415847888402912,0.4853525036670069,-3.783241271972656,0.5359707474708557,-0.6695490479469299,0.3229360690921545,0.5528875650167465,-0.3913835823744535,-0.0089652156457304,-0.0711990669369697,0.022345255779277,-0.0262069627642631,0.0336926637054421,0.2314693348753266,4513
1726744937530273000,0.0910109350070357,0.6335322965711355,0.0050543607801198,1.995834940896183,-2.083670314607024,9.372584629240633,0.175080806016922,0.1409460306167602,-0.0970190912485122,-0.860855549505237,0.1441635953987325,0.0367155248354216,0.4866173169537269,-6.9604315757751465,-0.0273112226277589,-0.6420547366142273,-0.4013704311206936,-2.4783383254796263,-0.9584884733140469,0.0327287726104259,-0.0207093246281147,-0.0761463743889471,-0.0265489406883716,-0.0886710482168477,0.2904870853048749,4514
1726744937571285200,-0.0419273167558014,0.0058218380212783,-0.5618506236732006,1.967613639540225,-2.038948106435686,9.388374319046736,-0.0071699540130794,0.0708522349596023,0.0109079703688621,-0.8604363812017278,0.1414398586646766,0.0363440766277392,0.4881835248029325,-3.5715808868408203,0.1009385213255882,-0.4764550328254699,-0.4863067223891615,0.4049883293569087,2.82070974740386,0.0458443537354469,-0.0372182354331016,0.1049608604316599,-0.0617301724851131,0.0355797401106567,0.2069737760442309,4515
1726744937611052500,1.9814083561368283,0.3364021382562815,-0.3694569972485303,1.950918233066052,-2.047208862041682,9.39006066469848,0.0439976267516613,-0.0330805331468582,-0.056810513138771,-0.8609420959347135,0.1413453318722711,0.0355196648369381,0.4873791735421012,1.3676530122756958,-0.3925303816795349,0.1959079802036285,-2.1226313289031387,-1.2925333809196948,3.982037253311276,0.0478718690574169,-0.0798814222216606,0.033733525438793,-0.0897479280829429,-0.0146529283030482,0.269898032393027,4516
1726744937650819800,0.751035078793019,-0.0139328098930418,-0.0940437268316745,1.97566133691743,-2.005576290448755,9.393871162897348,0.0629583597183227,0.0706803500652313,-0.2828509211540222,-0.8589081919688487,0.1402543707150123,0.0370754304972131,0.4911526223138745,4.588458061218262,-0.1285475194454193,0.3605509400367737,0.13097002042979,-2.8362404940128325,-1.321698100605607,0.0457473583519458,-0.0633314400911331,0.0169225708601297,-0.0693552941083908,-0.0826377320025116,0.3277757642082869,4517
1726744937690587100,-0.1365592187389731,-0.2855198000200092,0.0150415017873048,1.965130736683309,-1.9771504064314067,9.402101815626024,0.0372694171965122,0.0952075645327568,-0.1180488541722297,-0.8570664821817545,0.1388358714814726,0.0367533473219074,0.4947836494109591,3.834320545196533,-0.1082861274480819,0.4630852937698364,-0.7426078805789351,-0.5269727870374917,-1.41207044544816,0.0574621148407459,-0.0496380068361759,0.126746374852769,-0.077377364039421,-0.0896267141070216,0.3007568974446505,4518
1726744937730353400,0.0815410958722233,-0.1194267360217869,-0.1321890408307313,1.9646033518083392,-1.9505100906565784,9.407774600565434,0.042191382497549,0.0147906392812728,-0.0774658173322677,-0.8563848004852683,0.137674150266639,0.0371860169269359,0.4962540411237837,0.0117218755185604,-0.1799309700727462,-0.14838308095932,0.8562178931459784,2.1927292397409675,-1.410531983834505,0.065031312406063,-0.0609045028686523,-0.0127351793400011,-0.0594015978276729,-0.1045462700150907,0.375828249313496,4519
1726744937770120700,0.1532020182430744,0.1183823415353894,0.0889578018695116,1.954443630713224,-1.9360303144052624,9.412880399271844,0.0329373404383659,0.1103974655270576,-0.0302018206566572,-0.8560087410148246,0.1367847445080829,0.0369673848612596,0.4971642733432112,-1.1341087818145752,-0.0502987205982208,0.1362102329730987,1.2607958881363273,-2.066872909063101,-3.2819179766327142,0.0672178640961647,-0.0464752614498138,-0.0027293775856524,-0.0272985249757766,-0.0972849463757593,0.3127858464777469,4520
1726744937809888000,0.3312108532235026,0.0230693254202604,-0.1508650997281074,1.919937403868884,-1.9445657952994104,9.418221175777912,-0.0135602978989481,0.0752923339605331,0.0605767406523227,-0.856376773668548,0.1362357066399117,0.0352730979303477,0.4968044199795413,1.1268651485443115,0.183036208152771,-0.020577585324645,1.503290054769814,-0.6804764185756444,1.1429144818603991,0.0627665892243385,-0.070985160768032,0.0018300318636873,-0.0613707229495048,-0.0587220051862532,0.2262977043910883,4521
1726744937849653200,0.6401143053099513,0.0486867278881371,-0.1151952359318733,1.914199444738776,-1.9381607505626968,9.42070890094042,0.085178442299366,-0.0487887933850288,-0.0458942949771881,-0.8564914856730627,0.1357891372407133,0.0351969983848928,0.4967340213695109,-0.9455015659332277,0.1458305120468139,0.1098906099796295,0.6204474818095564,1.1874614795953036,-1.8489865294635293,0.0702166855335235,-0.0587256923317909,-0.0355759475682396,-0.1094529628753662,-0.1524965733874589,0.1528217776206787,4522
1726744937889420500,0.1465817233204841,-0.0921539675623178,-0.324518369847536,1.9164719197154043,-1.9014678273290395,9.427721994572876,0.0696582496166229,-0.0090597867965698,-0.036502931267023,-0.8561054454157906,0.1342282962223214,0.036093198123059,0.4977586189316272,-1.4326587915420532,0.136066198348999,-0.0162006802856922,-0.2899193501532077,1.407667242053151,0.2833481550693512,0.0406587272882461,-0.024430014193058,-0.0610139748812187,-0.1444809287786483,-0.1588484448985196,0.1189563876968342,4523
1726744937929187800,0.6390330859445035,0.0331288010112941,-0.3143529496639967,1.9722927372671664,-1.8775619049541648,9.420998239275812,0.0385984219610691,-0.0855968743562698,-0.040082212537527,-0.8558420413571949,0.1346413282986459,0.0391724966371385,0.4978669759549342,-0.6168895959854126,0.1376378387212753,-0.0236278362572193,-0.7976198659658431,0.0636328064769506,-0.3511819203674793,-0.0229204129427671,-0.0488886982202529,0.0616211104615125,-0.1069366261363029,0.0224835568549809,0.2582342086115852,4524
1726744937968955400,0.446402289763093,0.0213556533701717,-0.3302513605415821,1.9977783300489187,-1.8804532424815,9.415049560004473,-0.0910809189081192,0.0745324939489364,-0.079805351793766,-0.8549003830433305,0.1355160313783734,0.040018290955528,0.4991785392396113,1.6688884496688845,0.2543091177940368,0.3576436042785644,-0.8878887504339218,-1.3071908518254756,2.3281384116619823,-0.0464728362858295,-0.0398774817585945,0.023699691179092,-0.0194310005754232,-0.0624178092305781,0.3297255100365728,4525
1726744938008722400,0.0789534174665808,0.065384180188924,-0.3300000161290168,1.9769174744583664,-1.937350310962647,9.407914301297067,-0.1940529346466064,0.069124698638916,-0.0552180297672748,-0.853898148535042,0.1375936464909363,0.0373876840772605,0.5005279634838483,0.4907694458961487,0.23173588514328,-0.2977452576160431,0.9829191502153872,1.6449901435285803,-2.085313405638933,-0.0203213654458522,-0.0359797701239585,-0.0324669213027693,-0.0035953498445451,-0.0525685834233183,0.2346563856799155,4526
1726744938048489700,-0.419247740855813,-0.0292781169325113,0.2779723072499037,1.9528835417896508,-2.0104319137863813,9.39759515185654,-0.1873324513435363,0.1154288575053215,0.0156859215348958,-0.8529386726268245,0.140303024568471,0.0342207028405668,0.5016370199768826,1.3812252283096311,0.1561990976333618,0.3134554326534271,1.1655848710909484,-2.8003572797268625,1.7288479919105768,0.0094712562859058,-0.0222594086080789,-0.0069011171622114,0.0100727137178182,-0.0954689007965847,0.2614142816861159,4527
1726744938088257000,0.2522702952384948,0.2367141219273209,0.509939234650135,1.9129858311653136,-2.0601979613438246,9.39502267102003,-0.0299001224339008,0.1132925376296043,0.0529269836843013,-0.8533248304927283,0.1414530372945391,0.031275962212649,0.5008487782452016,0.3315685987472534,-0.3272590339183807,-0.0052186693064868,0.7385130124807358,0.322325243717432,0.3792500769883394,0.0114425905048847,-0.0341843999922275,0.0507719823301304,0.0068616387434303,-0.0856760676519479,0.1945904606155119,4528
1726744938128023300,0.3733629186458885,0.1825702976770699,-0.0073082771867513,1.900679891821742,-2.043762959371507,9.401108128413558,0.0766159370541572,-0.0052218246273696,-0.001654207939282,-0.8537166153831671,0.1403634466118295,0.0312247431887385,0.500490846942951,-0.904297411441803,-0.1045104563236236,-0.0505902804434299,0.7281435941576957,1.8870698841422795,-1.092282026731968,0.0229046307504177,-0.046706985682249,0.0125070890805043,-0.0429507754743099,-0.0690825323833618,0.0143954829432594,4529
1726744938167790600,0.1526388314023614,0.1257509706072509,-0.4087947359025478,1.8876698958620428,-2.025400350337476,9.407700950807332,0.0092154992744326,0.0137214548885822,-0.0234632864594459,-0.8536727998050533,0.1391962324512319,0.031066718903685,0.5009012475802868,-0.7376647591590881,0.0153423370793461,0.010317413136363,-0.846843331079185,-0.6332406201481818,-0.5554109460145235,-0.0294977128505706,-0.0242816600948572,-0.0933568953449837,-0.0645520314574241,-0.1361680548637639,0.0902487093297298,4530
1726744938207558000,0.4164981498867273,0.0219533270023763,-0.2235994965493679,1.889118048843741,-2.017520410742611,9.40910380334258,-0.0128107070922851,0.088471308350563,0.0147617533802986,-0.8536598376982925,0.1388815731863715,0.0313230934123243,0.5009948262717651,-0.5459123253822327,0.3221813440322876,0.049721211194992,-0.2192038919389247,1.0688304239958524,0.6267126796841621,-0.0678796395659446,0.0027403682470321,-0.0545403903863625,0.0039857355877757,-0.0574968564386246,0.2684106251131743,4531
1726744938247325200,0.3204208714008331,0.0060591539084911,-0.1534849268376827,1.859948652982712,-2.0372399873435496,9.410665645831823,-0.0967821255326271,0.0864894539117813,-0.0350079163908958,-0.8533824456271589,0.1390098079236291,0.0294253835074366,0.5015465019068179,0.3812330961227417,-0.0454434603452682,0.1760511249303817,-1.2411068528041242,-1.4786638552963731,0.4029740669250488,-0.0587147399783134,-0.0102690542116761,0.0176019656757474,0.048421561717987,-0.0366251826265361,0.3186351935604587,4532
1726744938287189000,0.0129182260230183,0.0082332830771803,0.1283744509786367,1.8410916845604777,-2.067695477492362,9.407730761423707,-0.0939714312553405,0.0899811536073684,-0.0359226055443286,-0.8527179111120123,0.1399138723135038,0.0276282500424454,0.5025266483325471,0.0464337840676307,0.1490862369537353,-0.1209747567772865,0.6773582865551113,2.028590232419968,0.0100812490314245,-0.0067639113403856,0.0015310944290831,-0.0682504426405066,0.0483725704252719,-0.0891880578282754,0.2684036473831162,4533
1726744938326959600,-0.0889827901802957,0.1103248534165322,0.2448825230747461,1.8162496503792704,-2.0892821631394325,9.407790382656454,-0.017372790724039,0.1116635054349899,0.006008650176227,-0.85235533854909,0.140240704630721,0.0258597178858315,0.5031441618075602,0.4735331833362579,-0.0282083880156278,0.1267107427120208,-0.1548953781574964,-2.097784764677286,0.0197194304704666,0.0177763495594263,0.0336995646357536,-0.0634354846734087,0.0259446892887353,-0.149129498974001,0.1677004991948604,4534
1726744938366730500,-0.0409656321167945,0.0454557831428945,-0.0282224703997373,1.802499357446283,-2.0856147266730667,9.41124782963395,0.00430258968845,-0.0053598354570567,0.0050466987304389,-0.8524506919301157,0.1397044414403878,0.025348679667784,0.5031578606037154,1.2470799684524536,0.1049352809786796,-0.0391719751060009,1.3480948168829083,-0.6127835230529308,0.5159387673258781,0.0087500009685754,0.0448448322713375,-0.0248907618438941,-0.0091071892529726,-0.0992227095053065,0.0806388406697194,4535
1726744938406501400,-0.1681600795306265,-0.1313053898639977,0.0332926132708787,1.7896331538714467,-2.085276288498938,9.413778224894404,0.0053081093356013,-0.0008295443258248,0.0700143575668335,-0.8526324049563313,0.1393371956011486,0.0248199610202928,0.5029783636994117,-0.0745323225855827,-0.2292992174625396,0.1903083622455597,-0.2353004557371139,1.26322428432703,-1.0136837063133717,0.014827731065452,0.0295231733471155,0.1049527319241315,-0.0577700957655906,-0.0280546464020269,0.0672544949722941,4536
1726744938446272300,0.1505791223935783,0.1212615502335131,0.0326122297912836,1.763734742505103,-2.0656525734879074,9.422987951788306,0.1304584741592407,0.0120162889361381,0.0627378150820732,-0.853615379765441,0.1377183112058413,0.0243923401613229,0.5017761958627872,0.0306982304900884,-0.0212277639657259,0.214620754122734,-0.1001221699625253,-0.0601741904556751,-0.5144985053896903,0.0161722395569086,-0.0310027301311492,0.013761802990979,-0.1291645467281341,-0.0754372534386347,0.1229740532398223,4537
1726744938486043000,0.6279125569932162,-0.0607639730423688,-0.4630693469256162,1.7823001806348562,-2.0124650270491835,9.43100057785213,0.1208302676677703,-0.0997984781861305,0.0599780157208442,-0.8546809033360452,0.1357661044705451,0.0268393450250442,0.5003675009801216,-0.9338683485984802,0.1838183254003524,0.1174246966838836,-0.6364309406220913,1.4785457818746566,-0.0852209534287452,0.0213039722293615,0.0066420808434486,-0.0838665522782597,-0.1030624434351921,-0.1200335154090542,0.172173571221996,4538
1726744938525812700,0.3456698789477348,-0.0861868758514523,-0.2849363010436296,1.7748446039319037,-2.003202985446155,9.434377945330738,-0.0465020909905433,0.0859471634030342,-0.0211784038692712,-0.8547832542926834,0.1351473724486472,0.0267540453828467,0.5003647371327026,0.7372775077819824,0.0452420189976692,0.2956126034259796,-0.8461547642931342,-1.5084265408754347,0.6306897666215896,0.0221499390900135,-0.0073036793619394,-0.0152165455436683,-0.0733242630958557,-0.0513332603415474,0.1618860042298212,4539
1726744938565583400,-0.1582991952516138,-0.097365418600291,-0.0563449875563383,1.7579251794435082,-2.018510298562795,9.43428325278461,-0.0294505804777145,0.0724471881985664,0.0162963513284921,-0.8546634323193527,0.1353937569673129,0.0255725330657911,0.500564684470982,0.3893519937992096,0.1632618606090545,-0.0709642618894577,0.2706536547996103,0.4684557161390781,0.5803010571211576,0.057177759706974,-0.0139983976259827,-0.0374738764443201,-0.0483415238559246,-0.0880164384993258,0.1963179419952444,4540
1726744938605354200,-0.3102851157031953,0.0250026315703988,-0.0048182139366865,1.723911558421701,-2.034037099649012,9.437224566933512,-0.0468680970370769,0.1172748878598213,0.0523375459015369,-0.8549668510093733,0.1351769484821294,0.0237202528328613,0.5001962377101792,-0.3426540493965149,0.0803080797195434,-0.1638212203979492,0.8359387829661369,-0.2133545813888311,-0.9463181430488824,0.0943578034639358,-0.0101978229358792,-0.0824080331661738,-0.0408182740211486,-0.1177641731044277,0.1435700656154193,4541
1726744938645125000,-0.1398313722774386,0.0405393695287406,0.2216033542960882,1.6957631761714815,-2.0576542682103813,9.437204693189262,-0.0230805650353431,0.0741928666830062,0.096121035516262,-0.8556092511531345,0.1354664039089176,0.0220301236124057,0.4990955674618323,-0.124634638428688,0.0734999179840087,-0.1155890524387359,1.1064059752829372,-0.2019476367115974,0.5766249989569187,0.1187472939491272,-0.0297383032739162,-0.0493657961934804,-0.0637597814202308,-0.1175628692455124,0.026632817454962,4542
1726744938684896000,0.1651085830055177,0.0973353157229721,0.1149281094282865,1.6519408394493162,-2.0569893745608625,9.44511911957562,0.0486327707767486,0.0451048463582992,0.0694542825222015,-0.8565729777354827,0.1342407697357028,0.0203070122172124,0.4978450685648037,-0.2000918388366699,-0.2285539954900741,0.340916633605957,-0.1967651195071637,0.99358199852705,-0.6544979277104139,0.1221806108951568,-0.0171194281429052,0.0561584839743329,-0.0800032913684845,-0.073483621453098,-0.0446501247492386,4543
1726744938724667000,0.9439572591364384,0.0038201428100466,0.030276480320096,1.6395358236454427,-2.03051170200184,9.45300607343316,0.123365506529808,-0.0305291172116994,0.0255768503993749,-0.8573494475883894,0.1326899257941599,0.0205959072897825,0.4969117026081086,-2.165112257003784,0.057134848088026,0.1237092167139053,0.5216806719787419,1.1816010631293057,-1.3644739970147608,0.0952647775411605,-0.0304591320455074,-0.0989871471837628,-0.0659953206777572,-0.1366213515892159,0.0674806136120576,4544
1726744938764437800,0.3613810966901481,-0.0271449042961001,-0.2630120540052652,1.6454088073320683,-1.9805428253486752,9.462582295551895,0.0855951309204101,0.0206079315394163,-0.0469475574791431,-0.8572739523788458,0.1305974381969694,0.0220652804094379,0.4975328167278293,-0.4117321670055389,0.1341458559036255,0.5411949157714844,-1.4641222658552229,-0.934118002167344,0.3165028211742639,0.0568453520536422,-0.0032988893799483,-0.0580688978726509,-0.0039337617345154,-0.1138062109925784,0.064964301675884,4545
1726744938804208600,0.1626880778603255,-0.0526541702143847,-0.4307961398303508,1.6455327259726822,-1.96805203095749,9.4651664668262,-0.0013442877680063,-0.0548709630966186,-0.027535730972886,-0.8570606273225269,0.1300483764356835,0.0223210615466992,0.4980325185897682,-1.279269456863403,0.4217229187488556,0.2586733102798462,-0.6687083855010568,-0.1164841066986322,-0.1957633951187133,0.027517344802618,-0.0214386079460382,-0.0285669775550486,0.0335470661520957,-0.0831490242592059,0.020804383012827,4546
1726744938843973000,-0.0114525373846292,-0.0570554739132523,-0.0481792167574167,1.6808096449285743,-1.9784647039003669,9.45679319075644,-0.0628064945340156,-0.0074606039561331,-0.0006063417531549,-0.8566236239049868,0.1314635326469841,0.0235597582066162,0.4983556685886911,-2.7127954959869385,0.2848797440528869,0.1000313907861709,0.1070044768221676,1.1591560070872309,-1.008083986610174,-0.0184411667287349,-0.0123005490750074,-0.0598390584834851,0.0628708377480506,-0.098578274121927,0.1013529721328057,4547
1726744938883744000,0.2200108244076371,-0.0339629137478768,0.1253741001188755,1.6565943643435834,-2.007842189554125,9.4548742053926,-0.0576578974723815,0.0882519036531448,0.0408157929778099,-0.8567438156249142,0.1321429272568174,0.0217672122620192,0.4980507424500898,-2.6200191974639893,0.1178065538406372,0.2590295672416687,0.1448430629596114,-1.0283061059057712,0.3784147952079773,-0.0492678843438625,-0.0025841353926807,0.0021616047597228,0.0815167278051376,-0.0993501261441037,0.082008147128392,4548
1726744938923513900,0.2376248070314526,0.0591004237443208,-0.0085971479535102,1.6374837134212257,-2.021148538111895,9.455368126389384,-0.0114071322605013,-0.0155323576182127,-0.0258429944515228,-0.8568352844525781,0.132235625480054,0.0205942317394639,0.4979185706266222,-1.9198139905929563,0.009356883354485,0.145529955625534,0.4846259296953678,-1.097623387759924,1.1141828928947448,-0.058189108967781,-0.02100395783782,0.0160555331014795,0.0446552224457263,-0.0359040104788262,0.0813374265262857,4549
1726744938963284700,-0.1669287841700017,-0.090807959780842,0.1835872196346521,1.658067505636066,-2.0157902259491385,9.452924824890491,0.0449041649699211,-0.0127878794446587,-0.0044061737135052,-0.8564066560191093,0.1325539893014863,0.0215501769537637,0.4985304377072844,-2.9630496501922607,-0.4212050437927246,0.1535040736198425,0.512033576580882,2.013530610454082,0.222000829181075,-0.0341231301426887,-0.0332614257931709,-0.0245709872710402,0.0312955491244792,-0.0530855930347461,0.2125729294918477,4550
1726744939003055600,-0.0143330612570047,-0.0157737615846097,-0.0973883610844612,1.6673796699911354,-1.985629188702256,9.45766938906908,0.0826723203063011,-0.0488936677575111,-0.017814815044403,-0.8565997108532026,0.1314336808599197,0.022765243262022,0.4984415167872102,-1.944569706916809,-0.2771796584129333,0.0806360468268394,0.8963175560832023,-0.6811129629135132,0.8426572775661945,0.037205334752798,-0.0499107427895069,0.0268205129136331,0.022869773209095,-0.0492550475616939,0.135336472010985,4551
1726744939042826200,-0.0125659054540097,-0.0798844147063791,-0.1464817700773477,1.7022737271092832,-1.958628661312908,9.457083113613724,0.0632932037115097,-0.115093395113945,-0.0140324188396334,-0.8565688996747962,0.1311388238711082,0.0250111570359488,0.4984643593186319,-1.5136796236038208,-0.0893827453255653,-0.0332403182983398,0.8272761685609817,-0.6307774449050426,-0.6606088118061423,0.0817931368947029,-0.0581351295113563,-0.0245791157785686,0.0059431390836834,-0.1167199886805843,0.0728536575530655,4552
1726744939082597000,0.1864586834177374,-0.0427474009670317,-0.1994990745157003,1.7383298137441276,-1.9396515736423432,9.454435229453445,0.0453229919075965,-0.0807214602828025,0.012955910526216,-0.8566791636749207,0.1312277957768357,0.0271518543548553,0.4981393451727252,-1.403567671775818,0.0301601123064756,-0.0874624773859977,0.1507851663596928,-0.4962263511180877,-0.1617553270548582,0.0676115453243255,-0.0784573480486869,-0.0205152227739454,0.00618059001863,-0.0924146734582725,-0.0051716424715035,4553
1726744939122367700,0.5613976192086935,0.069750266443938,-0.2126332813769579,1.745565317955613,-1.9384245160654183,9.453353863957524,-0.0266410317271947,0.0328478403389453,-0.0125934407114982,-0.8568211008456916,0.1313548546262246,0.0275499529834904,0.49783985858483,-1.1005724668502808,-0.1068640574812889,-0.0090660713613033,-0.7016201827608048,0.128373866456747,0.876963890185207,0.0146730197593569,-0.070375420153141,-0.0190286603108863,0.0101938052102923,-0.0496417772903805,-0.0305602382980752,4554
1726744939162138600,0.0733797089874744,-0.0663391428261995,-0.0759574505209922,1.718530596035719,-1.969181181117892,9.451950426900387,-0.1189954653382301,0.1029718518257141,-0.0305405929684638,-0.8563076943383623,0.1320538065367041,0.0254253999044862,0.4986506201979561,0.0199563708156347,-0.0568722561001777,-0.0945067405700683,-0.0431983596049249,-0.4051683620989322,0.1971550686728209,-0.0301388967782259,-0.0850887671113014,-0.0852209899613633,0.0266322176903486,-0.023923042473034,0.0739173777944408,4555
1726744939201909500,-0.0098990243323147,0.1034618357792496,-0.0005997194588184,1.7133735055334864,-1.992636729376763,9.44796983283162,-0.0025408458895981,-0.0842504277825355,-0.0900110900402069,-0.8556350028709899,0.1330056268719961,0.0244356475633067,0.4996009659829443,-0.2371523976325988,-0.0311862826347351,-0.0484478995203971,0.3191293702855706,1.1274252363055943,-0.4117758706051856,-0.0353887118399143,-0.0619128458201885,-0.0787555202743038,0.0418830513954162,0.0137941606158216,0.0836523250056896,4556
1726744939241680400,-0.2012334970928728,0.0541692509524524,-0.1079150157958269,1.772278698966652,-1.9692313038699327,9.442009463122488,0.0265896953642368,-0.0606338419020175,-0.0930105224251747,-0.8546122400420885,0.1335636465353008,0.0274272063264232,0.5010452991240161,0.077215127646923,-0.0924052149057388,-0.0459322109818458,0.4305480102881789,-0.902035933730006,0.3156504421286285,-0.0115549704059958,-0.0414297580718994,-0.0871189142708666,0.0374699123203754,0.040557092415099,0.117413533035852,4557
1726744939281450200,-0.0922140271864831,-0.0687443042717874,0.1065548333585262,1.772045766993612,-1.9796449997261163,9.43987537370324,-0.0439413711428642,0.0579677820205688,0.0227200016379356,-0.8542416343384861,0.1340448371508653,0.0270608656833859,0.5015685258017678,0.5117934942245483,-0.0154940309002995,-0.1593256890773773,0.2319175353005528,-0.502035329657793,-0.1184703120797872,0.0025255670771002,-0.0193816069513559,-0.0663481435499852,0.0343247130513191,0.0344673744049854,0.1083702030842658,4558
1726744939321220900,0.3491217729672789,0.052703123922646,0.1474561680674553,1.770494884289801,-1.969111915273964,9.442368944084643,0.0911372601985931,-0.0664680525660514,-0.053778376430273,-0.8542507052764865,0.133530785687036,0.0272524322143336,0.501679888847577,0.4772155582904815,0.0884692817926406,-0.1482652425765991,0.2124345439344644,-0.016357845082879,-0.2638409060448408,0.0019469326362013,0.0180193353444337,-0.0418812354246387,0.0198113806545734,-0.0108268500842037,0.0226569406605092,4559
1726744939360960500,0.1341546418152749,-0.0986925755508244,0.0281067350655794,1.8052983405150471,-1.9229113051131368,9.445300321361422,0.1249074786901474,-0.0885570719838142,-0.0345902480185031,-0.8539794756295004,0.1323975137332209,0.029910136545963,0.5022900755374948,0.2339983582496643,0.1392848491668701,-0.1106642633676529,-0.4298440998025238,-0.1871229925453662,-0.979091847012192,-0.0198079291731119,0.036802764981985,-0.0518870263333665,0.0067904465831816,-0.0180881760068237,0.0856993297965265,4560
1726744939400730000,0.4475323167063295,-0.0539127919733524,0.0128010293841361,1.822021219518036,-1.885989103168249,9.449532844364642,0.0634205043315887,0.0068060904741287,-0.051191296428442,-0.8538149252053526,0.13119783275971,0.0315442937533836,0.5027845335495287,0.2247262895107269,0.2496332973241806,-0.1485045850276947,-0.272128549657762,-0.1845417438805103,-0.5925292550534009,-0.0390315018594265,0.0368602462112903,-0.0251182550234138,0.0363546498119831,0.0397852358263451,0.0980687080314382,4561
1726744939440499700,0.0205548583813011,-0.0989295991770923,-0.0193587804645299,1.8449771476916967,-1.861323010075837,9.449969482216238,0.0653490722179412,-0.0989729762077331,-0.0788502246141433,-0.8532599313363349,0.1307392277815998,0.0330591691664531,0.5037477718531063,0.1392798274755478,0.2304232865571975,-0.1423216015100479,-0.5892400042496622,-0.4536006768345832,-0.3811218622095882,-0.0503216870129108,0.0141578577458858,0.030628860254609,0.03770262748003,0.0735546499958494,0.0715261444095056,4562
1726744939480269300,-0.392404742115736,-0.1420316588006913,-0.1019032081604003,1.893419545429945,-1.8263013810552653,9.447220475769042,0.1000959575176239,-0.0674236789345741,0.0087451701983809,-0.8529505836662326,0.1304817592295437,0.0360600331568012,0.5041325588017505,0.0674618333578109,0.248144581913948,-0.1950495243072509,-0.3694993750855326,-0.2036328133195638,-0.5974088437885046,-0.0633012577891349,0.024074800312519,-0.0436513960354728,0.0309210289269685,0.004401088498914,0.0590456111174309,4563
1726744939520039400,-0.0992130922935903,-0.0562023642152547,-0.2498445293962955,1.902346217598766,-1.806336889782548,9.449265133339166,0.0462699234485626,-0.039085853844881,0.0633817538619041,-0.8535156241226406,0.1297859420708807,0.0371101929464064,0.5032789559298432,0.001659921137616,0.0937898978590965,-0.1533497422933578,-0.3761833828940987,-0.217744925302267,0.4733113394767045,-0.0719437077641487,0.0304214768111705,-0.0431558767366455,0.0258052162826061,0.0186587196035077,0.0505827479349216,4564
1726744939564780300,0.3314193814076483,0.1292087098456919,-0.2383312017351389,1.8681037562571463,-1.797368716559559,9.457803244581818,0.0230500027537345,0.0161944106221199,-0.0016507096588611,-0.8541927853275263,0.128430181456379,0.0359435137117581,0.5025617311490488,-0.2996852695941925,-0.1019193083047866,-0.0407409742474556,-0.3785945356890559,0.305049699267745,0.2097472045466303,-0.0698664858937263,0.0411931909620761,-0.0711992825087392,-0.0046066623181104,-0.0097291214003053,0.0661391678412677,4565
1726744939604548900,-0.1912700292222201,0.0988724621623754,-0.1827297260224819,1.8597293111436068,-1.7867846325725316,9.461458259958029,0.0390991866588592,-0.0203711166977882,0.021971071138978,-0.8542107479010959,0.1277347873248848,0.0358288509352003,0.5027167647937033,-0.2456353604793548,-0.0881474092602729,0.0398071259260177,-0.0854687907099723,0.3634077802121639,0.1182511163711547,-0.0469382032752037,0.0493706278502941,-0.0566540078397374,-0.039906907826662,0.0592259863527491,0.0531129924983251,4566
1726744939644318500,-0.2331668047092855,0.1046076448135077,-0.0894125598996877,1.8631692224644123,-1.7836911966018378,9.461365320977569,0.0674364641308784,-0.0219128541648387,0.1685126423835754,-0.8557446151058044,0.1275766361793772,0.0364531124864137,0.5000965998980254,-0.1248117387294769,-0.0801774188876152,0.1001864522695541,0.1216461656369268,0.5728548327684402,0.2181386007949709,-0.012745794840157,0.0816999748349189,-0.1141712814453057,-0.0665104836225509,0.0406845136204734,0.1160442265771795,4567
1726744939684088300,1.4817989384517072,0.141274995214492,-0.3706540980786085,1.8860946093693367,-1.7444922818966209,9.464131278559565,0.0951088368892669,-0.1300056874752044,-0.0338601693511009,-0.85689244325974,0.1263375990561684,0.0387609595312687,0.498268850607043,0.6609337329864502,-0.1397317200899124,0.2213689237833023,-0.8057588948883115,-0.9110708885788916,0.3864348739258945,0.0206667557358741,0.1311151683330536,-0.1493315060858148,-0.0750739127397537,-0.0309295237016165,0.1342211403133813,4568
1726744939723858000,0.2092674582056701,-0.1270253744572401,-0.345001770427823,1.950003164047748,-1.7443424981623887,9.45119814722836,-0.1099583879113197,-0.1092635691165924,-0.1039310097694397,-0.8557254281368206,0.128099507367137,0.0413947956577986,0.4996109448523478,0.2991361021995544,0.0339657701551914,0.2586045861244201,0.1317088560983538,0.4106342262893915,-0.9244314515419304,0.061280108988285,0.1475346237421035,-0.0806815016345121,-0.0837941691279411,0.0377707404990447,0.1239335915875155,4569
1726744939763627500,-0.4539868996731936,-0.1847095016628503,0.1496159764498472,2.002736098586768,-1.7888608543246984,9.431829429891703,-0.1120937094092369,-0.057053156197071,0.0207340642809867,-0.8546897033296432,0.1315633905299779,0.0424451827694849,0.5003949975467071,-0.4555438458919525,0.0344316661357879,-0.0193595886230468,1.2987205451220274,0.5432458764463662,0.2609143510736525,0.0714309439063072,0.1621771156787872,-0.1383627244969829,-0.1200605183839798,-0.0356564860081416,0.0510381315861828,4570
1726744939803397000,-0.0554693737655878,0.0410788832329213,0.0317681801825761,2.046547329393029,-1.8127881117485465,9.417846497246623,0.0150681529194116,-0.2923436164855957,0.0027473585214465,-0.8548409213738382,0.1337740418522857,0.0439087611271436,0.4994232641619043,-0.2276726067066192,-0.0513997264206409,-0.0508491396903991,1.214304916726798,0.5441536389410495,0.8364239361345768,0.0873572081327438,0.1429087966680526,0.0489699972423492,-0.1753440499305725,0.0135494891142821,-0.0284923414162592,4571
1726744939843164000,0.0242220025867223,0.0497075953684747,0.1080745902717113,2.211812710395455,-1.789992927094549,9.38478535464406,0.0886821895837783,-0.55637526512146,-0.1146479770541191,-0.8539873829752527,0.1371840593973544,0.0518618514462223,0.4991957182194205,-0.0108201839029788,-0.197956308722496,-0.1773170530796051,0.5412535335853695,-0.1533124928802251,0.3313644363500178,0.0854363366961479,0.1234399378299713,-0.0328384397625923,-0.2052000761032104,0.0084227652092056,-0.020244815184595,4572
1726744939882933500,0.0898740399315953,0.0853945564299821,0.2200315749347209,2.465487319473922,-1.7194371894866227,9.334628700333834,0.2143106758594513,-0.7415677309036255,-0.1687392294406891,-0.8522213440694895,0.140911558871462,0.0648870175997253,0.4996522009364729,-0.0284990463405847,-0.2906252443790436,-0.32419353723526,0.013133330078423,-0.3068786682605743,0.2634633049041032,0.0564929954707622,0.1527634114027023,-0.1042215955048333,-0.1631743460893631,-0.0330612681834376,0.0465720372891053,4573
1726744939922703400,0.238545429007709,0.033750878432393,0.3017506577223539,2.79445916159898,-1.589383260988444,9.264730988243222,0.3817987442016601,-0.989302396774292,-0.2386464625597,-0.8497823297124648,0.1441180054402346,0.0828261615541789,0.5002397474540526,0.1726196855306625,-0.3548207581043243,-0.424170583486557,-0.1759443036660551,-1.2887100232392548,0.2711830855011939,0.0199942961335182,0.1383307576179504,0.0576450510039692,-0.1402987241744995,-0.0307107207186287,-0.0700387188633438,4574
1726744939962472000,0.7822121612146496,-0.1442335527591407,0.718877753162384,3.230469821207225,-1.3681537084408104,9.157653007793426,0.6465999484062195,-1.2936382293701172,-0.4100434482097626,-0.8458457474430207,0.1464423231773126,0.1079087355151182,0.5014532801741636,0.2704253494739532,-0.359947919845581,-0.4437087476253509,-0.4183611672796308,-0.6447668072909116,0.5257451449386775,-0.0116719128564,0.0778198316693306,0.1470938740937039,-0.1738035827875137,0.0724033839017618,-0.0861547088812105,4575
1726744940002241800,0.8355965453997254,-0.189254305485636,0.762253953552246,3.7527415909469126,-0.9969229064527898,9.005190994262694,0.9974696636199952,-1.4308550357818604,-0.5344396233558655,-0.8401290726492672,0.1449264425502238,0.1409232746882316,0.5033093003120502,0.2331498712301254,-0.3024433553218841,-0.4750275313854217,-0.37005437861979,-1.0518664297133684,0.6765529615215957,-0.0015046892222017,0.0421675033867359,0.005502477865311,-0.1598974764347076,0.0497054901763563,0.0298755827854503,4576
1726744940042011400,1.1761238007619976,0.0518019007666036,0.4479197085887193,4.269936495813727,-0.5186713340949267,8.813001950499414,1.084687113761902,-1.3990974426269531,-0.7364568114280701,-0.8323721539994249,0.1393285822526281,0.1767752675346838,0.5064529416870794,-0.0037998254410922,-0.1621675789356231,-0.4632934331893921,-0.0330976752206683,-1.1463660836189984,0.0071159694850444,0.0427719317376613,0.0187704470008611,-0.0700243661110056,-0.1123524531722068,0.0505410550845088,0.0485357477106619,4577
1726744940081781200,1.898652769908309,0.4732883239272981,0.5727946270138025,4.80256774700433,0.021862520613498,8.550160576885938,1.01464581489563,-1.6852198839187622,-1.260334014892578,-0.819538154377542,0.1335232540774676,0.2150224602425524,0.514095501834909,-0.0197332520037889,-0.0971577316522598,-0.5975531339645386,0.2931476645499468,-0.940638343846798,0.6472052864842116,0.0849150121212005,-0.0457218922674655,0.0203593997412826,-0.0786308199167251,0.101163322179066,0.0090642294632532,4578
1726744940121550800,1.663020305737853,0.3577196515731513,1.620363651794195,5.404662995043396,0.6876486482925712,8.153964625793694,1.154873251914978,-1.993817925453186,-1.778972864151001,-0.7974523633384868,0.1286438185699669,0.2602196570109923,0.5289671171608954,0.2389728724956512,0.0518283918499946,-0.7690008878707886,0.9648781743511556,-0.9662170217394828,0.7025177161224186,0.1243745237588882,-0.1106302738189697,0.0549679955481318,-0.0319438017904758,0.0775126075411215,-0.0070796223841403,4579
1726744940161320400,2.050482330754399,0.3348556394666433,2.232999875330925,5.896321892115473,1.5454904893785717,7.682136802873015,1.370273470878601,-1.5311676263809204,-2.1759185791015625,-0.7690633993244308,0.1167696650818489,0.3077090531908164,0.5479245964639493,0.1759947091341018,0.2544741332530975,-0.8990062475204468,1.399672151646018,-0.2208925756782293,0.4566379987038672,0.1532511264085769,-0.1342938691377639,-0.0415216128985863,-0.0273147169500589,-0.0109514171787886,-0.1184177142428699,4580
1726744940201090300,1.0631237367868422,0.5952573648430407,1.7241706477493046,6.10556436201036,2.450615913556516,7.272341365495324,1.017235279083252,-1.303204894065857,-2.2756004333496094,-0.7372366219171217,0.0987265181134293,0.3456397958545369,0.5720737089742842,-0.1967133581638336,0.4680242240428924,-1.040990948677063,1.5525436227604743,0.498728689327836,-0.2240093925245106,0.190816581249237,-0.1678588390350341,0.0526941916975192,-0.0459195561707019,0.0148485262236732,-0.1019473669625353,4581
1726744940240860000,1.1035615456372498,-0.5346034280464053,2.080869870233536,6.278061447831988,3.288982800452411,6.777825909948349,1.3153270483016968,-1.7287840843200684,-2.1890981197357178,-0.7044447912814104,0.0840358329636187,0.3838815274368491,0.5910418827369104,-0.1828683763742447,0.5231432914733887,-1.1105650663375854,1.2354676778733729,0.7208107670515775,-0.0661294455982744,0.2147065103054046,-0.1781139522790908,-0.1032386762815527,-0.0751393735408783,-0.0681803959118668,-0.1100729701478499,4582
1726744940280628700,1.5647311964213848,-0.7217375265076756,2.186097838902473,6.362769191041588,4.3374309461548926,6.072251874995232,1.6197559833526611,-2.0741448402404785,-3.047020435333252,-0.6597830670962999,0.0649229212659583,0.4314931344451513,0.6117883447997927,-0.3227857947349548,0.5892998576164246,-1.1841721534729004,1.0353063400566578,1.419981949225068,-0.8459438980214298,0.2076490819454193,-0.1225597187876701,-0.1762442912596278,-0.0957071557641029,-0.1668195333755575,-0.1504793152809143,4583
1726744940320398300,0.7356430100023746,-1.5333382792919874,2.1342636067688465,6.193475285175443,5.51564324362874,5.233442505028844,1.6275207996368408,-1.883652210235596,-3.269026517868042,-0.6032387739587051,0.0401718655536777,0.4812015332812321,0.6347709617584409,-0.2476774603128433,0.5706766843795776,-1.1408265829086304,0.4156459169715643,1.5343594390332698,-0.4046988448910415,0.175505444407463,-0.0863338857889175,-0.0861640520982909,-0.0717756226658821,-0.0350655914598843,-0.0424463721938431,4584
1726744940360168000,0.2107686565488576,-1.9170254619449376,1.849298664152622,5.719668855658173,6.589758914551139,4.475583279304206,1.493182897567749,-1.397463321685791,-3.229633092880249,-0.5457516333800999,0.0109069959828664,0.5212387109882582,0.6560079038590868,-0.3810150027275085,0.417652279138565,-0.967926859855652,0.2308200954526662,2.6873218521773814,-0.6909859760217368,0.1251894682645797,-0.0715203732252121,-0.1325567233656533,-0.0258125681430101,-0.0670826729361899,-0.0665907429670915,4585
1726744940399937500,-0.1013794765472412,-1.9081524196594952,1.1648019040197133,5.065606981277465,7.515522345349193,3.745256495888531,1.4467211961746216,-1.5976829528808594,-3.0803375244140625,-0.4881585529774165,-0.0192326837756193,0.5555854252173011,0.6727973499626132,-0.1621306091547012,0.4038163125514984,-0.7414843440055847,-0.2001905639111995,1.4169500341832637,-1.5488668339438736,0.0611303485929966,-0.0039701117202639,-0.2272961043112911,0.0178213343024253,-0.1476437995940446,-0.0778131248576566,4586
1726744940439725600,-0.6489347406253219,-2.2994021465212104,0.3618257717177272,4.371918029907346,8.25108761394024,2.9960414721295234,1.0759943723678589,-2.091710329055786,-2.919224739074707,-0.4256543256442318,-0.0398244951416602,0.5879272055321911,0.6867124306369063,-0.097287431359291,0.4882527589797973,-0.5548884868621826,-0.1351823774278163,1.0955582719236612,-1.1132834598369896,-0.0434590019285678,-0.0087940217927098,-0.0489699972423492,0.0736931338906288,-0.0135494891142821,0.0284923414162592,4587
1726744940479495700,-1.087695867985487,-2.6859581626087428,-0.1993834853120148,3.7739898384198542,8.7468790807724,2.327977960403264,0.402134358882904,-2.912025213241577,-2.1953375339508057,-0.3600030275272582,-0.0419922151322279,0.6160704572468542,0.6993508446463343,0.3303025364875793,0.4313763678073883,-0.3667545914649963,-0.2103606602698564,0.349822906973958,-0.7792747925885021,-0.1195059269666671,0.0209519695490598,-0.1212164233169984,0.1018638312816619,-0.132800980450306,0.1051274309039115,4588
1726744940519266000,-1.362185301555693,-2.261647293144464,-0.3231671013690531,3.297298501116037,9.037387044468522,1.9036397645406424,-0.2686062753200531,-2.986901044845581,-1.943261861801148,-0.2933219311231498,-0.0250861458177619,0.6342807495233882,0.7148572433426558,0.3769099712371826,0.4588668346405029,-0.2345607131719589,-0.334846871638298,0.0352794031739234,-1.105976790085435,-0.151906356215477,0.0588009282946586,0.0362030094084213,0.0887223854660987,-0.0069991615760518,0.0878644445416983,4589
1726744940562189800,-1.3074942186862228,-2.078780788999796,-0.3704220428884029,2.787260482266545,9.252706788450478,1.6700243392810223,-0.1774986237287521,-2.5002028942108154,-1.7520030736923218,-0.2320522945803514,-0.0100612759265692,0.6440118187304184,0.7289027983949922,-0.5022737979888916,0.3269884884357452,-0.1400718837976455,-0.7983078482300042,0.3130015350550413,-0.7157393090061843,-0.1817536503076553,0.0432518050074577,-0.0407543000542093,0.0437968447804451,0.0320706154615618,0.1383430060163606,4590
1726744940602532000,-1.6608321480438113,-1.629312097403407,-0.6417470210783183,2.378344458071888,9.392811424711343,1.5129378808200358,-0.3178712725639343,-2.184600114822388,-1.2956823110580444,-0.1788734692783395,0.0067049292013135,0.6502435562188611,0.7383378452341781,-0.3866337537765503,0.3410554528236389,-0.0702661797404289,-0.6268851136416197,-0.3160439714908599,-0.5235980499073862,-0.2091797143220901,0.090147964656353,-0.1036182319173589,0.0096144760027527,-0.0449249916012864,0.1675060726013034,4591
1726744940642302200,-1.7397195145368576,-1.3880132780343293,-0.7145850244045258,2.0747581093549727,9.46964098189175,1.4804302804470062,-0.3278191685676574,-1.5523658990859983,-0.9088455438613892,-0.1390233570948144,0.0204449750307268,0.6512304227430031,0.7457569917945133,-0.0623201243579387,0.2461873143911361,-0.0611712150275707,-0.9214560889929532,-1.0008750781446696,-0.1040799676775932,-0.218391016125679,0.1067120879888534,-0.0323827684169635,-0.006471621338278,0.068942073599901,0.2443010881912894,4592
1726744940682072600,-1.0800507600598035,-0.872968244677782,-1.0752170562930403,1.871633537818492,9.509152323547005,1.497793503180146,-0.4821079075336456,-1.7479896545410156,-0.7223788499832153,-0.1060182413948997,0.0352830088861361,0.6499145269845474,0.7517488099268255,0.0605338923633098,0.1603163629770279,-0.0202215202152729,-0.7635568528443575,-0.4565764777749777,-0.1337732412822544,-0.2247744649648666,0.1224837750196456,-0.0464886241888161,-0.0178787373006343,-0.0667625056376913,0.2424345819333568,4593
1726744940721843000,-0.3856052912339568,-0.8348048105001449,0.0937022199176251,1.7390774172410368,9.525755667823551,1.551114174479246,-0.4469997882843017,-1.9663926362991333,-0.5719495415687561,-0.0706467318418102,0.0567644989109737,0.6462917135594326,0.7576897303991107,-0.1431691646575927,0.1650320738554,-0.0149021223187446,-0.5092810630023479,-0.5722562823534012,-0.4666080424457788,-0.2136276811361313,0.122627668082714,0.1007691991617903,0.0014978890540078,0.0605266343222698,0.2921065579991787,4594
1726744940761613300,-0.6942407400339842,-0.9812895031869412,0.3559843522131443,1.6915752229623495,9.538166236585376,1.527204598842561,0.0061605023220181,-1.4418703317642212,-0.1698317676782608,-0.0428883868104764,0.0771818698685385,0.6451179683510716,0.7589640616447468,-0.1408210694789886,0.1321448981761932,-0.0552288405597209,-0.5095242241084575,-0.5103443083196878,-0.0538414803028106,-0.198508083820343,0.0696329101920127,0.0424927320862188,-0.0003096661530435,0.0625975177456159,0.2379963620238937,4595
1726744940801383700,-0.0636107407756149,-0.6235638602644205,0.2798160354204476,1.7546653008647262,9.550645194408297,1.3699385460309683,0.197662815451622,-1.7435309886932373,-0.1084842532873153,-0.0216793677417664,0.0999381434313283,0.6482013140833366,0.7545711069429797,-0.001816835720092,0.0573088005185127,-0.0762498378753662,-0.3463432481646538,-0.4272159432560205,0.1612999845027923,-0.1616629958152771,0.0794051811099052,-0.0539887569861253,0.0002745711244642,0.0377678863882552,0.26637754838299,4596
1726744940841151000,-0.0731302642710506,-0.4690560201197862,0.1037292545437812,1.7707688789255915,9.57629986014664,1.1529274148959665,0.222870796918869,-1.825139045715332,-0.2621206939220428,0.0041528099439307,0.1244052982966908,0.6524878398688209,0.747506325564136,-0.0453989319503307,0.0161827243864536,-0.0916214659810066,0.0110848731160163,0.0284247149735689,0.1579924673900008,-0.1142946183681488,0.0977100431919097,-0.0235519007558352,-0.0219923313707113,0.0159332241793512,0.1988621100527234,4597
1726744940880920300,1.031472314851731,-0.2829594480127096,0.6207920574635267,1.723206332761794,9.607626726302504,0.9457637240365148,0.2811000049114227,-1.665724277496338,-0.4275732040405273,0.0312825393724937,0.1465072443988419,0.6559840677716199,0.7397580729964035,0.1233820915222168,0.0249218363314867,-0.0819243639707565,0.1691986287981271,-0.2100268982708454,0.0541043690226972,-0.0896655172109603,0.0745794624090194,0.0579448924670694,-0.0326421447098255,0.0385572284013498,0.1983997532379813,4598
1726744940920690400,0.8116858007192611,-0.1391039347857236,0.3399263668596744,1.5705448511362077,9.655456983491778,0.6898797683455049,0.4472635090351105,-1.5056859254837036,-0.5997427105903625,0.0582709112606487,0.1627131061998773,0.6620803330299952,0.7292315184713556,0.0041220136918127,0.0400826260447502,-0.0645603612065315,0.1858200932532548,0.0543470917373895,-0.0480763409048318,-0.0772767886519432,0.0484903492033481,0.0742322798293549,-0.0315035581588745,0.0517808488454204,0.1457700142119545,4599
1726744940960460800,0.4389093036592006,-0.1041419269979,0.547298951229453,1.3666180233061314,9.700401456111669,0.4527292642949149,0.4154621660709381,-1.2933037281036377,-0.5926276445388794,0.0847769753741141,0.1758347953549695,0.6678318317013203,0.7182587967447698,-0.1002733707427978,0.0639337301254272,-0.0476313717663288,0.2070288854986429,0.238071674016118,-0.1102620173133909,-0.0640446469187736,0.0037276637740433,0.0915107103558722,-0.0519735664129257,0.0935197303570341,0.0762145442543318,4600
1726744941000231200,0.1240655748035758,0.0369669178694486,0.1408838039398193,1.1728435369823127,9.733919694831966,0.2136074236387387,0.4484658539295196,-1.065946340560913,-0.4673653542995453,0.1059578621150239,0.1856671004979425,0.6742675881516866,0.7068690626859979,-0.0319646149873733,0.0885779857635498,-0.0467286296188831,0.300122179737687,0.0399099855840206,-0.0608370382785797,-0.0627260580658912,0.0057130423374474,-0.0518870263333665,-0.0442813970148563,-0.0180881760068237,0.0856993297965265,4601
1726744941040001500,0.28639482928887,-0.0185690913915634,0.1599187592774629,1.020240726741403,9.753393041586875,0.0287738069724524,0.2858111560344696,-0.961117148399353,-0.3489638864994049,0.1240342450190849,0.1953207751320445,0.6785150985560972,0.6971962372192534,0.0414504781365394,0.1318903118371963,-0.0656539127230644,0.3960813848018646,0.1424047298967838,-0.1450114052638411,-0.0527389533817768,-9.7778160125e-05,-0.0210824167862068,-0.0415180698037147,0.0235869926188141,0.0168285085016628,4602
1726744941079772000,0.7793533377174288,0.2884481085568666,-1.1219231317579743,0.8332910449363291,9.767946467596293,-0.2514515262015164,0.5309807062149048,-1.3677765130996704,-0.6907576322555542,0.143443392707036,0.2062076664534156,0.685783390111614,0.6830838042947305,0.4680185914039612,0.1036090776324272,-0.0936313569545745,0.318287366503477,-0.0319639950156211,-0.2729999256648123,-0.0393649376928806,0.0102649899199604,-0.0628078314614715,-0.0266485251486301,0.0040115018053271,0.0355928621704224,4603
1726744941119542300,-0.9475553566936404,-0.4390910899668931,0.8420470367133617,0.6439406586650759,9.77498118853867,-0.4532888709390535,0.5425832867622375,-1.5750761032104492,-0.0548732988536357,0.1689874335475389,0.2227024163873958,0.68812421487597,0.6695759436587604,0.3059109151363373,0.1251332908868789,-0.0047060772776603,-0.1019026236385107,1.197958323690295,0.1466764158666133,-0.0463383421301841,-0.0139024890959262,-0.0139656024843687,-0.0053296764381229,0.066813185512158,0.0142080112468742,4604
1726744941159312400,-0.0840655728485435,0.3136737352281808,0.7939993373811245,0.4446921979095786,9.787163209241628,-0.4290328930174931,-0.1083440631628036,-1.7855104207992554,-0.5347018837928772,0.2006699561785144,0.2408123267827252,0.6810903120456085,0.6617076346629589,-0.2684375941753387,0.0304432082921266,-0.0195796992629766,0.0362362655073404,-0.1263847384661436,-0.7342839966088534,-0.0408080965280532,0.0161828901618719,-0.122542803949397,0.0241429917514324,0.0038130486322683,0.0100861489688279,4605
1726744941199082000,-0.7260241177856922,0.0793529381781816,-0.1167068095386028,0.3127250196686014,9.7905937682122,-0.4656832192184403,0.0700333192944526,-0.8977991938591003,-0.0078273899853229,0.2216777884506861,0.2542280422551177,0.6775775516407294,0.6535409304024267,0.110218621790409,0.1638238430023193,0.0603202581405639,0.5165723890542984,-0.1292997491300106,-0.1493333601161837,-0.0412921607494354,-0.0010595644125714,-0.0334336816924042,0.029668154194951,0.0839208762813825,-0.0014595620041684,4606
1726744941238852400,-0.0923112404832616,0.0819838712036609,0.1509563216755166,0.3498377026842907,9.785568049004674,-0.5391161196978762,0.2037730067968368,-0.783667802810669,0.1263360232114792,0.230124524693848,0.2674390161374833,0.6752508020857961,0.6477309499951918,0.0456910282373428,0.1156521588563919,0.0030814716592431,0.1309247199833393,0.4228343671709298,0.1481989492587745,-0.0358915776014328,0.027473472058773,-0.0841539178522769,0.0149309448897838,0.0624684891050448,-0.0730829316977178,4607
1726744941278622700,0.1116505490623414,-0.1747650307536125,0.1029460317442193,0.3350178442910313,9.782695708438752,-0.5974983852354809,0.0390208959579467,-0.7788787484169006,-0.0538876242935657,0.2402012564974047,0.2785069516716129,0.672976833165412,0.64174713343715,0.24563530087471,0.1550705581903457,0.0187895931303501,0.3127846774339676,0.278607682543993,0.0886719706654548,-0.0342274829745292,0.0485654585063457,-0.0918940197181888,0.0077140047214925,0.0542368545622564,-0.0548920762011315,4608
1726744941318392800,0.484853016449511,0.1104910037636756,1.0088801784891634,0.3311207637872547,9.779506557008624,-0.6495999265357851,0.2681664526462555,-0.0980365350842475,0.1748763173818588,0.246407598510789,0.2862025760663189,0.6717205241308032,0.63730908738499,0.3358964920043945,0.167190134525299,0.1103194430470466,0.1417635093837976,0.3346680079400539,0.3236693518027663,-0.0311714559793472,0.0428715981543064,-0.0524062416016124,0.0081638284027576,0.1152862021509558,-0.0255900007210089,4609
1726744941358163200,0.2423922771615907,0.931077903819084,0.2236918875405564,0.3425412255331874,9.783123578462003,-0.5861141273140907,-0.3796346783638,-0.8312851786613464,-0.1448898017406463,0.252145861653675,0.2912173554407718,0.6671401319062797,0.6376040491719984,-0.4108067154884338,0.1606056839227676,0.0210687275975942,0.2917863130688667,0.8340998771011829,0.1332353350132703,-0.0433800555765628,0.0391192026436328,-0.0725537156252656,0.0181680079549551,0.0863813572439365,-0.0321170164531329,4610
1726744941397933600,-0.4849017874946817,0.273827462530136,-0.1494657177915796,0.3137164418587461,9.788702255377173,-0.5032541673956439,-0.15533047914505,-0.3694812953472137,0.1509892344474792,0.262514684663986,0.2976796402072056,0.6610942846153862,0.6367316351480331,0.2098858207464218,0.2023037075996399,0.0265654940158128,0.6139987440615892,-1.0807552550673485,0.3534270689457655,-0.0522913597524166,0.0545776486396789,-0.036166835266631,0.0538915060460567,0.1111371105143334,0.0550697343229781,4611
1726744941437704000,0.091523268443346,-0.0848445213317871,-0.1703471777787432,0.4157482083022594,9.78809376809001,-0.4367318865548819,-0.1772611588239669,-0.3098333775997162,0.2369837611913681,0.263552576299964,0.303665985935204,0.6557851008331811,0.6389622826930315,0.0456012822687625,0.2598287165164947,-0.011907996609807,0.0188467392891645,0.0351268429607152,-0.9467150334119796,-0.0591311603784561,0.0801521614193916,-0.1159215226461179,0.0509427040815353,0.032781608708552,0.0159285183214815,4612
1726744941477386500,-0.1888524466864764,-0.4971230076968669,-0.3427870169878005,0.5476834570350125,9.78378233463168,-0.3847511951552704,-0.0715966969728469,0.0048046614974737,0.449198842048645,0.260991035073939,0.3083387062736027,0.6515704819265234,0.6420800758331494,0.6615305542945862,0.0842724591493606,0.0101143475621938,0.1445703834980726,-0.1845154403954744,-0.0352995691791176,-0.0663336291909217,0.0846530795097351,-0.0135978537340764,0.0381217375397682,0.1303230094968341,0.0128526339904987,4613
1726744941517152500,-0.1921808969894424,-0.0125374100118875,0.4369979170799255,0.5643296175399795,9.78447148593962,-0.3406307157367467,-0.0767745077610015,-0.3332558274269104,-0.1074234992265701,0.2631435845240596,0.3103266727512339,0.6488949756143696,0.6429526350315247,0.5214788913726807,0.020136933773756,0.0535479746758937,0.4531511795014142,0.2400245616495609,-0.2925558361366391,-0.0735458806157112,0.1163374930620193,-0.1431297105699311,0.0217577144503593,0.0416576740681426,0.0184517908630485,4614
1726744941556919800,0.1617719493960961,-0.4722469251155853,0.3155284231841564,0.5476600030941888,9.785392107915875,-0.3414162035586312,0.0716497600078582,-0.1592916846275329,0.0674780830740928,0.2661112774474569,0.3122411729225025,0.6480068153251026,0.6416988769313613,1.0198599100112915,-0.1015188172459602,0.1044883877038955,-0.3923883755028247,-0.2977069352895021,0.6483350211665034,-0.0909970626235008,0.1038497239351272,-0.0715907249451614,-0.0007910059066489,0.0743930690147914,-0.0522576497440459,4615
1726744941596687000,1.105127041388303,-0.4345055157423019,1.051167926055193,0.5643797402920201,9.779224232935904,-0.4675814905878156,0.507705569267273,-0.1175332814455032,-0.0523854382336139,0.2634840272228193,0.3144432950461631,0.6518937297442192,0.6377586900197092,0.6758836507797241,0.19937464594841,-0.1204344034194946,2.360906124275923,-0.2597223648101091,-1.7835750228762626,-0.1017339006066322,0.0974577143788337,-0.052773988068616,-0.0002762166550382,0.0517763781662797,-0.0242346223229891,4616
1726744941636454400,-0.8998064211122692,0.8230255253791808,-0.8014004804830998,0.4597221919221803,9.773560800346733,-0.6607083266578614,0.4873755872249603,-0.1132689043879509,-0.3716228306293487,0.2635044199027307,0.3132530451903845,0.659969149335633,0.6299830084543006,2.120819091796875,0.0251788310706615,-0.1755380034446716,-0.0585100566357374,-2.095553060102463,0.3038558133080601,-0.1113502085208892,0.0686638206243515,-0.0139656024843687,-0.0026021299418061,0.066813185512158,0.0142080112468742,4617
1726744941676221700,-1.6715994796432554,0.4511936156928539,-0.8381552169065922,0.5042765692459419,9.769951962199809,-0.6812649386048316,-0.3092700839042663,0.1783864051103592,0.5158988833427429,0.2638292353327197,0.3172245794407302,0.6588652462521136,0.6290145093110023,2.0435938835144043,0.1036630421876907,-0.0924371257424354,0.0014835165560245,0.7590449283778667,-1.8317802508577703,-0.0996231213212013,0.0599015727639198,0.061881012639869,0.0442656315863132,0.1121147325079888,0.1274819408520124,4618
1726744941715989000,0.1726041994579136,0.1105114620298147,0.6348176602065563,0.7128013558581471,9.761380533209442,-0.6146171682208776,0.0991920828819274,0.0098707936704158,0.3992810845375061,0.2567614598173642,0.3218766733597714,0.6540123564197755,0.6346154858237949,2.328005075454712,0.3920876681804657,-0.1402166336774826,0.5252431867659092,-1.2023685413479803,-1.2452221791684628,-0.0727316960692405,0.1031856015324592,-0.0454215566463069,0.053280122578144,0.0196290282236761,0.0954342770077753,4619
1726744941755756000,1.33402946665138,-0.1157283198952674,0.8775346027452499,0.8440954206105321,9.739370945975184,-0.7762300180651247,0.6631552577018738,0.3617543578147888,0.2972621321678161,0.2474876472143101,0.3259732091221552,0.6582690815705604,0.6318014810607606,1.3700010776519775,0.3102248311042785,-0.1741385757923126,1.1623773072212933,1.900989688423276,-0.6401613593220711,-0.0263926051557064,0.0322593450546264,0.0988113978912122,0.0279368124902248,0.1685008375260047,0.0729163566588889,4620
1726744941795522300,1.0683944437313824,0.1729062511444091,-1.1494225485801697,0.8770439696840941,9.727117613601685,-0.8856491548135876,-0.2336145490407943,-0.3080315887928009,-0.134205088019371,0.243675723868827,0.3275194361665982,0.6617299731201398,0.6288613926410581,-1.3712459802627563,0.0032695897389203,-0.2492905855178833,0.0955634837448596,1.836370793518424,-0.0020633622705936,0.0031888645607978,-0.0082136699929833,0.0092067466314154,0.0015733452746644,0.074135372493253,0.0929249336685053,4621
1726744941835289600,1.7370862434238197,0.6254775849312544,0.5856558621525764,0.7994209240384399,9.748299517840149,-0.7085081887088716,-0.521602213382721,-2.00398588180542,-0.1609180569648742,0.2628561683746834,0.3368479409763664,0.6501210120515021,0.6283174546433526,-0.5344639420509338,0.0600375309586524,-0.0760166123509407,-0.4345324037492275,0.7972703218758106,-0.5045668939620256,0.018177269026637,-0.0301938168704509,0.0868714971147477,0.0116200717166066,0.1215816855659708,0.0365207198883523,4622
1726744941875052800,2.163488093817979,1.04546649954319,0.350525063893944,0.5902929108360782,9.75701999991238,-0.7889625122576952,0.4488175511360168,-3.0404672622680664,-0.318321168422699,0.2991546774679013,0.363514101841421,0.6388140499442075,0.6085067178493792,-1.3413206338882446,-0.502737820148468,-0.0952325165271759,-0.3571615792989731,-0.0518991140633821,2.536941905617714,0.0113147059455513,-0.0832707285881042,0.0844020199949853,0.039389718323946,0.1139279285429511,0.2185543054563924,4623
1726744941914819800,0.2972533097704872,0.5267927542954683,0.9095149643737822,0.4186129135509953,9.729368607398866,-1.1552194713559,1.1399542093276978,-2.353309631347656,-0.1084307879209518,0.3309075567121889,0.4000007823035563,0.6315846547616347,0.5758475073843866,-1.590633749961853,-0.6454330682754517,-0.2061710804700851,-0.4224550124645232,-0.4344733670383691,0.2337789452582597,0.0252854097634553,-0.1321089267730713,0.0943878823605365,0.1319228559732437,0.1443200802651233,0.2920163224324584,4624
1726744941954587100,-0.0429099163186736,-9.41080242395e-05,-0.6550573151588439,0.2598846061671152,9.658303605094552,-1.6792888651020823,1.2859578132629397,-2.13039493560791,-0.0465185791254043,0.3476380516460842,0.4304465889229699,0.6327208225342451,0.541782110596829,-1.4855300188064575,-0.4741738438606262,-0.2869076728820801,0.256501649197936,-1.1753443408221005,0.1270958093449473,0.0421856679022312,-0.0551749281585216,-0.1564483249542303,0.1428913921117782,-0.0741557165949605,0.1368416432763915,4625
1726744941994354400,-0.9308215909704566,-0.508872482201457,0.0684311466693878,0.1301107001867145,9.57272141713798,-2.125200010347366,0.7324632406234741,-1.5704944133758545,0.1091009750962257,0.3631841197070551,0.4612372240265089,0.6289795464103842,0.5096492004193748,-1.5948675870895386,-0.5057789087295532,-0.2244268655776977,0.2919984945148229,0.952387818351388,0.8812564728125929,0.0691951811313629,-0.0727116242051124,0.0249986084158299,0.1105529367923736,0.0731013487038202,0.0487580532584106,4626
1726744942034121700,0.6358268372491002,-0.3363192822784185,-0.5651148861661554,0.0109067058208049,9.583774726071953,-2.078831934665143,-0.9087016582489014,-0.8234090805053711,-0.2523723542690277,0.3808658162985153,0.4730408179329903,0.6182421157678427,0.498949279606114,-0.6661098599433899,-0.2818123400211334,-0.093608982861042,0.793927441188693,-0.038719314494729,-0.2823334250688553,0.1253445595502853,-0.0626175925135612,-0.018964435968257,0.1027857959270477,0.0949997123822569,0.1155888474924955,4627
1726744942073887700,0.3370959292067215,0.3155564802348614,0.2875252946235239,-0.1608228137114085,9.67484791266024,-1.5943101959966122,-1.387326717376709,-0.2549910545349121,-0.3993911147117615,0.4017250420925995,0.4633329348012464,0.605483104591522,0.5072767899713286,0.1245717257261276,-0.2749832272529602,-0.127591386437416,0.5506698889672755,0.1138140107065439,0.3199056153550744,0.1307231485843658,-0.0604741796851158,-0.1113103573225438,0.0933758616447448,-0.035783907213516,0.0524074380448553,4628
1726744942113655000,-0.2313807250101119,0.6666279259651899,2.205919122312218,-0.3303585837757214,9.731987265464664,-1.1617474118199198,-0.7141801118850708,-0.1313693523406982,-0.3371916115283966,0.4205036099288448,0.453748664166801,0.5944281132259999,0.5137548298005314,-0.0124953128397464,-0.292784035205841,-0.2537402510643005,0.7441413737565279,-0.3137538147270679,-0.2047732155263423,0.1013552397489547,-0.0221417378634214,-0.0736488356519024,0.1420756727457046,-0.0405137281974079,0.1116683952462859,4629
1726744942153422300,-0.4742363818997517,-0.131260820069909,2.0618108033679423,-0.3619386209750548,9.740091076943278,-1.0816850101981312,0.3073223829269409,-0.0493597090244293,0.1300218999385833,0.4231964931694588,0.4510490099466143,0.5930475335794677,0.5155136078379983,0.199073925614357,-0.19861601293087,-0.3648736476898193,0.2516770055204629,-0.8351005785763264,-0.2332297869428992,0.0835627540946006,-0.0205135084688663,0.1240374994865618,0.1987606436014175,0.1025942408981733,0.1042445379890035,4630
1726744942193189600,0.524413786737062,0.7108201189130544,0.9431507650591432,-0.3393118151579052,9.709791800269484,-1.332358610829711,0.830334484577179,-0.4677038788795471,0.0014439590740948,0.4202647180874568,0.4612998833719662,0.5959310361431096,0.505416780234884,-0.2041755318641662,-0.1729915589094162,-0.3497932255268097,0.2370662963658571,0.3778103995740413,0.04018149600178,0.085098959505558,-0.0485078506171703,0.0836147786074318,0.2240717709064483,0.0940367308353073,0.0982979776095133,4631
1726744942232957000,-0.1932026412526145,-0.1468470962584018,-1.1574212922491132,-0.3592597936872392,9.68579659217596,-1.492211611394584,-0.1649056077003479,-0.1080907359719276,-0.0183409322053194,0.4202146770281008,0.4680341789683304,0.5975162134847772,0.4973310544969235,-0.011929390951991,-0.1217210814356803,-0.2510035336017608,0.5579600459754467,0.2902268086671829,0.267216227696836,0.1100484132766723,-0.0748492926359176,0.0757468947765417,0.2469264864921569,0.1350572988765779,0.1235963224571663,4632
1726744942272724200,0.169252989333868,-0.6317483357638121,-0.1263492287613451,-0.3533073150236159,9.722682846024632,-1.230864567992091,-0.9257220029830932,0.3818485140800476,-0.0326088145375251,0.4244720492823237,0.4603511660142211,0.5923119367411884,0.507017725610223,0.7072324752807617,-0.1083540916442871,-0.2562066614627838,0.5703770444780588,0.1853764411389827,0.6070622227966785,0.1209450364112854,-0.0961936116218566,-0.0157276345876744,0.275859534740448,0.1456755134620703,0.1903159616340883,4633
1726744942312491300,0.0338505028819665,-0.3079360683590174,0.8605156634051352,-0.3441988200144842,9.75395944329798,-0.9550868481770156,-0.4626703560352325,0.1610611826181411,0.0189547594636678,0.4277550159162616,0.4512206493441287,0.5874485526929528,0.518005568072859,0.6018733382225037,-0.101929485797882,-0.2252143621444702,0.0526180759876966,0.1452460908025503,-0.2274739998951554,0.1162852942943573,-0.1091073229908943,0.0052270093667088,0.3221445679664612,0.1713407188607379,0.1805949424834921,4634
1726744942352257500,0.2267846659241244,-0.7349404146909714,0.4409948046963661,-0.3373673300266265,9.76212930575013,-0.8703052360136061,-0.1774668544530868,-0.0101644331589341,0.0053572920151054,0.4290895571999106,0.4490690685220785,0.5854145438103446,0.5210653270993997,0.1943012773990631,-0.089810237288475,-0.1160371229052543,-0.2144417921036481,0.694293347004056,-0.4933943425625562,0.0953022912144661,-0.1277602314949035,0.0190928869368042,0.3642784059047699,0.1942832760961726,0.1767093149554915,4635
1726744942392024800,0.2171776833409443,-1.4501853643089533,-0.1609434992153197,-0.3446692870704457,9.77033657760322,-0.7695037054847925,-0.3791448473930359,0.024967223405838,-0.0435738153755664,0.4316401007054014,0.446678798827537,0.5828480262608718,0.5238827970835538,0.1232337579131126,-0.1461742222309112,0.0502445884048938,-0.7441670927196741,0.8206751628607512,-0.5305094367310405,0.0522555261850357,-0.1231075227260589,-0.2199511118433438,0.3764075934886932,0.0951096572964452,0.2015421429169364,4636
1726744942431792000,-0.0021153116535395,-1.8736872554779047,0.6833668062549084,-0.3586610606091097,9.7805394071877,-0.6187233614306896,-0.2964970171451568,0.1138292923569679,-0.0180727392435073,0.4346000471621662,0.4419908814921919,0.5798190855589743,0.5287502232878964,0.1354648470878601,-0.1604756712913513,0.2212675958871841,-1.0455050779879091,0.8384744389235973,-0.8458663027405738,-0.0018604848301038,-0.1141473278403282,-0.4130418354203924,0.4334594011306762,0.0947025560665875,0.265412009552773,4637
1726744942471559200,-0.293522744940035,-2.616288414055109,0.8033423352658748,-0.3345061684418469,9.78482745977044,-0.5618266948083416,-0.0492625460028648,0.1741690635681152,0.133673146367073,0.4336938014786958,0.439768898087552,0.5790064823447031,0.5322260278707793,0.1050582155585289,-0.2306396812200546,0.4032060205936432,-1.341675889751315,1.259759238564968,-0.8935402003243565,-0.0884420201182365,-0.170274019241333,-1.0937545835025608,0.5317205190658569,0.0505765465229982,0.3137748575150966,4638
1726744942511326500,-0.1098501851094886,-3.89284564268589,0.979683163968846,-0.2494296467187814,9.786772748619317,-0.5720710985122248,0.1627122908830642,0.2344232648611068,0.2277840375900268,0.4284451428663717,0.4395876683055393,0.5795948502568674,0.5359732369819078,0.0110587496310472,-0.2531050443649292,0.58497154712677,-2.187236487543583,2.288395599338412,-1.6347648098513483,-0.1696963310241699,-0.3061870038509369,-2.603480662669241,0.6099879741668701,-0.0863514187633991,0.2547871916965581,4639
1726744942551193000,0.0851410748592577,-5.521380325976014,0.8419559243638068,-0.1620549127896316,9.778419346293806,-0.725686848655343,0.5914031863212585,0.0880564302206039,0.2075043767690658,0.420921394966869,0.4437092881773904,0.5831996234162993,0.5346263976288518,-0.3350831866264343,-0.2591522932052612,0.6978732943534851,-3.479845271787047,3.661387833851576,-2.3650670433476564,-0.2404142618179321,-0.4037612974643707,-5.345744357606768,0.6949030756950378,-0.5032759043034166,0.1395952893660869,4640
1726744942590964000,0.1560277249219827,-6.736474493384361,0.4376093269765377,-0.0855483496190514,9.754066410803794,-1.0105721501640974,0.8475701808929443,-0.0113213211297988,0.1895310580730438,0.4116852478020976,0.4513851487792858,0.5897256052649659,0.5281954456696087,-0.4483993649482727,-0.2577022016048431,0.7501927018165588,-4.536785351502895,4.445109522846341,-2.564161336454749,-0.227361187338829,-0.2442971467971801,-6.452230266258121,0.7759830355644226,-0.7335436996355652,-0.2589441104466095,4641
1726744942630734300,0.465263422903791,-5.651632261264324,-0.5928875669717788,-0.0323617050793371,9.717585230624676,-1.31828405437842,0.6197260022163391,0.0649521574378013,0.0019776241388171,0.4029668620972692,0.459338905311812,0.5968429864409277,0.5200037594764405,-0.7666931748390198,-0.3789237439632416,1.0281093120574951,-4.2915386712908745,3.679604458543658,-2.695071735651791,-0.0951562151312828,-0.1153080314397811,-2.9397336017131805,0.5776989459991455,-0.3255368627076968,-0.8939677050214261,4642
1726744942670504200,0.0970972874497063,0.4819382980465889,1.1566156749546528,-0.096199571425002,9.678454997241497,-1.5775459620699286,1.0398683547973633,-0.006581790279597,-0.2142972350120544,0.3978565429016024,0.4619534835299687,0.6058311955427239,0.5111533956934797,-1.3389970064163208,-0.4348742663860321,1.3555405139923096,-0.3970107746064663,-0.4502081117868423,-0.7314046417802572,0.0021222517825663,0.0036828462034463,0.971710942980647,0.4901420176029205,-0.182905466181878,-0.7280945673841983,4643
1726744942710274800,1.0117161325674504,11.546383543062207,-2.155113794834912,-0.0933903318237047,9.577958733269572,-2.103423062825202,1.4677172899246216,-0.0018282630480825,0.2191057652235031,0.3848910904048231,0.4725656912333727,0.6196179448763223,0.494584877734457,-0.8652413487434387,-0.093131884932518,0.7542932033538818,7.46146050029397,-8.510537007027864,4.939939451169967,0.182678148150444,0.5117766857147217,6.890569661074877,0.5388160943984985,0.4167768572302535,-0.660876595896855,4644
1726744942750045400,0.0764510244579054,21.54020914257765,-9.097320996427536,0.0276966358777484,9.511389873340724,-2.3881125495009123,-0.2961871027946472,0.0271672755479812,0.3843974769115448,0.3753230749879862,0.4830248790346002,0.6232550227837392,0.4872091217196879,0.7424272298812866,0.3079130053520202,-0.3283436000347137,15.37012934603691,-16.098401535010336,7.184756605544686,0.032387014478445,0.3374494910240173,15.78744290395975,0.2267234921455383,1.0623391622804104,-0.8838623444620519,4645
1726744942789816000,1.3739384293220935,23.11370699830055,-8.204916229873895,0.0943059396981261,9.588841361811756,-2.0531899822779,-1.2421196699142456,-0.2002260386943817,-0.0490183532238006,0.3825637225296022,0.4791923415722727,0.6124199972674342,0.4989602667674775,0.4072455167770386,0.7567979693412781,-1.065848708152771,14.65581203265786,-15.895625046259164,4.708928217059373,-0.0650117173790931,0.0464651808142662,17.60418019172549,0.4955670237541199,1.861860331822932,1.2088930477458983,4646
1726744942829586700,-0.180326993995998,15.177986479502916,-4.621559730207919,0.0284448695623199,9.708093764179944,-1.3865399906113742,-2.121923446655273,-0.2354281991720199,-0.0731005147099495,0.4028951024533619,0.4662695333848707,0.5943791588074246,0.516702721344611,0.7761428356170654,0.8064252734184265,-1.2369388341903689,11.938660859405994,-13.732398379856347,4.521533421835303,-0.0881117805838584,-0.3738600313663482,15.158361741578576,1.0563256740570068,1.5510362869374452,1.409020556358248,4647
1726744942869353500,-1.714327299126983,4.942989486390352,1.5737281573474406,0.0930036979931406,9.7791055749923,-0.7285753366384655,-1.048261642456055,0.1357978880405426,0.484906792640686,0.4178318836690982,0.4555984455991247,0.5740880235175542,0.5369073390252588,1.3628848791122437,0.9444292783737184,-1.4486937522888184,6.263816649380326,-7.931677965408563,1.4116197790712115,-0.2862958610057831,-1.4170345067977903,3.686159871536493,0.9097465872764589,0.7436935569237917,-0.0159646924632717,4648
1726744942909124000,-0.1201830708144232,-10.036505049812794,-1.7935493044018744,0.3313217297194525,9.793194306099414,-0.3923573227774352,-1.1050238609313965,0.7033380270004272,0.5340243577957153,0.4141161744955734,0.4503309092700353,0.5632110874557148,0.5554305124411302,2.2047548294067383,1.9038655757904053,-1.440804123878479,-2.205112920495868,1.111812072110176,-2.725529125496745,-0.154863640666008,-1.0897514820098877,-10.299766694664957,0.6232206225395203,-2.3564345318198203,-1.289304774262011,4649
1726744942948893700,0.9831418530553578,-15.506430498361588,-0.4982938050419092,0.4566712433863431,9.791918294814227,0.2831151865636929,-1.9660176038742063,-0.1526171565055847,0.0023657558485865,0.42216859452523,0.4359501812981645,0.5436106900306487,0.5798348659805933,1.11181902885437,0.7682427763938904,-0.837066650390625,-12.301164968776702,11.16195051047802,-7.992585730835795,-0.4722344875335693,0.6192653775215149,-7.4885577660560605,0.3446309268474579,-1.702939205280691,-1.844418198634684,4650
1726744942988664600,-0.3947349751615897,-14.893047255849837,3.752233056902885,0.3387704382902011,9.767510414266583,0.8070749459229409,-0.4263768196105957,-0.3213581144809723,-0.515960156917572,0.4413521826834947,0.4249483870912076,0.5275125566785337,0.5885215972430807,-0.2873114049434662,-0.1827554702758789,-0.0148338126018643,-11.591410433268546,8.225259345200657,-11.08714339903593,-0.0214130599051713,-0.1623571813106537,-8.973579465946555,0.1680677831172943,-1.2834646699316798,-1.268018386735767,4651
1726744943028435200,-0.6739379567176104,-13.551368443489071,1.6012626454830168,0.1683122926839627,9.785140178981424,0.6269910582341254,1.017223596572876,0.1871888935565948,-0.3007883727550506,0.4428171263561553,0.4246429446303106,0.5363867270865922,0.5795522362988534,-0.5878422260284424,-0.3830384314060211,0.4673945009708404,-10.357840113449097,5.5450704136431215,-8.194635074356198,0.0455526188015937,-0.0307290889322757,-10.190749855107068,-0.053932562470436,-2.0734458577126262,-2.3450690881967544,4652
1726744943068205800,-0.3323712387723848,-11.689787805390358,-1.719817128714919,0.1097105483099352,9.803306534790991,0.2313717197197489,0.9134199619293212,0.0008473677444271,-0.0198592580854892,0.4343945098877373,0.430449717307534,0.5503783843254617,0.568417215701168,-0.1755819767713546,-0.4458203315734863,0.7174672484397888,-7.531783744320273,5.588565856498479,-4.274105890452861,0.0625362768769264,0.2095365971326828,-9.335798913156983,-0.3251599669456482,-1.7718987597383558,-2.3288534280635416,4653
1726744943107976700,-0.5792684992030263,-9.875679697084426,-2.1223685863137245,0.1215270784350577,9.805797182562946,-0.0439349485174752,0.4827942550182342,-0.3007188141345978,0.0508159399032592,0.4298834244958118,0.4387443889168991,0.5565459731523011,0.5594283404209378,-0.2291906028985977,-0.5585846900939941,0.852135181427002,-6.614835488140582,6.021399639636278,-4.854071724270284,0.1137302070856094,-0.0120017798617482,-9.026801353046295,-0.6447280645370483,-1.2544713612899183,-2.089279094399512,4654
1726744943147747300,-0.4568460519639775,-8.834608217629789,-0.812562583553791,0.1258477911783848,9.804109667867422,-0.1843227125686593,0.2758853733539581,-0.0902046114206314,-0.0434477999806404,0.4288099547777091,0.4441542926225413,0.5586813109409087,0.5538268194279783,-0.7729689478874207,-0.9130130410194396,0.6357483863830566,-5.479132252833247,6.126930390644073,-5.289495816162228,0.1458010971546173,-0.3024374544620514,-9.414813413161038,-0.7736309766769409,-1.4833020364910363,-1.1428436085812748,4655
1726744943187518000,-0.2409127791935577,-7.135137711372972,0.6866320185959339,0.1033958761372603,9.798836695900558,-0.3774802543042227,0.8344804644584656,0.1848198920488357,-0.0653015598654747,0.4248184432058682,0.4474821923186074,0.5648060051313899,0.5479809804460044,-1.1055102348327637,-0.6005778312683105,0.2864924669265747,-5.058637142264843,3.9829666431158777,-5.2700563716769215,0.1675565689802169,-0.4671113789081573,-9.646793200042843,-0.8603249788284302,-2.0573944482304154,-0.4980105676537379,4656
1726744943227287600,1.5240445273764431,1.1144798300147056,-0.6483424007553606,0.0646577336444752,9.786620772927998,-0.6231283183913677,0.0877859443426132,0.6052770614624023,-0.240235298871994,0.4152580187868427,0.4463578109137707,0.576658830608481,0.5438659850705273,-0.2318636178970337,-0.7500373125076294,0.4731376469135284,-2.054499749702216,1.8462486289322373,1.8801687264516949,0.5745051503181458,-0.791034996509552,6.082618370708823,-1.3225609064102173,3.957872533869743,1.8329921108655631,4657
1726744943267058400,0.1689981195236556,10.089410126048326,-0.0100666359841823,0.0704219642935786,9.776777424305676,-0.7616138290178031,0.5779528617858887,0.1723079681396484,0.3022691309452057,0.4105625336394246,0.4479884490493021,0.5814962164100248,0.5409315381872731,-0.2216764986515045,-0.497782438993454,-0.1224671304225921,7.842464142951369,-6.477829402416944,5.482978406867384,1.1046063899993896,0.4562520086765289,14.65212253049016,-0.737074077129364,3.506134436036646,2.885022937360406,4658
1726744943306829000,1.7833019050233063,12.950529040729998,-1.306004272389412,0.091657224420784,9.773436881706118,-0.8011929021470249,-0.1150183007121086,-0.4295258522033691,-0.3164107501506805,0.4094284069281683,0.4498395668722196,0.5818022276820259,0.5399248865728828,-0.0531258285045623,-0.6729416847229004,0.3849595487117767,8.824775390401483,-6.781244193959235,4.510021555478871,0.9359731078147888,0.800392210483551,16.4856811891973,0.0411133058369159,2.9068358329787847,2.773854764987528,4659
1726744943346599700,-0.3709997697111219,12.175490424406528,2.7775135797560213,-0.106942572300788,9.778440389081837,-0.7355587657850235,0.1319296211004257,-0.6599653363227844,-0.4473636150360107,0.4230005594040776,0.4497075107013412,0.579021773029824,0.5325105192344997,-1.6816973686218262,-0.5085105895996094,0.7620347142219543,9.994774863064288,-7.954111331012845,3.4658567861840126,0.3350437581539154,-0.4445042610168457,12.078017892169951,0.2978161871433258,1.9951523654595016,1.489192263573408,4660
1726744943386370300,-1.3061146008960902,5.363602670380473,1.1458464436590672,-0.1711079147518612,9.753835524657369,-1.0018951419074087,0.9986380338668824,0.2959353029727936,0.125036284327507,0.420720613969713,0.455937220778528,0.5858358883591354,0.5214515247503395,0.4293396472930908,-0.1313414871692657,0.1578619927167892,5.099047478586435,-5.997689678224921,2.037773071306944,0.0568834245204925,-0.6577621698379517,2.4928178094699978,0.3107795715332031,0.2064761104540899,0.2012076319992542,4661
1726744943426141000,1.0032342084914443,-3.465813823825121,-0.7765231557928025,-0.0582727316153701,9.719767250838876,-1.3011946801505982,0.3944857120513916,0.6890287399291992,0.2072878330945968,0.4042014592115442,0.4583469257368853,0.5968756662512816,0.5198833449279063,0.8863596320152283,0.2451291382312774,0.1237727329134941,-0.8053145121216774,0.7679226468384266,-0.1375894385695457,0.0886863246560096,-0.2013714909553527,-3.0985759639307853,0.2237338870763778,-0.6880052797105163,-1.0045726905535906,4662
1726744943465911600,1.3496597281120717,-6.540934970149397,0.3351158978380262,0.021768942312221,9.71205448450446,-1.358636815293878,0.0853320211172103,0.0428367257118225,0.0940618440508842,0.3966169200651898,0.4573085565825217,0.6001167251893903,0.522899366167401,0.3088931143283844,-0.1178741976618766,0.4640864133834839,-5.130221784529089,5.687545870688557,-0.7559630367144942,0.0262696705758571,-0.1329518109560012,-5.2587826979905365,0.0382428653538227,-1.2380531643219292,-1.2449364940948784,4663
1726744943505681200,0.5706279870318248,-7.413053319999575,0.7627765161216259,0.0385465243442449,9.698618664348125,-1.4511092011556028,0.3866858184337616,-0.1320830732583999,0.0041442275978624,0.3951700301075908,0.4610864372579212,0.6011532870978051,0.5194754585503217,-0.7327277660369873,-0.1370216310024261,0.5876120924949646,-5.15799066594243,5.394277794629335,-2.7869559463620184,0.0927225649356842,-0.0429785512387752,-6.209008369871974,0.1405028998851776,-1.5881573724552989,-0.9909029155109076,4664
1726744943545452000,-0.0027317493517184,-4.998894913485646,0.004940379011631,0.0233815491576096,9.667139237979054,-1.6481110520280895,0.5786500573158264,-0.1048184409737587,-0.0204298309981822,0.3921692644931234,0.4661528733252721,0.6055838309262046,0.512028363432576,-0.3881341814994812,-0.3577737510204315,0.6068261861801147,-4.592517760118842,2.856976408049464,-1.8926516297973688,0.228019431233406,0.1887742429971695,-4.649997889184951,-0.058551125228405,-1.944111767921597,-1.6835414079800246,4665
1726744943585222700,1.0896266168523578,1.8780735077381128,-1.811061872477829,0.0045233283515612,9.631752867299316,-1.8438374761372804,0.3866794407367706,-0.0885318294167518,-0.0564771480858325,0.3883228328571658,0.4699989150623809,0.6108277721905102,0.5051692436670251,-0.6295816898345947,-0.4388660192489624,0.2689613997936249,-0.076644263741374,0.085128014448285,-0.1307511169821024,0.3110841512680053,0.5163231492042542,-1.314827338053286,-0.3353668451309204,-1.213616057679802,-1.330471920300275,4666
1726744943624861000,0.7300063923548906,9.763836694189903,-3.4352488819524645,-0.004263857429345,9.622611529466509,-1.890951694011688,-0.2591587603092193,0.219482421875,-0.0496446527540683,0.3873188270457451,0.4705677210169561,0.6123542470545612,0.5035596831203397,0.0157858598977327,-0.0575694181025028,-0.3358870148658752,6.70309244826436,-7.045463870188594,2.053192174234986,0.5444861054420471,0.4812493324279785,6.993517409852147,-0.482369065284729,0.8178587902657687,-0.3801172152116894,4667
1726744943664627200,0.4436752394193783,16.90868097606301,-4.2945863684237,-0.0067336407951952,9.66097311656475,-1.6840345983244478,-0.7370486259460449,0.1401744335889816,-0.0422058254480361,0.3898783850273674,0.4632935919684013,0.6092790168890275,0.5119893802135735,0.3841971755027771,0.2507338523864746,-0.688575804233551,10.18125254344344,-12.300110491287708,4.999660637161135,0.4678193926811218,0.8966494798660278,14.80717865216732,-0.2580628097057342,2.192223774436861,0.6371691917687654,4668
1726744943704393500,-0.1285070369828958,18.639495884132383,-1.9964717774949967,0.0040086819438671,9.726706110191344,-1.2496166147351264,-1.3183256387710571,-0.2488785982131958,0.1132427677512168,0.4003406295218816,0.4553099424598475,0.596997130711439,0.525370897320668,0.4112767577171325,0.2294221967458725,-0.723915696144104,13.976322871553895,-13.50198803424835,5.8817474233180285,0.0766554698348045,0.0955496355891227,20.06981393393278,0.273139625787735,3.408222343339026,2.4737425221219658,4669
1726744943744159500,-1.2590756402149796,13.713000436425208,2.711863588237762,0.0733474187196465,9.764541043066975,-0.9048391545824706,-0.319381982088089,-0.5007214546203613,0.3226792216300964,0.4106718942516792,0.4548731103484806,0.5824297470262988,0.5340548817354177,-0.2152058184146881,0.1105420887470245,-0.4801458418369293,11.462189010071754,-10.849189213919638,3.829520879244804,0.0331067219376564,-1.104094386100769,14.0695658033967,0.7419888973236084,3.0983301724761723,2.835789535374939,4670
1726744943783925500,-2.738738735681772,1.2744774997472763,-0.1548011970680207,0.2725613698507659,9.756955702504516,-0.9475789567649364,0.2797018587589264,0.0003924476332031,0.8720579743385315,0.4083198747234505,0.4661275711153249,0.5753591655139726,0.5338181214768359,0.4478864073753357,0.7340349555015564,-1.0434285402297974,6.5654772907316685,-4.211529315030575,1.7157159770064054,-0.1154735386371612,-1.117626667022705,-3.679280048894882,0.172376200556755,-1.302164255835116,-0.7077564935587346,4671
1726744943823690800,1.4563526547670365,-9.872490545654296,-4.417276344025135,0.6306427856747061,9.75547452403605,-0.7767948123410343,-1.3686023950576782,0.5661489367485046,0.5465173721313477,0.397881132086652,0.4682393948899964,0.5660012201422816,0.5496227858849423,2.664673328399658,1.46727192401886,-1.561959981918335,-4.237092795354128,2.5637439878255126,-3.9627892397448417,-0.2018578499555587,0.1842445880174636,-12.309591436338424,0.2265773862600326,-3.2031688495665787,-1.0453354205094276,4672
1726744943863449900,1.90388701729998,-13.36047294666767,0.0591267272293567,0.6320213074862957,9.78622855874002,-0.0256076185760903,-1.956775069236756,-0.315573126077652,-0.4345946907997131,0.4135289150218677,0.4507375901909115,0.5460231221742597,0.5724405404164088,0.4970009624958038,0.3970673978328705,-1.0556999444961548,-11.890138528299332,11.570561706507206,-6.585404226472973,0.076400950551033,-0.8216321468353271,-4.834731648506224,-0.2423987388610839,0.7719679036412388,-0.3263629017356783,4673
1726744943903216000,-0.4434639712888747,-14.066394187623262,2.0634154620856044,0.422514524099417,9.785860894471408,0.4783292772365733,-0.7255367040634155,-0.4346570372581482,-0.5415961146354675,0.4368981459245993,0.4394201303551565,0.531527932683312,0.5775015688694578,-0.5785488486289978,-0.1281474083662033,-0.3819286525249481,-10.847145725393297,7.298201782938838,-6.292240195310115,-0.0381243228912353,-0.4096397161483764,-9.950044909977912,0.1281342804431915,-2.562753515483439,-1.117900305982679,4674
1726744943942982100,-1.0426746768675743,-13.071700428462028,1.3627327063053845,0.2497449414793401,9.785956756061315,0.5856988975767046,0.1463959962129593,-0.2341510504484176,-0.3452411890029907,0.4477511052461992,0.4354171345318866,0.5296693176882007,0.5739174011999199,-0.1969631612300872,-0.2657280564308166,0.0938374698162078,-9.741013452485204,6.241388544473051,-5.345785274139046,-0.1567000746726989,0.2242316156625747,-9.75950421794355,-0.0320053920149803,-2.8419103563427925,-1.425324333166331,4675
1726744943982748200,-0.5356288986366242,-11.956598667156696,-0.2301315651992335,0.1741045210182666,9.797775204148888,0.3790204694835469,0.8100873231887817,-0.3597545623779297,-0.1287039369344711,0.448883191027918,0.441425131186238,0.534620601918792,0.5637627864057106,-0.4875867366790771,-0.303234726190567,0.3086834549903869,-8.548127025231718,6.488349627387524,-4.662022673499584,-0.1664226502180099,0.1266462802886963,-9.204469704025984,-0.2089745849370956,-2.2832309100516137,-1.6220387453995644,4676
1726744944022514700,0.0626501521151512,-10.876486386168002,-0.9816296949267388,0.0884839372800663,9.8061286064744,0.0489383873945334,0.8495984077453613,-0.0845487564802169,-0.3193311989307403,0.4462805167126012,0.4489855750755971,0.5439823433834506,0.5507529867124581,-0.5687609314918518,-0.3144082427024841,0.5225384831428528,-8.626544728386401,5.630847247388958,-5.311048891800642,-0.2465199530124664,-0.0691015645861625,-9.587710311955211,-0.2344825118780136,-2.0886035332255064,-1.1323479335300624,4677
1726744944062280700,0.1682567448381334,-9.248332226628063,-1.0488672478973864,-0.0446564129261299,9.801992529582977,-0.2989182473080232,0.8551255464553833,0.127101793885231,-0.3511045575141907,0.4415974355583628,0.45273638544822,0.5570191688651943,0.538285414988805,-0.856861412525177,-0.3940261304378509,0.6544211506843567,-7.438125217413901,5.579132257720827,-4.609069081947207,-0.3773202896118164,-0.2411651313304901,-9.705033792087436,-0.2008770704269409,-1.9770842093274,-1.0813861003167926,4678
1726744944102045700,-0.6159119572717696,-4.459861686298251,-0.8555985922038555,-0.156367460004054,9.787858205768464,-0.5863088827012106,0.5910373330116272,0.6327186226844788,-0.2403466552495956,0.4346594398549988,0.4524203204012689,0.5702712401480122,0.5302618942976576,-0.4667330980300903,-0.205983817577362,0.2352729588747024,-4.550715677177906,2.4728216078847645,-1.4690098917663097,-0.5068394541740417,2.111419439315796,-4.039712612688541,0.225294142961502,-1.6267605132244527,-0.1811427125593647,4679
1726744944141812000,1.1123580155551434,8.506686176818608,1.350230367606878,-0.2794752226261421,9.768255095154046,-0.8206636185534298,0.9735442399978638,-0.1280072331428527,-0.2959148585796356,0.4307431361044629,0.4520022490304279,0.5809786290523257,0.5221285659495569,-1.8154772520065308,-0.6262678503990173,0.8213644027709961,4.567164707675576,-2.5377690040916203,1.3827717241190374,-0.2747115790843963,1.4328867197036743,3.5558363323166966,-0.0608970150351524,0.4211030133336782,-0.6862840819410979,4680
1726744944181578200,-0.0266867852650582,13.561368443977832,-3.019251959586143,-0.2963807464533485,9.736308635795115,-1.134389157034084,0.4248122572898865,0.4906457662582397,0.0611767247319221,0.4199725011576946,0.4538821815147594,0.5931515105793284,0.5155437258423139,0.5400972962379456,-0.6939547657966614,0.0698658302426338,9.048379563125968,-12.151737792897224,4.185003127154707,-0.1403378695249557,0.4103849530220032,7.193821955531835,-0.1359204947948455,1.260671092712879,0.2584187713982537,4681
1726744944221344300,-0.2311330521256663,13.673037843871116,-2.378826396369934,-0.2397765417052432,9.726990187829731,-1.2241486306753009,0.0125947017222642,0.3086844682693481,0.1366687715053558,0.4123996061384696,0.4529438636154214,0.5977090135215677,0.5172158834871539,0.2087553143501281,-0.3803317546844482,0.0102575588971376,11.27901738550067,-8.681258899870514,3.289453048312664,0.1413980573415756,-0.0639272928237915,13.297701140934228,-0.3196719884872436,2.5184303896322846,-0.3213405069964006,4682
1726744944261110500,-0.831005710478127,7.625205539861321,-1.6657143671274184,-0.1606427444367669,9.744727504572271,-1.088515148479119,-0.6729560494422913,0.4145744740962982,0.1727515459060669,0.4102210033641042,0.4488418189018426,0.5950124787875287,0.525566258499835,1.0581326484680176,0.0780510455369949,-0.3256870806217193,8.212700307878851,-6.236762638238072,2.6249837616860865,-0.0097073782235383,-0.480490118265152,5.535292531472444,0.1152660623192787,1.6742456102378664,0.5112725656131282,4683
1726744944300876500,-0.0681719751433935,0.0860860458254814,1.769506750035286,-0.1046594206665176,9.773685303509234,-0.7965637079764157,-0.6618757843971252,0.3806089460849762,-0.0032786494120955,0.4104702765384565,0.4389923331546277,0.5898297886575831,0.5393521321428986,0.932252049446106,0.2390362024307251,-0.2271545827388763,2.10672911863327,0.0702934334099292,-0.2608820562392473,-0.2255526185035705,-0.5534894466400146,0.1420683558155782,0.4795696139335632,0.7371567025009542,0.6108224886456504,4684
1726744944340642800,-0.0708369657021015,-3.886963598909974,3.4515058970093726,-0.1148633005637675,9.783283737459778,-0.6667505294315517,-0.057583138346672,0.0951888635754585,-0.0277358032763004,0.4112126892932777,0.4333113050384286,0.5884183285176482,0.5448938954609819,-0.0885112509131431,-0.0861062034964561,0.2177522927522659,-2.115284181010723,4.506858999794721,-1.0344625827088951,-0.2576490938663482,-0.4685565233230591,-2.3892270866140723,0.4497602581977844,0.1623789023132994,0.5996765695247799,4685
1726744944380407800,-0.1258928084970451,-6.291598390275239,2.784108155715465,-0.1189143660528585,9.77725673225522,-0.7493363120511174,0.4688590168952942,-0.1579953879117965,0.022232037037611,0.4099423813482002,0.4354119043621914,0.5904421995516739,0.5419795228850617,-0.2045025676488876,-0.2441413104534149,0.5591117739677429,-3.3771067818462845,4.567704805901647,-0.80834934977293,-0.2110086977481842,-0.1469167470932006,-4.748187337519228,0.3032056987285614,-0.9557035918358712,0.214331189602334,4686
1726744944420174000,-0.4275570848438889,-7.495844415932893,1.4356852759219705,-0.0871960072282236,9.757465990114213,-0.9770456550721078,0.6990441679954529,-0.0796153023838996,0.1654403358697891,0.4054650048316983,0.4427942569742744,0.5947677792046222,0.5345863404893233,-0.2728597819805145,-0.3252825736999511,0.6818992495536804,-4.555311772796512,5.247222024056315,-1.749137038962543,-0.1846464425325393,0.002170156687498,-6.077406189018488,0.1625106334686279,-1.4195534946799278,-0.0922528522263746,4687
1726744944459940000,-0.0844163042486645,-6.44465778517723,0.6388087756693362,0.013338258658041,9.71992565627098,-1.3012545936442912,0.8807011246681213,0.2459878325462341,0.2913542985916137,0.3946059158320093,0.4517804736730555,0.6018637073177413,0.5272008314875092,0.0146617405116558,-0.1738969981670379,0.6382659673690796,-4.581439316743612,3.869563551297784,-1.5063228465944527,-0.0825401917099952,0.1117218658328056,-6.379993297564983,0.1177237182855606,-1.329098439989984,-0.4019102370858192,4688
1726744944499706400,1.4808647263415158,-0.1124503211379051,0.1364450908400118,0.0809028893002308,9.677435006543991,-1.5846373816356063,0.5587954521179199,0.0061872843652963,-0.0507298149168491,0.3837320040329826,0.4567899111027086,0.6100303266250031,0.5214936966226656,-0.9121020436286926,-0.2938480079174042,0.7062580585479736,-1.8719599932938813,3.232930366101861,0.5324046028278768,0.1135183870792388,0.4698328971862793,-2.549269472271204,-0.2091618627309799,-0.8156964976653456,-0.884087969911471,4689
1726744944539472600,0.8670172273188829,14.330322187429664,-1.784837736288458,0.0025267274426776,9.652097736191749,-1.7341900835908948,0.2645610868930816,-0.6727803349494934,-0.1078444421291351,0.3851117337325591,0.4606317469558283,0.6133820003552812,0.5130984444948674,-1.9351814985275269,-0.2748835682868957,0.6299968361854553,5.90634351991415,-2.6856688242733475,3.2272944060415028,0.2987350225448608,0.8910446763038635,7.172630698943138,-0.1046437248587608,0.9718442870367318,-0.1535552703938446,4690
1726744944579238700,-3.0214363178879022,23.697571885383127,-8.232185345071553,0.0408048018321627,9.65021557570696,-1.7441538437224924,-0.2800236642360687,-0.2230972051620483,0.4126579463481903,0.3926832542675135,0.4725780205563741,0.6046462712494024,0.506826219227613,0.0873013213276863,1.2531535625457764,-0.5397319793701172,18.634122958922383,-17.509201229870317,5.0358098089069125,0.4057188034057617,1.846001386642456,16.523831763893366,0.2826735079288482,1.686724421930313,1.3707741200722754,4691
